Direction	native	name	gene_id	symbol	evidence_codes
CRE upregulated	GO:0048518	positive regulation of biological process	ENSMUSG00000026628	Atf3	IMP, IGI, ISO, IEA
CRE upregulated	GO:0048518	positive regulation of biological process	ENSMUSG00000036390	Gadd45a	IEA
CRE upregulated	GO:0048518	positive regulation of biological process	ENSMUSG00000051379	Flrt3	IDA
CRE upregulated	GO:0048518	positive regulation of biological process	ENSMUSG00000052684	Jun	IDA, IMP, IGI, ISS, ISO
CRE upregulated	GO:0048518	positive regulation of biological process	ENSMUSG00000063632	Sox11	IDA, IMP, ISS, ISO, IBA, IEA
CRE upregulated	GO:0048518	positive regulation of biological process	ENSMUSG00000019647	Sema6a	IMP, IBA
CRE upregulated	GO:0048518	positive regulation of biological process	ENSMUSG00000046223	Plaur	IEA
CRE upregulated	GO:0048518	positive regulation of biological process	ENSMUSG00000031574	Star	ISO, IEA
CRE upregulated	GO:0048518	positive regulation of biological process	ENSMUSG00000039328	Rnf122	ISS, IEA
CRE upregulated	GO:0048518	positive regulation of biological process	ENSMUSG00000004951	Hspb1	IDA, ISO, IEA
CRE upregulated	GO:0048518	positive regulation of biological process	ENSMUSG00000046688	Tifa	IDA, ISS, IBA, IEA
CRE upregulated	GO:0048518	positive regulation of biological process	ENSMUSG00000025473	Adam8	IDA, IMP, IBA, IEA
CRE upregulated	GO:0048518	positive regulation of biological process	ENSMUSG00000050164	Mchr1	ISO, IEA
CRE upregulated	GO:0048518	positive regulation of biological process	ENSMUSG00000028494	Plin2	IBA
CRE upregulated	GO:0048518	positive regulation of biological process	ENSMUSG00000030898	Cckbr	ISS, ISO, IEA
CRE upregulated	GO:0048518	positive regulation of biological process	ENSMUSG00000046731	Kctd11	IDA, IBA
CRE upregulated	GO:0048518	positive regulation of biological process	ENSMUSG00000056749	Nfil3	IDA, IMP
CRE upregulated	GO:0048518	positive regulation of biological process	ENSMUSG00000024143	Rhoq	IEA
CRE upregulated	GO:0048518	positive regulation of biological process	ENSMUSG00000022895	Ets2	ISO, IEA
CRE upregulated	GO:0048518	positive regulation of biological process	ENSMUSG00000019876	Pkib	IEA
CRE upregulated	GO:0048518	positive regulation of biological process	ENSMUSG00000037447	Arid5a	IDA, IMP, IGI, ISS, IEA
CRE upregulated	GO:0048518	positive regulation of biological process	ENSMUSG00000030748	Il4ra	IMP, IGI
CRE upregulated	GO:0048518	positive regulation of biological process	ENSMUSG00000023905	Tnfrsf12a	IDA, IBA, IEA
CRE upregulated	GO:0048518	positive regulation of biological process	ENSMUSG00000030102	Itpr1	IMP, IGI, ISO, IEA
CRE upregulated	GO:0048518	positive regulation of biological process	ENSMUSG00000032515	Csrnp1	IDA
CRE upregulated	GO:0048518	positive regulation of biological process	ENSMUSG00000025089	Gfra1	ISO, IEA
CRE upregulated	GO:0048518	positive regulation of biological process	ENSMUSG00000021765	Fst	ISO, IEA
CRE upregulated	GO:0048518	positive regulation of biological process	ENSMUSG00000014599	Csf1	IDA, IMP, IGI, ISO, IBA, IEA
CRE upregulated	GO:0048518	positive regulation of biological process	ENSMUSG00000025612	Bach1	IDA
CRE upregulated	GO:0048518	positive regulation of biological process	ENSMUSG00000020427	Igfbp3	IGI, ISS, ISO, IEA
CRE upregulated	GO:0048518	positive regulation of biological process	ENSMUSG00000023067	Cdkn1a	IMP, IGI, IEA
CRE upregulated	GO:0048518	positive regulation of biological process	ENSMUSG00000024404	Riok3	IEA
CRE upregulated	GO:0048518	positive regulation of biological process	ENSMUSG00000000078	Klf6	IEA
CRE upregulated	GO:0048518	positive regulation of biological process	ENSMUSG00000006304	Arpc2	IDA, IMP, ISO, IEA
CRE upregulated	GO:0048518	positive regulation of biological process	ENSMUSG00000027495	Fam210b	ISS, IEA
CRE upregulated	GO:0048518	positive regulation of biological process	ENSMUSG00000031074	Fgf3	IEA
CRE upregulated	GO:0048518	positive regulation of biological process	ENSMUSG00000030272	Camk1	IDA, ISS, IEA
CRE upregulated	GO:0048518	positive regulation of biological process	ENSMUSG00000020205	Phlda1	ISO, IBA, IEA
CRE upregulated	GO:0048518	positive regulation of biological process	ENSMUSG00000001542	Ell2	ISO, IBA
CRE upregulated	GO:0048518	positive regulation of biological process	ENSMUSG00000031681	Smad1	IDA, IMP, IGI, ISO, IEA
CRE upregulated	GO:0048518	positive regulation of biological process	ENSMUSG00000050989	Selenon	IDA, ISS, IEA
CRE upregulated	GO:0048518	positive regulation of biological process	ENSMUSG00000035673	Sbno2	IMP, IBA
CRE upregulated	GO:0048518	positive regulation of biological process	ENSMUSG00000024261	Syt4	IMP, IEA
CRE upregulated	GO:0048518	positive regulation of biological process	ENSMUSG00000032939	Nup93	IDA, IEA
CRE upregulated	GO:0048518	positive regulation of biological process	ENSMUSG00000033060	Lmo7	IDA, ISS, ISO
CRE upregulated	GO:0048518	positive regulation of biological process	ENSMUSG00000003644	Rps6ka1	ISS, ISO, IBA, IEA
CRE upregulated	GO:0048518	positive regulation of biological process	ENSMUSG00000029378	Areg	IDA, ISO, IBA, IEA
CRE upregulated	GO:0048518	positive regulation of biological process	ENSMUSG00000042688	Mapk6	IGI
CRE upregulated	GO:0048518	positive regulation of biological process	ENSMUSG00000005087	Cd44	IEA
CRE upregulated	GO:0048518	positive regulation of biological process	ENSMUSG00000026836	Acvr1	IMP, IEA
CRE upregulated	GO:0048518	positive regulation of biological process	ENSMUSG00000026670	Uap1	IEA
CRE upregulated	GO:0048518	positive regulation of biological process	ENSMUSG00000021453	Gadd45g	IEA
CRE upregulated	GO:0048518	positive regulation of biological process	ENSMUSG00000038943	Prc1	ISS, IEA
CRE upregulated	GO:0048518	positive regulation of biological process	ENSMUSG00000068566	Myadm	IEA
CRE upregulated	GO:0048518	positive regulation of biological process	ENSMUSG00000048482	Bdnf	IDA, IMP, IGI, ISO, IEA
CRE upregulated	GO:0048518	positive regulation of biological process	ENSMUSG00000024256	Adcyap1	IDA, IMP, ISS, ISO, IBA, IEA
CRE upregulated	GO:0048518	positive regulation of biological process	ENSMUSG00000034832	Tet3	ISS, IBA, IEA
CRE upregulated	GO:0048518	positive regulation of biological process	ENSMUSG00000037458	Azin1	IDA, ISO, IBA, IEA
CRE upregulated	GO:0048518	positive regulation of biological process	ENSMUSG00000018736	Ndel1	IMP, ISO
CRE upregulated	GO:0048518	positive regulation of biological process	ENSMUSG00000002250	Ppard	IDA, IMP, ISS, ISO, IBA, IEA
CRE upregulated	GO:0048518	positive regulation of biological process	ENSMUSG00000018507	Trpv2	IMP
CRE upregulated	GO:0048518	positive regulation of biological process	ENSMUSG00000038894	Irs2	IDA, IMP, IGI, IEA
CRE upregulated	GO:0048518	positive regulation of biological process	ENSMUSG00000037568	Vash2	IMP, ISO, IEA
CRE upregulated	GO:0048518	positive regulation of biological process	ENSMUSG00000007041	Clic1	IDA
CRE upregulated	GO:0048518	positive regulation of biological process	ENSMUSG00000005069	Pex5	IMP
CRE upregulated	GO:0048518	positive regulation of biological process	ENSMUSG00000045136	Tubb2b	ISS, IEA
CRE upregulated	GO:0048518	positive regulation of biological process	ENSMUSG00000028789	Azin2	IDA, IBA
CRE upregulated	GO:0048518	positive regulation of biological process	ENSMUSG00000026796	Niban2	IEA
CRE upregulated	GO:0048518	positive regulation of biological process	ENSMUSG00000027540	Ptpn1	IMP, IEA
CRE upregulated	GO:0048518	positive regulation of biological process	ENSMUSG00000043895	S1pr2	IMP, IEA
CRE upregulated	GO:0048518	positive regulation of biological process	ENSMUSG00000022661	Cd200	IEA
CRE upregulated	GO:0048518	positive regulation of biological process	ENSMUSG00000011179	Odc1	IMP
CRE upregulated	GO:0048518	positive regulation of biological process	ENSMUSG00000027035	Cers6	ISO, IEA
CRE upregulated	GO:0048518	positive regulation of biological process	ENSMUSG00000027583	Zbtb46	IMP
CRE upregulated	GO:0048518	positive regulation of biological process	ENSMUSG00000028063	Lmna	IMP, ISO
CRE upregulated	GO:0048518	positive regulation of biological process	ENSMUSG00000041548	Hspb8	IEA
CRE upregulated	GO:0048518	positive regulation of biological process	ENSMUSG00000001420	Tmem79	IMP
CRE upregulated	GO:0048518	positive regulation of biological process	ENSMUSG00000030678	Maz	IEA
CRE upregulated	GO:0048518	positive regulation of biological process	ENSMUSG00000053436	Mapk14	IMP, IGI, ISO, IEA
CRE upregulated	GO:0048518	positive regulation of biological process	ENSMUSG00000025809	Itgb1	IMP, ISS, ISO, IEA
CRE upregulated	GO:0048518	positive regulation of biological process	ENSMUSG00000040025	Ythdf2	IMP, ISS, IBA, IEA
CRE upregulated	GO:0048518	positive regulation of biological process	ENSMUSG00000028156	Eif4e	IEA
CRE upregulated	GO:0048518	positive regulation of biological process	ENSMUSG00000018362	Kpna2	IMP, ISO
CRE upregulated	GO:0048518	positive regulation of biological process	ENSMUSG00000022043	Trim35	IEA
CRE upregulated	GO:0048518	positive regulation of biological process	ENSMUSG00000011008	Mcoln2	IMP
CRE upregulated	GO:0048518	positive regulation of biological process	ENSMUSG00000048490	Nrip1	IBA, IEA
CRE upregulated	GO:0048518	positive regulation of biological process	ENSMUSG00000015243	Abca1	IMP
CRE upregulated	GO:0048518	positive regulation of biological process	ENSMUSG00000022272	Myo10	IGI
CRE upregulated	GO:0048518	positive regulation of biological process	ENSMUSG00000013089	Etv5	IDA, ISO, IEA
CRE upregulated	GO:0048518	positive regulation of biological process	ENSMUSG00000025139	Tollip	ISO, IEA
CRE upregulated	GO:0048518	positive regulation of biological process	ENSMUSG00000020592	Sdc1	IEA
CRE upregulated	GO:0048518	positive regulation of biological process	ENSMUSG00000025746	Il6	IDA, IMP, IGI, ISO, IBA, IEA
CRE upregulated	GO:0048518	positive regulation of biological process	ENSMUSG00000002233	Rhoc	IMP, IEA
CRE upregulated	GO:0048518	positive regulation of biological process	ENSMUSG00000032231	Anxa2	IDA, IMP, ISO, IBA, NAS, IEA
CRE upregulated	GO:0048518	positive regulation of biological process	ENSMUSG00000047368	Abhd17b	IMP
CRE upregulated	GO:0048518	positive regulation of biological process	ENSMUSG00000073563	Csnk1g3	IBA
CRE upregulated	GO:0048518	positive regulation of biological process	ENSMUSG00000031078	Cttn	ISS, ISO, IEA
CRE upregulated	GO:0048518	positive regulation of biological process	ENSMUSG00000022607	Ptk2	IDA, IMP, ISS, ISO, IBA, IEA
CRE upregulated	GO:0048518	positive regulation of biological process	ENSMUSG00000055994	Nod2	IDA, IMP, IGI, ISS, ISO, IBA, IEA
CRE upregulated	GO:0048518	positive regulation of biological process	ENSMUSG00000024014	Pim1	IMP, ISS, IEA
CRE upregulated	GO:0048518	positive regulation of biological process	ENSMUSG00000037062	Sh3glb1	IDA, IMP, ISO, IEA
CRE upregulated	GO:0048518	positive regulation of biological process	ENSMUSG00000034247	Plekhm1	IMP
CRE upregulated	GO:0048518	positive regulation of biological process	ENSMUSG00000024772	Ehd1	IMP, ISO, IEA
CRE upregulated	GO:0048518	positive regulation of biological process	ENSMUSG00000023169	Slc38a1	ISS, ISO, IEA
CRE upregulated	GO:0048518	positive regulation of biological process	ENSMUSG00000027293	Ehd4	ISO, IEA
CRE upregulated	GO:0048518	positive regulation of biological process	ENSMUSG00000020580	Rock2	IEA
CRE upregulated	GO:0048518	positive regulation of biological process	ENSMUSG00000063889	Crem	IGI
CRE upregulated	GO:0048518	positive regulation of biological process	ENSMUSG00000027560	Dok5	IDA, IBA
CRE upregulated	GO:0048518	positive regulation of biological process	ENSMUSG00000027613	Eif6	IMP
CRE upregulated	GO:0048518	positive regulation of biological process	ENSMUSG00000059923	Grb2	IDA, IGI, IEA
CRE upregulated	GO:0048518	positive regulation of biological process	ENSMUSG00000049303	Syt12	IMP
CRE upregulated	GO:0048518	positive regulation of biological process	ENSMUSG00000042406	Atf4	IDA, IMP, IGI, ISS, ISO, IEA
CRE upregulated	GO:0048518	positive regulation of biological process	ENSMUSG00000017929	B4galt5	IMP
CRE upregulated	GO:0048518	positive regulation of biological process	ENSMUSG00000020271	Fbxw11	IMP, ISS
CRE upregulated	GO:0048518	positive regulation of biological process	ENSMUSG00000020838	Slc6a4	IMP, ISO, IEA
CRE upregulated	GO:0048518	positive regulation of biological process	ENSMUSG00000046854	Pip5kl1	ISS, IEA
CRE upregulated	GO:0048518	positive regulation of biological process	ENSMUSG00000029641	Rasl11a	IDA
CRE upregulated	GO:0048518	positive regulation of biological process	ENSMUSG00000001507	Itga3	ISS, ISO, IEA
CRE upregulated	GO:0048518	positive regulation of biological process	ENSMUSG00000055723	Rras2	IGI
CRE upregulated	GO:0048518	positive regulation of biological process	ENSMUSG00000031628	Casp3	IDA, ISS, ISO, IBA, IEA
CRE upregulated	GO:0048518	positive regulation of biological process	ENSMUSG00000025408	Ddit3	IDA, IMP, IGI, ISS, ISO, NAS, IEA
CRE upregulated	GO:0048518	positive regulation of biological process	ENSMUSG00000040435	Ppp1r15a	IDA, ISO
CRE upregulated	GO:0048518	positive regulation of biological process	ENSMUSG00000032078	Zpr1	IMP, ISS, IBA, IEA
CRE upregulated	GO:0048518	positive regulation of biological process	ENSMUSG00000035199	Arl6ip5	IEA
CRE upregulated	GO:0048518	positive regulation of biological process	ENSMUSG00000055407	Map6	ISO, IBA
CRE upregulated	GO:0048518	positive regulation of biological process	ENSMUSG00000001847	Rac1	IDA, IMP, IGI, ISS, ISO, IEA
CRE upregulated	GO:0048518	positive regulation of biological process	ENSMUSG00000042121	Ssh1	ISO, IEA
CRE upregulated	GO:0048518	positive regulation of biological process	ENSMUSG00000050271	Prag1	ISS, ISO, IEA
CRE upregulated	GO:0048518	positive regulation of biological process	ENSMUSG00000018909	Arrb1	IMP, ISS, ISO, IBA, IEA
CRE upregulated	GO:0048518	positive regulation of biological process	ENSMUSG00000020248	Nfyb	IDA, ISO, IEA
CRE upregulated	GO:0048518	positive regulation of biological process	ENSMUSG00000024349	Sting1	IDA, IMP, ISS, ISO, IBA, IEA
CRE upregulated	GO:0048518	positive regulation of biological process	ENSMUSG00000030057	Cnbp	IDA, IBA, IEA
CRE upregulated	GO:0048518	positive regulation of biological process	ENSMUSG00000024521	Pmaip1	IMP, ISO
CRE upregulated	GO:0048518	positive regulation of biological process	ENSMUSG00000033955	Tnks1bp1	IEA
CRE upregulated	GO:0048518	positive regulation of biological process	ENSMUSG00000027455	Nsfl1c	IEA
CRE upregulated	GO:0048518	positive regulation of biological process	ENSMUSG00000054008	Ndst1	IMP, IGI
CRE upregulated	GO:0048518	positive regulation of biological process	ENSMUSG00000057531	Dtnbp1	IDA, IMP, ISO, IEA
CRE upregulated	GO:0048518	positive regulation of biological process	ENSMUSG00000000134	Tfe3	IDA, IMP, ISS, IEA
CRE upregulated	GO:0048518	positive regulation of biological process	ENSMUSG00000015837	Sqstm1	IMP, ISO, IEA
CRE upregulated	GO:0048518	positive regulation of biological process	ENSMUSG00000028901	Gmeb1	IDA
CRE upregulated	GO:0048518	positive regulation of biological process	ENSMUSG00000030309	Caprin2	IMP, IBA
CRE upregulated	GO:0048518	positive regulation of biological process	ENSMUSG00000036737	Oxsr1	IMP, IBA, IEA
CRE upregulated	GO:0048518	positive regulation of biological process	ENSMUSG00000037580	Gch1	IMP, ISO, IEA
CRE upregulated	GO:0048518	positive regulation of biological process	ENSMUSG00000023087	Noct	IMP, IGI
CRE upregulated	GO:0048518	positive regulation of biological process	ENSMUSG00000031955	Bcar1	ISS, IEA
CRE upregulated	GO:0048518	positive regulation of biological process	ENSMUSG00000001627	Ifrd1	ISO
CRE upregulated	GO:0048518	positive regulation of biological process	ENSMUSG00000036057	Ptpn23	IEA
CRE upregulated	GO:0048518	positive regulation of biological process	ENSMUSG00000015316	Slamf1	IDA, IMP, IBA, IEA
CRE upregulated	GO:0048518	positive regulation of biological process	ENSMUSG00000032502	Stac	IMP, IBA
CRE upregulated	GO:0048518	positive regulation of biological process	ENSMUSG00000029765	Plxna4	IBA
CRE upregulated	GO:0048518	positive regulation of biological process	ENSMUSG00000022433	Csnk1e	IMP, IGI, ISO, IBA, IEA
CRE upregulated	GO:0048518	positive regulation of biological process	ENSMUSG00000022346	Myc	IDA, IMP, IGI, ISS, ISO, IBA, IEA
CRE upregulated	GO:0048518	positive regulation of biological process	ENSMUSG00000036478	Btg1	ISS, ISO, IEA
CRE upregulated	GO:0048518	positive regulation of biological process	ENSMUSG00000053113	Socs3	IDA, IGI
CRE upregulated	GO:0048518	positive regulation of biological process	ENSMUSG00000036437	Npy1r	ISO
CRE upregulated	GO:0048518	positive regulation of biological process	ENSMUSG00000030616	Sytl2	IMP
CRE upregulated	GO:0048518	positive regulation of biological process	ENSMUSG00000026072	Il1r1	IMP, ISS, ISO, IEA
CRE upregulated	GO:0048518	positive regulation of biological process	ENSMUSG00000027954	Efna1	IDA, IEA
CRE upregulated	GO:0048518	positive regulation of biological process	ENSMUSG00000023032	Slc4a8	IMP
CRE upregulated	GO:0048518	positive regulation of biological process	ENSMUSG00000024789	Jak2	IDA, IMP, IGI, ISS, ISO, NAS, IEA
CRE upregulated	GO:0048518	positive regulation of biological process	ENSMUSG00000038949	Cnst	ISS, IBA, IEA
CRE upregulated	GO:0048518	positive regulation of biological process	ENSMUSG00000004040	ENSMUSG00000004040	IDA, IMP, IGI, ISS, ISO, IEA
CRE upregulated	GO:0048518	positive regulation of biological process	ENSMUSG00000042292	Mrtfa	IDA, ISS, IBA, IEA
CRE upregulated	GO:0048518	positive regulation of biological process	ENSMUSG00000061589	Dot1l	ISO, IEA
CRE upregulated	GO:0048518	positive regulation of biological process	ENSMUSG00000022602	Arc	IMP, ISS, ISO, IBA, IEA
CRE upregulated	GO:0048518	positive regulation of biological process	ENSMUSG00000022555	Dgat1	ISO
CRE upregulated	GO:0048518	positive regulation of biological process	ENSMUSG00000020027	Socs2	IDA
CRE upregulated	GO:0048518	positive regulation of biological process	ENSMUSG00000109511	Nup62	ISS, IEA
CRE upregulated	GO:0048518	positive regulation of biological process	ENSMUSG00000029135	Fosl2	IDA, IMP, ISO, IEA
CRE upregulated	GO:0048518	positive regulation of biological process	ENSMUSG00000054136	Adm2	ISO, IBA, IEA
CRE upregulated	GO:0048518	positive regulation of biological process	ENSMUSG00000020395	Itk	IMP, IBA
CRE upregulated	GO:0048518	positive regulation of biological process	ENSMUSG00000036990	Otud4	IDA, IBA, IEA
CRE upregulated	GO:0048518	positive regulation of biological process	ENSMUSG00000029826	Zc3hav1	IDA, ISS, ISO, IBA, TAS, IEA
CRE upregulated	GO:0048518	positive regulation of biological process	ENSMUSG00000050335	Lgals3	IEA
CRE upregulated	GO:0048518	positive regulation of biological process	ENSMUSG00000024190	Dusp1	ISO
CRE upregulated	GO:0048518	positive regulation of biological process	ENSMUSG00000031960	Aars1	ISS, IEA
CRE upregulated	GO:0048518	positive regulation of biological process	ENSMUSG00000020358	Hnrnpab	IDA, ISO, IEA
CRE upregulated	GO:0048518	positive regulation of biological process	ENSMUSG00000059866	Tnip2	IMP, ISS, IBA, IEA
CRE upregulated	GO:0048518	positive regulation of biological process	ENSMUSG00000004865	ENSMUSG00000004865	IEA
CRE upregulated	GO:0048518	positive regulation of biological process	ENSMUSG00000017615	Tnfaip1	ISO, IEA
CRE upregulated	GO:0048518	positive regulation of biological process	ENSMUSG00000033545	Znrf1	IEA
CRE upregulated	GO:0048518	positive regulation of biological process	ENSMUSG00000040033	ENSMUSG00000040033	IEA
CRE upregulated	GO:0048518	positive regulation of biological process	ENSMUSG00000021360	ENSMUSG00000021360	IMP, IEA
CRE upregulated	GO:0048518	positive regulation of biological process	ENSMUSG00000059316	Slc27a4	IEA
CRE upregulated	GO:0048518	positive regulation of biological process	ENSMUSG00000024803	Ankrd1	ISO, IEA
CRE upregulated	GO:0048518	positive regulation of biological process	ENSMUSG00000031934	ENSMUSG00000031934	IMP, IEA
CRE upregulated	GO:0048518	positive regulation of biological process	ENSMUSG00000018565	Elp5	IMP
CRE upregulated	GO:0048518	positive regulation of biological process	ENSMUSG00000021306	Gpr137b	IEA
CRE upregulated	GO:0048518	positive regulation of biological process	ENSMUSG00000023915	Tnfrsf21	IMP
CRE upregulated	GO:0048518	positive regulation of biological process	ENSMUSG00000024912	Fosl1	IMP, ISO, IEA
CRE upregulated	GO:0048518	positive regulation of biological process	ENSMUSG00000024927	Rela	IDA, IMP, ISS, ISO, IBA, TAS, IEA
CRE upregulated	GO:0048518	positive regulation of biological process	ENSMUSG00000036206	Sh3bp4	ISS, IEA
CRE upregulated	GO:0048518	positive regulation of biological process	ENSMUSG00000025793	ENSMUSG00000025793	IEA
CRE upregulated	GO:0048518	positive regulation of biological process	ENSMUSG00000038591	Colec10	IEA
CRE upregulated	GO:0048518	positive regulation of biological process	ENSMUSG00000027692	Tnik	ISS, ISO, IEA
CRE upregulated	GO:0048518	positive regulation of biological process	ENSMUSG00000003435	ENSMUSG00000003435	ISO, IEA
CRE upregulated	GO:0048518	positive regulation of biological process	ENSMUSG00000055044	Pdlim1	IEA
CRE upregulated	GO:0048518	positive regulation of biological process	ENSMUSG00000024238	Zeb1	IDA, IGI, ISO, IEA
CRE upregulated	GO:0048518	positive regulation of biological process	ENSMUSG00000026718	ENSMUSG00000026718	IEA
CRE upregulated	GO:0048518	positive regulation of biological process	ENSMUSG00000026078	Pdcl3	IMP, ISO, IBA, IEA
CRE upregulated	GO:0048518	positive regulation of biological process	ENSMUSG00000028893	Sesn2	IMP, ISS, IBA, IEA
CRE upregulated	GO:0048518	positive regulation of biological process	ENSMUSG00000024947	Men1	IDA, IMP, IGI, ISO, IEA
CRE upregulated	GO:0048518	positive regulation of biological process	ENSMUSG00000029071	ENSMUSG00000029071	IDA, IMP, ISO, IEA
CRE upregulated	GO:0048518	positive regulation of biological process	ENSMUSG00000036894	Rap2b	IDA, IEA
CRE upregulated	GO:0048518	positive regulation of biological process	ENSMUSG00000040433	Zbtb38	ISO
CRE upregulated	GO:0048518	positive regulation of biological process	ENSMUSG00000044453	Ffar1	IDA, IMP, ISO, IBA, IEA
CRE upregulated	GO:0048518	positive regulation of biological process	ENSMUSG00000064210	ENSMUSG00000064210	IMP, ISS, ISO, IEA
CRE upregulated	GO:0048518	positive regulation of biological process	ENSMUSG00000032715	Trib3	IDA, IBA, TAS, IC
CRE upregulated	GO:0048518	positive regulation of biological process	ENSMUSG00000024777	ENSMUSG00000024777	ISO, IEA
CRE upregulated	GO:0048518	positive regulation of biological process	ENSMUSG00000024335	Brd2	IDA, IEA
CRE upregulated	GO:0048518	positive regulation of biological process	ENSMUSG00000040365	Trim41	ISS, IEA
CRE upregulated	GO:0048518	positive regulation of biological process	ENSMUSG00000028466	Creb3	IEA
CRE upregulated	GO:0048518	positive regulation of biological process	ENSMUSG00000029175	Slc35f6	ISS, IEA
CRE upregulated	GO:0048518	positive regulation of biological process	ENSMUSG00000071637	Cebpd	IDA, ISO, IEA
CRE upregulated	GO:0048518	positive regulation of biological process	ENSMUSG00000025162	ENSMUSG00000025162	IMP, IGI, IBA, IEA
CRE upregulated	GO:0048518	positive regulation of biological process	ENSMUSG00000010660	Plcd1	ISO
CRE upregulated	GO:0048518	positive regulation of biological process	ENSMUSG00000052921	Arhgef15	ISS, ISO
CRE upregulated	GO:0048518	positive regulation of biological process	ENSMUSG00000015776	Med22	NAS
CRE upregulated	GO:0048518	positive regulation of biological process	ENSMUSG00000031278	ENSMUSG00000031278	ISS, ISO
CRE upregulated	GO:0048518	positive regulation of biological process	ENSMUSG00000031668	ENSMUSG00000031668	IEA
CRE upregulated	GO:0048518	positive regulation of biological process	ENSMUSG00000053175	Bcl3	IDA, IMP, IBA, IEA
CRE upregulated	GO:0048518	positive regulation of biological process	ENSMUSG00000059796	Eif4a1	ISS, IEA
CRE upregulated	GO:0048518	positive regulation of biological process	ENSMUSG00000032599	ENSMUSG00000032599	IMP, IEA
CRE upregulated	GO:0048518	positive regulation of biological process	ENSMUSG00000040640	ENSMUSG00000040640	IDA, IMP
CRE upregulated	GO:0048518	positive regulation of biological process	ENSMUSG00000030199	Etv6	IDA
CRE upregulated	GO:0048518	positive regulation of biological process	ENSMUSG00000037815	Ctnna1	IMP, IGI
CRE upregulated	GO:0048518	positive regulation of biological process	ENSMUSG00000003154	Foxj2	IEA
CRE upregulated	GO:0048518	positive regulation of biological process	ENSMUSG00000020349	ENSMUSG00000020349	IMP, ISO
CRE upregulated	GO:0048518	positive regulation of biological process	ENSMUSG00000024517	Grp	IDA, IMP, ISS, ISO, IEA
CRE upregulated	GO:0048518	positive regulation of biological process	ENSMUSG00000023307	Marchf5	IEA
CRE upregulated	GO:0048518	positive regulation of biological process	ENSMUSG00000025340	Rabgef1	IDA, IMP
CRE upregulated	GO:0048518	positive regulation of biological process	ENSMUSG00000085007	ENSMUSG00000085007	IMP
CRE upregulated	GO:0048518	positive regulation of biological process	ENSMUSG00000029752	ENSMUSG00000029752	IEA
CRE upregulated	GO:0048518	positive regulation of biological process	ENSMUSG00000021587	Pcsk1	ISO, IEA
CRE upregulated	GO:0048518	positive regulation of biological process	ENSMUSG00000028599	Tnfrsf1b	IMP, IGI, IBA, IEA
CRE upregulated	GO:0048518	positive regulation of biological process	ENSMUSG00000033350	Chst2	IMP
CRE upregulated	GO:0048518	positive regulation of biological process	ENSMUSG00000004530	ENSMUSG00000004530	IEA
CRE upregulated	GO:0048518	positive regulation of biological process	ENSMUSG00000044147	Arf6	IDA, IMP, NAS, IEA
CRE upregulated	GO:0048518	positive regulation of biological process	ENSMUSG00000027605	Acss2	IEA
CRE upregulated	GO:0048518	positive regulation of biological process	ENSMUSG00000030662	ENSMUSG00000030662	IMP, IEA
CRE upregulated	GO:0048518	positive regulation of biological process	ENSMUSG00000036180	ENSMUSG00000036180	NAS
CRE upregulated	GO:0048518	positive regulation of biological process	ENSMUSG00000011877	Git1	ISS, ISO, IEA
CRE upregulated	GO:0048518	positive regulation of biological process	ENSMUSG00000024270	ENSMUSG00000024270	ISS, IEA
CRE upregulated	GO:0048518	positive regulation of biological process	ENSMUSG00000040046	Tph1	IMP
CRE upregulated	GO:0048518	positive regulation of biological process	ENSMUSG00000039985	Sinhcaf	IMP, NAS
CRE upregulated	GO:0048518	positive regulation of biological process	ENSMUSG00000031937	ENSMUSG00000031937	IMP, IBA
CRE upregulated	GO:0048518	positive regulation of biological process	ENSMUSG00000025060	ENSMUSG00000025060	ISO
CRE upregulated	GO:0048518	positive regulation of biological process	ENSMUSG00000055491	ENSMUSG00000055491	IBA
CRE upregulated	GO:0048518	positive regulation of biological process	ENSMUSG00000052837	ENSMUSG00000052837	IDA, IMP, IEA
CRE upregulated	GO:0048518	positive regulation of biological process	ENSMUSG00000028840	Zfp593	IEA
CRE upregulated	GO:0048518	positive regulation of biological process	ENSMUSG00000047281	ENSMUSG00000047281	IDA, IMP, ISS, IEA
CRE upregulated	GO:0048518	positive regulation of biological process	ENSMUSG00000025351	Cd63	ISS, ISO, IEA
CRE upregulated	GO:0048518	positive regulation of biological process	ENSMUSG00000021796	Bmpr1a	IDA, IMP, IEA
CRE upregulated	GO:0048518	positive regulation of biological process	ENSMUSG00000049649	Gpr3	IMP, ISO, IEA
CRE upregulated	GO:0048518	positive regulation of biological process	ENSMUSG00000019842	ENSMUSG00000019842	IDA, IMP, IBA, IEA
CRE upregulated	GO:0048518	positive regulation of biological process	ENSMUSG00000070056	ENSMUSG00000070056	IMP, ISS, IEA
CRE upregulated	GO:0048518	positive regulation of biological process	ENSMUSG00000029110	ENSMUSG00000029110	IDA, ISS, ISO, IBA, IEA
CRE upregulated	GO:0048518	positive regulation of biological process	ENSMUSG00000021890	ENSMUSG00000021890	ISO
CRE upregulated	GO:0048518	positive regulation of biological process	ENSMUSG00000041598	Cdc42ep4	IBA, IEA
CRE upregulated	GO:0048518	positive regulation of biological process	ENSMUSG00000045664	Cdc42ep2	IBA, IEA
CRE upregulated	GO:0048518	positive regulation of biological process	ENSMUSG00000027465	Tbc1d20	IEA
CRE upregulated	GO:0048518	positive regulation of biological process	ENSMUSG00000037860	Aim2	IDA, IMP, IGI, ISO, IBA, NAS, IEA
CRE upregulated	GO:0048518	positive regulation of biological process	ENSMUSG00000020250	ENSMUSG00000020250	ISO
CRE upregulated	GO:0048518	positive regulation of biological process	ENSMUSG00000028434	Epb41l4b	IEA
CRE upregulated	GO:0048518	positive regulation of biological process	ENSMUSG00000039191	Rbpj	IDA, IMP, IGI, ISS, ISO, TAS, IEA
CRE upregulated	GO:0048518	positive regulation of biological process	ENSMUSG00000000001	ENSMUSG00000000001	ISO, IEA
CRE upregulated	GO:0048518	positive regulation of biological process	ENSMUSG00000048668	Rhno1	IEA
CRE upregulated	GO:0048518	positive regulation of biological process	ENSMUSG00000019256	ENSMUSG00000019256	IEA
CRE upregulated	GO:0048518	positive regulation of biological process	ENSMUSG00000039844	ENSMUSG00000039844	ISO, IEA
CRE upregulated	GO:0048518	positive regulation of biological process	ENSMUSG00000019763	ENSMUSG00000019763	ISS, IBA, IEA
CRE upregulated	GO:0048518	positive regulation of biological process	ENSMUSG00000051316	Taf7	ISS, ISO, NAS, IEA
CRE upregulated	GO:0048518	positive regulation of biological process	ENSMUSG00000001552	ENSMUSG00000001552	IBA, IEA
CRE upregulated	GO:0048518	positive regulation of biological process	ENSMUSG00000040010	Slc7a5	ISO, IEA
CRE upregulated	GO:0048518	positive regulation of biological process	ENSMUSG00000040463	ENSMUSG00000040463	ISO, NAS, IEA
CRE upregulated	GO:0048518	positive regulation of biological process	ENSMUSG00000004099	ENSMUSG00000004099	IEA
CRE upregulated	GO:0048518	positive regulation of biological process	ENSMUSG00000022858	ENSMUSG00000022858	IMP, ISS, IBA, IEA
CRE upregulated	GO:0048518	positive regulation of biological process	ENSMUSG00000027997	Casp6	ISS, ISO, IBA, IEA
CRE upregulated	GO:0048518	positive regulation of biological process	ENSMUSG00000053007	Creb5	IEA
CRE upregulated	GO:0048518	positive regulation of biological process	ENSMUSG00000020594	ENSMUSG00000020594	ISO, IEA
CRE upregulated	GO:0048518	positive regulation of biological process	ENSMUSG00000011256	ENSMUSG00000011256	ISS
CRE upregulated	GO:0048518	positive regulation of biological process	ENSMUSG00000020448	Rnf185	ISS, IEA
CRE upregulated	GO:0048518	positive regulation of biological process	ENSMUSG00000000787	ENSMUSG00000000787	IDA, ISS
CRE upregulated	GO:0048518	positive regulation of biological process	ENSMUSG00000008859	ENSMUSG00000008859	ISS, IEA
CRE upregulated	GO:0048518	positive regulation of biological process	ENSMUSG00000008730	Hipk1	IGI
CRE upregulated	GO:0048518	positive regulation of biological process	ENSMUSG00000022948	Setd4	IDA, IBA
CRE upregulated	GO:0048518	positive regulation of biological process	ENSMUSG00000022094	ENSMUSG00000022094	IMP
CRE upregulated	GO:0048518	positive regulation of biological process	ENSMUSG00000038676	Ucn	IMP, ISO, IEA
CRE upregulated	GO:0048518	positive regulation of biological process	ENSMUSG00000059743	ENSMUSG00000059743	ISO
CRE upregulated	GO:0048518	positive regulation of biological process	ENSMUSG00000052681	Rap1b	IGI, IEA
CRE upregulated	GO:0048518	positive regulation of biological process	ENSMUSG00000037553	ENSMUSG00000037553	IEA
CRE upregulated	GO:0048518	positive regulation of biological process	ENSMUSG00000042185	ENSMUSG00000042185	IDA, IMP, ISO, IEA
CRE upregulated	GO:0048518	positive regulation of biological process	ENSMUSG00000025403	ENSMUSG00000025403	ISO, IEA
CRE upregulated	GO:0048518	positive regulation of biological process	ENSMUSG00000032508	Myd88	IMP, IGI, ISS, ISO, IBA, IEA
CRE upregulated	GO:0048518	positive regulation of biological process	ENSMUSG00000026864	ENSMUSG00000026864	IMP, ISS, ISO, TAS, IEA
CRE upregulated	GO:0048518	positive regulation of biological process	ENSMUSG00000021072	Tmx1	ISS, IEA
CRE upregulated	GO:0048518	positive regulation of biological process	ENSMUSG00000002633	Shh	IDA, IMP, IGI, ISS, ISO, IEA
CRE upregulated	GO:0048518	positive regulation of biological process	ENSMUSG00000008384	Sertad1	IDA, IGI
CRE upregulated	GO:0048518	positive regulation of biological process	ENSMUSG00000032540	ENSMUSG00000032540	IDA, IMP, IBA, IEA
CRE upregulated	GO:0048518	positive regulation of biological process	ENSMUSG00000028680	ENSMUSG00000028680	IEA
CRE upregulated	GO:0048518	positive regulation of biological process	ENSMUSG00000053581	ENSMUSG00000053581	IMP
CRE upregulated	GO:0048518	positive regulation of biological process	ENSMUSG00000032462	ENSMUSG00000032462	IGI, ISO, IEA
CRE upregulated	GO:0048518	positive regulation of biological process	ENSMUSG00000004270	ENSMUSG00000004270	IMP
CRE upregulated	GO:0048518	positive regulation of biological process	ENSMUSG00000027944	Hax1	IEA
CRE upregulated	GO:0048518	positive regulation of biological process	ENSMUSG00000039671	ENSMUSG00000039671	ISO, IEA
CRE upregulated	GO:0048518	positive regulation of biological process	ENSMUSG00000005089	Slc1a2	IMP
CRE upregulated	GO:0048518	positive regulation of biological process	ENSMUSG00000029145	ENSMUSG00000029145	ISS, IEA
CRE upregulated	GO:0048518	positive regulation of biological process	ENSMUSG00000056050	ENSMUSG00000056050	IEA
CRE upregulated	GO:0048518	positive regulation of biological process	ENSMUSG00000063952	Brpf3	ISS, IEA
CRE upregulated	GO:0048518	positive regulation of biological process	ENSMUSG00000040652	ENSMUSG00000040652	IDA, IBA
CRE upregulated	GO:0048518	positive regulation of biological process	ENSMUSG00000048027	ENSMUSG00000048027	IDA
CRE upregulated	GO:0048518	positive regulation of biological process	ENSMUSG00000028291	ENSMUSG00000028291	IDA, IMP, ISO, IBA, IEA
CRE upregulated	GO:0048518	positive regulation of biological process	ENSMUSG00000037411	Serpine1	IEA
CRE upregulated	GO:0048518	positive regulation of biological process	ENSMUSG00000020340	ENSMUSG00000020340	IMP, IEA
CRE upregulated	GO:0048518	positive regulation of biological process	ENSMUSG00000037465	Klf10	IMP, IEA
CRE upregulated	GO:0048518	positive regulation of biological process	ENSMUSG00000023277	ENSMUSG00000023277	IBA, IEA
CRE upregulated	GO:0048518	positive regulation of biological process	ENSMUSG00000019843	ENSMUSG00000019843	IDA, IMP, IGI, ISO, IBA, IEA
CRE upregulated	GO:0048518	positive regulation of biological process	ENSMUSG00000024493	ENSMUSG00000024493	IEA
CRE upregulated	GO:0048518	positive regulation of biological process	ENSMUSG00000027646	ENSMUSG00000027646	IDA, IMP, IGI, ISO, IEA
CRE upregulated	GO:0048518	positive regulation of biological process	ENSMUSG00000052316	ENSMUSG00000052316	IEA
CRE upregulated	GO:0048518	positive regulation of biological process	ENSMUSG00000020680	ENSMUSG00000020680	ISO, IEA
CRE upregulated	GO:0048518	positive regulation of biological process	ENSMUSG00000021340	ENSMUSG00000021340	IEA
CRE upregulated	GO:0048518	positive regulation of biological process	ENSMUSG00000004698	ENSMUSG00000004698	IEA
CRE upregulated	GO:0048518	positive regulation of biological process	ENSMUSG00000046761	ENSMUSG00000046761	ISS, IBA, IEA
CRE upregulated	GO:0048518	positive regulation of biological process	ENSMUSG00000032501	Trib1	IDA, IMP, IBA, IC
CRE upregulated	GO:0048518	positive regulation of biological process	ENSMUSG00000003119	ENSMUSG00000003119	ISS, ISO, IBA, IEA
CRE upregulated	GO:0048518	positive regulation of biological process	ENSMUSG00000055067	ENSMUSG00000055067	IMP
CRE upregulated	GO:0048518	positive regulation of biological process	ENSMUSG00000031073	Fgf15	ISO, IBA, IEA
CRE upregulated	GO:0048518	positive regulation of biological process	ENSMUSG00000038205	ENSMUSG00000038205	IGI
CRE upregulated	GO:0048518	positive regulation of biological process	ENSMUSG00000036667	ENSMUSG00000036667	IBA, IEA
CRE upregulated	GO:0048518	positive regulation of biological process	ENSMUSG00000015839	Nfe2l2	IDA, IMP, IGI, ISO, IEA
CRE upregulated	GO:0048518	positive regulation of biological process	ENSMUSG00000049550	ENSMUSG00000049550	ISS, ISO, IBA, IEA
CRE upregulated	GO:0048518	positive regulation of biological process	ENSMUSG00000021477	ENSMUSG00000021477	IBA
CRE upregulated	GO:0048518	positive regulation of biological process	ENSMUSG00000000627	ENSMUSG00000000627	IBA
CRE upregulated	GO:0048518	positive regulation of biological process	ENSMUSG00000022332	ENSMUSG00000022332	ISO
CRE upregulated	GO:0048518	positive regulation of biological process	ENSMUSG00000019998	ENSMUSG00000019998	IEA
CRE upregulated	GO:0048518	positive regulation of biological process	ENSMUSG00000054499	ENSMUSG00000054499	IEA
CRE upregulated	GO:0048518	positive regulation of biological process	ENSMUSG00000024907	Gal	ISS, ISO, IEA
CRE upregulated	GO:0048518	positive regulation of biological process	ENSMUSG00000054204	ENSMUSG00000054204	ISS, IBA, IEA
CRE upregulated	GO:0048518	positive regulation of biological process	ENSMUSG00000003541	ENSMUSG00000003541	IDA
CRE upregulated	GO:0048518	positive regulation of biological process	ENSMUSG00000029475	ENSMUSG00000029475	IDA
CRE upregulated	GO:0048522	positive regulation of cellular process	ENSMUSG00000026628	Atf3	IMP, IGI, ISO, IEA
CRE upregulated	GO:0048522	positive regulation of cellular process	ENSMUSG00000036390	Gadd45a	IEA
CRE upregulated	GO:0048522	positive regulation of cellular process	ENSMUSG00000051379	Flrt3	IDA
CRE upregulated	GO:0048522	positive regulation of cellular process	ENSMUSG00000052684	Jun	IDA, IMP, IGI, ISS, ISO
CRE upregulated	GO:0048522	positive regulation of cellular process	ENSMUSG00000063632	Sox11	IDA, IMP, ISS, ISO, IBA, IEA
CRE upregulated	GO:0048522	positive regulation of cellular process	ENSMUSG00000019647	Sema6a	IMP, IBA
CRE upregulated	GO:0048522	positive regulation of cellular process	ENSMUSG00000046223	Plaur	IEA
CRE upregulated	GO:0048522	positive regulation of cellular process	ENSMUSG00000031574	Star	ISO, IEA
CRE upregulated	GO:0048522	positive regulation of cellular process	ENSMUSG00000039328	Rnf122	ISS, IEA
CRE upregulated	GO:0048522	positive regulation of cellular process	ENSMUSG00000004951	Hspb1	IDA, ISO, IEA
CRE upregulated	GO:0048522	positive regulation of cellular process	ENSMUSG00000046688	Tifa	IDA, ISS, IBA, IEA
CRE upregulated	GO:0048522	positive regulation of cellular process	ENSMUSG00000025473	Adam8	IDA, IMP, IBA, IEA
CRE upregulated	GO:0048522	positive regulation of cellular process	ENSMUSG00000028494	Plin2	IBA
CRE upregulated	GO:0048522	positive regulation of cellular process	ENSMUSG00000030898	Cckbr	ISS, ISO, IEA
CRE upregulated	GO:0048522	positive regulation of cellular process	ENSMUSG00000046731	Kctd11	IDA, IBA
CRE upregulated	GO:0048522	positive regulation of cellular process	ENSMUSG00000056749	Nfil3	IDA, IMP
CRE upregulated	GO:0048522	positive regulation of cellular process	ENSMUSG00000024143	Rhoq	IEA
CRE upregulated	GO:0048522	positive regulation of cellular process	ENSMUSG00000022895	Ets2	ISO, IEA
CRE upregulated	GO:0048522	positive regulation of cellular process	ENSMUSG00000019876	Pkib	IEA
CRE upregulated	GO:0048522	positive regulation of cellular process	ENSMUSG00000037447	Arid5a	IDA, IMP, IGI, ISS, IEA
CRE upregulated	GO:0048522	positive regulation of cellular process	ENSMUSG00000030748	Il4ra	IMP, IGI
CRE upregulated	GO:0048522	positive regulation of cellular process	ENSMUSG00000023905	Tnfrsf12a	IDA, IBA, IEA
CRE upregulated	GO:0048522	positive regulation of cellular process	ENSMUSG00000030102	Itpr1	IMP, IGI, ISO, IEA
CRE upregulated	GO:0048522	positive regulation of cellular process	ENSMUSG00000032515	Csrnp1	IDA
CRE upregulated	GO:0048522	positive regulation of cellular process	ENSMUSG00000025089	Gfra1	ISO, IEA
CRE upregulated	GO:0048522	positive regulation of cellular process	ENSMUSG00000014599	Csf1	IDA, IMP, IGI, ISO, IBA, IEA
CRE upregulated	GO:0048522	positive regulation of cellular process	ENSMUSG00000025612	Bach1	IDA
CRE upregulated	GO:0048522	positive regulation of cellular process	ENSMUSG00000020427	Igfbp3	IGI, ISS, ISO, IEA
CRE upregulated	GO:0048522	positive regulation of cellular process	ENSMUSG00000023067	Cdkn1a	IMP, IGI, IEA
CRE upregulated	GO:0048522	positive regulation of cellular process	ENSMUSG00000024404	Riok3	IEA
CRE upregulated	GO:0048522	positive regulation of cellular process	ENSMUSG00000000078	Klf6	IEA
CRE upregulated	GO:0048522	positive regulation of cellular process	ENSMUSG00000006304	Arpc2	IDA, IMP, ISO, IEA
CRE upregulated	GO:0048522	positive regulation of cellular process	ENSMUSG00000027495	Fam210b	ISS, IEA
CRE upregulated	GO:0048522	positive regulation of cellular process	ENSMUSG00000031074	Fgf3	IEA
CRE upregulated	GO:0048522	positive regulation of cellular process	ENSMUSG00000030272	Camk1	IDA, ISS, IEA
CRE upregulated	GO:0048522	positive regulation of cellular process	ENSMUSG00000020205	Phlda1	ISO, IBA, IEA
CRE upregulated	GO:0048522	positive regulation of cellular process	ENSMUSG00000001542	Ell2	ISO, IBA
CRE upregulated	GO:0048522	positive regulation of cellular process	ENSMUSG00000031681	Smad1	IDA, IMP, IGI, ISO, IEA
CRE upregulated	GO:0048522	positive regulation of cellular process	ENSMUSG00000050989	Selenon	IDA
CRE upregulated	GO:0048522	positive regulation of cellular process	ENSMUSG00000035673	Sbno2	IMP, IBA
CRE upregulated	GO:0048522	positive regulation of cellular process	ENSMUSG00000024261	Syt4	IMP, IEA
CRE upregulated	GO:0048522	positive regulation of cellular process	ENSMUSG00000032939	Nup93	IDA, IEA
CRE upregulated	GO:0048522	positive regulation of cellular process	ENSMUSG00000033060	Lmo7	IDA, ISS, ISO
CRE upregulated	GO:0048522	positive regulation of cellular process	ENSMUSG00000003644	Rps6ka1	ISS, ISO, IBA, IEA
CRE upregulated	GO:0048522	positive regulation of cellular process	ENSMUSG00000029378	Areg	IDA, ISO, IBA, IEA
CRE upregulated	GO:0048522	positive regulation of cellular process	ENSMUSG00000005087	Cd44	IEA
CRE upregulated	GO:0048522	positive regulation of cellular process	ENSMUSG00000026836	Acvr1	IMP, IEA
CRE upregulated	GO:0048522	positive regulation of cellular process	ENSMUSG00000026670	Uap1	IEA
CRE upregulated	GO:0048522	positive regulation of cellular process	ENSMUSG00000021453	Gadd45g	IEA
CRE upregulated	GO:0048522	positive regulation of cellular process	ENSMUSG00000038943	Prc1	ISS, IEA
CRE upregulated	GO:0048522	positive regulation of cellular process	ENSMUSG00000068566	Myadm	IEA
CRE upregulated	GO:0048522	positive regulation of cellular process	ENSMUSG00000048482	Bdnf	IDA, IMP, IGI, ISO, IEA
CRE upregulated	GO:0048522	positive regulation of cellular process	ENSMUSG00000024256	Adcyap1	IDA, IMP, ISS, ISO, IBA, IEA
CRE upregulated	GO:0048522	positive regulation of cellular process	ENSMUSG00000034832	Tet3	ISS, IBA, IEA
CRE upregulated	GO:0048522	positive regulation of cellular process	ENSMUSG00000037458	Azin1	IDA, ISO, IBA, IEA
CRE upregulated	GO:0048522	positive regulation of cellular process	ENSMUSG00000018736	Ndel1	IMP, ISO
CRE upregulated	GO:0048522	positive regulation of cellular process	ENSMUSG00000002250	Ppard	IDA, IMP, ISS, ISO, IBA, IEA
CRE upregulated	GO:0048522	positive regulation of cellular process	ENSMUSG00000018507	Trpv2	IMP
CRE upregulated	GO:0048522	positive regulation of cellular process	ENSMUSG00000038894	Irs2	IDA, IMP, IGI, IEA
CRE upregulated	GO:0048522	positive regulation of cellular process	ENSMUSG00000037568	Vash2	ISO, IEA
CRE upregulated	GO:0048522	positive regulation of cellular process	ENSMUSG00000007041	Clic1	IDA
CRE upregulated	GO:0048522	positive regulation of cellular process	ENSMUSG00000045136	Tubb2b	ISS, IEA
CRE upregulated	GO:0048522	positive regulation of cellular process	ENSMUSG00000028789	Azin2	IDA, IBA
CRE upregulated	GO:0048522	positive regulation of cellular process	ENSMUSG00000026796	Niban2	IEA
CRE upregulated	GO:0048522	positive regulation of cellular process	ENSMUSG00000027540	Ptpn1	IMP, IEA
CRE upregulated	GO:0048522	positive regulation of cellular process	ENSMUSG00000043895	S1pr2	IMP, IEA
CRE upregulated	GO:0048522	positive regulation of cellular process	ENSMUSG00000022661	Cd200	IEA
CRE upregulated	GO:0048522	positive regulation of cellular process	ENSMUSG00000011179	Odc1	IMP
CRE upregulated	GO:0048522	positive regulation of cellular process	ENSMUSG00000027035	Cers6	ISO, IEA
CRE upregulated	GO:0048522	positive regulation of cellular process	ENSMUSG00000027583	Zbtb46	IMP
CRE upregulated	GO:0048522	positive regulation of cellular process	ENSMUSG00000028063	Lmna	IMP, ISO
CRE upregulated	GO:0048522	positive regulation of cellular process	ENSMUSG00000041548	Hspb8	IEA
CRE upregulated	GO:0048522	positive regulation of cellular process	ENSMUSG00000030678	Maz	IEA
CRE upregulated	GO:0048522	positive regulation of cellular process	ENSMUSG00000053436	Mapk14	IMP, IGI, ISO, IEA
CRE upregulated	GO:0048522	positive regulation of cellular process	ENSMUSG00000025809	Itgb1	IMP, ISS, ISO, IEA
CRE upregulated	GO:0048522	positive regulation of cellular process	ENSMUSG00000040025	Ythdf2	IMP, ISS, IBA, IEA
CRE upregulated	GO:0048522	positive regulation of cellular process	ENSMUSG00000028156	Eif4e	IEA
CRE upregulated	GO:0048522	positive regulation of cellular process	ENSMUSG00000022043	Trim35	IEA
CRE upregulated	GO:0048522	positive regulation of cellular process	ENSMUSG00000011008	Mcoln2	IMP
CRE upregulated	GO:0048522	positive regulation of cellular process	ENSMUSG00000048490	Nrip1	IBA, IEA
CRE upregulated	GO:0048522	positive regulation of cellular process	ENSMUSG00000015243	Abca1	IMP
CRE upregulated	GO:0048522	positive regulation of cellular process	ENSMUSG00000022272	Myo10	IGI
CRE upregulated	GO:0048522	positive regulation of cellular process	ENSMUSG00000013089	Etv5	IDA, ISO, IEA
CRE upregulated	GO:0048522	positive regulation of cellular process	ENSMUSG00000025139	Tollip	ISO, IEA
CRE upregulated	GO:0048522	positive regulation of cellular process	ENSMUSG00000020592	Sdc1	IEA
CRE upregulated	GO:0048522	positive regulation of cellular process	ENSMUSG00000025746	Il6	IDA, IMP, IGI, ISO, IBA
CRE upregulated	GO:0048522	positive regulation of cellular process	ENSMUSG00000002233	Rhoc	IMP, IEA
CRE upregulated	GO:0048522	positive regulation of cellular process	ENSMUSG00000032231	Anxa2	IDA, IMP, ISO, IBA, NAS, IEA
CRE upregulated	GO:0048522	positive regulation of cellular process	ENSMUSG00000047368	Abhd17b	IMP
CRE upregulated	GO:0048522	positive regulation of cellular process	ENSMUSG00000073563	Csnk1g3	IBA
CRE upregulated	GO:0048522	positive regulation of cellular process	ENSMUSG00000031078	Cttn	ISS, ISO, IEA
CRE upregulated	GO:0048522	positive regulation of cellular process	ENSMUSG00000022607	Ptk2	IMP, ISS, ISO, IBA, IEA
CRE upregulated	GO:0048522	positive regulation of cellular process	ENSMUSG00000055994	Nod2	IDA, IMP, IGI, ISS, ISO, IBA, IEA
CRE upregulated	GO:0048522	positive regulation of cellular process	ENSMUSG00000024014	Pim1	IMP, ISS, IEA
CRE upregulated	GO:0048522	positive regulation of cellular process	ENSMUSG00000037062	Sh3glb1	IDA, IMP, ISO, IEA
CRE upregulated	GO:0048522	positive regulation of cellular process	ENSMUSG00000034247	Plekhm1	IMP
CRE upregulated	GO:0048522	positive regulation of cellular process	ENSMUSG00000024772	Ehd1	IMP, ISO, IEA
CRE upregulated	GO:0048522	positive regulation of cellular process	ENSMUSG00000023169	Slc38a1	ISS, ISO, IEA
CRE upregulated	GO:0048522	positive regulation of cellular process	ENSMUSG00000027293	Ehd4	ISO, IEA
CRE upregulated	GO:0048522	positive regulation of cellular process	ENSMUSG00000020580	Rock2	IEA
CRE upregulated	GO:0048522	positive regulation of cellular process	ENSMUSG00000063889	Crem	IGI
CRE upregulated	GO:0048522	positive regulation of cellular process	ENSMUSG00000027560	Dok5	IDA, IBA
CRE upregulated	GO:0048522	positive regulation of cellular process	ENSMUSG00000027613	Eif6	IMP
CRE upregulated	GO:0048522	positive regulation of cellular process	ENSMUSG00000059923	Grb2	IGI, IEA
CRE upregulated	GO:0048522	positive regulation of cellular process	ENSMUSG00000049303	Syt12	IMP
CRE upregulated	GO:0048522	positive regulation of cellular process	ENSMUSG00000042406	Atf4	IDA, IMP, IGI, ISS, ISO, IEA
CRE upregulated	GO:0048522	positive regulation of cellular process	ENSMUSG00000020271	Fbxw11	IMP, ISS
CRE upregulated	GO:0048522	positive regulation of cellular process	ENSMUSG00000020838	Slc6a4	IMP, ISO, IEA
CRE upregulated	GO:0048522	positive regulation of cellular process	ENSMUSG00000046854	Pip5kl1	ISS, IEA
CRE upregulated	GO:0048522	positive regulation of cellular process	ENSMUSG00000029641	Rasl11a	IDA
CRE upregulated	GO:0048522	positive regulation of cellular process	ENSMUSG00000001507	Itga3	ISS, ISO, IEA
CRE upregulated	GO:0048522	positive regulation of cellular process	ENSMUSG00000055723	Rras2	IGI
CRE upregulated	GO:0048522	positive regulation of cellular process	ENSMUSG00000031628	Casp3	IDA, ISS, ISO, IBA, IEA
CRE upregulated	GO:0048522	positive regulation of cellular process	ENSMUSG00000025408	Ddit3	IDA, IMP, IGI, ISS, ISO, NAS, IEA
CRE upregulated	GO:0048522	positive regulation of cellular process	ENSMUSG00000040435	Ppp1r15a	IDA, ISO
CRE upregulated	GO:0048522	positive regulation of cellular process	ENSMUSG00000032078	Zpr1	IMP, ISS, IBA, IEA
CRE upregulated	GO:0048522	positive regulation of cellular process	ENSMUSG00000035199	Arl6ip5	IEA
CRE upregulated	GO:0048522	positive regulation of cellular process	ENSMUSG00000055407	Map6	ISO, IBA
CRE upregulated	GO:0048522	positive regulation of cellular process	ENSMUSG00000001847	Rac1	IDA, IMP, IGI, ISS, ISO, IEA
CRE upregulated	GO:0048522	positive regulation of cellular process	ENSMUSG00000042121	Ssh1	ISO, IEA
CRE upregulated	GO:0048522	positive regulation of cellular process	ENSMUSG00000050271	Prag1	ISS, ISO, IEA
CRE upregulated	GO:0048522	positive regulation of cellular process	ENSMUSG00000018909	Arrb1	IMP, ISS, ISO, IBA, IEA
CRE upregulated	GO:0048522	positive regulation of cellular process	ENSMUSG00000020248	Nfyb	IDA, ISO, IEA
CRE upregulated	GO:0048522	positive regulation of cellular process	ENSMUSG00000024349	Sting1	IDA, IMP, ISS, ISO, IBA, IEA
CRE upregulated	GO:0048522	positive regulation of cellular process	ENSMUSG00000030057	Cnbp	IDA, IBA, IEA
CRE upregulated	GO:0048522	positive regulation of cellular process	ENSMUSG00000024521	Pmaip1	IMP, ISO
CRE upregulated	GO:0048522	positive regulation of cellular process	ENSMUSG00000033955	Tnks1bp1	IEA
CRE upregulated	GO:0048522	positive regulation of cellular process	ENSMUSG00000027455	Nsfl1c	IEA
CRE upregulated	GO:0048522	positive regulation of cellular process	ENSMUSG00000054008	Ndst1	IMP, IGI
CRE upregulated	GO:0048522	positive regulation of cellular process	ENSMUSG00000057531	Dtnbp1	IDA, IMP, ISO, IEA
CRE upregulated	GO:0048522	positive regulation of cellular process	ENSMUSG00000000134	Tfe3	IDA, IMP, ISS, IEA
CRE upregulated	GO:0048522	positive regulation of cellular process	ENSMUSG00000015837	Sqstm1	IMP, ISO, IEA
CRE upregulated	GO:0048522	positive regulation of cellular process	ENSMUSG00000028901	Gmeb1	IDA
CRE upregulated	GO:0048522	positive regulation of cellular process	ENSMUSG00000030309	Caprin2	IMP, IBA
CRE upregulated	GO:0048522	positive regulation of cellular process	ENSMUSG00000036737	Oxsr1	IMP, IBA, IEA
CRE upregulated	GO:0048522	positive regulation of cellular process	ENSMUSG00000037580	Gch1	ISO, IEA
CRE upregulated	GO:0048522	positive regulation of cellular process	ENSMUSG00000023087	Noct	IMP, IGI
CRE upregulated	GO:0048522	positive regulation of cellular process	ENSMUSG00000031955	Bcar1	ISS, IEA
CRE upregulated	GO:0048522	positive regulation of cellular process	ENSMUSG00000001627	Ifrd1	ISO
CRE upregulated	GO:0048522	positive regulation of cellular process	ENSMUSG00000036057	Ptpn23	IEA
CRE upregulated	GO:0048522	positive regulation of cellular process	ENSMUSG00000015316	Slamf1	IDA, IMP, IBA, IEA
CRE upregulated	GO:0048522	positive regulation of cellular process	ENSMUSG00000032502	Stac	IMP, IBA
CRE upregulated	GO:0048522	positive regulation of cellular process	ENSMUSG00000029765	Plxna4	IBA
CRE upregulated	GO:0048522	positive regulation of cellular process	ENSMUSG00000022433	Csnk1e	IMP, IGI, ISO, IBA, IEA
CRE upregulated	GO:0048522	positive regulation of cellular process	ENSMUSG00000022346	Myc	IDA, IMP, IGI, ISS, ISO, IBA, IEA
CRE upregulated	GO:0048522	positive regulation of cellular process	ENSMUSG00000036478	Btg1	ISS, ISO, IEA
CRE upregulated	GO:0048522	positive regulation of cellular process	ENSMUSG00000053113	Socs3	IDA, IGI
CRE upregulated	GO:0048522	positive regulation of cellular process	ENSMUSG00000026072	Il1r1	IMP, ISS, ISO, IEA
CRE upregulated	GO:0048522	positive regulation of cellular process	ENSMUSG00000027954	Efna1	IDA, IEA
CRE upregulated	GO:0048522	positive regulation of cellular process	ENSMUSG00000023032	Slc4a8	IMP
CRE upregulated	GO:0048522	positive regulation of cellular process	ENSMUSG00000024789	Jak2	IDA, IMP, IGI, ISS, ISO, NAS, IEA
CRE upregulated	GO:0048522	positive regulation of cellular process	ENSMUSG00000038949	Cnst	ISS, IBA, IEA
CRE upregulated	GO:0048522	positive regulation of cellular process	ENSMUSG00000004040	ENSMUSG00000004040	IDA, IMP, IGI, ISS, ISO, IEA
CRE upregulated	GO:0048522	positive regulation of cellular process	ENSMUSG00000042292	Mrtfa	IDA, ISS, IBA, IEA
CRE upregulated	GO:0048522	positive regulation of cellular process	ENSMUSG00000061589	Dot1l	ISO, IEA
CRE upregulated	GO:0048522	positive regulation of cellular process	ENSMUSG00000022602	Arc	IMP, ISS, ISO, IBA, IEA
CRE upregulated	GO:0048522	positive regulation of cellular process	ENSMUSG00000022555	Dgat1	ISO
CRE upregulated	GO:0048522	positive regulation of cellular process	ENSMUSG00000020027	Socs2	IDA
CRE upregulated	GO:0048522	positive regulation of cellular process	ENSMUSG00000109511	Nup62	ISS, IEA
CRE upregulated	GO:0048522	positive regulation of cellular process	ENSMUSG00000029135	Fosl2	IDA, ISO, IEA
CRE upregulated	GO:0048522	positive regulation of cellular process	ENSMUSG00000054136	Adm2	IEA
CRE upregulated	GO:0048522	positive regulation of cellular process	ENSMUSG00000020395	Itk	IMP
CRE upregulated	GO:0048522	positive regulation of cellular process	ENSMUSG00000029826	Zc3hav1	IDA, ISS, ISO, IBA, TAS, IEA
CRE upregulated	GO:0048522	positive regulation of cellular process	ENSMUSG00000050335	Lgals3	IEA
CRE upregulated	GO:0048522	positive regulation of cellular process	ENSMUSG00000024190	Dusp1	ISO
CRE upregulated	GO:0048522	positive regulation of cellular process	ENSMUSG00000031960	Aars1	ISS, IEA
CRE upregulated	GO:0048522	positive regulation of cellular process	ENSMUSG00000020358	Hnrnpab	IDA, ISO, IEA
CRE upregulated	GO:0048522	positive regulation of cellular process	ENSMUSG00000059866	Tnip2	IMP, ISS, IBA, IEA
CRE upregulated	GO:0048522	positive regulation of cellular process	ENSMUSG00000017615	Tnfaip1	ISO, IEA
CRE upregulated	GO:0048522	positive regulation of cellular process	ENSMUSG00000033545	Znrf1	IEA
CRE upregulated	GO:0048522	positive regulation of cellular process	ENSMUSG00000040033	ENSMUSG00000040033	IEA
CRE upregulated	GO:0048522	positive regulation of cellular process	ENSMUSG00000021360	ENSMUSG00000021360	IMP, IEA
CRE upregulated	GO:0048522	positive regulation of cellular process	ENSMUSG00000059316	Slc27a4	IEA
CRE upregulated	GO:0048522	positive regulation of cellular process	ENSMUSG00000024803	Ankrd1	ISO, IEA
CRE upregulated	GO:0048522	positive regulation of cellular process	ENSMUSG00000031934	ENSMUSG00000031934	IMP, IEA
CRE upregulated	GO:0048522	positive regulation of cellular process	ENSMUSG00000018565	Elp5	IMP
CRE upregulated	GO:0048522	positive regulation of cellular process	ENSMUSG00000021306	Gpr137b	IEA
CRE upregulated	GO:0048522	positive regulation of cellular process	ENSMUSG00000024912	Fosl1	ISO, IEA
CRE upregulated	GO:0048522	positive regulation of cellular process	ENSMUSG00000024927	Rela	IDA, IMP, ISS, ISO, IBA, TAS, IEA
CRE upregulated	GO:0048522	positive regulation of cellular process	ENSMUSG00000036206	Sh3bp4	ISS, IEA
CRE upregulated	GO:0048522	positive regulation of cellular process	ENSMUSG00000025793	ENSMUSG00000025793	IEA
CRE upregulated	GO:0048522	positive regulation of cellular process	ENSMUSG00000038591	Colec10	IEA
CRE upregulated	GO:0048522	positive regulation of cellular process	ENSMUSG00000027692	Tnik	ISS, ISO, IEA
CRE upregulated	GO:0048522	positive regulation of cellular process	ENSMUSG00000003435	ENSMUSG00000003435	ISO, IEA
CRE upregulated	GO:0048522	positive regulation of cellular process	ENSMUSG00000055044	Pdlim1	IEA
CRE upregulated	GO:0048522	positive regulation of cellular process	ENSMUSG00000024238	Zeb1	IDA, IGI, ISO, IEA
CRE upregulated	GO:0048522	positive regulation of cellular process	ENSMUSG00000026718	ENSMUSG00000026718	IEA
CRE upregulated	GO:0048522	positive regulation of cellular process	ENSMUSG00000026078	Pdcl3	IMP, ISO, IBA, IEA
CRE upregulated	GO:0048522	positive regulation of cellular process	ENSMUSG00000028893	Sesn2	IMP, ISS, IBA, IEA
CRE upregulated	GO:0048522	positive regulation of cellular process	ENSMUSG00000024947	Men1	IDA, IMP, IGI, ISO, IEA
CRE upregulated	GO:0048522	positive regulation of cellular process	ENSMUSG00000029071	ENSMUSG00000029071	IDA, IMP, ISO, IEA
CRE upregulated	GO:0048522	positive regulation of cellular process	ENSMUSG00000036894	Rap2b	IDA, IEA
CRE upregulated	GO:0048522	positive regulation of cellular process	ENSMUSG00000040433	Zbtb38	ISO
CRE upregulated	GO:0048522	positive regulation of cellular process	ENSMUSG00000044453	Ffar1	IDA, IMP, ISO, IBA
CRE upregulated	GO:0048522	positive regulation of cellular process	ENSMUSG00000064210	ENSMUSG00000064210	IMP, ISS, ISO, IEA
CRE upregulated	GO:0048522	positive regulation of cellular process	ENSMUSG00000032715	Trib3	IDA, IBA, TAS, IC
CRE upregulated	GO:0048522	positive regulation of cellular process	ENSMUSG00000024777	ENSMUSG00000024777	ISO, IEA
CRE upregulated	GO:0048522	positive regulation of cellular process	ENSMUSG00000024335	Brd2	IDA, IEA
CRE upregulated	GO:0048522	positive regulation of cellular process	ENSMUSG00000040365	Trim41	ISS, IEA
CRE upregulated	GO:0048522	positive regulation of cellular process	ENSMUSG00000028466	Creb3	IEA
CRE upregulated	GO:0048522	positive regulation of cellular process	ENSMUSG00000029175	Slc35f6	ISS, IEA
CRE upregulated	GO:0048522	positive regulation of cellular process	ENSMUSG00000071637	Cebpd	IDA, ISO, IEA
CRE upregulated	GO:0048522	positive regulation of cellular process	ENSMUSG00000025162	ENSMUSG00000025162	IMP, IGI, IBA, IEA
CRE upregulated	GO:0048522	positive regulation of cellular process	ENSMUSG00000010660	Plcd1	ISO
CRE upregulated	GO:0048522	positive regulation of cellular process	ENSMUSG00000052921	Arhgef15	ISS, ISO
CRE upregulated	GO:0048522	positive regulation of cellular process	ENSMUSG00000015776	Med22	NAS
CRE upregulated	GO:0048522	positive regulation of cellular process	ENSMUSG00000031278	ENSMUSG00000031278	ISS, ISO
CRE upregulated	GO:0048522	positive regulation of cellular process	ENSMUSG00000031668	ENSMUSG00000031668	IEA
CRE upregulated	GO:0048522	positive regulation of cellular process	ENSMUSG00000053175	Bcl3	IDA, IMP, IBA, IEA
CRE upregulated	GO:0048522	positive regulation of cellular process	ENSMUSG00000059796	Eif4a1	ISS, IEA
CRE upregulated	GO:0048522	positive regulation of cellular process	ENSMUSG00000032599	ENSMUSG00000032599	IMP, IEA
CRE upregulated	GO:0048522	positive regulation of cellular process	ENSMUSG00000040640	ENSMUSG00000040640	IDA, IMP
CRE upregulated	GO:0048522	positive regulation of cellular process	ENSMUSG00000030199	Etv6	IDA
CRE upregulated	GO:0048522	positive regulation of cellular process	ENSMUSG00000037815	Ctnna1	IMP, IGI
CRE upregulated	GO:0048522	positive regulation of cellular process	ENSMUSG00000003154	Foxj2	IEA
CRE upregulated	GO:0048522	positive regulation of cellular process	ENSMUSG00000020349	ENSMUSG00000020349	IMP, ISO
CRE upregulated	GO:0048522	positive regulation of cellular process	ENSMUSG00000024517	Grp	IMP, ISS, ISO, IEA
CRE upregulated	GO:0048522	positive regulation of cellular process	ENSMUSG00000023307	Marchf5	IEA
CRE upregulated	GO:0048522	positive regulation of cellular process	ENSMUSG00000085007	ENSMUSG00000085007	IMP
CRE upregulated	GO:0048522	positive regulation of cellular process	ENSMUSG00000029752	ENSMUSG00000029752	IEA
CRE upregulated	GO:0048522	positive regulation of cellular process	ENSMUSG00000021587	Pcsk1	ISO, IEA
CRE upregulated	GO:0048522	positive regulation of cellular process	ENSMUSG00000028599	Tnfrsf1b	IMP, IGI, IBA, IEA
CRE upregulated	GO:0048522	positive regulation of cellular process	ENSMUSG00000033350	Chst2	IMP
CRE upregulated	GO:0048522	positive regulation of cellular process	ENSMUSG00000004530	ENSMUSG00000004530	IEA
CRE upregulated	GO:0048522	positive regulation of cellular process	ENSMUSG00000044147	Arf6	IDA, IMP, IEA
CRE upregulated	GO:0048522	positive regulation of cellular process	ENSMUSG00000027605	Acss2	IEA
CRE upregulated	GO:0048522	positive regulation of cellular process	ENSMUSG00000030662	ENSMUSG00000030662	IMP
CRE upregulated	GO:0048522	positive regulation of cellular process	ENSMUSG00000036180	ENSMUSG00000036180	NAS
CRE upregulated	GO:0048522	positive regulation of cellular process	ENSMUSG00000011877	Git1	ISS, ISO, IEA
CRE upregulated	GO:0048522	positive regulation of cellular process	ENSMUSG00000040046	Tph1	IMP
CRE upregulated	GO:0048522	positive regulation of cellular process	ENSMUSG00000039985	Sinhcaf	IMP
CRE upregulated	GO:0048522	positive regulation of cellular process	ENSMUSG00000031937	ENSMUSG00000031937	IMP, IBA
CRE upregulated	GO:0048522	positive regulation of cellular process	ENSMUSG00000025060	ENSMUSG00000025060	ISO
CRE upregulated	GO:0048522	positive regulation of cellular process	ENSMUSG00000055491	ENSMUSG00000055491	IBA
CRE upregulated	GO:0048522	positive regulation of cellular process	ENSMUSG00000052837	ENSMUSG00000052837	IDA, IMP, IEA
CRE upregulated	GO:0048522	positive regulation of cellular process	ENSMUSG00000028840	Zfp593	IEA
CRE upregulated	GO:0048522	positive regulation of cellular process	ENSMUSG00000047281	ENSMUSG00000047281	IDA, IMP, ISS, IEA
CRE upregulated	GO:0048522	positive regulation of cellular process	ENSMUSG00000025351	Cd63	ISS, ISO, IEA
CRE upregulated	GO:0048522	positive regulation of cellular process	ENSMUSG00000021796	Bmpr1a	IDA, IMP, IEA
CRE upregulated	GO:0048522	positive regulation of cellular process	ENSMUSG00000049649	Gpr3	IMP, ISO, IEA
CRE upregulated	GO:0048522	positive regulation of cellular process	ENSMUSG00000019842	ENSMUSG00000019842	IDA, IMP, IBA, IEA
CRE upregulated	GO:0048522	positive regulation of cellular process	ENSMUSG00000070056	ENSMUSG00000070056	IMP, ISS, IEA
CRE upregulated	GO:0048522	positive regulation of cellular process	ENSMUSG00000029110	ENSMUSG00000029110	IDA, ISS, ISO, IBA, IEA
CRE upregulated	GO:0048522	positive regulation of cellular process	ENSMUSG00000021890	ENSMUSG00000021890	ISO
CRE upregulated	GO:0048522	positive regulation of cellular process	ENSMUSG00000041598	Cdc42ep4	IBA, IEA
CRE upregulated	GO:0048522	positive regulation of cellular process	ENSMUSG00000045664	Cdc42ep2	IBA, IEA
CRE upregulated	GO:0048522	positive regulation of cellular process	ENSMUSG00000027465	Tbc1d20	IEA
CRE upregulated	GO:0048522	positive regulation of cellular process	ENSMUSG00000037860	Aim2	IDA, IMP, IGI, ISO, IEA
CRE upregulated	GO:0048522	positive regulation of cellular process	ENSMUSG00000020250	ENSMUSG00000020250	ISO
CRE upregulated	GO:0048522	positive regulation of cellular process	ENSMUSG00000028434	Epb41l4b	IEA
CRE upregulated	GO:0048522	positive regulation of cellular process	ENSMUSG00000039191	Rbpj	IDA, IMP, IGI, ISS, ISO, IEA
CRE upregulated	GO:0048522	positive regulation of cellular process	ENSMUSG00000000001	ENSMUSG00000000001	ISO, IEA
CRE upregulated	GO:0048522	positive regulation of cellular process	ENSMUSG00000048668	Rhno1	IEA
CRE upregulated	GO:0048522	positive regulation of cellular process	ENSMUSG00000019256	ENSMUSG00000019256	IEA
CRE upregulated	GO:0048522	positive regulation of cellular process	ENSMUSG00000039844	ENSMUSG00000039844	ISO, IEA
CRE upregulated	GO:0048522	positive regulation of cellular process	ENSMUSG00000019763	ENSMUSG00000019763	ISS, IBA, IEA
CRE upregulated	GO:0048522	positive regulation of cellular process	ENSMUSG00000051316	Taf7	ISS, ISO, NAS, IEA
CRE upregulated	GO:0048522	positive regulation of cellular process	ENSMUSG00000001552	ENSMUSG00000001552	IBA, IEA
CRE upregulated	GO:0048522	positive regulation of cellular process	ENSMUSG00000040010	Slc7a5	ISO, IEA
CRE upregulated	GO:0048522	positive regulation of cellular process	ENSMUSG00000040463	ENSMUSG00000040463	ISO, NAS, IEA
CRE upregulated	GO:0048522	positive regulation of cellular process	ENSMUSG00000004099	ENSMUSG00000004099	IEA
CRE upregulated	GO:0048522	positive regulation of cellular process	ENSMUSG00000022858	ENSMUSG00000022858	IMP, ISS, IBA, IEA
CRE upregulated	GO:0048522	positive regulation of cellular process	ENSMUSG00000027997	Casp6	ISS, ISO, IBA, IEA
CRE upregulated	GO:0048522	positive regulation of cellular process	ENSMUSG00000053007	Creb5	IEA
CRE upregulated	GO:0048522	positive regulation of cellular process	ENSMUSG00000020594	ENSMUSG00000020594	ISO, IEA
CRE upregulated	GO:0048522	positive regulation of cellular process	ENSMUSG00000011256	ENSMUSG00000011256	ISS
CRE upregulated	GO:0048522	positive regulation of cellular process	ENSMUSG00000020448	Rnf185	ISS, IEA
CRE upregulated	GO:0048522	positive regulation of cellular process	ENSMUSG00000000787	ENSMUSG00000000787	IDA, ISS
CRE upregulated	GO:0048522	positive regulation of cellular process	ENSMUSG00000008859	ENSMUSG00000008859	ISS, IEA
CRE upregulated	GO:0048522	positive regulation of cellular process	ENSMUSG00000008730	Hipk1	IGI
CRE upregulated	GO:0048522	positive regulation of cellular process	ENSMUSG00000022948	Setd4	IDA, IBA
CRE upregulated	GO:0048522	positive regulation of cellular process	ENSMUSG00000022094	ENSMUSG00000022094	IMP
CRE upregulated	GO:0048522	positive regulation of cellular process	ENSMUSG00000038676	Ucn	IMP, ISO, IEA
CRE upregulated	GO:0048522	positive regulation of cellular process	ENSMUSG00000059743	ENSMUSG00000059743	ISO
CRE upregulated	GO:0048522	positive regulation of cellular process	ENSMUSG00000052681	Rap1b	IGI, IEA
CRE upregulated	GO:0048522	positive regulation of cellular process	ENSMUSG00000042185	ENSMUSG00000042185	IDA, IMP, ISO, IEA
CRE upregulated	GO:0048522	positive regulation of cellular process	ENSMUSG00000025403	ENSMUSG00000025403	ISO, IEA
CRE upregulated	GO:0048522	positive regulation of cellular process	ENSMUSG00000032508	Myd88	IMP, IGI, ISS, ISO, IEA
CRE upregulated	GO:0048522	positive regulation of cellular process	ENSMUSG00000026864	ENSMUSG00000026864	IMP, ISS, ISO, IEA
CRE upregulated	GO:0048522	positive regulation of cellular process	ENSMUSG00000021072	Tmx1	ISS, IEA
CRE upregulated	GO:0048522	positive regulation of cellular process	ENSMUSG00000002633	Shh	IDA, IMP, IGI, ISS, ISO, IEA
CRE upregulated	GO:0048522	positive regulation of cellular process	ENSMUSG00000008384	Sertad1	IDA, IGI
CRE upregulated	GO:0048522	positive regulation of cellular process	ENSMUSG00000032540	ENSMUSG00000032540	IDA, IMP, IBA, IEA
CRE upregulated	GO:0048522	positive regulation of cellular process	ENSMUSG00000028680	ENSMUSG00000028680	IEA
CRE upregulated	GO:0048522	positive regulation of cellular process	ENSMUSG00000053581	ENSMUSG00000053581	IMP
CRE upregulated	GO:0048522	positive regulation of cellular process	ENSMUSG00000032462	ENSMUSG00000032462	IGI, ISO, IEA
CRE upregulated	GO:0048522	positive regulation of cellular process	ENSMUSG00000027944	Hax1	IEA
CRE upregulated	GO:0048522	positive regulation of cellular process	ENSMUSG00000039671	ENSMUSG00000039671	ISO, IEA
CRE upregulated	GO:0048522	positive regulation of cellular process	ENSMUSG00000005089	Slc1a2	IMP
CRE upregulated	GO:0048522	positive regulation of cellular process	ENSMUSG00000056050	ENSMUSG00000056050	IEA
CRE upregulated	GO:0048522	positive regulation of cellular process	ENSMUSG00000063952	Brpf3	ISS, IEA
CRE upregulated	GO:0048522	positive regulation of cellular process	ENSMUSG00000040652	ENSMUSG00000040652	IDA, IBA
CRE upregulated	GO:0048522	positive regulation of cellular process	ENSMUSG00000048027	ENSMUSG00000048027	IDA
CRE upregulated	GO:0048522	positive regulation of cellular process	ENSMUSG00000028291	ENSMUSG00000028291	IDA, IMP, ISO, IBA, IEA
CRE upregulated	GO:0048522	positive regulation of cellular process	ENSMUSG00000037411	Serpine1	IEA
CRE upregulated	GO:0048522	positive regulation of cellular process	ENSMUSG00000020340	ENSMUSG00000020340	IMP, IEA
CRE upregulated	GO:0048522	positive regulation of cellular process	ENSMUSG00000037465	Klf10	IMP, IEA
CRE upregulated	GO:0048522	positive regulation of cellular process	ENSMUSG00000023277	ENSMUSG00000023277	IBA, IEA
CRE upregulated	GO:0048522	positive regulation of cellular process	ENSMUSG00000019843	ENSMUSG00000019843	IDA, IMP, IGI, ISO
CRE upregulated	GO:0048522	positive regulation of cellular process	ENSMUSG00000024493	ENSMUSG00000024493	IEA
CRE upregulated	GO:0048522	positive regulation of cellular process	ENSMUSG00000027646	ENSMUSG00000027646	IDA, IMP, IGI, ISO, IEA
CRE upregulated	GO:0048522	positive regulation of cellular process	ENSMUSG00000052316	ENSMUSG00000052316	IEA
CRE upregulated	GO:0048522	positive regulation of cellular process	ENSMUSG00000020680	ENSMUSG00000020680	ISO, IEA
CRE upregulated	GO:0048522	positive regulation of cellular process	ENSMUSG00000021340	ENSMUSG00000021340	IEA
CRE upregulated	GO:0048522	positive regulation of cellular process	ENSMUSG00000004698	ENSMUSG00000004698	IEA
CRE upregulated	GO:0048522	positive regulation of cellular process	ENSMUSG00000046761	ENSMUSG00000046761	ISS, IBA, IEA
CRE upregulated	GO:0048522	positive regulation of cellular process	ENSMUSG00000032501	Trib1	IDA, IMP, IBA, IC
CRE upregulated	GO:0048522	positive regulation of cellular process	ENSMUSG00000003119	ENSMUSG00000003119	ISS, ISO, IBA, IEA
CRE upregulated	GO:0048522	positive regulation of cellular process	ENSMUSG00000055067	ENSMUSG00000055067	IMP
CRE upregulated	GO:0048522	positive regulation of cellular process	ENSMUSG00000031073	Fgf15	ISO, IBA, IEA
CRE upregulated	GO:0048522	positive regulation of cellular process	ENSMUSG00000038205	ENSMUSG00000038205	IGI
CRE upregulated	GO:0048522	positive regulation of cellular process	ENSMUSG00000036667	ENSMUSG00000036667	IBA, IEA
CRE upregulated	GO:0048522	positive regulation of cellular process	ENSMUSG00000015839	Nfe2l2	IDA, IMP, IGI, ISO, IEA
CRE upregulated	GO:0048522	positive regulation of cellular process	ENSMUSG00000049550	ENSMUSG00000049550	ISS, ISO, IBA, IEA
CRE upregulated	GO:0048522	positive regulation of cellular process	ENSMUSG00000021477	ENSMUSG00000021477	IBA
CRE upregulated	GO:0048522	positive regulation of cellular process	ENSMUSG00000000627	ENSMUSG00000000627	IBA
CRE upregulated	GO:0048522	positive regulation of cellular process	ENSMUSG00000022332	ENSMUSG00000022332	ISO
CRE upregulated	GO:0048522	positive regulation of cellular process	ENSMUSG00000019998	ENSMUSG00000019998	IEA
CRE upregulated	GO:0048522	positive regulation of cellular process	ENSMUSG00000054499	ENSMUSG00000054499	IEA
CRE upregulated	GO:0048522	positive regulation of cellular process	ENSMUSG00000024907	Gal	ISS, ISO, IEA
CRE upregulated	GO:0048522	positive regulation of cellular process	ENSMUSG00000054204	ENSMUSG00000054204	ISS, IBA, IEA
CRE upregulated	GO:0048522	positive regulation of cellular process	ENSMUSG00000003541	ENSMUSG00000003541	IDA
CRE upregulated	GO:0048522	positive regulation of cellular process	ENSMUSG00000029475	ENSMUSG00000029475	IDA
CRE upregulated	GO:0051179	localization	ENSMUSG00000063632	Sox11	IMP
CRE upregulated	GO:0051179	localization	ENSMUSG00000019647	Sema6a	IMP
CRE upregulated	GO:0051179	localization	ENSMUSG00000037428	Vgf	IGI
CRE upregulated	GO:0051179	localization	ENSMUSG00000042816	Gpr151	EXP, IDA, IMP
CRE upregulated	GO:0051179	localization	ENSMUSG00000031574	Star	IBA, IEA
CRE upregulated	GO:0051179	localization	ENSMUSG00000004951	Hspb1	ISS, IEA
CRE upregulated	GO:0051179	localization	ENSMUSG00000025473	Adam8	IEA
CRE upregulated	GO:0051179	localization	ENSMUSG00000050164	Mchr1	ISO, IEA
CRE upregulated	GO:0051179	localization	ENSMUSG00000028494	Plin2	IDA, IBA
CRE upregulated	GO:0051179	localization	ENSMUSG00000030898	Cckbr	IMP, IGI, ISO
CRE upregulated	GO:0051179	localization	ENSMUSG00000024143	Rhoq	IDA, IBA, IC, IEA
CRE upregulated	GO:0051179	localization	ENSMUSG00000030748	Il4ra	IMP
CRE upregulated	GO:0051179	localization	ENSMUSG00000030102	Itpr1	IDA, IMP, IGI, ISS, ISO, IBA, IEA
CRE upregulated	GO:0051179	localization	ENSMUSG00000024891	Slc29a2	IDA, IGI, ISS, ISO, IBA, IEA
CRE upregulated	GO:0051179	localization	ENSMUSG00000020427	Igfbp3	ISO
CRE upregulated	GO:0051179	localization	ENSMUSG00000023067	Cdkn1a	IMP, IEA
CRE upregulated	GO:0051179	localization	ENSMUSG00000006304	Arpc2	ISO
CRE upregulated	GO:0051179	localization	ENSMUSG00000041831	Sytl3	IDA, IBA, IEA
CRE upregulated	GO:0051179	localization	ENSMUSG00000109901	Chmp1b	ISO, IBA, NAS, IEA
CRE upregulated	GO:0051179	localization	ENSMUSG00000048807	Slc35e4	IBA
CRE upregulated	GO:0051179	localization	ENSMUSG00000030272	Camk1	IDA, IGI, ISS, IEA
CRE upregulated	GO:0051179	localization	ENSMUSG00000004846	Plod3	IMP
CRE upregulated	GO:0051179	localization	ENSMUSG00000035621	Midn	ISO, IEA
CRE upregulated	GO:0051179	localization	ENSMUSG00000034300	Fam53c	IBA
CRE upregulated	GO:0051179	localization	ENSMUSG00000050989	Selenon	IMP, ISS
CRE upregulated	GO:0051179	localization	ENSMUSG00000024261	Syt4	EXP, IDA, IMP, ISO, IBA, TAS, IEA
CRE upregulated	GO:0051179	localization	ENSMUSG00000032939	Nup93	IBA, NAS, IEA
CRE upregulated	GO:0051179	localization	ENSMUSG00000043003	Rasef	IBA
CRE upregulated	GO:0051179	localization	ENSMUSG00000003153	Slc2a3	IDA, IMP, ISS, ISO, IBA, IEA
CRE upregulated	GO:0051179	localization	ENSMUSG00000068566	Myadm	IEA
CRE upregulated	GO:0051179	localization	ENSMUSG00000048482	Bdnf	IPI
CRE upregulated	GO:0051179	localization	ENSMUSG00000024256	Adcyap1	IDA, ISS, ISO, IBA, IEA
CRE upregulated	GO:0051179	localization	ENSMUSG00000037458	Azin1	IDA, IBA, IEA
CRE upregulated	GO:0051179	localization	ENSMUSG00000021070	Bdkrb2	IEA
CRE upregulated	GO:0051179	localization	ENSMUSG00000018736	Ndel1	IDA, IMP, IGI, IBA, IEA
CRE upregulated	GO:0051179	localization	ENSMUSG00000002250	Ppard	IEP, ISO, IBA, NAS, IEA
CRE upregulated	GO:0051179	localization	ENSMUSG00000027198	Ext2	IGI
CRE upregulated	GO:0051179	localization	ENSMUSG00000018507	Trpv2	IMP, IEA
CRE upregulated	GO:0051179	localization	ENSMUSG00000078532	Nkain1	IBA, IEA
CRE upregulated	GO:0051179	localization	ENSMUSG00000021501	Caml	ISS, ISO, IBA, IEA
CRE upregulated	GO:0051179	localization	ENSMUSG00000041870	Ankrd13a	ISS, IEA
CRE upregulated	GO:0051179	localization	ENSMUSG00000038894	Irs2	IMP, IEA
CRE upregulated	GO:0051179	localization	ENSMUSG00000024883	Rin1	IEA
CRE upregulated	GO:0051179	localization	ENSMUSG00000035828	Pim3	IMP
CRE upregulated	GO:0051179	localization	ENSMUSG00000031545	Gpat4	IMP
CRE upregulated	GO:0051179	localization	ENSMUSG00000007041	Clic1	ISO, IBA, IEA
CRE upregulated	GO:0051179	localization	ENSMUSG00000005069	Pex5	IMP, ISS, IBA, TAS, IEA
CRE upregulated	GO:0051179	localization	ENSMUSG00000029518	Rab35	ISS, ISO, IBA, IEA
CRE upregulated	GO:0051179	localization	ENSMUSG00000020142	Slc1a4	IDA, ISO, IBA, IEA
CRE upregulated	GO:0051179	localization	ENSMUSG00000028789	Azin2	IDA, IBA
CRE upregulated	GO:0051179	localization	ENSMUSG00000026796	Niban2	IEA
CRE upregulated	GO:0051179	localization	ENSMUSG00000027540	Ptpn1	ISS, IEA
CRE upregulated	GO:0051179	localization	ENSMUSG00000038023	Atp6v0a2	IEA
CRE upregulated	GO:0051179	localization	ENSMUSG00000019461	Plscr3	IBA, IEA
CRE upregulated	GO:0051179	localization	ENSMUSG00000022661	Cd200	IEA
CRE upregulated	GO:0051179	localization	ENSMUSG00000039232	Stx11	IEA
CRE upregulated	GO:0051179	localization	ENSMUSG00000028063	Lmna	IMP, ISS, IBA, IEA
CRE upregulated	GO:0051179	localization	ENSMUSG00000029321	Slc10a6	ISO, IBA, IEA
CRE upregulated	GO:0051179	localization	ENSMUSG00000051343	Rab11fip5	IDA, IMP, IBA, IEA
CRE upregulated	GO:0051179	localization	ENSMUSG00000034226	Rhov	IBA
CRE upregulated	GO:0051179	localization	ENSMUSG00000001420	Tmem79	IMP, IBA
CRE upregulated	GO:0051179	localization	ENSMUSG00000034591	Slc41a2	IDA, IEA
CRE upregulated	GO:0051179	localization	ENSMUSG00000015341	Golga7	ISS, ISO, IBA, IEA
CRE upregulated	GO:0051179	localization	ENSMUSG00000028645	Slc2a1	IDA, ISO, IBA, IEA
CRE upregulated	GO:0051179	localization	ENSMUSG00000053436	Mapk14	IMP
CRE upregulated	GO:0051179	localization	ENSMUSG00000025809	Itgb1	IDA, IMP, ISS, ISO, IEA
CRE upregulated	GO:0051179	localization	ENSMUSG00000028156	Eif4e	IDA, IMP, IEA
CRE upregulated	GO:0051179	localization	ENSMUSG00000018362	Kpna2	IDA, ISS, IBA, IEA
CRE upregulated	GO:0051179	localization	ENSMUSG00000023030	Slc11a2	IDA, IMP, ISS, ISO, IBA, IEA
CRE upregulated	GO:0051179	localization	ENSMUSG00000011008	Mcoln2	IEA
CRE upregulated	GO:0051179	localization	ENSMUSG00000015243	Abca1	IDA, IMP, ISO, IBA, IEA
CRE upregulated	GO:0051179	localization	ENSMUSG00000022272	Myo10	ISS, IBA
CRE upregulated	GO:0051179	localization	ENSMUSG00000013089	Etv5	IMP
CRE upregulated	GO:0051179	localization	ENSMUSG00000025139	Tollip	IEA
CRE upregulated	GO:0051179	localization	ENSMUSG00000020592	Sdc1	IMP, IEA
CRE upregulated	GO:0051179	localization	ENSMUSG00000025746	Il6	IDA, IMP, ISO
CRE upregulated	GO:0051179	localization	ENSMUSG00000032231	Anxa2	IMP, ISO, IBA, NAS, IEA
CRE upregulated	GO:0051179	localization	ENSMUSG00000023387	Kcnk16	ISO, IBA, IEA
CRE upregulated	GO:0051179	localization	ENSMUSG00000047368	Abhd17b	IMP
CRE upregulated	GO:0051179	localization	ENSMUSG00000021843	Ktn1	IEA
CRE upregulated	GO:0051179	localization	ENSMUSG00000073563	Csnk1g3	IBA
CRE upregulated	GO:0051179	localization	ENSMUSG00000031078	Cttn	IMP, ISS, ISO, IEA
CRE upregulated	GO:0051179	localization	ENSMUSG00000022607	Ptk2	IDA, ISO
CRE upregulated	GO:0051179	localization	ENSMUSG00000055994	Nod2	IMP
CRE upregulated	GO:0051179	localization	ENSMUSG00000040312	Cchcr1	IDA, IBA
CRE upregulated	GO:0051179	localization	ENSMUSG00000024014	Pim1	ISS
CRE upregulated	GO:0051179	localization	ENSMUSG00000037062	Sh3glb1	IMP, ISO, IEA
CRE upregulated	GO:0051179	localization	ENSMUSG00000034247	Plekhm1	IMP, ISS, IEA
CRE upregulated	GO:0051179	localization	ENSMUSG00000024772	Ehd1	IDA, IMP, ISS, IBA, IEA
CRE upregulated	GO:0051179	localization	ENSMUSG00000023169	Slc38a1	IDA, IMP, ISS, ISO, IBA, IEA
CRE upregulated	GO:0051179	localization	ENSMUSG00000027293	Ehd4	ISS, ISO, IBA, IEA
CRE upregulated	GO:0051179	localization	ENSMUSG00000035392	Dennd1a	IDA, ISS, IBA, IEA
CRE upregulated	GO:0051179	localization	ENSMUSG00000020580	Rock2	IEA
CRE upregulated	GO:0051179	localization	ENSMUSG00000020435	Osbp2	IEA
CRE upregulated	GO:0051179	localization	ENSMUSG00000027613	Eif6	IBA, IEA
CRE upregulated	GO:0051179	localization	ENSMUSG00000033039	Micall1	ISS, ISO, IEA
CRE upregulated	GO:0051179	localization	ENSMUSG00000059923	Grb2	IEA
CRE upregulated	GO:0051179	localization	ENSMUSG00000049303	Syt12	ISO, IBA, IEA
CRE upregulated	GO:0051179	localization	ENSMUSG00000022848	Slc49a4	ISS, IEA
CRE upregulated	GO:0051179	localization	ENSMUSG00000042406	Atf4	IMP, ISO, IEA
CRE upregulated	GO:0051179	localization	ENSMUSG00000055078	Gabra5	IBA, IEA
CRE upregulated	GO:0051179	localization	ENSMUSG00000038267	Slc22a23	IEA
CRE upregulated	GO:0051179	localization	ENSMUSG00000040322	Slc25a24	ISS, IBA, IEA
CRE upregulated	GO:0051179	localization	ENSMUSG00000007458	M6pr	IDA, IBA, TAS, IEA
CRE upregulated	GO:0051179	localization	ENSMUSG00000020271	Fbxw11	IBA
CRE upregulated	GO:0051179	localization	ENSMUSG00000005950	P2rx5	IEA
CRE upregulated	GO:0051179	localization	ENSMUSG00000020838	Slc6a4	IDA, IMP, ISO, IBA, NAS, IEA
CRE upregulated	GO:0051179	localization	ENSMUSG00000001507	Itga3	ISS, IEA
CRE upregulated	GO:0051179	localization	ENSMUSG00000031628	Casp3	IDA, IMP
CRE upregulated	GO:0051179	localization	ENSMUSG00000025408	Ddit3	IDA, IMP
CRE upregulated	GO:0051179	localization	ENSMUSG00000032078	Zpr1	IMP, ISS, IBA, IEA
CRE upregulated	GO:0051179	localization	ENSMUSG00000035199	Arl6ip5	IDA, IMP, ISO, IBA, IEA
CRE upregulated	GO:0051179	localization	ENSMUSG00000055407	Map6	ISS, ISO, IBA, IEA
CRE upregulated	GO:0051179	localization	ENSMUSG00000001847	Rac1	IDA, IMP, IGI, ISO, IBA, IEA
CRE upregulated	GO:0051179	localization	ENSMUSG00000042121	Ssh1	ISO, IEA
CRE upregulated	GO:0051179	localization	ENSMUSG00000018909	Arrb1	IMP, ISS, ISO, IBA, IEA
CRE upregulated	GO:0051179	localization	ENSMUSG00000024349	Sting1	IEA
CRE upregulated	GO:0051179	localization	ENSMUSG00000024521	Pmaip1	IMP
CRE upregulated	GO:0051179	localization	ENSMUSG00000026317	Cln8	IMP
CRE upregulated	GO:0051179	localization	ENSMUSG00000044667	Plppr4	IMP
CRE upregulated	GO:0051179	localization	ENSMUSG00000028145	Them4	ISS, IEA
CRE upregulated	GO:0051179	localization	ENSMUSG00000027455	Nsfl1c	IEA
CRE upregulated	GO:0051179	localization	ENSMUSG00000057531	Dtnbp1	IDA, IMP, ISO, IBA, IEA
CRE upregulated	GO:0051179	localization	ENSMUSG00000058355	Abce1	IBA, IEA
CRE upregulated	GO:0051179	localization	ENSMUSG00000004768	Rab23	IEA
CRE upregulated	GO:0051179	localization	ENSMUSG00000015837	Sqstm1	IDA, IMP, ISS, IEA
CRE upregulated	GO:0051179	localization	ENSMUSG00000030677	Kif22	ISS, IEA
CRE upregulated	GO:0051179	localization	ENSMUSG00000029131	Dnajb6	IMP, IEA
CRE upregulated	GO:0051179	localization	ENSMUSG00000036737	Oxsr1	IGI, IEA
CRE upregulated	GO:0051179	localization	ENSMUSG00000036057	Ptpn23	IBA, IEA
CRE upregulated	GO:0051179	localization	ENSMUSG00000015316	Slamf1	IMP, IEA
CRE upregulated	GO:0051179	localization	ENSMUSG00000032502	Stac	IMP, IBA
CRE upregulated	GO:0051179	localization	ENSMUSG00000022433	Csnk1e	IDA, IMP, IBA, IEA
CRE upregulated	GO:0051179	localization	ENSMUSG00000022346	Myc	ISO
CRE upregulated	GO:0051179	localization	ENSMUSG00000042246	Tmc7	IEA
CRE upregulated	GO:0051179	localization	ENSMUSG00000036437	Npy1r	ISO
CRE upregulated	GO:0051179	localization	ENSMUSG00000030616	Sytl2	IDA, IMP, IBA, IEA
CRE upregulated	GO:0051179	localization	ENSMUSG00000047604	Frat2	ISS
CRE upregulated	GO:0051179	localization	ENSMUSG00000030650	Tmc5	IEA
CRE upregulated	GO:0051179	localization	ENSMUSG00000023032	Slc4a8	EXP, IDA, IMP, ISO, IBA, IEA
CRE upregulated	GO:0051179	localization	ENSMUSG00000024789	Jak2	ISS, ISO, IEA
CRE upregulated	GO:0051179	localization	ENSMUSG00000010095	Slc3a2	IDA, ISS, ISO, IBA, IEA
CRE upregulated	GO:0051179	localization	ENSMUSG00000038949	Cnst	ISS, IBA, IEA
CRE upregulated	GO:0051179	localization	ENSMUSG00000004040	ENSMUSG00000004040	ISS, ISO, IEA
CRE upregulated	GO:0051179	localization	ENSMUSG00000025178	Pi4k2a	ISO
CRE upregulated	GO:0051179	localization	ENSMUSG00000022602	Arc	IDA, IMP, ISS, ISO, IEA
CRE upregulated	GO:0051179	localization	ENSMUSG00000022555	Dgat1	ISO
CRE upregulated	GO:0051179	localization	ENSMUSG00000020027	Socs2	IMP, IGI
CRE upregulated	GO:0051179	localization	ENSMUSG00000029578	Wipi2	IPI, IBA, IEA
CRE upregulated	GO:0051179	localization	ENSMUSG00000109511	Nup62	ISO, IBA, NAS, IEA
CRE upregulated	GO:0051179	localization	ENSMUSG00000029135	Fosl2	IDA
CRE upregulated	GO:0051179	localization	ENSMUSG00000047554	Tmem41b	IEA
CRE upregulated	GO:0051179	localization	ENSMUSG00000004347	ENSMUSG00000004347	ISO
CRE upregulated	GO:0051179	localization	ENSMUSG00000033769	Exoc6b	IBA, NAS, IEA
CRE upregulated	GO:0051179	localization	ENSMUSG00000050335	Lgals3	IEA
CRE upregulated	GO:0051179	localization	ENSMUSG00000028255	Clca1	ISA, IEA
CRE upregulated	GO:0051179	localization	ENSMUSG00000027797	Dclk1	IDA
CRE upregulated	GO:0051179	localization	ENSMUSG00000020358	Hnrnpab	ISO
CRE upregulated	GO:0051179	localization	ENSMUSG00000036882	ENSMUSG00000036882	IEA
CRE upregulated	GO:0051179	localization	ENSMUSG00000033545	Znrf1	IEA
CRE upregulated	GO:0051179	localization	ENSMUSG00000026930	Gpsm1	IBA
CRE upregulated	GO:0051179	localization	ENSMUSG00000026426	ENSMUSG00000026426	IDA, IBA, IEA
CRE upregulated	GO:0051179	localization	ENSMUSG00000059316	Slc27a4	IDA, IMP, IGI, IBA, IEA
CRE upregulated	GO:0051179	localization	ENSMUSG00000024803	Ankrd1	IEA
CRE upregulated	GO:0051179	localization	ENSMUSG00000026020	Nop58	IEA
CRE upregulated	GO:0051179	localization	ENSMUSG00000031934	ENSMUSG00000031934	IDA, ISS, IBA, IEA
CRE upregulated	GO:0051179	localization	ENSMUSG00000021306	Gpr137b	IEA
CRE upregulated	GO:0051179	localization	ENSMUSG00000019188	ENSMUSG00000019188	IEA
CRE upregulated	GO:0051179	localization	ENSMUSG00000036206	Sh3bp4	ISS, IEA
CRE upregulated	GO:0051179	localization	ENSMUSG00000025793	ENSMUSG00000025793	ISO, IBA, IEA
CRE upregulated	GO:0051179	localization	ENSMUSG00000038591	Colec10	IEA
CRE upregulated	GO:0051179	localization	ENSMUSG00000027692	Tnik	IDA, IMP, IEA
CRE upregulated	GO:0051179	localization	ENSMUSG00000002733	Plekha3	IBA
CRE upregulated	GO:0051179	localization	ENSMUSG00000026718	ENSMUSG00000026718	IBA, IEA
CRE upregulated	GO:0051179	localization	ENSMUSG00000028893	Sesn2	IMP, ISS, ISO, IEA
CRE upregulated	GO:0051179	localization	ENSMUSG00000029071	ENSMUSG00000029071	IDA, IMP, IGI, IEA
CRE upregulated	GO:0051179	localization	ENSMUSG00000042743	Sgtb	IBA
CRE upregulated	GO:0051179	localization	ENSMUSG00000022125	Cln5	IEA
CRE upregulated	GO:0051179	localization	ENSMUSG00000044453	Ffar1	IDA, IMP, ISO, IBA, IEA
CRE upregulated	GO:0051179	localization	ENSMUSG00000024036	ENSMUSG00000024036	ISS, IBA, IEA
CRE upregulated	GO:0051179	localization	ENSMUSG00000064210	ENSMUSG00000064210	IDA, IMP, IGI, ISS, ISO, IBA, IEA
CRE upregulated	GO:0051179	localization	ENSMUSG00000032902	Slc16a1	IMP, ISS, ISO, IBA, IEA
CRE upregulated	GO:0051179	localization	ENSMUSG00000032715	Trib3	IDA
CRE upregulated	GO:0051179	localization	ENSMUSG00000035594	Chrna5	IEA
CRE upregulated	GO:0051179	localization	ENSMUSG00000024335	Brd2	IDA, IEA
CRE upregulated	GO:0051179	localization	ENSMUSG00000026074	Map4k4	IEA
CRE upregulated	GO:0051179	localization	ENSMUSG00000031904	ENSMUSG00000031904	IDA, ISS, ISO, IBA, IEA
CRE upregulated	GO:0051179	localization	ENSMUSG00000020694	ENSMUSG00000020694	IEA
CRE upregulated	GO:0051179	localization	ENSMUSG00000029175	Slc35f6	ISS, IEA
CRE upregulated	GO:0051179	localization	ENSMUSG00000049866	Arl4c	ISS, IBA, IEA
CRE upregulated	GO:0051179	localization	ENSMUSG00000025162	ENSMUSG00000025162	IBA, IEA
CRE upregulated	GO:0051179	localization	ENSMUSG00000010660	Plcd1	ISO, IBA
CRE upregulated	GO:0051179	localization	ENSMUSG00000031278	ENSMUSG00000031278	ISS, ISO
CRE upregulated	GO:0051179	localization	ENSMUSG00000053175	Bcl3	IEA
CRE upregulated	GO:0051179	localization	ENSMUSG00000032599	ENSMUSG00000032599	ISO
CRE upregulated	GO:0051179	localization	ENSMUSG00000040640	ENSMUSG00000040640	IDA, IMP
CRE upregulated	GO:0051179	localization	ENSMUSG00000037815	Ctnna1	IMP
CRE upregulated	GO:0051179	localization	ENSMUSG00000024517	Grp	IDA, ISS, IEA
CRE upregulated	GO:0051179	localization	ENSMUSG00000040118	ENSMUSG00000040118	IMP, ISS, ISO, IEA
CRE upregulated	GO:0051179	localization	ENSMUSG00000023307	Marchf5	IEA
CRE upregulated	GO:0051179	localization	ENSMUSG00000025340	Rabgef1	IDA, IMP, IEA
CRE upregulated	GO:0051179	localization	ENSMUSG00000085007	ENSMUSG00000085007	IMP
CRE upregulated	GO:0051179	localization	ENSMUSG00000021587	Pcsk1	ISO, IEA
CRE upregulated	GO:0051179	localization	ENSMUSG00000028599	Tnfrsf1b	IGI
CRE upregulated	GO:0051179	localization	ENSMUSG00000004530	ENSMUSG00000004530	IMP, IGI, ISS, TAS, IEA
CRE upregulated	GO:0051179	localization	ENSMUSG00000044147	Arf6	IDA, IMP, ISS, ISO, IBA, TAS, IEA
CRE upregulated	GO:0051179	localization	ENSMUSG00000031532	Saraf	ISS, IBA, IEA
CRE upregulated	GO:0051179	localization	ENSMUSG00000052298	Cdc42se2	IEA
CRE upregulated	GO:0051179	localization	ENSMUSG00000030662	ENSMUSG00000030662	IDA, IMP, IBA, IEA
CRE upregulated	GO:0051179	localization	ENSMUSG00000011877	Git1	IDA, IMP, ISO, IBA
CRE upregulated	GO:0051179	localization	ENSMUSG00000024270	ENSMUSG00000024270	ISS, IBA, IEA
CRE upregulated	GO:0051179	localization	ENSMUSG00000040046	Tph1	IMP
CRE upregulated	GO:0051179	localization	ENSMUSG00000059991	ENSMUSG00000059991	ISO
CRE upregulated	GO:0051179	localization	ENSMUSG00000062234	ENSMUSG00000062234	IEA
CRE upregulated	GO:0051179	localization	ENSMUSG00000007411	ENSMUSG00000007411	ISS, IEA
CRE upregulated	GO:0051179	localization	ENSMUSG00000047281	ENSMUSG00000047281	IDA, ISS, IBA, IEA
CRE upregulated	GO:0051179	localization	ENSMUSG00000025351	Cd63	ISS, ISO, IEA
CRE upregulated	GO:0051179	localization	ENSMUSG00000048796	ENSMUSG00000048796	IEA
CRE upregulated	GO:0051179	localization	ENSMUSG00000019842	ENSMUSG00000019842	IDA, IMP
CRE upregulated	GO:0051179	localization	ENSMUSG00000044465	ENSMUSG00000044465	ISS, IBA, IEA
CRE upregulated	GO:0051179	localization	ENSMUSG00000016534	ENSMUSG00000016534	IMP, ISO, IBA, IEA
CRE upregulated	GO:0051179	localization	ENSMUSG00000025366	ENSMUSG00000025366	ISS, IEA
CRE upregulated	GO:0051179	localization	ENSMUSG00000070056	ENSMUSG00000070056	ISS, IEA
CRE upregulated	GO:0051179	localization	ENSMUSG00000029110	ENSMUSG00000029110	IEA
CRE upregulated	GO:0051179	localization	ENSMUSG00000027465	Tbc1d20	IBA, IEA
CRE upregulated	GO:0051179	localization	ENSMUSG00000000001	ENSMUSG00000000001	ISO
CRE upregulated	GO:0051179	localization	ENSMUSG00000048668	Rhno1	IEA
CRE upregulated	GO:0051179	localization	ENSMUSG00000022656	ENSMUSG00000022656	IDA, IMP
CRE upregulated	GO:0051179	localization	ENSMUSG00000039844	ENSMUSG00000039844	ISO, IEA
CRE upregulated	GO:0051179	localization	ENSMUSG00000001552	ENSMUSG00000001552	IEA
CRE upregulated	GO:0051179	localization	ENSMUSG00000040010	Slc7a5	IDA, ISS, ISO, IBA, IEA
CRE upregulated	GO:0051179	localization	ENSMUSG00000020671	ENSMUSG00000020671	IMP, ISS, ISO, IBA, TAS, IEA
CRE upregulated	GO:0051179	localization	ENSMUSG00000047547	Cltb	IBA, IEA
CRE upregulated	GO:0051179	localization	ENSMUSG00000020798	ENSMUSG00000020798	IEA
CRE upregulated	GO:0051179	localization	ENSMUSG00000020594	ENSMUSG00000020594	ISO, IEA
CRE upregulated	GO:0051179	localization	ENSMUSG00000008859	ENSMUSG00000008859	IDA, ISS, ISO, IBA, IEA
CRE upregulated	GO:0051179	localization	ENSMUSG00000069072	ENSMUSG00000069072	IMP, IBA, IEA
CRE upregulated	GO:0051179	localization	ENSMUSG00000037949	ENSMUSG00000037949	IBA, IEA
CRE upregulated	GO:0051179	localization	ENSMUSG00000054934	Kcnmb4	ISS, IEA
CRE upregulated	GO:0051179	localization	ENSMUSG00000046722	ENSMUSG00000046722	IEA
CRE upregulated	GO:0051179	localization	ENSMUSG00000022094	ENSMUSG00000022094	IDA, IMP, ISS, IBA, IEA
CRE upregulated	GO:0051179	localization	ENSMUSG00000038676	Ucn	ISO, IEA
CRE upregulated	GO:0051179	localization	ENSMUSG00000038467	ENSMUSG00000038467	ISO, IBA, NAS, IEA
CRE upregulated	GO:0051179	localization	ENSMUSG00000052681	Rap1b	IGI, IBA, IEA
CRE upregulated	GO:0051179	localization	ENSMUSG00000066595	ENSMUSG00000066595	ISS, ISO, IBA, IEA
CRE upregulated	GO:0051179	localization	ENSMUSG00000037553	ENSMUSG00000037553	IDA, IBA
CRE upregulated	GO:0051179	localization	ENSMUSG00000032508	Myd88	IMP, IEA
CRE upregulated	GO:0051179	localization	ENSMUSG00000026864	ENSMUSG00000026864	ISS, IEA
CRE upregulated	GO:0051179	localization	ENSMUSG00000021072	Tmx1	IEA
CRE upregulated	GO:0051179	localization	ENSMUSG00000002633	Shh	IDA, IMP, IGI, IEA
CRE upregulated	GO:0051179	localization	ENSMUSG00000032540	ENSMUSG00000032540	IDA, IBA, IEA
CRE upregulated	GO:0051179	localization	ENSMUSG00000028680	ENSMUSG00000028680	IEA
CRE upregulated	GO:0051179	localization	ENSMUSG00000027978	Prss12	IDA
CRE upregulated	GO:0051179	localization	ENSMUSG00000003623	ENSMUSG00000003623	IDA
CRE upregulated	GO:0051179	localization	ENSMUSG00000053581	ENSMUSG00000053581	IBA
CRE upregulated	GO:0051179	localization	ENSMUSG00000032462	ENSMUSG00000032462	IEA
CRE upregulated	GO:0051179	localization	ENSMUSG00000004270	ENSMUSG00000004270	IMP
CRE upregulated	GO:0051179	localization	ENSMUSG00000039671	ENSMUSG00000039671	ISO, IEA
CRE upregulated	GO:0051179	localization	ENSMUSG00000005089	Slc1a2	IDA, IMP, ISS, ISO, IBA, IEA
CRE upregulated	GO:0051179	localization	ENSMUSG00000037907	ENSMUSG00000037907	ISS, IEA
CRE upregulated	GO:0051179	localization	ENSMUSG00000061244	ENSMUSG00000061244	IMP, IBA, NAS, IEA
CRE upregulated	GO:0051179	localization	ENSMUSG00000056050	ENSMUSG00000056050	IEA
CRE upregulated	GO:0051179	localization	ENSMUSG00000040652	ENSMUSG00000040652	IDA
CRE upregulated	GO:0051179	localization	ENSMUSG00000028291	ENSMUSG00000028291	ISS, IEA
CRE upregulated	GO:0051179	localization	ENSMUSG00000037411	Serpine1	IEA
CRE upregulated	GO:0051179	localization	ENSMUSG00000078676	ENSMUSG00000078676	IDA, NAS, IEA
CRE upregulated	GO:0051179	localization	ENSMUSG00000051209	ENSMUSG00000051209	IDA
CRE upregulated	GO:0051179	localization	ENSMUSG00000019843	ENSMUSG00000019843	IDA, IMP, IGI
CRE upregulated	GO:0051179	localization	ENSMUSG00000027646	ENSMUSG00000027646	IGI, ISO, IEA
CRE upregulated	GO:0051179	localization	ENSMUSG00000042532	ENSMUSG00000042532	IBA
CRE upregulated	GO:0051179	localization	ENSMUSG00000052316	ENSMUSG00000052316	IEA
CRE upregulated	GO:0051179	localization	ENSMUSG00000046761	ENSMUSG00000046761	ISS, IBA, IEA
CRE upregulated	GO:0051179	localization	ENSMUSG00000053825	ENSMUSG00000053825	IEA
CRE upregulated	GO:0051179	localization	ENSMUSG00000019726	ENSMUSG00000019726	IEA
CRE upregulated	GO:0051179	localization	ENSMUSG00000055067	ENSMUSG00000055067	IMP
CRE upregulated	GO:0051179	localization	ENSMUSG00000038115	ENSMUSG00000038115	IDA, IMP, IBA, IEA
CRE upregulated	GO:0051179	localization	ENSMUSG00000031073	Fgf15	IEA
CRE upregulated	GO:0051179	localization	ENSMUSG00000036667	ENSMUSG00000036667	IBA, IEA
CRE upregulated	GO:0051179	localization	ENSMUSG00000015839	Nfe2l2	IDA
CRE upregulated	GO:0051179	localization	ENSMUSG00000049550	ENSMUSG00000049550	IMP
CRE upregulated	GO:0051179	localization	ENSMUSG00000034145	ENSMUSG00000034145	IEA
CRE upregulated	GO:0051179	localization	ENSMUSG00000034006	ENSMUSG00000034006	IBA
CRE upregulated	GO:0051179	localization	ENSMUSG00000019998	ENSMUSG00000019998	IEA
CRE upregulated	GO:0051179	localization	ENSMUSG00000024907	Gal	IEA
CRE upregulated	GO:0051179	localization	ENSMUSG00000003541	ENSMUSG00000003541	IDA, IMP
CRE upregulated	GO:0051179	localization	ENSMUSG00000024287	ENSMUSG00000024287	ISS, IBA, IEA
CRE upregulated	GO:0048523	negative regulation of cellular process	ENSMUSG00000026628	Atf3	IDA, IMP, IEA
CRE upregulated	GO:0048523	negative regulation of cellular process	ENSMUSG00000036390	Gadd45a	IMP, IEA
CRE upregulated	GO:0048523	negative regulation of cellular process	ENSMUSG00000052684	Jun	IDA, IMP, IGI
CRE upregulated	GO:0048523	negative regulation of cellular process	ENSMUSG00000063632	Sox11	IDA, IMP, IBA, IEA
CRE upregulated	GO:0048523	negative regulation of cellular process	ENSMUSG00000019647	Sema6a	IEA
CRE upregulated	GO:0048523	negative regulation of cellular process	ENSMUSG00000073680	Tmem88b	IBA
CRE upregulated	GO:0048523	negative regulation of cellular process	ENSMUSG00000046223	Plaur	ISO, IEA
CRE upregulated	GO:0048523	negative regulation of cellular process	ENSMUSG00000031574	Star	ISO, IEA
CRE upregulated	GO:0048523	negative regulation of cellular process	ENSMUSG00000004951	Hspb1	IDA, ISO, IBA, IEA
CRE upregulated	GO:0048523	negative regulation of cellular process	ENSMUSG00000025473	Adam8	IDA, NAS
CRE upregulated	GO:0048523	negative regulation of cellular process	ENSMUSG00000046731	Kctd11	IDA
CRE upregulated	GO:0048523	negative regulation of cellular process	ENSMUSG00000056749	Nfil3	IDA, IEA
CRE upregulated	GO:0048523	negative regulation of cellular process	ENSMUSG00000024143	Rhoq	IDA, IC, IEA
CRE upregulated	GO:0048523	negative regulation of cellular process	ENSMUSG00000022895	Ets2	IEA
CRE upregulated	GO:0048523	negative regulation of cellular process	ENSMUSG00000019876	Pkib	IEA
CRE upregulated	GO:0048523	negative regulation of cellular process	ENSMUSG00000037447	Arid5a	ISS, IEA
CRE upregulated	GO:0048523	negative regulation of cellular process	ENSMUSG00000033902	Mapkbp1	IEA
CRE upregulated	GO:0048523	negative regulation of cellular process	ENSMUSG00000030748	Il4ra	IGI
CRE upregulated	GO:0048523	negative regulation of cellular process	ENSMUSG00000030102	Itpr1	IMP, ISS, ISO, IBA, IEA
CRE upregulated	GO:0048523	negative regulation of cellular process	ENSMUSG00000021765	Fst	IMP, IGI, IBA, IEA
CRE upregulated	GO:0048523	negative regulation of cellular process	ENSMUSG00000030256	Bhlhe41	IDA, TAS, IEA
CRE upregulated	GO:0048523	negative regulation of cellular process	ENSMUSG00000025612	Bach1	IDA, ISS, IEA
CRE upregulated	GO:0048523	negative regulation of cellular process	ENSMUSG00000020427	Igfbp3	ISO, IEA
CRE upregulated	GO:0048523	negative regulation of cellular process	ENSMUSG00000023067	Cdkn1a	IMP, ISS, ISO, IEA
CRE upregulated	GO:0048523	negative regulation of cellular process	ENSMUSG00000024404	Riok3	IEA
CRE upregulated	GO:0048523	negative regulation of cellular process	ENSMUSG00000030681	Mvp	IEA
CRE upregulated	GO:0048523	negative regulation of cellular process	ENSMUSG00000006304	Arpc2	ISO
CRE upregulated	GO:0048523	negative regulation of cellular process	ENSMUSG00000035621	Midn	ISO, IEA
CRE upregulated	GO:0048523	negative regulation of cellular process	ENSMUSG00000031681	Smad1	IDA, IMP
CRE upregulated	GO:0048523	negative regulation of cellular process	ENSMUSG00000050989	Selenon	ISS
CRE upregulated	GO:0048523	negative regulation of cellular process	ENSMUSG00000035673	Sbno2	IMP, IBA, IEA
CRE upregulated	GO:0048523	negative regulation of cellular process	ENSMUSG00000024261	Syt4	IMP, ISO, IEA
CRE upregulated	GO:0048523	negative regulation of cellular process	ENSMUSG00000003644	Rps6ka1	ISS, IEA
CRE upregulated	GO:0048523	negative regulation of cellular process	ENSMUSG00000029378	Areg	ISO, IEA
CRE upregulated	GO:0048523	negative regulation of cellular process	ENSMUSG00000005087	Cd44	IEA
CRE upregulated	GO:0048523	negative regulation of cellular process	ENSMUSG00000026836	Acvr1	IEA
CRE upregulated	GO:0048523	negative regulation of cellular process	ENSMUSG00000003153	Slc2a3	ISO
CRE upregulated	GO:0048523	negative regulation of cellular process	ENSMUSG00000002459	Rgs20	IEA
CRE upregulated	GO:0048523	negative regulation of cellular process	ENSMUSG00000068566	Myadm	IBA, IEA
CRE upregulated	GO:0048523	negative regulation of cellular process	ENSMUSG00000048482	Bdnf	IDA, IMP, IGI, ISO, IBA, IEA
CRE upregulated	GO:0048523	negative regulation of cellular process	ENSMUSG00000024256	Adcyap1	IDA, ISO, IEA
CRE upregulated	GO:0048523	negative regulation of cellular process	ENSMUSG00000037458	Azin1	ISS, ISO, IBA, IEA
CRE upregulated	GO:0048523	negative regulation of cellular process	ENSMUSG00000021070	Bdkrb2	IMP, IGI, ISO
CRE upregulated	GO:0048523	negative regulation of cellular process	ENSMUSG00000002250	Ppard	IDA, IMP, IGI, ISO, IBA, IEA
CRE upregulated	GO:0048523	negative regulation of cellular process	ENSMUSG00000044734	Serpinb1a	IMP, IBA
CRE upregulated	GO:0048523	negative regulation of cellular process	ENSMUSG00000018507	Trpv2	ISO
CRE upregulated	GO:0048523	negative regulation of cellular process	ENSMUSG00000037638	Zbtb42	IDA
CRE upregulated	GO:0048523	negative regulation of cellular process	ENSMUSG00000021501	Caml	ISS, IEA
CRE upregulated	GO:0048523	negative regulation of cellular process	ENSMUSG00000041870	Ankrd13a	ISS, IEA
CRE upregulated	GO:0048523	negative regulation of cellular process	ENSMUSG00000038894	Irs2	IMP, IEA
CRE upregulated	GO:0048523	negative regulation of cellular process	ENSMUSG00000035828	Pim3	IMP, ISS, IBA, IEA
CRE upregulated	GO:0048523	negative regulation of cellular process	ENSMUSG00000032578	Cish	IEA
CRE upregulated	GO:0048523	negative regulation of cellular process	ENSMUSG00000007812	Zfp655	ISS, IEA
CRE upregulated	GO:0048523	negative regulation of cellular process	ENSMUSG00000005069	Pex5	IEA
CRE upregulated	GO:0048523	negative regulation of cellular process	ENSMUSG00000054855	Rnd1	IEA
CRE upregulated	GO:0048523	negative regulation of cellular process	ENSMUSG00000042507	Mideas	IBA
CRE upregulated	GO:0048523	negative regulation of cellular process	ENSMUSG00000027313	Chac1	ISS, IEA
CRE upregulated	GO:0048523	negative regulation of cellular process	ENSMUSG00000028789	Azin2	IBA, IEA
CRE upregulated	GO:0048523	negative regulation of cellular process	ENSMUSG00000026796	Niban2	IEA
CRE upregulated	GO:0048523	negative regulation of cellular process	ENSMUSG00000027540	Ptpn1	IMP, IGI, IBA, IEA
CRE upregulated	GO:0048523	negative regulation of cellular process	ENSMUSG00000043895	S1pr2	ISO
CRE upregulated	GO:0048523	negative regulation of cellular process	ENSMUSG00000022661	Cd200	IEA
CRE upregulated	GO:0048523	negative regulation of cellular process	ENSMUSG00000027583	Zbtb46	IDA, IMP
CRE upregulated	GO:0048523	negative regulation of cellular process	ENSMUSG00000028063	Lmna	IMP, IBA, IEA
CRE upregulated	GO:0048523	negative regulation of cellular process	ENSMUSG00000026254	Eif4e2	ISS, ISO, IEA
CRE upregulated	GO:0048523	negative regulation of cellular process	ENSMUSG00000029121	Crmp1	IEA
CRE upregulated	GO:0048523	negative regulation of cellular process	ENSMUSG00000030678	Maz	IEA
CRE upregulated	GO:0048523	negative regulation of cellular process	ENSMUSG00000053436	Mapk14	IMP, IEA
CRE upregulated	GO:0048523	negative regulation of cellular process	ENSMUSG00000025809	Itgb1	IMP, IGI, ISO, IEA
CRE upregulated	GO:0048523	negative regulation of cellular process	ENSMUSG00000040025	Ythdf2	IMP, ISS, IBA, IEA
CRE upregulated	GO:0048523	negative regulation of cellular process	ENSMUSG00000028156	Eif4e	IMP
CRE upregulated	GO:0048523	negative regulation of cellular process	ENSMUSG00000025239	Limd1	IMP, ISS, ISO, IBA, IEA
CRE upregulated	GO:0048523	negative regulation of cellular process	ENSMUSG00000005370	Msh6	IMP, IEA
CRE upregulated	GO:0048523	negative regulation of cellular process	ENSMUSG00000022043	Trim35	IEA
CRE upregulated	GO:0048523	negative regulation of cellular process	ENSMUSG00000048490	Nrip1	IDA, IBA, IEA
CRE upregulated	GO:0048523	negative regulation of cellular process	ENSMUSG00000022096	Hr	IDA
CRE upregulated	GO:0048523	negative regulation of cellular process	ENSMUSG00000013089	Etv5	IEA
CRE upregulated	GO:0048523	negative regulation of cellular process	ENSMUSG00000025746	Il6	IDA, IMP, ISO
CRE upregulated	GO:0048523	negative regulation of cellular process	ENSMUSG00000032231	Anxa2	IMP, ISO, IEA
CRE upregulated	GO:0048523	negative regulation of cellular process	ENSMUSG00000047368	Abhd17b	IMP
CRE upregulated	GO:0048523	negative regulation of cellular process	ENSMUSG00000032280	Tle3	IMP, IBA, IEA
CRE upregulated	GO:0048523	negative regulation of cellular process	ENSMUSG00000031078	Cttn	IGI
CRE upregulated	GO:0048523	negative regulation of cellular process	ENSMUSG00000022607	Ptk2	IDA, IMP, ISS, ISO
CRE upregulated	GO:0048523	negative regulation of cellular process	ENSMUSG00000055994	Nod2	IDA, IMP
CRE upregulated	GO:0048523	negative regulation of cellular process	ENSMUSG00000024014	Pim1	ISS, IEA
CRE upregulated	GO:0048523	negative regulation of cellular process	ENSMUSG00000037062	Sh3glb1	IMP
CRE upregulated	GO:0048523	negative regulation of cellular process	ENSMUSG00000020580	Rock2	IEA
CRE upregulated	GO:0048523	negative regulation of cellular process	ENSMUSG00000063889	Crem	IEA
CRE upregulated	GO:0048523	negative regulation of cellular process	ENSMUSG00000027613	Eif6	ISS, IEA
CRE upregulated	GO:0048523	negative regulation of cellular process	ENSMUSG00000042406	Atf4	IMP, ISO, IEA
CRE upregulated	GO:0048523	negative regulation of cellular process	ENSMUSG00000079049	Serpinb1c	IMP, IBA
CRE upregulated	GO:0048523	negative regulation of cellular process	ENSMUSG00000023079	Gtf2ird1	IEA
CRE upregulated	GO:0048523	negative regulation of cellular process	ENSMUSG00000020271	Fbxw11	IMP
CRE upregulated	GO:0048523	negative regulation of cellular process	ENSMUSG00000020838	Slc6a4	ISO, IEA
CRE upregulated	GO:0048523	negative regulation of cellular process	ENSMUSG00000046854	Pip5kl1	IEA
CRE upregulated	GO:0048523	negative regulation of cellular process	ENSMUSG00000001507	Itga3	IGI, ISO, IEA
CRE upregulated	GO:0048523	negative regulation of cellular process	ENSMUSG00000031628	Casp3	IMP, ISO, IEA
CRE upregulated	GO:0048523	negative regulation of cellular process	ENSMUSG00000025408	Ddit3	IDA, IMP, IGI, ISS, ISO, IBA, IEA
CRE upregulated	GO:0048523	negative regulation of cellular process	ENSMUSG00000039879	Heca	IEA
CRE upregulated	GO:0048523	negative regulation of cellular process	ENSMUSG00000040435	Ppp1r15a	IDA, ISO
CRE upregulated	GO:0048523	negative regulation of cellular process	ENSMUSG00000032078	Zpr1	IMP
CRE upregulated	GO:0048523	negative regulation of cellular process	ENSMUSG00000035199	Arl6ip5	IDA
CRE upregulated	GO:0048523	negative regulation of cellular process	ENSMUSG00000001847	Rac1	IEA
CRE upregulated	GO:0048523	negative regulation of cellular process	ENSMUSG00000042121	Ssh1	IBA, IEA
CRE upregulated	GO:0048523	negative regulation of cellular process	ENSMUSG00000050271	Prag1	ISS, ISO, IEA
CRE upregulated	GO:0048523	negative regulation of cellular process	ENSMUSG00000030077	Chl1	IDA
CRE upregulated	GO:0048523	negative regulation of cellular process	ENSMUSG00000018909	Arrb1	IMP, ISS, ISO, IBA, IEA
CRE upregulated	GO:0048523	negative regulation of cellular process	ENSMUSG00000030057	Cnbp	IEA
CRE upregulated	GO:0048523	negative regulation of cellular process	ENSMUSG00000020064	Herc4	IEA
CRE upregulated	GO:0048523	negative regulation of cellular process	ENSMUSG00000024521	Pmaip1	IMP
CRE upregulated	GO:0048523	negative regulation of cellular process	ENSMUSG00000026317	Cln8	IMP
CRE upregulated	GO:0048523	negative regulation of cellular process	ENSMUSG00000028145	Them4	ISS, IEA
CRE upregulated	GO:0048523	negative regulation of cellular process	ENSMUSG00000026107	Nabp1	ISS, ISO, IEA
CRE upregulated	GO:0048523	negative regulation of cellular process	ENSMUSG00000024360	Etf1	IEA
CRE upregulated	GO:0048523	negative regulation of cellular process	ENSMUSG00000027455	Nsfl1c	IEA
CRE upregulated	GO:0048523	negative regulation of cellular process	ENSMUSG00000057531	Dtnbp1	ISO, IEA
CRE upregulated	GO:0048523	negative regulation of cellular process	ENSMUSG00000000134	Tfe3	IMP
CRE upregulated	GO:0048523	negative regulation of cellular process	ENSMUSG00000008393	Carhsp1	IMP, IBA, IEA
CRE upregulated	GO:0048523	negative regulation of cellular process	ENSMUSG00000004768	Rab23	IEA
CRE upregulated	GO:0048523	negative regulation of cellular process	ENSMUSG00000015837	Sqstm1	IDA, IMP, ISS, IEA
CRE upregulated	GO:0048523	negative regulation of cellular process	ENSMUSG00000022951	Rcan1	ISS, ISO, IEA
CRE upregulated	GO:0048523	negative regulation of cellular process	ENSMUSG00000030309	Caprin2	ISS, IEA
CRE upregulated	GO:0048523	negative regulation of cellular process	ENSMUSG00000029131	Dnajb6	IDA, IEA
CRE upregulated	GO:0048523	negative regulation of cellular process	ENSMUSG00000036737	Oxsr1	IGI
CRE upregulated	GO:0048523	negative regulation of cellular process	ENSMUSG00000037580	Gch1	ISO, IEA
CRE upregulated	GO:0048523	negative regulation of cellular process	ENSMUSG00000023087	Noct	IMP, IGI
CRE upregulated	GO:0048523	negative regulation of cellular process	ENSMUSG00000031955	Bcar1	ISO
CRE upregulated	GO:0048523	negative regulation of cellular process	ENSMUSG00000001627	Ifrd1	IGI
CRE upregulated	GO:0048523	negative regulation of cellular process	ENSMUSG00000036057	Ptpn23	IEA
CRE upregulated	GO:0048523	negative regulation of cellular process	ENSMUSG00000015316	Slamf1	IDA, IEA
CRE upregulated	GO:0048523	negative regulation of cellular process	ENSMUSG00000029765	Plxna4	IBA
CRE upregulated	GO:0048523	negative regulation of cellular process	ENSMUSG00000022433	Csnk1e	IGI
CRE upregulated	GO:0048523	negative regulation of cellular process	ENSMUSG00000022346	Myc	IDA, ISS, ISO, IEA
CRE upregulated	GO:0048523	negative regulation of cellular process	ENSMUSG00000036478	Btg1	IDA, ISS, ISO, IBA, IEA
CRE upregulated	GO:0048523	negative regulation of cellular process	ENSMUSG00000053113	Socs3	IDA, IGI, IEA
CRE upregulated	GO:0048523	negative regulation of cellular process	ENSMUSG00000036437	Npy1r	ISO
CRE upregulated	GO:0048523	negative regulation of cellular process	ENSMUSG00000027954	Efna1	IDA, IMP, IEA
CRE upregulated	GO:0048523	negative regulation of cellular process	ENSMUSG00000024789	Jak2	IDA, IMP, ISS, ISO, IEA
CRE upregulated	GO:0048523	negative regulation of cellular process	ENSMUSG00000004040	ENSMUSG00000004040	IMP, IGI, ISO, IEA
CRE upregulated	GO:0048523	negative regulation of cellular process	ENSMUSG00000042292	Mrtfa	IDA
CRE upregulated	GO:0048523	negative regulation of cellular process	ENSMUSG00000061589	Dot1l	IBA, IEA
CRE upregulated	GO:0048523	negative regulation of cellular process	ENSMUSG00000022602	Arc	IDA
CRE upregulated	GO:0048523	negative regulation of cellular process	ENSMUSG00000020027	Socs2	IMP, IGI, IEA
CRE upregulated	GO:0048523	negative regulation of cellular process	ENSMUSG00000109511	Nup62	IMP, ISS, IEA
CRE upregulated	GO:0048523	negative regulation of cellular process	ENSMUSG00000036990	Otud4	IDA, IBA, IEA
CRE upregulated	GO:0048523	negative regulation of cellular process	ENSMUSG00000004347	ENSMUSG00000004347	ISO
CRE upregulated	GO:0048523	negative regulation of cellular process	ENSMUSG00000018143	Mafk	IEA
CRE upregulated	GO:0048523	negative regulation of cellular process	ENSMUSG00000029826	Zc3hav1	ISS, ISO, IBA, IEA
CRE upregulated	GO:0048523	negative regulation of cellular process	ENSMUSG00000050335	Lgals3	IEA
CRE upregulated	GO:0048523	negative regulation of cellular process	ENSMUSG00000024190	Dusp1	IMP, ISS, ISO, IBA, IEA
CRE upregulated	GO:0048523	negative regulation of cellular process	ENSMUSG00000030223	ENSMUSG00000030223	IDA, IBA
CRE upregulated	GO:0048523	negative regulation of cellular process	ENSMUSG00000035236	Scai	IDA, IGI, IEA
CRE upregulated	GO:0048523	negative regulation of cellular process	ENSMUSG00000027797	Dclk1	IDA
CRE upregulated	GO:0048523	negative regulation of cellular process	ENSMUSG00000031960	Aars1	IMP, ISS, IEA
CRE upregulated	GO:0048523	negative regulation of cellular process	ENSMUSG00000020358	Hnrnpab	IGI, ISO, IEA
CRE upregulated	GO:0048523	negative regulation of cellular process	ENSMUSG00000059866	Tnip2	IDA, ISS, IEA
CRE upregulated	GO:0048523	negative regulation of cellular process	ENSMUSG00000027806	Tsc22d2	ISS, IEA
CRE upregulated	GO:0048523	negative regulation of cellular process	ENSMUSG00000017615	Tnfaip1	ISS, IBA, IEA
CRE upregulated	GO:0048523	negative regulation of cellular process	ENSMUSG00000040033	ENSMUSG00000040033	IEA
CRE upregulated	GO:0048523	negative regulation of cellular process	ENSMUSG00000021360	ENSMUSG00000021360	IEA
CRE upregulated	GO:0048523	negative regulation of cellular process	ENSMUSG00000059316	Slc27a4	IDA, IEA
CRE upregulated	GO:0048523	negative regulation of cellular process	ENSMUSG00000024803	Ankrd1	ISO, IEA
CRE upregulated	GO:0048523	negative regulation of cellular process	ENSMUSG00000023915	Tnfrsf21	IMP, IBA, IEA
CRE upregulated	GO:0048523	negative regulation of cellular process	ENSMUSG00000024912	Fosl1	ISO, IEA
CRE upregulated	GO:0048523	negative regulation of cellular process	ENSMUSG00000024927	Rela	IDA, IMP, ISO, IEA
CRE upregulated	GO:0048523	negative regulation of cellular process	ENSMUSG00000029458	ENSMUSG00000029458	IEA
CRE upregulated	GO:0048523	negative regulation of cellular process	ENSMUSG00000042608	Stk40	IMP
CRE upregulated	GO:0048523	negative regulation of cellular process	ENSMUSG00000053716	Dusp7	IBA
CRE upregulated	GO:0048523	negative regulation of cellular process	ENSMUSG00000036206	Sh3bp4	ISS, IEA
CRE upregulated	GO:0048523	negative regulation of cellular process	ENSMUSG00000025793	ENSMUSG00000025793	IEA
CRE upregulated	GO:0048523	negative regulation of cellular process	ENSMUSG00000003435	ENSMUSG00000003435	IEA
CRE upregulated	GO:0048523	negative regulation of cellular process	ENSMUSG00000050730	Arhgap42	IMP
CRE upregulated	GO:0048523	negative regulation of cellular process	ENSMUSG00000024238	Zeb1	IDA, IMP, ISS, ISO, IEA
CRE upregulated	GO:0048523	negative regulation of cellular process	ENSMUSG00000026078	Pdcl3	ISO, IEA
CRE upregulated	GO:0048523	negative regulation of cellular process	ENSMUSG00000028893	Sesn2	IDA, IMP, IBA, IEA
CRE upregulated	GO:0048523	negative regulation of cellular process	ENSMUSG00000024947	Men1	IDA, IMP, IGI, ISO, IBA, IEA
CRE upregulated	GO:0048523	negative regulation of cellular process	ENSMUSG00000029071	ENSMUSG00000029071	IGI
CRE upregulated	GO:0048523	negative regulation of cellular process	ENSMUSG00000036894	Rap2b	IDA, IBA, IEA
CRE upregulated	GO:0048523	negative regulation of cellular process	ENSMUSG00000040433	Zbtb38	IEA
CRE upregulated	GO:0048523	negative regulation of cellular process	ENSMUSG00000044453	Ffar1	IEA
CRE upregulated	GO:0048523	negative regulation of cellular process	ENSMUSG00000032715	Trib3	IDA, IMP, ISS, IEA
CRE upregulated	GO:0048523	negative regulation of cellular process	ENSMUSG00000024777	ENSMUSG00000024777	ISO, IEA
CRE upregulated	GO:0048523	negative regulation of cellular process	ENSMUSG00000026074	Map4k4	IEA
CRE upregulated	GO:0048523	negative regulation of cellular process	ENSMUSG00000048047	Zbtb33	ISS, IBA, IEA
CRE upregulated	GO:0048523	negative regulation of cellular process	ENSMUSG00000020694	ENSMUSG00000020694	ISS, IEA
CRE upregulated	GO:0048523	negative regulation of cellular process	ENSMUSG00000028466	Creb3	IEA
CRE upregulated	GO:0048523	negative regulation of cellular process	ENSMUSG00000029175	Slc35f6	ISS, IEA
CRE upregulated	GO:0048523	negative regulation of cellular process	ENSMUSG00000071637	Cebpd	IDA
CRE upregulated	GO:0048523	negative regulation of cellular process	ENSMUSG00000010660	Plcd1	IBA
CRE upregulated	GO:0048523	negative regulation of cellular process	ENSMUSG00000052921	Arhgef15	IMP
CRE upregulated	GO:0048523	negative regulation of cellular process	ENSMUSG00000031668	ENSMUSG00000031668	IEA
CRE upregulated	GO:0048523	negative regulation of cellular process	ENSMUSG00000053175	Bcl3	IMP, IGI, IEA
CRE upregulated	GO:0048523	negative regulation of cellular process	ENSMUSG00000068739	ENSMUSG00000068739	ISS, IEA
CRE upregulated	GO:0048523	negative regulation of cellular process	ENSMUSG00000032599	ENSMUSG00000032599	IEA
CRE upregulated	GO:0048523	negative regulation of cellular process	ENSMUSG00000030199	Etv6	IEA
CRE upregulated	GO:0048523	negative regulation of cellular process	ENSMUSG00000037815	Ctnna1	IMP, IGI
CRE upregulated	GO:0048523	negative regulation of cellular process	ENSMUSG00000003154	Foxj2	IEA
CRE upregulated	GO:0048523	negative regulation of cellular process	ENSMUSG00000040857	Erf	IEA
CRE upregulated	GO:0048523	negative regulation of cellular process	ENSMUSG00000020349	ENSMUSG00000020349	IMP, ISS, IEA
CRE upregulated	GO:0048523	negative regulation of cellular process	ENSMUSG00000024517	Grp	ISS
CRE upregulated	GO:0048523	negative regulation of cellular process	ENSMUSG00000025340	Rabgef1	IMP
CRE upregulated	GO:0048523	negative regulation of cellular process	ENSMUSG00000039108	ENSMUSG00000039108	IMP
CRE upregulated	GO:0048523	negative regulation of cellular process	ENSMUSG00000029752	ENSMUSG00000029752	IEA
CRE upregulated	GO:0048523	negative regulation of cellular process	ENSMUSG00000028599	Tnfrsf1b	IGI
CRE upregulated	GO:0048523	negative regulation of cellular process	ENSMUSG00000004530	ENSMUSG00000004530	IEA
CRE upregulated	GO:0048523	negative regulation of cellular process	ENSMUSG00000044147	Arf6	IDA, ISO, IEA
CRE upregulated	GO:0048523	negative regulation of cellular process	ENSMUSG00000036180	ENSMUSG00000036180	ISS, IBA, NAS, IEA
CRE upregulated	GO:0048523	negative regulation of cellular process	ENSMUSG00000011877	Git1	IMP, ISO
CRE upregulated	GO:0048523	negative regulation of cellular process	ENSMUSG00000039985	Sinhcaf	IMP, ISS, IBA, NAS, IEA
CRE upregulated	GO:0048523	negative regulation of cellular process	ENSMUSG00000062234	ENSMUSG00000062234	IEA
CRE upregulated	GO:0048523	negative regulation of cellular process	ENSMUSG00000007411	ENSMUSG00000007411	ISS, IEA
CRE upregulated	GO:0048523	negative regulation of cellular process	ENSMUSG00000013483	Card14	ISS, IEA
CRE upregulated	GO:0048523	negative regulation of cellular process	ENSMUSG00000047281	ENSMUSG00000047281	IDA, IGI, ISS, IEA
CRE upregulated	GO:0048523	negative regulation of cellular process	ENSMUSG00000025351	Cd63	ISO
CRE upregulated	GO:0048523	negative regulation of cellular process	ENSMUSG00000021796	Bmpr1a	IMP, IEA
CRE upregulated	GO:0048523	negative regulation of cellular process	ENSMUSG00000031383	Dusp9	IDA, IBA
CRE upregulated	GO:0048523	negative regulation of cellular process	ENSMUSG00000019842	ENSMUSG00000019842	IDA, IMP
CRE upregulated	GO:0048523	negative regulation of cellular process	ENSMUSG00000070056	ENSMUSG00000070056	IMP, ISS, IEA
CRE upregulated	GO:0048523	negative regulation of cellular process	ENSMUSG00000034543	ENSMUSG00000034543	IMP, ISS
CRE upregulated	GO:0048523	negative regulation of cellular process	ENSMUSG00000029110	ENSMUSG00000029110	IEA
CRE upregulated	GO:0048523	negative regulation of cellular process	ENSMUSG00000045763	ENSMUSG00000045763	ISS, IBA, IEA
CRE upregulated	GO:0048523	negative regulation of cellular process	ENSMUSG00000037860	Aim2	IDA
CRE upregulated	GO:0048523	negative regulation of cellular process	ENSMUSG00000109336	ENSMUSG00000109336	IEA
CRE upregulated	GO:0048523	negative regulation of cellular process	ENSMUSG00000039191	Rbpj	IDA, IMP, IEA
CRE upregulated	GO:0048523	negative regulation of cellular process	ENSMUSG00000000001	ENSMUSG00000000001	ISO
CRE upregulated	GO:0048523	negative regulation of cellular process	ENSMUSG00000022270	ENSMUSG00000022270	IMP, IBA, IEA
CRE upregulated	GO:0048523	negative regulation of cellular process	ENSMUSG00000048668	Rhno1	IEA
CRE upregulated	GO:0048523	negative regulation of cellular process	ENSMUSG00000039844	ENSMUSG00000039844	IMP, IGI
CRE upregulated	GO:0048523	negative regulation of cellular process	ENSMUSG00000046962	ENSMUSG00000046962	IBA, IEA
CRE upregulated	GO:0048523	negative regulation of cellular process	ENSMUSG00000051316	Taf7	IEA
CRE upregulated	GO:0048523	negative regulation of cellular process	ENSMUSG00000001552	ENSMUSG00000001552	IEA
CRE upregulated	GO:0048523	negative regulation of cellular process	ENSMUSG00000040010	Slc7a5	ISO, IEA
CRE upregulated	GO:0048523	negative regulation of cellular process	ENSMUSG00000040463	ENSMUSG00000040463	IDA
CRE upregulated	GO:0048523	negative regulation of cellular process	ENSMUSG00000004099	ENSMUSG00000004099	IDA, IMP, ISO, IBA, IEA
CRE upregulated	GO:0048523	negative regulation of cellular process	ENSMUSG00000023952	ENSMUSG00000023952	IMP
CRE upregulated	GO:0048523	negative regulation of cellular process	ENSMUSG00000020594	ENSMUSG00000020594	ISS, ISO, IBA, IEA
CRE upregulated	GO:0048523	negative regulation of cellular process	ENSMUSG00000000787	ENSMUSG00000000787	IDA, IMP, ISS, IBA
CRE upregulated	GO:0048523	negative regulation of cellular process	ENSMUSG00000008730	Hipk1	ISS
CRE upregulated	GO:0048523	negative regulation of cellular process	ENSMUSG00000059288	ENSMUSG00000059288	IDA, IEA
CRE upregulated	GO:0048523	negative regulation of cellular process	ENSMUSG00000046722	ENSMUSG00000046722	ISS
CRE upregulated	GO:0048523	negative regulation of cellular process	ENSMUSG00000038676	Ucn	ISO, IEA
CRE upregulated	GO:0048523	negative regulation of cellular process	ENSMUSG00000052681	Rap1b	IGI, IBA, IEA
CRE upregulated	GO:0048523	negative regulation of cellular process	ENSMUSG00000037553	ENSMUSG00000037553	IEA
CRE upregulated	GO:0048523	negative regulation of cellular process	ENSMUSG00000032508	Myd88	IEA
CRE upregulated	GO:0048523	negative regulation of cellular process	ENSMUSG00000026864	ENSMUSG00000026864	IGI, ISS, IEA
CRE upregulated	GO:0048523	negative regulation of cellular process	ENSMUSG00000021072	Tmx1	IMP, ISS, IEA
CRE upregulated	GO:0048523	negative regulation of cellular process	ENSMUSG00000002633	Shh	IDA, IMP, IGI, ISO
CRE upregulated	GO:0048523	negative regulation of cellular process	ENSMUSG00000008384	Sertad1	ISO, IEA
CRE upregulated	GO:0048523	negative regulation of cellular process	ENSMUSG00000032540	ENSMUSG00000032540	IDA, IBA, IEA
CRE upregulated	GO:0048523	negative regulation of cellular process	ENSMUSG00000028680	ENSMUSG00000028680	IEA
CRE upregulated	GO:0048523	negative regulation of cellular process	ENSMUSG00000032462	ENSMUSG00000032462	IMP, IEA
CRE upregulated	GO:0048523	negative regulation of cellular process	ENSMUSG00000025198	ENSMUSG00000025198	IEA
CRE upregulated	GO:0048523	negative regulation of cellular process	ENSMUSG00000004270	ENSMUSG00000004270	IDA
CRE upregulated	GO:0048523	negative regulation of cellular process	ENSMUSG00000027944	Hax1	IBA, IEA
CRE upregulated	GO:0048523	negative regulation of cellular process	ENSMUSG00000039671	ENSMUSG00000039671	IEA
CRE upregulated	GO:0048523	negative regulation of cellular process	ENSMUSG00000037907	ENSMUSG00000037907	ISS, IEA
CRE upregulated	GO:0048523	negative regulation of cellular process	ENSMUSG00000067586	ENSMUSG00000067586	IEA
CRE upregulated	GO:0048523	negative regulation of cellular process	ENSMUSG00000038250	ENSMUSG00000038250	IEA
CRE upregulated	GO:0048523	negative regulation of cellular process	ENSMUSG00000056050	ENSMUSG00000056050	IEA
CRE upregulated	GO:0048523	negative regulation of cellular process	ENSMUSG00000040652	ENSMUSG00000040652	IDA
CRE upregulated	GO:0048523	negative regulation of cellular process	ENSMUSG00000028291	ENSMUSG00000028291	ISO, IEA
CRE upregulated	GO:0048523	negative regulation of cellular process	ENSMUSG00000037411	Serpine1	IEA
CRE upregulated	GO:0048523	negative regulation of cellular process	ENSMUSG00000078676	ENSMUSG00000078676	ISS, ISO, IEA
CRE upregulated	GO:0048523	negative regulation of cellular process	ENSMUSG00000028382	ENSMUSG00000028382	IMP, IEA
CRE upregulated	GO:0048523	negative regulation of cellular process	ENSMUSG00000037465	Klf10	IDA
CRE upregulated	GO:0048523	negative regulation of cellular process	ENSMUSG00000023277	ENSMUSG00000023277	IDA, IBA, IEA
CRE upregulated	GO:0048523	negative regulation of cellular process	ENSMUSG00000019843	ENSMUSG00000019843	IDA, IMP, IGI, ISO
CRE upregulated	GO:0048523	negative regulation of cellular process	ENSMUSG00000027646	ENSMUSG00000027646	ISO, IBA, IEA
CRE upregulated	GO:0048523	negative regulation of cellular process	ENSMUSG00000052316	ENSMUSG00000052316	IEA
CRE upregulated	GO:0048523	negative regulation of cellular process	ENSMUSG00000020680	ENSMUSG00000020680	ISO, IEA
CRE upregulated	GO:0048523	negative regulation of cellular process	ENSMUSG00000021340	ENSMUSG00000021340	IEA
CRE upregulated	GO:0048523	negative regulation of cellular process	ENSMUSG00000033991	ENSMUSG00000033991	ISS, IBA, IEA
CRE upregulated	GO:0048523	negative regulation of cellular process	ENSMUSG00000004698	ENSMUSG00000004698	IEA
CRE upregulated	GO:0048523	negative regulation of cellular process	ENSMUSG00000032501	Trib1	IMP, IEA
CRE upregulated	GO:0048523	negative regulation of cellular process	ENSMUSG00000003119	ENSMUSG00000003119	IMP
CRE upregulated	GO:0048523	negative regulation of cellular process	ENSMUSG00000025027	Xpnpep1	ISS, IEA
CRE upregulated	GO:0048523	negative regulation of cellular process	ENSMUSG00000031642	Sh3rf1	IEA
CRE upregulated	GO:0048523	negative regulation of cellular process	ENSMUSG00000042197	ENSMUSG00000042197	ISS, IBA, IEA
CRE upregulated	GO:0048523	negative regulation of cellular process	ENSMUSG00000074886	ENSMUSG00000074886	ISO
CRE upregulated	GO:0048523	negative regulation of cellular process	ENSMUSG00000031073	Fgf15	IGI
CRE upregulated	GO:0048523	negative regulation of cellular process	ENSMUSG00000027433	ENSMUSG00000027433	IBA
CRE upregulated	GO:0048523	negative regulation of cellular process	ENSMUSG00000036667	ENSMUSG00000036667	IEA
CRE upregulated	GO:0048523	negative regulation of cellular process	ENSMUSG00000015839	Nfe2l2	IMP, ISS, ISO, IEA
CRE upregulated	GO:0048523	negative regulation of cellular process	ENSMUSG00000021477	ENSMUSG00000021477	IMP
CRE upregulated	GO:0048523	negative regulation of cellular process	ENSMUSG00000000627	ENSMUSG00000000627	ISO, IEA
CRE upregulated	GO:0048523	negative regulation of cellular process	ENSMUSG00000040843	ENSMUSG00000040843	IEA
CRE upregulated	GO:0048523	negative regulation of cellular process	ENSMUSG00000024907	Gal	ISO
CRE upregulated	GO:0048523	negative regulation of cellular process	ENSMUSG00000031751	ENSMUSG00000031751	IMP, IEA
CRE upregulated	GO:0048523	negative regulation of cellular process	ENSMUSG00000046707	ENSMUSG00000046707	IEA
CRE upregulated	GO:0048523	negative regulation of cellular process	ENSMUSG00000053797	ENSMUSG00000053797	IEA
CRE upregulated	GO:0048523	negative regulation of cellular process	ENSMUSG00000003541	ENSMUSG00000003541	IDA, IMP, IEA
CRE upregulated	GO:0048523	negative regulation of cellular process	ENSMUSG00000024026	ENSMUSG00000024026	ISS, IEA
CRE upregulated	GO:0048523	negative regulation of cellular process	ENSMUSG00000029475	ENSMUSG00000029475	IDA, IMP
CRE upregulated	GO:0048519	negative regulation of biological process	ENSMUSG00000026628	Atf3	IDA, IMP, IEA
CRE upregulated	GO:0048519	negative regulation of biological process	ENSMUSG00000036390	Gadd45a	IMP, IEA
CRE upregulated	GO:0048519	negative regulation of biological process	ENSMUSG00000052684	Jun	IDA, IMP, IGI
CRE upregulated	GO:0048519	negative regulation of biological process	ENSMUSG00000063632	Sox11	IDA, IMP, IBA, IEA
CRE upregulated	GO:0048519	negative regulation of biological process	ENSMUSG00000019647	Sema6a	IEA
CRE upregulated	GO:0048519	negative regulation of biological process	ENSMUSG00000073680	Tmem88b	IBA
CRE upregulated	GO:0048519	negative regulation of biological process	ENSMUSG00000046223	Plaur	ISO, NAS, IEA
CRE upregulated	GO:0048519	negative regulation of biological process	ENSMUSG00000031574	Star	ISO, IEA
CRE upregulated	GO:0048519	negative regulation of biological process	ENSMUSG00000004951	Hspb1	IDA, ISO, IBA, IEA
CRE upregulated	GO:0048519	negative regulation of biological process	ENSMUSG00000025473	Adam8	IDA, NAS
CRE upregulated	GO:0048519	negative regulation of biological process	ENSMUSG00000046731	Kctd11	IDA
CRE upregulated	GO:0048519	negative regulation of biological process	ENSMUSG00000056749	Nfil3	IDA, IEA
CRE upregulated	GO:0048519	negative regulation of biological process	ENSMUSG00000024143	Rhoq	IDA, IC, IEA
CRE upregulated	GO:0048519	negative regulation of biological process	ENSMUSG00000022895	Ets2	IEA
CRE upregulated	GO:0048519	negative regulation of biological process	ENSMUSG00000019876	Pkib	IEA
CRE upregulated	GO:0048519	negative regulation of biological process	ENSMUSG00000037447	Arid5a	ISS, IEA
CRE upregulated	GO:0048519	negative regulation of biological process	ENSMUSG00000033902	Mapkbp1	IEA
CRE upregulated	GO:0048519	negative regulation of biological process	ENSMUSG00000030748	Il4ra	IGI
CRE upregulated	GO:0048519	negative regulation of biological process	ENSMUSG00000030102	Itpr1	IMP, ISS, ISO, IBA, IEA
CRE upregulated	GO:0048519	negative regulation of biological process	ENSMUSG00000021765	Fst	IMP, IGI, IBA, IEA
CRE upregulated	GO:0048519	negative regulation of biological process	ENSMUSG00000030256	Bhlhe41	IDA, TAS, IEA
CRE upregulated	GO:0048519	negative regulation of biological process	ENSMUSG00000025612	Bach1	IDA, ISS, IEA
CRE upregulated	GO:0048519	negative regulation of biological process	ENSMUSG00000020427	Igfbp3	ISO, IEA
CRE upregulated	GO:0048519	negative regulation of biological process	ENSMUSG00000023067	Cdkn1a	IMP, ISS, ISO, IEA
CRE upregulated	GO:0048519	negative regulation of biological process	ENSMUSG00000024404	Riok3	IEA
CRE upregulated	GO:0048519	negative regulation of biological process	ENSMUSG00000030681	Mvp	IEA
CRE upregulated	GO:0048519	negative regulation of biological process	ENSMUSG00000006304	Arpc2	ISO
CRE upregulated	GO:0048519	negative regulation of biological process	ENSMUSG00000031074	Fgf3	IEA
CRE upregulated	GO:0048519	negative regulation of biological process	ENSMUSG00000035621	Midn	ISO, IEA
CRE upregulated	GO:0048519	negative regulation of biological process	ENSMUSG00000031681	Smad1	IDA, IMP
CRE upregulated	GO:0048519	negative regulation of biological process	ENSMUSG00000050989	Selenon	ISS
CRE upregulated	GO:0048519	negative regulation of biological process	ENSMUSG00000035673	Sbno2	IMP, IBA, IEA
CRE upregulated	GO:0048519	negative regulation of biological process	ENSMUSG00000024261	Syt4	IMP, ISO, IEA
CRE upregulated	GO:0048519	negative regulation of biological process	ENSMUSG00000003644	Rps6ka1	ISS, IEA
CRE upregulated	GO:0048519	negative regulation of biological process	ENSMUSG00000029378	Areg	ISO, IEA
CRE upregulated	GO:0048519	negative regulation of biological process	ENSMUSG00000005087	Cd44	IEA
CRE upregulated	GO:0048519	negative regulation of biological process	ENSMUSG00000026836	Acvr1	IEA
CRE upregulated	GO:0048519	negative regulation of biological process	ENSMUSG00000027611	Procr	IBA, TAS, IEA
CRE upregulated	GO:0048519	negative regulation of biological process	ENSMUSG00000003153	Slc2a3	ISO
CRE upregulated	GO:0048519	negative regulation of biological process	ENSMUSG00000002459	Rgs20	IEA
CRE upregulated	GO:0048519	negative regulation of biological process	ENSMUSG00000068566	Myadm	IBA, IEA
CRE upregulated	GO:0048519	negative regulation of biological process	ENSMUSG00000048482	Bdnf	IDA, IMP, IGI, ISO, IBA, IEA
CRE upregulated	GO:0048519	negative regulation of biological process	ENSMUSG00000024256	Adcyap1	IDA, ISO, IEA
CRE upregulated	GO:0048519	negative regulation of biological process	ENSMUSG00000037458	Azin1	ISS, ISO, IBA, IEA
CRE upregulated	GO:0048519	negative regulation of biological process	ENSMUSG00000021070	Bdkrb2	IMP, IGI, ISO
CRE upregulated	GO:0048519	negative regulation of biological process	ENSMUSG00000002250	Ppard	IDA, IMP, IGI, ISO, IBA, IEA
CRE upregulated	GO:0048519	negative regulation of biological process	ENSMUSG00000044734	Serpinb1a	IMP, IBA
CRE upregulated	GO:0048519	negative regulation of biological process	ENSMUSG00000018507	Trpv2	ISO
CRE upregulated	GO:0048519	negative regulation of biological process	ENSMUSG00000037638	Zbtb42	IDA
CRE upregulated	GO:0048519	negative regulation of biological process	ENSMUSG00000021501	Caml	ISS, IEA
CRE upregulated	GO:0048519	negative regulation of biological process	ENSMUSG00000041870	Ankrd13a	ISS, IEA
CRE upregulated	GO:0048519	negative regulation of biological process	ENSMUSG00000038894	Irs2	IMP, IEA
CRE upregulated	GO:0048519	negative regulation of biological process	ENSMUSG00000035828	Pim3	IMP, ISS, IBA, IEA
CRE upregulated	GO:0048519	negative regulation of biological process	ENSMUSG00000032578	Cish	IEA
CRE upregulated	GO:0048519	negative regulation of biological process	ENSMUSG00000007812	Zfp655	ISS, IEA
CRE upregulated	GO:0048519	negative regulation of biological process	ENSMUSG00000005069	Pex5	IEA
CRE upregulated	GO:0048519	negative regulation of biological process	ENSMUSG00000054855	Rnd1	IEA
CRE upregulated	GO:0048519	negative regulation of biological process	ENSMUSG00000042507	Mideas	IBA
CRE upregulated	GO:0048519	negative regulation of biological process	ENSMUSG00000027313	Chac1	ISS, IEA
CRE upregulated	GO:0048519	negative regulation of biological process	ENSMUSG00000028789	Azin2	IBA, IEA
CRE upregulated	GO:0048519	negative regulation of biological process	ENSMUSG00000026796	Niban2	IEA
CRE upregulated	GO:0048519	negative regulation of biological process	ENSMUSG00000027540	Ptpn1	IMP, IGI, IBA, IEA
CRE upregulated	GO:0048519	negative regulation of biological process	ENSMUSG00000043895	S1pr2	IMP, ISO
CRE upregulated	GO:0048519	negative regulation of biological process	ENSMUSG00000022661	Cd200	IEA
CRE upregulated	GO:0048519	negative regulation of biological process	ENSMUSG00000027583	Zbtb46	IDA, IMP
CRE upregulated	GO:0048519	negative regulation of biological process	ENSMUSG00000028063	Lmna	IMP, ISO, IBA, IEA
CRE upregulated	GO:0048519	negative regulation of biological process	ENSMUSG00000026254	Eif4e2	ISS, ISO, IEA
CRE upregulated	GO:0048519	negative regulation of biological process	ENSMUSG00000029121	Crmp1	IEA
CRE upregulated	GO:0048519	negative regulation of biological process	ENSMUSG00000030678	Maz	IEA
CRE upregulated	GO:0048519	negative regulation of biological process	ENSMUSG00000053436	Mapk14	IMP, IEA
CRE upregulated	GO:0048519	negative regulation of biological process	ENSMUSG00000025809	Itgb1	IMP, IGI, ISS, ISO, IEA
CRE upregulated	GO:0048519	negative regulation of biological process	ENSMUSG00000040025	Ythdf2	IMP, ISS, IBA, IEA
CRE upregulated	GO:0048519	negative regulation of biological process	ENSMUSG00000028156	Eif4e	IMP
CRE upregulated	GO:0048519	negative regulation of biological process	ENSMUSG00000025239	Limd1	IMP, ISS, ISO, IBA, IEA
CRE upregulated	GO:0048519	negative regulation of biological process	ENSMUSG00000005370	Msh6	IMP, IEA
CRE upregulated	GO:0048519	negative regulation of biological process	ENSMUSG00000022043	Trim35	IEA
CRE upregulated	GO:0048519	negative regulation of biological process	ENSMUSG00000048490	Nrip1	IDA, IBA, IEA
CRE upregulated	GO:0048519	negative regulation of biological process	ENSMUSG00000022096	Hr	IDA
CRE upregulated	GO:0048519	negative regulation of biological process	ENSMUSG00000013089	Etv5	IEA
CRE upregulated	GO:0048519	negative regulation of biological process	ENSMUSG00000025746	Il6	IDA, IMP, ISO
CRE upregulated	GO:0048519	negative regulation of biological process	ENSMUSG00000032231	Anxa2	IMP, ISO, IEA
CRE upregulated	GO:0048519	negative regulation of biological process	ENSMUSG00000047368	Abhd17b	IMP
CRE upregulated	GO:0048519	negative regulation of biological process	ENSMUSG00000032280	Tle3	IMP, IBA, IEA
CRE upregulated	GO:0048519	negative regulation of biological process	ENSMUSG00000031078	Cttn	IGI
CRE upregulated	GO:0048519	negative regulation of biological process	ENSMUSG00000022607	Ptk2	IDA, IMP, IGI, ISS, ISO
CRE upregulated	GO:0048519	negative regulation of biological process	ENSMUSG00000055994	Nod2	IDA, IMP
CRE upregulated	GO:0048519	negative regulation of biological process	ENSMUSG00000024014	Pim1	ISS, IEA
CRE upregulated	GO:0048519	negative regulation of biological process	ENSMUSG00000037062	Sh3glb1	IMP
CRE upregulated	GO:0048519	negative regulation of biological process	ENSMUSG00000020580	Rock2	IEA
CRE upregulated	GO:0048519	negative regulation of biological process	ENSMUSG00000063889	Crem	IEA
CRE upregulated	GO:0048519	negative regulation of biological process	ENSMUSG00000027613	Eif6	ISS, IEA
CRE upregulated	GO:0048519	negative regulation of biological process	ENSMUSG00000042406	Atf4	IMP, ISO, IEA
CRE upregulated	GO:0048519	negative regulation of biological process	ENSMUSG00000079049	Serpinb1c	IMP, IBA
CRE upregulated	GO:0048519	negative regulation of biological process	ENSMUSG00000023079	Gtf2ird1	IEA
CRE upregulated	GO:0048519	negative regulation of biological process	ENSMUSG00000042726	Trafd1	IMP, IBA
CRE upregulated	GO:0048519	negative regulation of biological process	ENSMUSG00000020271	Fbxw11	IMP
CRE upregulated	GO:0048519	negative regulation of biological process	ENSMUSG00000020838	Slc6a4	IMP, ISO, IEA
CRE upregulated	GO:0048519	negative regulation of biological process	ENSMUSG00000046854	Pip5kl1	IEA
CRE upregulated	GO:0048519	negative regulation of biological process	ENSMUSG00000001507	Itga3	IGI, ISO, IEA
CRE upregulated	GO:0048519	negative regulation of biological process	ENSMUSG00000031628	Casp3	IMP, ISO, IEA
CRE upregulated	GO:0048519	negative regulation of biological process	ENSMUSG00000025408	Ddit3	IDA, IMP, IGI, ISS, ISO, IBA, IEA
CRE upregulated	GO:0048519	negative regulation of biological process	ENSMUSG00000039879	Heca	IEA
CRE upregulated	GO:0048519	negative regulation of biological process	ENSMUSG00000040435	Ppp1r15a	IDA, ISO
CRE upregulated	GO:0048519	negative regulation of biological process	ENSMUSG00000032078	Zpr1	IMP
CRE upregulated	GO:0048519	negative regulation of biological process	ENSMUSG00000035199	Arl6ip5	IDA, ISO, IBA
CRE upregulated	GO:0048519	negative regulation of biological process	ENSMUSG00000001847	Rac1	IEA
CRE upregulated	GO:0048519	negative regulation of biological process	ENSMUSG00000042121	Ssh1	IBA, IEA
CRE upregulated	GO:0048519	negative regulation of biological process	ENSMUSG00000050271	Prag1	ISS, ISO, IEA
CRE upregulated	GO:0048519	negative regulation of biological process	ENSMUSG00000030077	Chl1	IDA
CRE upregulated	GO:0048519	negative regulation of biological process	ENSMUSG00000018909	Arrb1	IMP, ISS, ISO, IBA, IEA
CRE upregulated	GO:0048519	negative regulation of biological process	ENSMUSG00000030057	Cnbp	IEA
CRE upregulated	GO:0048519	negative regulation of biological process	ENSMUSG00000020064	Herc4	IEA
CRE upregulated	GO:0048519	negative regulation of biological process	ENSMUSG00000024521	Pmaip1	IMP
CRE upregulated	GO:0048519	negative regulation of biological process	ENSMUSG00000026317	Cln8	IMP
CRE upregulated	GO:0048519	negative regulation of biological process	ENSMUSG00000028145	Them4	ISS, IEA
CRE upregulated	GO:0048519	negative regulation of biological process	ENSMUSG00000026107	Nabp1	ISS, ISO, IEA
CRE upregulated	GO:0048519	negative regulation of biological process	ENSMUSG00000024360	Etf1	IEA
CRE upregulated	GO:0048519	negative regulation of biological process	ENSMUSG00000027455	Nsfl1c	IEA
CRE upregulated	GO:0048519	negative regulation of biological process	ENSMUSG00000057531	Dtnbp1	ISO, IEA
CRE upregulated	GO:0048519	negative regulation of biological process	ENSMUSG00000038552	Fndc4	IDA, IBA, IEA
CRE upregulated	GO:0048519	negative regulation of biological process	ENSMUSG00000000134	Tfe3	IMP
CRE upregulated	GO:0048519	negative regulation of biological process	ENSMUSG00000008393	Carhsp1	IMP, IBA, IEA
CRE upregulated	GO:0048519	negative regulation of biological process	ENSMUSG00000004768	Rab23	IEA
CRE upregulated	GO:0048519	negative regulation of biological process	ENSMUSG00000015837	Sqstm1	IDA, IMP, ISS, IEA
CRE upregulated	GO:0048519	negative regulation of biological process	ENSMUSG00000022951	Rcan1	ISS, ISO, IEA
CRE upregulated	GO:0048519	negative regulation of biological process	ENSMUSG00000030309	Caprin2	ISS, IEA
CRE upregulated	GO:0048519	negative regulation of biological process	ENSMUSG00000029131	Dnajb6	IDA, IEA
CRE upregulated	GO:0048519	negative regulation of biological process	ENSMUSG00000036737	Oxsr1	IGI
CRE upregulated	GO:0048519	negative regulation of biological process	ENSMUSG00000037580	Gch1	ISO, IEA
CRE upregulated	GO:0048519	negative regulation of biological process	ENSMUSG00000023087	Noct	IMP, IGI
CRE upregulated	GO:0048519	negative regulation of biological process	ENSMUSG00000031955	Bcar1	ISO
CRE upregulated	GO:0048519	negative regulation of biological process	ENSMUSG00000001627	Ifrd1	IGI
CRE upregulated	GO:0048519	negative regulation of biological process	ENSMUSG00000036057	Ptpn23	IEA
CRE upregulated	GO:0048519	negative regulation of biological process	ENSMUSG00000015316	Slamf1	IDA, IEA
CRE upregulated	GO:0048519	negative regulation of biological process	ENSMUSG00000029765	Plxna4	IBA
CRE upregulated	GO:0048519	negative regulation of biological process	ENSMUSG00000022433	Csnk1e	IGI
CRE upregulated	GO:0048519	negative regulation of biological process	ENSMUSG00000022346	Myc	IDA, ISS, ISO, IEA
CRE upregulated	GO:0048519	negative regulation of biological process	ENSMUSG00000036478	Btg1	IDA, ISS, ISO, IBA, IEA
CRE upregulated	GO:0048519	negative regulation of biological process	ENSMUSG00000053113	Socs3	IDA, IGI, IEA
CRE upregulated	GO:0048519	negative regulation of biological process	ENSMUSG00000036437	Npy1r	ISO
CRE upregulated	GO:0048519	negative regulation of biological process	ENSMUSG00000027954	Efna1	IDA, IMP, IEA
CRE upregulated	GO:0048519	negative regulation of biological process	ENSMUSG00000024789	Jak2	IDA, IMP, ISS, ISO, IEA
CRE upregulated	GO:0048519	negative regulation of biological process	ENSMUSG00000004040	ENSMUSG00000004040	IDA, IMP, IGI, ISO, IEA
CRE upregulated	GO:0048519	negative regulation of biological process	ENSMUSG00000042292	Mrtfa	IDA
CRE upregulated	GO:0048519	negative regulation of biological process	ENSMUSG00000061589	Dot1l	IBA, IEA
CRE upregulated	GO:0048519	negative regulation of biological process	ENSMUSG00000022602	Arc	IDA
CRE upregulated	GO:0048519	negative regulation of biological process	ENSMUSG00000020027	Socs2	IMP, IGI, IEA
CRE upregulated	GO:0048519	negative regulation of biological process	ENSMUSG00000109511	Nup62	IMP, ISS, IEA
CRE upregulated	GO:0048519	negative regulation of biological process	ENSMUSG00000036990	Otud4	IDA, IBA, IEA
CRE upregulated	GO:0048519	negative regulation of biological process	ENSMUSG00000004347	ENSMUSG00000004347	ISO
CRE upregulated	GO:0048519	negative regulation of biological process	ENSMUSG00000018143	Mafk	IEA
CRE upregulated	GO:0048519	negative regulation of biological process	ENSMUSG00000029826	Zc3hav1	ISS, ISO, IBA, IEA
CRE upregulated	GO:0048519	negative regulation of biological process	ENSMUSG00000050335	Lgals3	IEA
CRE upregulated	GO:0048519	negative regulation of biological process	ENSMUSG00000024190	Dusp1	IMP, ISS, ISO, IBA, IEA
CRE upregulated	GO:0048519	negative regulation of biological process	ENSMUSG00000030223	ENSMUSG00000030223	IDA, ISS, ISO, IBA, IEA
CRE upregulated	GO:0048519	negative regulation of biological process	ENSMUSG00000035236	Scai	IDA, IGI, IEA
CRE upregulated	GO:0048519	negative regulation of biological process	ENSMUSG00000027797	Dclk1	IDA
CRE upregulated	GO:0048519	negative regulation of biological process	ENSMUSG00000031960	Aars1	IMP, ISS, IEA
CRE upregulated	GO:0048519	negative regulation of biological process	ENSMUSG00000020358	Hnrnpab	IGI, ISO, IEA
CRE upregulated	GO:0048519	negative regulation of biological process	ENSMUSG00000059866	Tnip2	IDA, ISS, IEA
CRE upregulated	GO:0048519	negative regulation of biological process	ENSMUSG00000004865	ENSMUSG00000004865	IEA
CRE upregulated	GO:0048519	negative regulation of biological process	ENSMUSG00000027806	Tsc22d2	ISS, IEA
CRE upregulated	GO:0048519	negative regulation of biological process	ENSMUSG00000017615	Tnfaip1	ISS, IBA, IEA
CRE upregulated	GO:0048519	negative regulation of biological process	ENSMUSG00000040033	ENSMUSG00000040033	IEA
CRE upregulated	GO:0048519	negative regulation of biological process	ENSMUSG00000021360	ENSMUSG00000021360	IEA
CRE upregulated	GO:0048519	negative regulation of biological process	ENSMUSG00000059316	Slc27a4	IDA, IEA
CRE upregulated	GO:0048519	negative regulation of biological process	ENSMUSG00000024803	Ankrd1	ISO, IEA
CRE upregulated	GO:0048519	negative regulation of biological process	ENSMUSG00000023915	Tnfrsf21	IMP, IBA, IEA
CRE upregulated	GO:0048519	negative regulation of biological process	ENSMUSG00000024912	Fosl1	ISO, IEA
CRE upregulated	GO:0048519	negative regulation of biological process	ENSMUSG00000024927	Rela	IDA, IMP, ISO, IEA
CRE upregulated	GO:0048519	negative regulation of biological process	ENSMUSG00000029458	ENSMUSG00000029458	IEA
CRE upregulated	GO:0048519	negative regulation of biological process	ENSMUSG00000042608	Stk40	IMP
CRE upregulated	GO:0048519	negative regulation of biological process	ENSMUSG00000053716	Dusp7	IBA
CRE upregulated	GO:0048519	negative regulation of biological process	ENSMUSG00000036206	Sh3bp4	ISS, IEA
CRE upregulated	GO:0048519	negative regulation of biological process	ENSMUSG00000025793	ENSMUSG00000025793	IEA
CRE upregulated	GO:0048519	negative regulation of biological process	ENSMUSG00000003435	ENSMUSG00000003435	IEA
CRE upregulated	GO:0048519	negative regulation of biological process	ENSMUSG00000050730	Arhgap42	IMP
CRE upregulated	GO:0048519	negative regulation of biological process	ENSMUSG00000024238	Zeb1	IDA, IMP, ISS, ISO, IEA
CRE upregulated	GO:0048519	negative regulation of biological process	ENSMUSG00000026078	Pdcl3	ISO, IEA
CRE upregulated	GO:0048519	negative regulation of biological process	ENSMUSG00000028893	Sesn2	IDA, IMP, IBA, IEA
CRE upregulated	GO:0048519	negative regulation of biological process	ENSMUSG00000024947	Men1	IDA, IMP, IGI, ISO, IBA, IEA
CRE upregulated	GO:0048519	negative regulation of biological process	ENSMUSG00000029071	ENSMUSG00000029071	IMP, IGI
CRE upregulated	GO:0048519	negative regulation of biological process	ENSMUSG00000036894	Rap2b	IDA, IBA, IEA
CRE upregulated	GO:0048519	negative regulation of biological process	ENSMUSG00000040433	Zbtb38	IEA
CRE upregulated	GO:0048519	negative regulation of biological process	ENSMUSG00000044453	Ffar1	IEA
CRE upregulated	GO:0048519	negative regulation of biological process	ENSMUSG00000032715	Trib3	IDA, IMP, ISS, IEA
CRE upregulated	GO:0048519	negative regulation of biological process	ENSMUSG00000024777	ENSMUSG00000024777	ISO, IEA
CRE upregulated	GO:0048519	negative regulation of biological process	ENSMUSG00000026074	Map4k4	IEA
CRE upregulated	GO:0048519	negative regulation of biological process	ENSMUSG00000048047	Zbtb33	ISS, IBA, IEA
CRE upregulated	GO:0048519	negative regulation of biological process	ENSMUSG00000020694	ENSMUSG00000020694	ISS, IEA
CRE upregulated	GO:0048519	negative regulation of biological process	ENSMUSG00000028466	Creb3	IEA
CRE upregulated	GO:0048519	negative regulation of biological process	ENSMUSG00000029175	Slc35f6	ISS, IEA
CRE upregulated	GO:0048519	negative regulation of biological process	ENSMUSG00000071637	Cebpd	IDA
CRE upregulated	GO:0048519	negative regulation of biological process	ENSMUSG00000010660	Plcd1	IBA
CRE upregulated	GO:0048519	negative regulation of biological process	ENSMUSG00000052921	Arhgef15	IMP
CRE upregulated	GO:0048519	negative regulation of biological process	ENSMUSG00000031668	ENSMUSG00000031668	IEA
CRE upregulated	GO:0048519	negative regulation of biological process	ENSMUSG00000053175	Bcl3	IMP, IGI, IEA
CRE upregulated	GO:0048519	negative regulation of biological process	ENSMUSG00000068739	ENSMUSG00000068739	ISS, IEA
CRE upregulated	GO:0048519	negative regulation of biological process	ENSMUSG00000032599	ENSMUSG00000032599	IEA
CRE upregulated	GO:0048519	negative regulation of biological process	ENSMUSG00000030199	Etv6	IEA
CRE upregulated	GO:0048519	negative regulation of biological process	ENSMUSG00000037815	Ctnna1	IMP, IGI
CRE upregulated	GO:0048519	negative regulation of biological process	ENSMUSG00000003154	Foxj2	IEA
CRE upregulated	GO:0048519	negative regulation of biological process	ENSMUSG00000040857	Erf	IEA
CRE upregulated	GO:0048519	negative regulation of biological process	ENSMUSG00000020349	ENSMUSG00000020349	IMP, ISS, IEA
CRE upregulated	GO:0048519	negative regulation of biological process	ENSMUSG00000024517	Grp	ISS
CRE upregulated	GO:0048519	negative regulation of biological process	ENSMUSG00000025340	Rabgef1	IMP
CRE upregulated	GO:0048519	negative regulation of biological process	ENSMUSG00000039108	ENSMUSG00000039108	IMP
CRE upregulated	GO:0048519	negative regulation of biological process	ENSMUSG00000029752	ENSMUSG00000029752	IEA
CRE upregulated	GO:0048519	negative regulation of biological process	ENSMUSG00000028599	Tnfrsf1b	IMP, IGI, IBA
CRE upregulated	GO:0048519	negative regulation of biological process	ENSMUSG00000004530	ENSMUSG00000004530	IEA
CRE upregulated	GO:0048519	negative regulation of biological process	ENSMUSG00000044147	Arf6	IDA, ISO, IEA
CRE upregulated	GO:0048519	negative regulation of biological process	ENSMUSG00000036180	ENSMUSG00000036180	ISS, IBA, NAS, IEA
CRE upregulated	GO:0048519	negative regulation of biological process	ENSMUSG00000011877	Git1	IMP, ISO
CRE upregulated	GO:0048519	negative regulation of biological process	ENSMUSG00000040046	Tph1	ISO, IEA
CRE upregulated	GO:0048519	negative regulation of biological process	ENSMUSG00000039985	Sinhcaf	IMP, ISS, IBA, NAS, IEA
CRE upregulated	GO:0048519	negative regulation of biological process	ENSMUSG00000062234	ENSMUSG00000062234	IEA
CRE upregulated	GO:0048519	negative regulation of biological process	ENSMUSG00000007411	ENSMUSG00000007411	ISS, IEA
CRE upregulated	GO:0048519	negative regulation of biological process	ENSMUSG00000013483	Card14	ISS, IEA
CRE upregulated	GO:0048519	negative regulation of biological process	ENSMUSG00000047281	ENSMUSG00000047281	IDA, IGI, ISS, IEA
CRE upregulated	GO:0048519	negative regulation of biological process	ENSMUSG00000025351	Cd63	ISO
CRE upregulated	GO:0048519	negative regulation of biological process	ENSMUSG00000021796	Bmpr1a	IMP, IEA
CRE upregulated	GO:0048519	negative regulation of biological process	ENSMUSG00000031383	Dusp9	IDA, IBA
CRE upregulated	GO:0048519	negative regulation of biological process	ENSMUSG00000019842	ENSMUSG00000019842	IDA, IMP
CRE upregulated	GO:0048519	negative regulation of biological process	ENSMUSG00000070056	ENSMUSG00000070056	IMP, ISS, IEA
CRE upregulated	GO:0048519	negative regulation of biological process	ENSMUSG00000034543	ENSMUSG00000034543	IMP, ISS
CRE upregulated	GO:0048519	negative regulation of biological process	ENSMUSG00000029110	ENSMUSG00000029110	IEA
CRE upregulated	GO:0048519	negative regulation of biological process	ENSMUSG00000045763	ENSMUSG00000045763	ISS, IBA, IEA
CRE upregulated	GO:0048519	negative regulation of biological process	ENSMUSG00000037860	Aim2	IDA
CRE upregulated	GO:0048519	negative regulation of biological process	ENSMUSG00000109336	ENSMUSG00000109336	IEA
CRE upregulated	GO:0048519	negative regulation of biological process	ENSMUSG00000039191	Rbpj	IDA, IMP, IEA
CRE upregulated	GO:0048519	negative regulation of biological process	ENSMUSG00000000001	ENSMUSG00000000001	ISO
CRE upregulated	GO:0048519	negative regulation of biological process	ENSMUSG00000022270	ENSMUSG00000022270	IMP, IBA, IEA
CRE upregulated	GO:0048519	negative regulation of biological process	ENSMUSG00000048668	Rhno1	IEA
CRE upregulated	GO:0048519	negative regulation of biological process	ENSMUSG00000019256	ENSMUSG00000019256	IEA
CRE upregulated	GO:0048519	negative regulation of biological process	ENSMUSG00000039844	ENSMUSG00000039844	IMP, IGI
CRE upregulated	GO:0048519	negative regulation of biological process	ENSMUSG00000046962	ENSMUSG00000046962	IBA, IEA
CRE upregulated	GO:0048519	negative regulation of biological process	ENSMUSG00000051316	Taf7	IEA
CRE upregulated	GO:0048519	negative regulation of biological process	ENSMUSG00000001552	ENSMUSG00000001552	IEA
CRE upregulated	GO:0048519	negative regulation of biological process	ENSMUSG00000040010	Slc7a5	ISO, IEA
CRE upregulated	GO:0048519	negative regulation of biological process	ENSMUSG00000040463	ENSMUSG00000040463	IDA
CRE upregulated	GO:0048519	negative regulation of biological process	ENSMUSG00000004099	ENSMUSG00000004099	IDA, IMP, ISO, IBA, IEA
CRE upregulated	GO:0048519	negative regulation of biological process	ENSMUSG00000023952	ENSMUSG00000023952	IMP
CRE upregulated	GO:0048519	negative regulation of biological process	ENSMUSG00000020594	ENSMUSG00000020594	ISS, ISO, IBA, IEA
CRE upregulated	GO:0048519	negative regulation of biological process	ENSMUSG00000000787	ENSMUSG00000000787	IDA, IMP, ISS, IBA
CRE upregulated	GO:0048519	negative regulation of biological process	ENSMUSG00000008730	Hipk1	ISS
CRE upregulated	GO:0048519	negative regulation of biological process	ENSMUSG00000059288	ENSMUSG00000059288	IDA, IEA
CRE upregulated	GO:0048519	negative regulation of biological process	ENSMUSG00000046722	ENSMUSG00000046722	ISS
CRE upregulated	GO:0048519	negative regulation of biological process	ENSMUSG00000038676	Ucn	ISO, IBA, IEA
CRE upregulated	GO:0048519	negative regulation of biological process	ENSMUSG00000052681	Rap1b	IGI, IBA, IEA
CRE upregulated	GO:0048519	negative regulation of biological process	ENSMUSG00000037553	ENSMUSG00000037553	ISS, IEA
CRE upregulated	GO:0048519	negative regulation of biological process	ENSMUSG00000032508	Myd88	IEA
CRE upregulated	GO:0048519	negative regulation of biological process	ENSMUSG00000026864	ENSMUSG00000026864	IGI, ISS, IEA
CRE upregulated	GO:0048519	negative regulation of biological process	ENSMUSG00000021072	Tmx1	IMP, ISS, IEA
CRE upregulated	GO:0048519	negative regulation of biological process	ENSMUSG00000002633	Shh	IDA, IMP, IGI, ISO
CRE upregulated	GO:0048519	negative regulation of biological process	ENSMUSG00000008384	Sertad1	ISO, IEA
CRE upregulated	GO:0048519	negative regulation of biological process	ENSMUSG00000032540	ENSMUSG00000032540	IDA, IBA, IEA
CRE upregulated	GO:0048519	negative regulation of biological process	ENSMUSG00000028680	ENSMUSG00000028680	IEA
CRE upregulated	GO:0048519	negative regulation of biological process	ENSMUSG00000032462	ENSMUSG00000032462	IMP, IEA
CRE upregulated	GO:0048519	negative regulation of biological process	ENSMUSG00000025198	ENSMUSG00000025198	IEA
CRE upregulated	GO:0048519	negative regulation of biological process	ENSMUSG00000004270	ENSMUSG00000004270	IDA, IMP
CRE upregulated	GO:0048519	negative regulation of biological process	ENSMUSG00000027944	Hax1	IBA, IEA
CRE upregulated	GO:0048519	negative regulation of biological process	ENSMUSG00000039671	ENSMUSG00000039671	IEA
CRE upregulated	GO:0048519	negative regulation of biological process	ENSMUSG00000037907	ENSMUSG00000037907	ISS, IEA
CRE upregulated	GO:0048519	negative regulation of biological process	ENSMUSG00000067586	ENSMUSG00000067586	IEA
CRE upregulated	GO:0048519	negative regulation of biological process	ENSMUSG00000038250	ENSMUSG00000038250	IEA
CRE upregulated	GO:0048519	negative regulation of biological process	ENSMUSG00000056050	ENSMUSG00000056050	IEA
CRE upregulated	GO:0048519	negative regulation of biological process	ENSMUSG00000040652	ENSMUSG00000040652	IDA
CRE upregulated	GO:0048519	negative regulation of biological process	ENSMUSG00000028291	ENSMUSG00000028291	ISO, IEA
CRE upregulated	GO:0048519	negative regulation of biological process	ENSMUSG00000037411	Serpine1	IEA
CRE upregulated	GO:0048519	negative regulation of biological process	ENSMUSG00000078676	ENSMUSG00000078676	ISS, ISO, IEA
CRE upregulated	GO:0048519	negative regulation of biological process	ENSMUSG00000028382	ENSMUSG00000028382	IMP, IEA
CRE upregulated	GO:0048519	negative regulation of biological process	ENSMUSG00000037465	Klf10	IDA
CRE upregulated	GO:0048519	negative regulation of biological process	ENSMUSG00000023277	ENSMUSG00000023277	IDA, IBA, IEA
CRE upregulated	GO:0048519	negative regulation of biological process	ENSMUSG00000019843	ENSMUSG00000019843	IDA, IMP, IGI, ISO
CRE upregulated	GO:0048519	negative regulation of biological process	ENSMUSG00000027646	ENSMUSG00000027646	ISO, IBA, IEA
CRE upregulated	GO:0048519	negative regulation of biological process	ENSMUSG00000052316	ENSMUSG00000052316	IEA
CRE upregulated	GO:0048519	negative regulation of biological process	ENSMUSG00000020680	ENSMUSG00000020680	ISO, IEA
CRE upregulated	GO:0048519	negative regulation of biological process	ENSMUSG00000021340	ENSMUSG00000021340	IEA
CRE upregulated	GO:0048519	negative regulation of biological process	ENSMUSG00000033991	ENSMUSG00000033991	ISS, IBA, IEA
CRE upregulated	GO:0048519	negative regulation of biological process	ENSMUSG00000004698	ENSMUSG00000004698	IEA
CRE upregulated	GO:0048519	negative regulation of biological process	ENSMUSG00000032501	Trib1	IMP, IEA
CRE upregulated	GO:0048519	negative regulation of biological process	ENSMUSG00000003119	ENSMUSG00000003119	IMP
CRE upregulated	GO:0048519	negative regulation of biological process	ENSMUSG00000025027	Xpnpep1	ISS, IEA
CRE upregulated	GO:0048519	negative regulation of biological process	ENSMUSG00000031642	Sh3rf1	IEA
CRE upregulated	GO:0048519	negative regulation of biological process	ENSMUSG00000042197	ENSMUSG00000042197	ISS, IBA, IEA
CRE upregulated	GO:0048519	negative regulation of biological process	ENSMUSG00000074886	ENSMUSG00000074886	ISO
CRE upregulated	GO:0048519	negative regulation of biological process	ENSMUSG00000031073	Fgf15	IGI
CRE upregulated	GO:0048519	negative regulation of biological process	ENSMUSG00000027433	ENSMUSG00000027433	IBA
CRE upregulated	GO:0048519	negative regulation of biological process	ENSMUSG00000036667	ENSMUSG00000036667	IEA
CRE upregulated	GO:0048519	negative regulation of biological process	ENSMUSG00000015839	Nfe2l2	IMP, ISS, ISO, IEA
CRE upregulated	GO:0048519	negative regulation of biological process	ENSMUSG00000021477	ENSMUSG00000021477	IMP
CRE upregulated	GO:0048519	negative regulation of biological process	ENSMUSG00000000627	ENSMUSG00000000627	ISO, IEA
CRE upregulated	GO:0048519	negative regulation of biological process	ENSMUSG00000040843	ENSMUSG00000040843	IEA
CRE upregulated	GO:0048519	negative regulation of biological process	ENSMUSG00000024907	Gal	ISO
CRE upregulated	GO:0048519	negative regulation of biological process	ENSMUSG00000031751	ENSMUSG00000031751	IMP, IEA
CRE upregulated	GO:0048519	negative regulation of biological process	ENSMUSG00000046707	ENSMUSG00000046707	IEA
CRE upregulated	GO:0048519	negative regulation of biological process	ENSMUSG00000053797	ENSMUSG00000053797	IEA
CRE upregulated	GO:0048519	negative regulation of biological process	ENSMUSG00000003541	ENSMUSG00000003541	IDA, IMP, IEA
CRE upregulated	GO:0048519	negative regulation of biological process	ENSMUSG00000024026	ENSMUSG00000024026	ISS, IEA
CRE upregulated	GO:0048519	negative regulation of biological process	ENSMUSG00000029475	ENSMUSG00000029475	IDA, IMP
CRE upregulated	GO:0065007	biological regulation	ENSMUSG00000026628	Atf3	IDA, IMP, IGI, ISO, IBA, IEA
CRE upregulated	GO:0065007	biological regulation	ENSMUSG00000036390	Gadd45a	IDA, IMP, IBA, IEA
CRE upregulated	GO:0065007	biological regulation	ENSMUSG00000051379	Flrt3	IDA, IMP
CRE upregulated	GO:0065007	biological regulation	ENSMUSG00000052684	Jun	IDA, IMP, IGI, ISS, ISO, IBA, NAS, IEA
CRE upregulated	GO:0065007	biological regulation	ENSMUSG00000063632	Sox11	IDA, IMP, ISS, ISO, IBA, IEA
CRE upregulated	GO:0065007	biological regulation	ENSMUSG00000019647	Sema6a	IDA, IMP, IBA, IEA
CRE upregulated	GO:0065007	biological regulation	ENSMUSG00000073680	Tmem88b	IBA
CRE upregulated	GO:0065007	biological regulation	ENSMUSG00000037428	Vgf	IGI, ISO, IBA, IEA
CRE upregulated	GO:0065007	biological regulation	ENSMUSG00000042816	Gpr151	EXP, IDA, IMP, ISS, IBA, IEA
CRE upregulated	GO:0065007	biological regulation	ENSMUSG00000046223	Plaur	ISO, NAS, IEA
CRE upregulated	GO:0065007	biological regulation	ENSMUSG00000031574	Star	IDA, ISO, IBA, IEA
CRE upregulated	GO:0065007	biological regulation	ENSMUSG00000039328	Rnf122	ISS, IEA
CRE upregulated	GO:0065007	biological regulation	ENSMUSG00000004951	Hspb1	IDA, ISO, IBA, IEA
CRE upregulated	GO:0065007	biological regulation	ENSMUSG00000046688	Tifa	IDA, IPI, ISS, IBA, IEA
CRE upregulated	GO:0065007	biological regulation	ENSMUSG00000025473	Adam8	IDA, IMP, ISS, IBA, NAS, IEA
CRE upregulated	GO:0065007	biological regulation	ENSMUSG00000050164	Mchr1	ISO, IBA, TAS, IEA
CRE upregulated	GO:0065007	biological regulation	ENSMUSG00000022044	Stmn4	IBA, IEA
CRE upregulated	GO:0065007	biological regulation	ENSMUSG00000028494	Plin2	IBA
CRE upregulated	GO:0065007	biological regulation	ENSMUSG00000030898	Cckbr	IMP, ISS, ISO, IBA, IEA
CRE upregulated	GO:0065007	biological regulation	ENSMUSG00000046731	Kctd11	IDA, IBA
CRE upregulated	GO:0065007	biological regulation	ENSMUSG00000056749	Nfil3	IDA, IMP, IBA, IEA
CRE upregulated	GO:0065007	biological regulation	ENSMUSG00000024143	Rhoq	IDA, IBA, IC, IEA
CRE upregulated	GO:0065007	biological regulation	ENSMUSG00000022895	Ets2	ISO, IBA, IEA
CRE upregulated	GO:0065007	biological regulation	ENSMUSG00000019876	Pkib	IEA
CRE upregulated	GO:0065007	biological regulation	ENSMUSG00000037447	Arid5a	IDA, IMP, IGI, ISS, IBA, IEA
CRE upregulated	GO:0065007	biological regulation	ENSMUSG00000033902	Mapkbp1	IEA
CRE upregulated	GO:0065007	biological regulation	ENSMUSG00000030748	Il4ra	IMP, IGI, ISO, IBA, IEA
CRE upregulated	GO:0065007	biological regulation	ENSMUSG00000023905	Tnfrsf12a	IDA, IBA, IEA
CRE upregulated	GO:0065007	biological regulation	ENSMUSG00000030102	Itpr1	IMP, IGI, ISS, ISO, IBA, IEA
CRE upregulated	GO:0065007	biological regulation	ENSMUSG00000032515	Csrnp1	IDA, IMP, IBA
CRE upregulated	GO:0065007	biological regulation	ENSMUSG00000025089	Gfra1	ISS, ISO, TAS, IEA
CRE upregulated	GO:0065007	biological regulation	ENSMUSG00000021765	Fst	IMP, IGI, ISO, IBA, IEA
CRE upregulated	GO:0065007	biological regulation	ENSMUSG00000025348	Itga7	IEA
CRE upregulated	GO:0065007	biological regulation	ENSMUSG00000030256	Bhlhe41	IDA, IMP, IBA, TAS, IEA
CRE upregulated	GO:0065007	biological regulation	ENSMUSG00000014599	Csf1	IDA, IMP, IGI, ISO, IBA, IEA
CRE upregulated	GO:0065007	biological regulation	ENSMUSG00000025612	Bach1	IDA, ISS, IBA, IEA
CRE upregulated	GO:0065007	biological regulation	ENSMUSG00000020427	Igfbp3	IGI, ISS, ISO, IBA, IEA
CRE upregulated	GO:0065007	biological regulation	ENSMUSG00000023067	Cdkn1a	IDA, IMP, IGI, ISS, ISO, IBA, IEA
CRE upregulated	GO:0065007	biological regulation	ENSMUSG00000024404	Riok3	IEA
CRE upregulated	GO:0065007	biological regulation	ENSMUSG00000000078	Klf6	IEA
CRE upregulated	GO:0065007	biological regulation	ENSMUSG00000030681	Mvp	IEA
CRE upregulated	GO:0065007	biological regulation	ENSMUSG00000006304	Arpc2	IDA, IMP, ISO, IEA
CRE upregulated	GO:0065007	biological regulation	ENSMUSG00000038650	Rnh1	IBA, IEA
CRE upregulated	GO:0065007	biological regulation	ENSMUSG00000058093	Zfp729b	IBA, IEA
CRE upregulated	GO:0065007	biological regulation	ENSMUSG00000109901	Chmp1b	ISO, IEA
CRE upregulated	GO:0065007	biological regulation	ENSMUSG00000027495	Fam210b	ISS, IEA
CRE upregulated	GO:0065007	biological regulation	ENSMUSG00000044934	Zfp367	ISO, IBA, IEA
CRE upregulated	GO:0065007	biological regulation	ENSMUSG00000031074	Fgf3	IEA
CRE upregulated	GO:0065007	biological regulation	ENSMUSG00000030272	Camk1	IDA, ISS, ISO, IEA
CRE upregulated	GO:0065007	biological regulation	ENSMUSG00000004846	Plod3	IMP
CRE upregulated	GO:0065007	biological regulation	ENSMUSG00000035621	Midn	ISO, IEA
CRE upregulated	GO:0065007	biological regulation	ENSMUSG00000020205	Phlda1	ISO, IBA, IEA
CRE upregulated	GO:0065007	biological regulation	ENSMUSG00000001542	Ell2	ISO, IBA
CRE upregulated	GO:0065007	biological regulation	ENSMUSG00000031681	Smad1	IDA, IMP, IGI, ISS, ISO, IBA, TAS, IEA
CRE upregulated	GO:0065007	biological regulation	ENSMUSG00000050989	Selenon	IDA, IMP, ISS, IEA
CRE upregulated	GO:0065007	biological regulation	ENSMUSG00000048216	Gpr85	IEA
CRE upregulated	GO:0065007	biological regulation	ENSMUSG00000035673	Sbno2	IMP, IBA, IEA
CRE upregulated	GO:0065007	biological regulation	ENSMUSG00000058153	Sez6l	IGI, IBA
CRE upregulated	GO:0065007	biological regulation	ENSMUSG00000024261	Syt4	EXP, IDA, IMP, ISO, IBA, TAS, IEA
CRE upregulated	GO:0065007	biological regulation	ENSMUSG00000032939	Nup93	IDA, IEA
CRE upregulated	GO:0065007	biological regulation	ENSMUSG00000033060	Lmo7	IDA, ISS, ISO, IEA
CRE upregulated	GO:0065007	biological regulation	ENSMUSG00000003644	Rps6ka1	ISS, ISO, IBA, IEA
CRE upregulated	GO:0065007	biological regulation	ENSMUSG00000029378	Areg	IDA, IGI, ISO, IBA, IEA
CRE upregulated	GO:0065007	biological regulation	ENSMUSG00000042688	Mapk6	IGI, IBA, IEA
CRE upregulated	GO:0065007	biological regulation	ENSMUSG00000005087	Cd44	IEA
CRE upregulated	GO:0065007	biological regulation	ENSMUSG00000026836	Acvr1	IDA, IMP, ISO, IBA, TAS, IEA
CRE upregulated	GO:0065007	biological regulation	ENSMUSG00000027611	Procr	IBA, TAS, IEA
CRE upregulated	GO:0065007	biological regulation	ENSMUSG00000026670	Uap1	IEA
CRE upregulated	GO:0065007	biological regulation	ENSMUSG00000021400	Wrnip1	ISS, IEA
CRE upregulated	GO:0065007	biological regulation	ENSMUSG00000003153	Slc2a3	ISO
CRE upregulated	GO:0065007	biological regulation	ENSMUSG00000021453	Gadd45g	IEA
CRE upregulated	GO:0065007	biological regulation	ENSMUSG00000038943	Prc1	ISS, IEA
CRE upregulated	GO:0065007	biological regulation	ENSMUSG00000028896	Rcc1	IEA
CRE upregulated	GO:0065007	biological regulation	ENSMUSG00000002459	Rgs20	TAS, IEA
CRE upregulated	GO:0065007	biological regulation	ENSMUSG00000068566	Myadm	IBA, IEA
CRE upregulated	GO:0065007	biological regulation	ENSMUSG00000048482	Bdnf	EXP, IDA, IMP, IGI, ISO, IBA, IEA
CRE upregulated	GO:0065007	biological regulation	ENSMUSG00000024256	Adcyap1	IDA, IMP, ISS, ISO, IBA, TAS, IEA
CRE upregulated	GO:0065007	biological regulation	ENSMUSG00000015745	Plekho1	IDA, IMP, IBA
CRE upregulated	GO:0065007	biological regulation	ENSMUSG00000034832	Tet3	IMP, ISS, IBA, IEA
CRE upregulated	GO:0065007	biological regulation	ENSMUSG00000056076	Eif3b	IEA
CRE upregulated	GO:0065007	biological regulation	ENSMUSG00000037458	Azin1	IDA, ISS, ISO, IBA, IEA
CRE upregulated	GO:0065007	biological regulation	ENSMUSG00000021070	Bdkrb2	IMP, IGI, ISO, IBA, IEA
CRE upregulated	GO:0065007	biological regulation	ENSMUSG00000018736	Ndel1	IDA, IMP, ISO, IBA, IEA
CRE upregulated	GO:0065007	biological regulation	ENSMUSG00000042804	Gpr153	IEA
CRE upregulated	GO:0065007	biological regulation	ENSMUSG00000002250	Ppard	IDA, IMP, IGI, ISS, ISO, IBA, NAS, IEA
CRE upregulated	GO:0065007	biological regulation	ENSMUSG00000027198	Ext2	IGI
CRE upregulated	GO:0065007	biological regulation	ENSMUSG00000032641	Gpr19	IBA, IEA
CRE upregulated	GO:0065007	biological regulation	ENSMUSG00000044734	Serpinb1a	IDA, IPI, IMP, IBA
CRE upregulated	GO:0065007	biological regulation	ENSMUSG00000018507	Trpv2	IMP, ISO
CRE upregulated	GO:0065007	biological regulation	ENSMUSG00000078532	Nkain1	IBA, IEA
CRE upregulated	GO:0065007	biological regulation	ENSMUSG00000037638	Zbtb42	IDA, IBA
CRE upregulated	GO:0065007	biological regulation	ENSMUSG00000021501	Caml	IDA, ISS, IEA
CRE upregulated	GO:0065007	biological regulation	ENSMUSG00000041870	Ankrd13a	ISS, IEA
CRE upregulated	GO:0065007	biological regulation	ENSMUSG00000038894	Irs2	IDA, IMP, IGI, ISO, IBA, IEA
CRE upregulated	GO:0065007	biological regulation	ENSMUSG00000037568	Vash2	IMP, ISO, IBA, IEA
CRE upregulated	GO:0065007	biological regulation	ENSMUSG00000066838	Zfp772	IBA, IEA
CRE upregulated	GO:0065007	biological regulation	ENSMUSG00000024883	Rin1	IMP, IEA
CRE upregulated	GO:0065007	biological regulation	ENSMUSG00000035828	Pim3	IMP, ISS, IBA, IEA
CRE upregulated	GO:0065007	biological regulation	ENSMUSG00000032578	Cish	IEA
CRE upregulated	GO:0065007	biological regulation	ENSMUSG00000007812	Zfp655	ISS, IBA, IEA
CRE upregulated	GO:0065007	biological regulation	ENSMUSG00000031545	Gpat4	IMP
CRE upregulated	GO:0065007	biological regulation	ENSMUSG00000007041	Clic1	IDA, IMP
CRE upregulated	GO:0065007	biological regulation	ENSMUSG00000005069	Pex5	IMP, IEA
CRE upregulated	GO:0065007	biological regulation	ENSMUSG00000029518	Rab35	IEA
CRE upregulated	GO:0065007	biological regulation	ENSMUSG00000045136	Tubb2b	IDA, IMP, ISS, IEA
CRE upregulated	GO:0065007	biological regulation	ENSMUSG00000054855	Rnd1	IBA, IEA
CRE upregulated	GO:0065007	biological regulation	ENSMUSG00000042507	Mideas	IBA
CRE upregulated	GO:0065007	biological regulation	ENSMUSG00000027313	Chac1	ISS, IEA
CRE upregulated	GO:0065007	biological regulation	ENSMUSG00000028789	Azin2	IDA, IBA, IEA
CRE upregulated	GO:0065007	biological regulation	ENSMUSG00000026796	Niban2	IEA
CRE upregulated	GO:0065007	biological regulation	ENSMUSG00000039954	Stk32a	IBA
CRE upregulated	GO:0065007	biological regulation	ENSMUSG00000027540	Ptpn1	IMP, IGI, ISS, ISO, IBA, IEA
CRE upregulated	GO:0065007	biological regulation	ENSMUSG00000038023	Atp6v0a2	IBA
CRE upregulated	GO:0065007	biological regulation	ENSMUSG00000019461	Plscr3	ISS, IBA, IEA
CRE upregulated	GO:0065007	biological regulation	ENSMUSG00000043895	S1pr2	EXP, IDA, IMP, ISO, IBA, IEA
CRE upregulated	GO:0065007	biological regulation	ENSMUSG00000022661	Cd200	IEA
CRE upregulated	GO:0065007	biological regulation	ENSMUSG00000011179	Odc1	IDA, IMP
CRE upregulated	GO:0065007	biological regulation	ENSMUSG00000027035	Cers6	ISO, IEA
CRE upregulated	GO:0065007	biological regulation	ENSMUSG00000027583	Zbtb46	IDA, IMP, IBA, IEA
CRE upregulated	GO:0065007	biological regulation	ENSMUSG00000028063	Lmna	IMP, ISO, IBA, IEA
CRE upregulated	GO:0065007	biological regulation	ENSMUSG00000041548	Hspb8	IEA
CRE upregulated	GO:0065007	biological regulation	ENSMUSG00000000278	Scpep1	IGI
CRE upregulated	GO:0065007	biological regulation	ENSMUSG00000026675	Hsd17b7	IDA, ISO, IEA
CRE upregulated	GO:0065007	biological regulation	ENSMUSG00000051343	Rab11fip5	IDA, IMP
CRE upregulated	GO:0065007	biological regulation	ENSMUSG00000034226	Rhov	IBA, IEA
CRE upregulated	GO:0065007	biological regulation	ENSMUSG00000001420	Tmem79	IMP
CRE upregulated	GO:0065007	biological regulation	ENSMUSG00000015341	Golga7	ISS, IEA
CRE upregulated	GO:0065007	biological regulation	ENSMUSG00000026254	Eif4e2	ISS, ISO, IEA
CRE upregulated	GO:0065007	biological regulation	ENSMUSG00000029121	Crmp1	IDA, IGI, IEP, IEA
CRE upregulated	GO:0065007	biological regulation	ENSMUSG00000030678	Maz	IEA
CRE upregulated	GO:0065007	biological regulation	ENSMUSG00000063506	Arhgap22	IEA
CRE upregulated	GO:0065007	biological regulation	ENSMUSG00000053436	Mapk14	EXP, IDA, IMP, IGI, IEP, ISS, ISO, IBA, IEA
CRE upregulated	GO:0065007	biological regulation	ENSMUSG00000025809	Itgb1	IDA, IMP, IGI, ISS, ISO, IBA, NAS, IEA
CRE upregulated	GO:0065007	biological regulation	ENSMUSG00000039364	Sectm1b	IEA
CRE upregulated	GO:0065007	biological regulation	ENSMUSG00000040025	Ythdf2	IMP, ISS, IBA, IEA
CRE upregulated	GO:0065007	biological regulation	ENSMUSG00000028156	Eif4e	IDA, IMP, IEP, ISS, IEA
CRE upregulated	GO:0065007	biological regulation	ENSMUSG00000025239	Limd1	IMP, ISS, ISO, IBA, IEA
CRE upregulated	GO:0065007	biological regulation	ENSMUSG00000005370	Msh6	IMP, IEA
CRE upregulated	GO:0065007	biological regulation	ENSMUSG00000018362	Kpna2	IDA, IMP, ISO
CRE upregulated	GO:0065007	biological regulation	ENSMUSG00000022043	Trim35	IEA
CRE upregulated	GO:0065007	biological regulation	ENSMUSG00000011008	Mcoln2	IMP, IEA
CRE upregulated	GO:0065007	biological regulation	ENSMUSG00000048490	Nrip1	IDA, IMP, IBA, IEA
CRE upregulated	GO:0065007	biological regulation	ENSMUSG00000015243	Abca1	IMP, IEA
CRE upregulated	GO:0065007	biological regulation	ENSMUSG00000022272	Myo10	IGI, ISS, IBA, IEA
CRE upregulated	GO:0065007	biological regulation	ENSMUSG00000022096	Hr	IDA, IBA
CRE upregulated	GO:0065007	biological regulation	ENSMUSG00000013089	Etv5	IDA, IMP, ISO, IBA, IEA
CRE upregulated	GO:0065007	biological regulation	ENSMUSG00000025139	Tollip	IDA, ISO, IEA
CRE upregulated	GO:0065007	biological regulation	ENSMUSG00000020592	Sdc1	IMP, IEA
CRE upregulated	GO:0065007	biological regulation	ENSMUSG00000025746	Il6	IDA, IMP, IGI, ISO, IBA, IEA
CRE upregulated	GO:0065007	biological regulation	ENSMUSG00000002233	Rhoc	IMP, IBA, IEA
CRE upregulated	GO:0065007	biological regulation	ENSMUSG00000032231	Anxa2	IDA, IMP, ISO, IBA, NAS, IEA
CRE upregulated	GO:0065007	biological regulation	ENSMUSG00000023387	Kcnk16	IBA
CRE upregulated	GO:0065007	biological regulation	ENSMUSG00000047368	Abhd17b	IMP, ISO, IBA
CRE upregulated	GO:0065007	biological regulation	ENSMUSG00000032280	Tle3	IMP, ISO, IBA, IEA
CRE upregulated	GO:0065007	biological regulation	ENSMUSG00000073563	Csnk1g3	IBA, IEA
CRE upregulated	GO:0065007	biological regulation	ENSMUSG00000031078	Cttn	IMP, IGI, ISS, ISO, IBA, IEA
CRE upregulated	GO:0065007	biological regulation	ENSMUSG00000022607	Ptk2	IDA, IMP, IGI, ISS, ISO, IBA, TAS, IEA
CRE upregulated	GO:0065007	biological regulation	ENSMUSG00000055994	Nod2	IDA, IMP, IGI, ISS, ISO, IBA, TAS, IEA
CRE upregulated	GO:0065007	biological regulation	ENSMUSG00000024014	Pim1	IDA, IMP, ISS, IEA
CRE upregulated	GO:0065007	biological regulation	ENSMUSG00000037062	Sh3glb1	IDA, IMP, ISO, IEA
CRE upregulated	GO:0065007	biological regulation	ENSMUSG00000034247	Plekhm1	IMP
CRE upregulated	GO:0065007	biological regulation	ENSMUSG00000024772	Ehd1	IMP, ISO, IEA
CRE upregulated	GO:0065007	biological regulation	ENSMUSG00000023169	Slc38a1	IMP, ISS, ISO, IEA
CRE upregulated	GO:0065007	biological regulation	ENSMUSG00000027293	Ehd4	ISO, IEA
CRE upregulated	GO:0065007	biological regulation	ENSMUSG00000035392	Dennd1a	IDA
CRE upregulated	GO:0065007	biological regulation	ENSMUSG00000020580	Rock2	IEA
CRE upregulated	GO:0065007	biological regulation	ENSMUSG00000063889	Crem	IGI, IBA, IEA
CRE upregulated	GO:0065007	biological regulation	ENSMUSG00000021990	Spata13	IEA
CRE upregulated	GO:0065007	biological regulation	ENSMUSG00000069094	Pde7a	IDA, IBA, IEA
CRE upregulated	GO:0065007	biological regulation	ENSMUSG00000027560	Dok5	IDA, IPI, ISO, IBA, IEA
CRE upregulated	GO:0065007	biological regulation	ENSMUSG00000027613	Eif6	IMP, ISS, IEA
CRE upregulated	GO:0065007	biological regulation	ENSMUSG00000059923	Grb2	IDA, IGI, ISO, IBA, TAS, IEA
CRE upregulated	GO:0065007	biological regulation	ENSMUSG00000049303	Syt12	IDA, IMP, ISO, IEA
CRE upregulated	GO:0065007	biological regulation	ENSMUSG00000042406	Atf4	IDA, IMP, IGI, ISS, ISO, IBA, IEA
CRE upregulated	GO:0065007	biological regulation	ENSMUSG00000079049	Serpinb1c	IMP, IBA
CRE upregulated	GO:0065007	biological regulation	ENSMUSG00000055078	Gabra5	ISO, IBA, IEA
CRE upregulated	GO:0065007	biological regulation	ENSMUSG00000023079	Gtf2ird1	IDA, IEA
CRE upregulated	GO:0065007	biological regulation	ENSMUSG00000042726	Trafd1	IMP, IBA
CRE upregulated	GO:0065007	biological regulation	ENSMUSG00000017929	B4galt5	IMP
CRE upregulated	GO:0065007	biological regulation	ENSMUSG00000020271	Fbxw11	IMP, ISS, IEA
CRE upregulated	GO:0065007	biological regulation	ENSMUSG00000005950	P2rx5	IEA
CRE upregulated	GO:0065007	biological regulation	ENSMUSG00000020838	Slc6a4	IMP, ISS, ISO, IEA
CRE upregulated	GO:0065007	biological regulation	ENSMUSG00000046854	Pip5kl1	ISS, IEA
CRE upregulated	GO:0065007	biological regulation	ENSMUSG00000029641	Rasl11a	IDA
CRE upregulated	GO:0065007	biological regulation	ENSMUSG00000001507	Itga3	IGI, ISS, ISO, IBA, IEA
CRE upregulated	GO:0065007	biological regulation	ENSMUSG00000055723	Rras2	IDA, IGI, IEA
CRE upregulated	GO:0065007	biological regulation	ENSMUSG00000031628	Casp3	IDA, IMP, ISS, ISO, IBA, NAS, IEA
CRE upregulated	GO:0065007	biological regulation	ENSMUSG00000025408	Ddit3	IDA, IMP, IGI, ISS, ISO, IBA, NAS, IEA
CRE upregulated	GO:0065007	biological regulation	ENSMUSG00000039879	Heca	IEA
CRE upregulated	GO:0065007	biological regulation	ENSMUSG00000040435	Ppp1r15a	IDA, IMP, ISO, IEA
CRE upregulated	GO:0065007	biological regulation	ENSMUSG00000032078	Zpr1	IMP, ISS, IBA, IEA
CRE upregulated	GO:0065007	biological regulation	ENSMUSG00000035199	Arl6ip5	IDA, ISO, IBA, IEA
CRE upregulated	GO:0065007	biological regulation	ENSMUSG00000055407	Map6	ISO, IBA
CRE upregulated	GO:0065007	biological regulation	ENSMUSG00000001847	Rac1	IDA, IMP, IGI, ISS, ISO, IBA, IEA
CRE upregulated	GO:0065007	biological regulation	ENSMUSG00000042121	Ssh1	ISO, IBA, IEA
CRE upregulated	GO:0065007	biological regulation	ENSMUSG00000050271	Prag1	IMP, ISS, ISO, IEA
CRE upregulated	GO:0065007	biological regulation	ENSMUSG00000030077	Chl1	IDA
CRE upregulated	GO:0065007	biological regulation	ENSMUSG00000018909	Arrb1	IMP, ISS, ISO, IBA, IEA
CRE upregulated	GO:0065007	biological regulation	ENSMUSG00000020248	Nfyb	IDA, ISO, IBA, IEA
CRE upregulated	GO:0065007	biological regulation	ENSMUSG00000050410	Tcf19	IEA
CRE upregulated	GO:0065007	biological regulation	ENSMUSG00000024349	Sting1	IDA, IMP, IGI, ISS, ISO, IBA, IEA
CRE upregulated	GO:0065007	biological regulation	ENSMUSG00000030057	Cnbp	IDA, IBA, IEA
CRE upregulated	GO:0065007	biological regulation	ENSMUSG00000020064	Herc4	IEA
CRE upregulated	GO:0065007	biological regulation	ENSMUSG00000024521	Pmaip1	IDA, IMP, ISO, RCA, IEA
CRE upregulated	GO:0065007	biological regulation	ENSMUSG00000026317	Cln8	IMP
CRE upregulated	GO:0065007	biological regulation	ENSMUSG00000026821	Ralgds	IBA, IEA
CRE upregulated	GO:0065007	biological regulation	ENSMUSG00000061039	Or8b53	ISA, IBA, IEA
CRE upregulated	GO:0065007	biological regulation	ENSMUSG00000044667	Plppr4	IDA, IMP, IBA
CRE upregulated	GO:0065007	biological regulation	ENSMUSG00000033955	Tnks1bp1	IEA
CRE upregulated	GO:0065007	biological regulation	ENSMUSG00000028145	Them4	ISS, IEA
CRE upregulated	GO:0065007	biological regulation	ENSMUSG00000026107	Nabp1	ISS, ISO, IEA
CRE upregulated	GO:0065007	biological regulation	ENSMUSG00000024360	Etf1	IEA
CRE upregulated	GO:0065007	biological regulation	ENSMUSG00000027455	Nsfl1c	IEA
CRE upregulated	GO:0065007	biological regulation	ENSMUSG00000054008	Ndst1	IMP, IGI
CRE upregulated	GO:0065007	biological regulation	ENSMUSG00000057531	Dtnbp1	IDA, IMP, ISS, ISO, IBA, IEA
CRE upregulated	GO:0065007	biological regulation	ENSMUSG00000038552	Fndc4	IDA, IBA, IEA
CRE upregulated	GO:0065007	biological regulation	ENSMUSG00000058355	Abce1	IEA
CRE upregulated	GO:0065007	biological regulation	ENSMUSG00000000134	Tfe3	IDA, IMP, IGI, ISS, IBA, IEA
CRE upregulated	GO:0065007	biological regulation	ENSMUSG00000008393	Carhsp1	IMP, IBA, IEA
CRE upregulated	GO:0065007	biological regulation	ENSMUSG00000004768	Rab23	IEA
CRE upregulated	GO:0065007	biological regulation	ENSMUSG00000015837	Sqstm1	IDA, IMP, ISS, ISO, IEA
CRE upregulated	GO:0065007	biological regulation	ENSMUSG00000022951	Rcan1	IMP, IGI, ISS, ISO, IBA, IEA
CRE upregulated	GO:0065007	biological regulation	ENSMUSG00000028901	Gmeb1	IDA, IBA
CRE upregulated	GO:0065007	biological regulation	ENSMUSG00000030309	Caprin2	IMP, ISS, IBA, IEA
CRE upregulated	GO:0065007	biological regulation	ENSMUSG00000029131	Dnajb6	IDA, IEA
CRE upregulated	GO:0065007	biological regulation	ENSMUSG00000036737	Oxsr1	IMP, IGI, ISS, IBA, IEA
CRE upregulated	GO:0065007	biological regulation	ENSMUSG00000037580	Gch1	IMP, ISO, NAS, IEA
CRE upregulated	GO:0065007	biological regulation	ENSMUSG00000023087	Noct	IMP, IGI
CRE upregulated	GO:0065007	biological regulation	ENSMUSG00000031955	Bcar1	IDA, ISS, ISO, IBA, IEA
CRE upregulated	GO:0065007	biological regulation	ENSMUSG00000001627	Ifrd1	IGI, ISO
CRE upregulated	GO:0065007	biological regulation	ENSMUSG00000036057	Ptpn23	IEA
CRE upregulated	GO:0065007	biological regulation	ENSMUSG00000015316	Slamf1	IDA, IMP, IBA, IEA
CRE upregulated	GO:0065007	biological regulation	ENSMUSG00000032502	Stac	IMP, IBA
CRE upregulated	GO:0065007	biological regulation	ENSMUSG00000029765	Plxna4	IMP, IGI, IBA, IEA
CRE upregulated	GO:0065007	biological regulation	ENSMUSG00000020015	Cdk17	IEA
CRE upregulated	GO:0065007	biological regulation	ENSMUSG00000022433	Csnk1e	IMP, IGI, ISO, IBA, IEA
CRE upregulated	GO:0065007	biological regulation	ENSMUSG00000022346	Myc	IDA, IMP, IGI, ISS, ISO, IBA, IEA
CRE upregulated	GO:0065007	biological regulation	ENSMUSG00000036478	Btg1	IDA, ISS, ISO, IBA, NAS, IEA
CRE upregulated	GO:0065007	biological regulation	ENSMUSG00000053113	Socs3	IDA, IGI, ISO, IEA
CRE upregulated	GO:0065007	biological regulation	ENSMUSG00000036437	Npy1r	IMP, ISO, IEA
CRE upregulated	GO:0065007	biological regulation	ENSMUSG00000030616	Sytl2	IMP
CRE upregulated	GO:0065007	biological regulation	ENSMUSG00000047604	Frat2	IGI, ISS
CRE upregulated	GO:0065007	biological regulation	ENSMUSG00000026072	Il1r1	IDA, IMP, ISS, ISO, IBA, IEA
CRE upregulated	GO:0065007	biological regulation	ENSMUSG00000027954	Efna1	IDA, IMP, IBA, IEA
CRE upregulated	GO:0065007	biological regulation	ENSMUSG00000026247	Ecel1	ISO
CRE upregulated	GO:0065007	biological regulation	ENSMUSG00000023032	Slc4a8	EXP, IDA, IMP, ISO, IBA, IEA
CRE upregulated	GO:0065007	biological regulation	ENSMUSG00000024789	Jak2	IDA, IMP, IGI, ISS, ISO, IBA, TAS, NAS, IEA
CRE upregulated	GO:0065007	biological regulation	ENSMUSG00000010095	Slc3a2	IEA
CRE upregulated	GO:0065007	biological regulation	ENSMUSG00000038949	Cnst	ISS, IBA, IEA
CRE upregulated	GO:0065007	biological regulation	ENSMUSG00000004040	ENSMUSG00000004040	IDA, IMP, IGI, ISS, ISO, IBA, TAS, NAS, IEA
CRE upregulated	GO:0065007	biological regulation	ENSMUSG00000042292	Mrtfa	IDA, ISS, ISO, IBA, IEA
CRE upregulated	GO:0065007	biological regulation	ENSMUSG00000061589	Dot1l	ISO, IBA, IEA
CRE upregulated	GO:0065007	biological regulation	ENSMUSG00000003269	Cyth2	IEA
CRE upregulated	GO:0065007	biological regulation	ENSMUSG00000022602	Arc	IDA, IMP, ISS, ISO, IBA, IEA
CRE upregulated	GO:0065007	biological regulation	ENSMUSG00000022555	Dgat1	ISO, IEA
CRE upregulated	GO:0065007	biological regulation	ENSMUSG00000020027	Socs2	IDA, IMP, IGI, IEA
CRE upregulated	GO:0065007	biological regulation	ENSMUSG00000109511	Nup62	IMP, ISS, ISO, IEA
CRE upregulated	GO:0065007	biological regulation	ENSMUSG00000029135	Fosl2	IDA, IMP, ISO, IBA, IEA
CRE upregulated	GO:0065007	biological regulation	ENSMUSG00000054136	Adm2	ISO, IBA, IEA
CRE upregulated	GO:0065007	biological regulation	ENSMUSG00000020395	Itk	IMP, IBA, IEA
CRE upregulated	GO:0065007	biological regulation	ENSMUSG00000036990	Otud4	IDA, ISS, IBA, IEA
CRE upregulated	GO:0065007	biological regulation	ENSMUSG00000047554	Tmem41b	IEA
CRE upregulated	GO:0065007	biological regulation	ENSMUSG00000029860	Zyx	IMP, IBA, IEA
CRE upregulated	GO:0065007	biological regulation	ENSMUSG00000044017	Adgrd1	ISS, IBA, IEA
CRE upregulated	GO:0065007	biological regulation	ENSMUSG00000004347	ENSMUSG00000004347	ISO, IBA, IEA
CRE upregulated	GO:0065007	biological regulation	ENSMUSG00000031310	ENSMUSG00000031310	ISS, IEA
CRE upregulated	GO:0065007	biological regulation	ENSMUSG00000018143	Mafk	IDA, IBA, IEA
CRE upregulated	GO:0065007	biological regulation	ENSMUSG00000029826	Zc3hav1	IDA, ISS, ISO, IBA, TAS, IEA
CRE upregulated	GO:0065007	biological regulation	ENSMUSG00000050335	Lgals3	IEA
CRE upregulated	GO:0065007	biological regulation	ENSMUSG00000037851	Iars1	IEA
CRE upregulated	GO:0065007	biological regulation	ENSMUSG00000024190	Dusp1	IMP, ISS, ISO, IBA, IEA
CRE upregulated	GO:0065007	biological regulation	ENSMUSG00000063919	Srrm4	IDA, IMP, ISS, IBA, IEA
CRE upregulated	GO:0065007	biological regulation	ENSMUSG00000030223	ENSMUSG00000030223	IDA, IMP, ISS, ISO, IBA, IEA
CRE upregulated	GO:0065007	biological regulation	ENSMUSG00000035236	Scai	IDA, IGI, IEA
CRE upregulated	GO:0065007	biological regulation	ENSMUSG00000027797	Dclk1	IDA, IMP, IEA
CRE upregulated	GO:0065007	biological regulation	ENSMUSG00000031960	Aars1	IMP, ISS, IEA
CRE upregulated	GO:0065007	biological regulation	ENSMUSG00000020358	Hnrnpab	IDA, IGI, ISO, IBA, IEA
CRE upregulated	GO:0065007	biological regulation	ENSMUSG00000059866	Tnip2	IDA, IMP, ISS, IBA, IEA
CRE upregulated	GO:0065007	biological regulation	ENSMUSG00000004865	ENSMUSG00000004865	IDA, IBA, IEA
CRE upregulated	GO:0065007	biological regulation	ENSMUSG00000036882	ENSMUSG00000036882	IDA, IMP, ISO, IBA, IEA
CRE upregulated	GO:0065007	biological regulation	ENSMUSG00000041594	ENSMUSG00000041594	IMP, IBA
CRE upregulated	GO:0065007	biological regulation	ENSMUSG00000027806	Tsc22d2	ISS, IEA
CRE upregulated	GO:0065007	biological regulation	ENSMUSG00000017615	Tnfaip1	ISS, ISO, IBA, IEA
CRE upregulated	GO:0065007	biological regulation	ENSMUSG00000033545	Znrf1	IEA
CRE upregulated	GO:0065007	biological regulation	ENSMUSG00000026930	Gpsm1	ISO
CRE upregulated	GO:0065007	biological regulation	ENSMUSG00000040033	ENSMUSG00000040033	IEA
CRE upregulated	GO:0065007	biological regulation	ENSMUSG00000021360	ENSMUSG00000021360	IMP, IBA, IEA
CRE upregulated	GO:0065007	biological regulation	ENSMUSG00000059316	Slc27a4	IDA, IEA
CRE upregulated	GO:0065007	biological regulation	ENSMUSG00000024803	Ankrd1	IDA, IGI, ISO, IBA, IEA
CRE upregulated	GO:0065007	biological regulation	ENSMUSG00000031934	ENSMUSG00000031934	IMP, ISO, IBA, IEA
CRE upregulated	GO:0065007	biological regulation	ENSMUSG00000018565	Elp5	IMP
CRE upregulated	GO:0065007	biological regulation	ENSMUSG00000021306	Gpr137b	IEA
CRE upregulated	GO:0065007	biological regulation	ENSMUSG00000032497	Lrrfip2	IEA
CRE upregulated	GO:0065007	biological regulation	ENSMUSG00000023915	Tnfrsf21	IMP, IBA, IEA
CRE upregulated	GO:0065007	biological regulation	ENSMUSG00000024912	Fosl1	IMP, ISO, IBA, IEA
CRE upregulated	GO:0065007	biological regulation	ENSMUSG00000024927	Rela	IDA, IMP, ISS, ISO, IBA, TAS, IEA
CRE upregulated	GO:0065007	biological regulation	ENSMUSG00000029458	ENSMUSG00000029458	ISO, IBA, IEA
CRE upregulated	GO:0065007	biological regulation	ENSMUSG00000042608	Stk40	IMP
CRE upregulated	GO:0065007	biological regulation	ENSMUSG00000053716	Dusp7	IBA
CRE upregulated	GO:0065007	biological regulation	ENSMUSG00000036206	Sh3bp4	ISS, IEA
CRE upregulated	GO:0065007	biological regulation	ENSMUSG00000025793	ENSMUSG00000025793	IEA
CRE upregulated	GO:0065007	biological regulation	ENSMUSG00000038591	Colec10	IEA
CRE upregulated	GO:0065007	biological regulation	ENSMUSG00000027692	Tnik	IDA, IMP, ISS, ISO, IBA, IEA
CRE upregulated	GO:0065007	biological regulation	ENSMUSG00000003435	ENSMUSG00000003435	ISO, IEA
CRE upregulated	GO:0065007	biological regulation	ENSMUSG00000050730	Arhgap42	IMP, IGI, IEA
CRE upregulated	GO:0065007	biological regulation	ENSMUSG00000055044	Pdlim1	IDA, IEA
CRE upregulated	GO:0065007	biological regulation	ENSMUSG00000024238	Zeb1	IDA, IMP, IGI, ISS, ISO, IBA, IEA
CRE upregulated	GO:0065007	biological regulation	ENSMUSG00000026718	ENSMUSG00000026718	IEA
CRE upregulated	GO:0065007	biological regulation	ENSMUSG00000026078	Pdcl3	IMP, ISO, IBA, IEA
CRE upregulated	GO:0065007	biological regulation	ENSMUSG00000028893	Sesn2	IDA, IMP, ISS, ISO, IBA, IEA
CRE upregulated	GO:0065007	biological regulation	ENSMUSG00000025279	ENSMUSG00000025279	IDA
CRE upregulated	GO:0065007	biological regulation	ENSMUSG00000038861	Pi4kb	IBA
CRE upregulated	GO:0065007	biological regulation	ENSMUSG00000024947	Men1	IDA, IMP, IGI, ISO, IBA, IEA
CRE upregulated	GO:0065007	biological regulation	ENSMUSG00000067006	ENSMUSG00000067006	IMP
CRE upregulated	GO:0065007	biological regulation	ENSMUSG00000029071	ENSMUSG00000029071	IDA, IMP, IGI, ISO, IBA, TAS, IEA
CRE upregulated	GO:0065007	biological regulation	ENSMUSG00000036894	Rap2b	IDA, IBA, IEA
CRE upregulated	GO:0065007	biological regulation	ENSMUSG00000022125	Cln5	ISS, IEA
CRE upregulated	GO:0065007	biological regulation	ENSMUSG00000040433	Zbtb38	ISO, IBA, IEA
CRE upregulated	GO:0065007	biological regulation	ENSMUSG00000044453	Ffar1	IDA, IMP, ISS, ISO, IBA, IEA
CRE upregulated	GO:0065007	biological regulation	ENSMUSG00000037514	Pank2	IMP, IEA
CRE upregulated	GO:0065007	biological regulation	ENSMUSG00000064210	ENSMUSG00000064210	IDA, IMP, ISS, ISO, IBA, IEA
CRE upregulated	GO:0065007	biological regulation	ENSMUSG00000032902	Slc16a1	IMP
CRE upregulated	GO:0065007	biological regulation	ENSMUSG00000032715	Trib3	IDA, IMP, ISS, ISO, IBA, TAS, IC, IEA
CRE upregulated	GO:0065007	biological regulation	ENSMUSG00000024777	ENSMUSG00000024777	ISO, IEA
CRE upregulated	GO:0065007	biological regulation	ENSMUSG00000035594	Chrna5	IDA, IMP, ISO, IBA, IEA
CRE upregulated	GO:0065007	biological regulation	ENSMUSG00000024335	Brd2	IDA, IMP, ISS, IBA, IEA
CRE upregulated	GO:0065007	biological regulation	ENSMUSG00000026074	Map4k4	IEA
CRE upregulated	GO:0065007	biological regulation	ENSMUSG00000040365	Trim41	ISS, IEA
CRE upregulated	GO:0065007	biological regulation	ENSMUSG00000048047	Zbtb33	ISS, IBA, IEA
CRE upregulated	GO:0065007	biological regulation	ENSMUSG00000020547	Bzw2	ISS, IEA
CRE upregulated	GO:0065007	biological regulation	ENSMUSG00000025485	ENSMUSG00000025485	IDA, ISO, IBA
CRE upregulated	GO:0065007	biological regulation	ENSMUSG00000020694	ENSMUSG00000020694	ISS, IBA, IEA
CRE upregulated	GO:0065007	biological regulation	ENSMUSG00000028466	Creb3	IEA
CRE upregulated	GO:0065007	biological regulation	ENSMUSG00000037876	Jmjd1c	IBA
CRE upregulated	GO:0065007	biological regulation	ENSMUSG00000022526	Zfp251	IBA, IEA
CRE upregulated	GO:0065007	biological regulation	ENSMUSG00000029175	Slc35f6	ISS, IEA
CRE upregulated	GO:0065007	biological regulation	ENSMUSG00000071637	Cebpd	IDA, ISO, IBA, IEA
CRE upregulated	GO:0065007	biological regulation	ENSMUSG00000066441	ENSMUSG00000066441	IMP, ISS, IEA
CRE upregulated	GO:0065007	biological regulation	ENSMUSG00000025162	ENSMUSG00000025162	IMP, IGI, IBA, IEA
CRE upregulated	GO:0065007	biological regulation	ENSMUSG00000010660	Plcd1	IGI, ISO, IBA, IEA
CRE upregulated	GO:0065007	biological regulation	ENSMUSG00000052921	Arhgef15	IDA, IMP, ISS, ISO
CRE upregulated	GO:0065007	biological regulation	ENSMUSG00000015776	Med22	NAS, IEA
CRE upregulated	GO:0065007	biological regulation	ENSMUSG00000031278	ENSMUSG00000031278	ISS, ISO, TAS
CRE upregulated	GO:0065007	biological regulation	ENSMUSG00000090291	Lrrc10b	IBA
CRE upregulated	GO:0065007	biological regulation	ENSMUSG00000031668	ENSMUSG00000031668	IEA
CRE upregulated	GO:0065007	biological regulation	ENSMUSG00000053175	Bcl3	IDA, IMP, IGI, ISO, IBA, IEA
CRE upregulated	GO:0065007	biological regulation	ENSMUSG00000068739	ENSMUSG00000068739	ISS, IEA
CRE upregulated	GO:0065007	biological regulation	ENSMUSG00000059796	Eif4a1	ISS, IEA
CRE upregulated	GO:0065007	biological regulation	ENSMUSG00000032599	ENSMUSG00000032599	IMP, IEA
CRE upregulated	GO:0065007	biological regulation	ENSMUSG00000040640	ENSMUSG00000040640	IDA, IMP, IBA
CRE upregulated	GO:0065007	biological regulation	ENSMUSG00000030199	Etv6	IDA, IBA, IEA
CRE upregulated	GO:0065007	biological regulation	ENSMUSG00000037815	Ctnna1	IMP, IGI
CRE upregulated	GO:0065007	biological regulation	ENSMUSG00000003154	Foxj2	IBA, IEA
CRE upregulated	GO:0065007	biological regulation	ENSMUSG00000040857	Erf	IEA
CRE upregulated	GO:0065007	biological regulation	ENSMUSG00000020349	ENSMUSG00000020349	IMP, ISS, ISO, TAS, IEA
CRE upregulated	GO:0065007	biological regulation	ENSMUSG00000024517	Grp	IDA, IMP, ISS, ISO, IBA, IEA
CRE upregulated	GO:0065007	biological regulation	ENSMUSG00000040118	ENSMUSG00000040118	IMP, ISS, ISO, IEA
CRE upregulated	GO:0065007	biological regulation	ENSMUSG00000023307	Marchf5	ISS, IBA, IEA
CRE upregulated	GO:0065007	biological regulation	ENSMUSG00000025340	Rabgef1	IDA, IMP
CRE upregulated	GO:0065007	biological regulation	ENSMUSG00000039108	ENSMUSG00000039108	IMP, IEA
CRE upregulated	GO:0065007	biological regulation	ENSMUSG00000085007	ENSMUSG00000085007	IMP
CRE upregulated	GO:0065007	biological regulation	ENSMUSG00000029752	ENSMUSG00000029752	IEA
CRE upregulated	GO:0065007	biological regulation	ENSMUSG00000021587	Pcsk1	IDA, IMP, ISO, IBA, IEA
CRE upregulated	GO:0065007	biological regulation	ENSMUSG00000033159	ENSMUSG00000033159	IEA
CRE upregulated	GO:0065007	biological regulation	ENSMUSG00000028599	Tnfrsf1b	IMP, IGI, IBA, IEA
CRE upregulated	GO:0065007	biological regulation	ENSMUSG00000033350	Chst2	IMP
CRE upregulated	GO:0065007	biological regulation	ENSMUSG00000004530	ENSMUSG00000004530	IMP, IGI, IEA
CRE upregulated	GO:0065007	biological regulation	ENSMUSG00000044147	Arf6	IDA, IMP, ISO, IBA, NAS, IEA
CRE upregulated	GO:0065007	biological regulation	ENSMUSG00000027605	Acss2	IEA
CRE upregulated	GO:0065007	biological regulation	ENSMUSG00000031532	Saraf	ISS, IBA, IEA
CRE upregulated	GO:0065007	biological regulation	ENSMUSG00000052298	Cdc42se2	ISS, IEA
CRE upregulated	GO:0065007	biological regulation	ENSMUSG00000030662	ENSMUSG00000030662	IMP, IEA
CRE upregulated	GO:0065007	biological regulation	ENSMUSG00000036180	ENSMUSG00000036180	ISS, IBA, NAS, IEA
CRE upregulated	GO:0065007	biological regulation	ENSMUSG00000011877	Git1	IDA, IMP, ISS, ISO, IBA, IEA
CRE upregulated	GO:0065007	biological regulation	ENSMUSG00000024270	ENSMUSG00000024270	ISS, IEA
CRE upregulated	GO:0065007	biological regulation	ENSMUSG00000040046	Tph1	IMP, ISO, IEA
CRE upregulated	GO:0065007	biological regulation	ENSMUSG00000039985	Sinhcaf	IMP, ISS, IBA, NAS, IEA
CRE upregulated	GO:0065007	biological regulation	ENSMUSG00000031937	ENSMUSG00000031937	IMP, IBA
CRE upregulated	GO:0065007	biological regulation	ENSMUSG00000052512	ENSMUSG00000052512	IMP
CRE upregulated	GO:0065007	biological regulation	ENSMUSG00000059991	ENSMUSG00000059991	ISO
CRE upregulated	GO:0065007	biological regulation	ENSMUSG00000025060	ENSMUSG00000025060	IMP, ISS, ISO, IBA, IEA
CRE upregulated	GO:0065007	biological regulation	ENSMUSG00000028602	Tnfrsf8	IEA
CRE upregulated	GO:0065007	biological regulation	ENSMUSG00000008435	Rdh13	IEA
CRE upregulated	GO:0065007	biological regulation	ENSMUSG00000055491	ENSMUSG00000055491	IBA
CRE upregulated	GO:0065007	biological regulation	ENSMUSG00000062234	ENSMUSG00000062234	IEA
CRE upregulated	GO:0065007	biological regulation	ENSMUSG00000052837	ENSMUSG00000052837	IDA, IMP, IBA, IEA
CRE upregulated	GO:0065007	biological regulation	ENSMUSG00000007411	ENSMUSG00000007411	ISS, IBA, IEA
CRE upregulated	GO:0065007	biological regulation	ENSMUSG00000013483	Card14	ISS, IEA
CRE upregulated	GO:0065007	biological regulation	ENSMUSG00000028840	Zfp593	IEA
CRE upregulated	GO:0065007	biological regulation	ENSMUSG00000047281	ENSMUSG00000047281	IDA, IMP, IGI, ISS, IBA, IEA
CRE upregulated	GO:0065007	biological regulation	ENSMUSG00000025351	Cd63	IMP, ISS, ISO, IBA, IEA
CRE upregulated	GO:0065007	biological regulation	ENSMUSG00000021796	Bmpr1a	IDA, IMP, IGI, IBA, IEA
CRE upregulated	GO:0065007	biological regulation	ENSMUSG00000031383	Dusp9	IDA, IBA
CRE upregulated	GO:0065007	biological regulation	ENSMUSG00000049649	Gpr3	IMP, ISO, IBA, IEA
CRE upregulated	GO:0065007	biological regulation	ENSMUSG00000019842	ENSMUSG00000019842	IDA, IMP, IGI, ISO, IBA, IEA
CRE upregulated	GO:0065007	biological regulation	ENSMUSG00000016534	ENSMUSG00000016534	IMP, ISS, IEA
CRE upregulated	GO:0065007	biological regulation	ENSMUSG00000024750	ENSMUSG00000024750	IMP
CRE upregulated	GO:0065007	biological regulation	ENSMUSG00000070056	ENSMUSG00000070056	IMP, ISS, IBA, IEA
CRE upregulated	GO:0065007	biological regulation	ENSMUSG00000034543	ENSMUSG00000034543	IMP, ISS
CRE upregulated	GO:0065007	biological regulation	ENSMUSG00000029110	ENSMUSG00000029110	IDA, ISS, ISO, IBA, IEA
CRE upregulated	GO:0065007	biological regulation	ENSMUSG00000021890	ENSMUSG00000021890	ISO, IEA
CRE upregulated	GO:0065007	biological regulation	ENSMUSG00000041598	Cdc42ep4	IDA, IBA, IEA
CRE upregulated	GO:0065007	biological regulation	ENSMUSG00000045664	Cdc42ep2	IBA, IEA
CRE upregulated	GO:0065007	biological regulation	ENSMUSG00000027465	Tbc1d20	IEA
CRE upregulated	GO:0065007	biological regulation	ENSMUSG00000045763	ENSMUSG00000045763	ISS, IBA, IEA
CRE upregulated	GO:0065007	biological regulation	ENSMUSG00000037860	Aim2	IDA, IMP, IGI, ISO, IBA, NAS, IEA
CRE upregulated	GO:0065007	biological regulation	ENSMUSG00000020250	ENSMUSG00000020250	ISO
CRE upregulated	GO:0065007	biological regulation	ENSMUSG00000028434	Epb41l4b	IEA
CRE upregulated	GO:0065007	biological regulation	ENSMUSG00000109336	ENSMUSG00000109336	IEA
CRE upregulated	GO:0065007	biological regulation	ENSMUSG00000039191	Rbpj	IDA, IMP, IGI, ISS, ISO, IBA, TAS, IEA
CRE upregulated	GO:0065007	biological regulation	ENSMUSG00000000001	ENSMUSG00000000001	ISS, ISO, IBA, TAS, IEA
CRE upregulated	GO:0065007	biological regulation	ENSMUSG00000022270	ENSMUSG00000022270	IMP, IBA, IEA
CRE upregulated	GO:0065007	biological regulation	ENSMUSG00000048668	Rhno1	IEA
CRE upregulated	GO:0065007	biological regulation	ENSMUSG00000019256	ENSMUSG00000019256	IEA
CRE upregulated	GO:0065007	biological regulation	ENSMUSG00000022656	ENSMUSG00000022656	IDA, IMP
CRE upregulated	GO:0065007	biological regulation	ENSMUSG00000039844	ENSMUSG00000039844	IMP, IGI, ISO, IBA, IEA
CRE upregulated	GO:0065007	biological regulation	ENSMUSG00000035725	ENSMUSG00000035725	ISS, IBA, IEA
CRE upregulated	GO:0065007	biological regulation	ENSMUSG00000046962	ENSMUSG00000046962	IBA, IEA
CRE upregulated	GO:0065007	biological regulation	ENSMUSG00000019763	ENSMUSG00000019763	ISS, IBA, IEA
CRE upregulated	GO:0065007	biological regulation	ENSMUSG00000051316	Taf7	IDA, ISS, ISO, IBA, NAS, IEA
CRE upregulated	GO:0065007	biological regulation	ENSMUSG00000001552	ENSMUSG00000001552	IBA, IEA
CRE upregulated	GO:0065007	biological regulation	ENSMUSG00000040010	Slc7a5	ISO, IEA
CRE upregulated	GO:0065007	biological regulation	ENSMUSG00000000346	Dazap2	IMP, ISS, IEA
CRE upregulated	GO:0065007	biological regulation	ENSMUSG00000017677	Wsb1	IEA
CRE upregulated	GO:0065007	biological regulation	ENSMUSG00000040463	ENSMUSG00000040463	IDA, ISO, NAS, IEA
CRE upregulated	GO:0065007	biological regulation	ENSMUSG00000004099	ENSMUSG00000004099	IDA, IMP, IGI, ISO, IBA, IEA
CRE upregulated	GO:0065007	biological regulation	ENSMUSG00000022858	ENSMUSG00000022858	IMP, ISS, IBA, IEA
CRE upregulated	GO:0065007	biological regulation	ENSMUSG00000027997	Casp6	ISS, ISO, IBA, RCA, IEA
CRE upregulated	GO:0065007	biological regulation	ENSMUSG00000058354	Krt6a	IDA
CRE upregulated	GO:0065007	biological regulation	ENSMUSG00000053007	Creb5	IEA
CRE upregulated	GO:0065007	biological regulation	ENSMUSG00000023952	ENSMUSG00000023952	IMP
CRE upregulated	GO:0065007	biological regulation	ENSMUSG00000061947	ENSMUSG00000061947	IEA
CRE upregulated	GO:0065007	biological regulation	ENSMUSG00000020594	ENSMUSG00000020594	IMP, ISS, ISO, IBA, IEA
CRE upregulated	GO:0065007	biological regulation	ENSMUSG00000011256	ENSMUSG00000011256	ISS
CRE upregulated	GO:0065007	biological regulation	ENSMUSG00000020448	Rnf185	ISS, IEA
CRE upregulated	GO:0065007	biological regulation	ENSMUSG00000000787	ENSMUSG00000000787	IDA, IMP, ISS, IBA, IEA
CRE upregulated	GO:0065007	biological regulation	ENSMUSG00000008859	ENSMUSG00000008859	IDA, ISS, ISO, IBA, IEA
CRE upregulated	GO:0065007	biological regulation	ENSMUSG00000008730	Hipk1	IGI, ISS, IBA, IEA
CRE upregulated	GO:0065007	biological regulation	ENSMUSG00000059288	ENSMUSG00000059288	IDA, IEA
CRE upregulated	GO:0065007	biological regulation	ENSMUSG00000054934	Kcnmb4	ISS, IEA
CRE upregulated	GO:0065007	biological regulation	ENSMUSG00000022948	Setd4	IDA, IMP, IBA
CRE upregulated	GO:0065007	biological regulation	ENSMUSG00000046722	ENSMUSG00000046722	ISS, IEA
CRE upregulated	GO:0065007	biological regulation	ENSMUSG00000022094	ENSMUSG00000022094	IMP
CRE upregulated	GO:0065007	biological regulation	ENSMUSG00000038676	Ucn	IMP, ISO, IBA, IEA
CRE upregulated	GO:0065007	biological regulation	ENSMUSG00000059743	ENSMUSG00000059743	ISO
CRE upregulated	GO:0065007	biological regulation	ENSMUSG00000038467	ENSMUSG00000038467	IMP, ISO, IEA
CRE upregulated	GO:0065007	biological regulation	ENSMUSG00000052681	Rap1b	IDA, IGI, ISS, IBA, IEA
CRE upregulated	GO:0065007	biological regulation	ENSMUSG00000066595	ENSMUSG00000066595	IMP
CRE upregulated	GO:0065007	biological regulation	ENSMUSG00000037553	ENSMUSG00000037553	ISS, IEA
CRE upregulated	GO:0065007	biological regulation	ENSMUSG00000020097	ENSMUSG00000020097	IMP, ISS, IEA
CRE upregulated	GO:0065007	biological regulation	ENSMUSG00000042185	ENSMUSG00000042185	IDA, IMP, ISO, IEA
CRE upregulated	GO:0065007	biological regulation	ENSMUSG00000025403	ENSMUSG00000025403	IMP, ISO, IEA
CRE upregulated	GO:0065007	biological regulation	ENSMUSG00000028826	ENSMUSG00000028826	ISS, IBA, IEA
CRE upregulated	GO:0065007	biological regulation	ENSMUSG00000032508	Myd88	IDA, IMP, IGI, ISS, ISO, IBA, TAS, IEA
CRE upregulated	GO:0065007	biological regulation	ENSMUSG00000028370	Pappa	IBA
CRE upregulated	GO:0065007	biological regulation	ENSMUSG00000026864	ENSMUSG00000026864	IDA, IMP, IGI, ISS, ISO, IBA, TAS, IEA
CRE upregulated	GO:0065007	biological regulation	ENSMUSG00000021072	Tmx1	IMP, ISS, IEA
CRE upregulated	GO:0065007	biological regulation	ENSMUSG00000002633	Shh	IDA, IMP, IGI, ISS, ISO, IBA, TAS, IEA
CRE upregulated	GO:0065007	biological regulation	ENSMUSG00000008384	Sertad1	IDA, IGI, ISO, IEA
CRE upregulated	GO:0065007	biological regulation	ENSMUSG00000032540	ENSMUSG00000032540	IDA, IMP, IBA, IEA
CRE upregulated	GO:0065007	biological regulation	ENSMUSG00000028680	ENSMUSG00000028680	IEA
CRE upregulated	GO:0065007	biological regulation	ENSMUSG00000053581	ENSMUSG00000053581	IMP
CRE upregulated	GO:0065007	biological regulation	ENSMUSG00000032462	ENSMUSG00000032462	IMP, IGI, ISO, IBA, IEA
CRE upregulated	GO:0065007	biological regulation	ENSMUSG00000025198	ENSMUSG00000025198	IBA, IEA
CRE upregulated	GO:0065007	biological regulation	ENSMUSG00000049807	Arhgap23	IEA
CRE upregulated	GO:0065007	biological regulation	ENSMUSG00000004270	ENSMUSG00000004270	IDA, IMP
CRE upregulated	GO:0065007	biological regulation	ENSMUSG00000027944	Hax1	IBA, TAS, IEA
CRE upregulated	GO:0065007	biological regulation	ENSMUSG00000039671	ENSMUSG00000039671	ISO, IEA
CRE upregulated	GO:0065007	biological regulation	ENSMUSG00000005089	Slc1a2	IMP
CRE upregulated	GO:0065007	biological regulation	ENSMUSG00000037907	ENSMUSG00000037907	ISS, IEA
CRE upregulated	GO:0065007	biological regulation	ENSMUSG00000045174	ENSMUSG00000045174	IBA, IEA
CRE upregulated	GO:0065007	biological regulation	ENSMUSG00000029145	ENSMUSG00000029145	ISS, IEA
CRE upregulated	GO:0065007	biological regulation	ENSMUSG00000067586	ENSMUSG00000067586	IDA, IMP, IBA, IEA
CRE upregulated	GO:0065007	biological regulation	ENSMUSG00000038250	ENSMUSG00000038250	IEA
CRE upregulated	GO:0065007	biological regulation	ENSMUSG00000056050	ENSMUSG00000056050	IEA
CRE upregulated	GO:0065007	biological regulation	ENSMUSG00000063952	Brpf3	ISS, IBA, NAS, IEA
CRE upregulated	GO:0065007	biological regulation	ENSMUSG00000040652	ENSMUSG00000040652	IDA, IBA
CRE upregulated	GO:0065007	biological regulation	ENSMUSG00000048027	ENSMUSG00000048027	IDA, IBA
CRE upregulated	GO:0065007	biological regulation	ENSMUSG00000028291	ENSMUSG00000028291	IDA, IMP, ISO, IBA, IEA
CRE upregulated	GO:0065007	biological regulation	ENSMUSG00000037411	Serpine1	IEA
CRE upregulated	GO:0065007	biological regulation	ENSMUSG00000078676	ENSMUSG00000078676	ISS, ISO, IEA
CRE upregulated	GO:0065007	biological regulation	ENSMUSG00000020340	ENSMUSG00000020340	IMP, IEA
CRE upregulated	GO:0065007	biological regulation	ENSMUSG00000028382	ENSMUSG00000028382	IMP, ISO, IBA, IEA
CRE upregulated	GO:0065007	biological regulation	ENSMUSG00000037465	Klf10	IDA, IMP, ISS, ISO, IBA, IEA
CRE upregulated	GO:0065007	biological regulation	ENSMUSG00000024613	ENSMUSG00000024613	ISS, IEA
CRE upregulated	GO:0065007	biological regulation	ENSMUSG00000023277	ENSMUSG00000023277	IDA, ISO, IBA, IC, IEA
CRE upregulated	GO:0065007	biological regulation	ENSMUSG00000051209	ENSMUSG00000051209	IDA, IBA, IEA
CRE upregulated	GO:0065007	biological regulation	ENSMUSG00000019843	ENSMUSG00000019843	IDA, IMP, IGI, ISO, IBA, IEA
CRE upregulated	GO:0065007	biological regulation	ENSMUSG00000020755	ENSMUSG00000020755	IEA
CRE upregulated	GO:0065007	biological regulation	ENSMUSG00000024493	ENSMUSG00000024493	IEA
CRE upregulated	GO:0065007	biological regulation	ENSMUSG00000027646	ENSMUSG00000027646	IDA, IMP, IGI, ISO, IBA, IEA
CRE upregulated	GO:0065007	biological regulation	ENSMUSG00000052316	ENSMUSG00000052316	IEA
CRE upregulated	GO:0065007	biological regulation	ENSMUSG00000020680	ENSMUSG00000020680	ISO, IEA
CRE upregulated	GO:0065007	biological regulation	ENSMUSG00000021340	ENSMUSG00000021340	IEA
CRE upregulated	GO:0065007	biological regulation	ENSMUSG00000033991	ENSMUSG00000033991	ISS, IBA, IEA
CRE upregulated	GO:0065007	biological regulation	ENSMUSG00000029313	Aff1	IEA
CRE upregulated	GO:0065007	biological regulation	ENSMUSG00000004698	ENSMUSG00000004698	IEA
CRE upregulated	GO:0065007	biological regulation	ENSMUSG00000046761	ENSMUSG00000046761	ISS, IBA, IEA
CRE upregulated	GO:0065007	biological regulation	ENSMUSG00000032501	Trib1	IDA, IMP, ISS, IBA, IC, IEA
CRE upregulated	GO:0065007	biological regulation	ENSMUSG00000003119	ENSMUSG00000003119	IMP, ISS, ISO, IBA, IEA
CRE upregulated	GO:0065007	biological regulation	ENSMUSG00000025027	Xpnpep1	ISS, IEA
CRE upregulated	GO:0065007	biological regulation	ENSMUSG00000053825	ENSMUSG00000053825	IEA
CRE upregulated	GO:0065007	biological regulation	ENSMUSG00000031642	Sh3rf1	IEA
CRE upregulated	GO:0065007	biological regulation	ENSMUSG00000042197	ENSMUSG00000042197	ISS, IBA, IEA
CRE upregulated	GO:0065007	biological regulation	ENSMUSG00000055067	ENSMUSG00000055067	IMP
CRE upregulated	GO:0065007	biological regulation	ENSMUSG00000047261	ENSMUSG00000047261	ISO, IEA
CRE upregulated	GO:0065007	biological regulation	ENSMUSG00000074886	ENSMUSG00000074886	ISO, IBA, IEA
CRE upregulated	GO:0065007	biological regulation	ENSMUSG00000021282	ENSMUSG00000021282	IEA
CRE upregulated	GO:0065007	biological regulation	ENSMUSG00000031073	Fgf15	IGI, ISO, IBA, IEA
CRE upregulated	GO:0065007	biological regulation	ENSMUSG00000027433	ENSMUSG00000027433	IBA
CRE upregulated	GO:0065007	biological regulation	ENSMUSG00000002797	Ggct	ISS, IEA
CRE upregulated	GO:0065007	biological regulation	ENSMUSG00000038205	ENSMUSG00000038205	IGI, IBA
CRE upregulated	GO:0065007	biological regulation	ENSMUSG00000036667	ENSMUSG00000036667	IBA, IEA
CRE upregulated	GO:0065007	biological regulation	ENSMUSG00000029762	Akr1b8	IEA
CRE upregulated	GO:0065007	biological regulation	ENSMUSG00000015839	Nfe2l2	IDA, IMP, IGI, ISS, ISO, IBA, IEA
CRE upregulated	GO:0065007	biological regulation	ENSMUSG00000049550	ENSMUSG00000049550	ISS, ISO, IBA, IEA
CRE upregulated	GO:0065007	biological regulation	ENSMUSG00000021477	ENSMUSG00000021477	IMP, ISS, IBA
CRE upregulated	GO:0065007	biological regulation	ENSMUSG00000034006	ENSMUSG00000034006	IBA
CRE upregulated	GO:0065007	biological regulation	ENSMUSG00000000627	ENSMUSG00000000627	ISO, IBA, IEA
CRE upregulated	GO:0065007	biological regulation	ENSMUSG00000022332	ENSMUSG00000022332	IDA, ISO, IBA, IEA
CRE upregulated	GO:0065007	biological regulation	ENSMUSG00000040843	ENSMUSG00000040843	IBA, IEA
CRE upregulated	GO:0065007	biological regulation	ENSMUSG00000019998	ENSMUSG00000019998	IEA
CRE upregulated	GO:0065007	biological regulation	ENSMUSG00000054499	ENSMUSG00000054499	IBA, RCA, IEA
CRE upregulated	GO:0065007	biological regulation	ENSMUSG00000024907	Gal	IMP, ISS, ISO, IBA, IEA
CRE upregulated	GO:0065007	biological regulation	ENSMUSG00000031751	ENSMUSG00000031751	IMP, IBA, IEA
CRE upregulated	GO:0065007	biological regulation	ENSMUSG00000054204	ENSMUSG00000054204	ISS, IBA, IEA
CRE upregulated	GO:0065007	biological regulation	ENSMUSG00000046707	ENSMUSG00000046707	IDA, ISS, IBA, IEA
CRE upregulated	GO:0065007	biological regulation	ENSMUSG00000053797	ENSMUSG00000053797	IEA
CRE upregulated	GO:0065007	biological regulation	ENSMUSG00000003541	ENSMUSG00000003541	IDA, IMP, IEA
CRE upregulated	GO:0065007	biological regulation	ENSMUSG00000024287	ENSMUSG00000024287	RCA, IEA
CRE upregulated	GO:0065007	biological regulation	ENSMUSG00000024026	ENSMUSG00000024026	IDA, ISS, IEA
CRE upregulated	GO:0065007	biological regulation	ENSMUSG00000029475	ENSMUSG00000029475	IDA, IMP, IBA
CRE upregulated	GO:0051234	establishment of localization	ENSMUSG00000063632	Sox11	IMP
CRE upregulated	GO:0051234	establishment of localization	ENSMUSG00000037428	Vgf	IGI
CRE upregulated	GO:0051234	establishment of localization	ENSMUSG00000042816	Gpr151	EXP, IDA, IMP
CRE upregulated	GO:0051234	establishment of localization	ENSMUSG00000031574	Star	IBA, IEA
CRE upregulated	GO:0051234	establishment of localization	ENSMUSG00000004951	Hspb1	ISS, IEA
CRE upregulated	GO:0051234	establishment of localization	ENSMUSG00000025473	Adam8	IEA
CRE upregulated	GO:0051234	establishment of localization	ENSMUSG00000050164	Mchr1	ISO, IEA
CRE upregulated	GO:0051234	establishment of localization	ENSMUSG00000028494	Plin2	IDA
CRE upregulated	GO:0051234	establishment of localization	ENSMUSG00000030898	Cckbr	IMP, IGI, ISO
CRE upregulated	GO:0051234	establishment of localization	ENSMUSG00000024143	Rhoq	IBA, IC, IEA
CRE upregulated	GO:0051234	establishment of localization	ENSMUSG00000030748	Il4ra	IMP
CRE upregulated	GO:0051234	establishment of localization	ENSMUSG00000030102	Itpr1	IDA, IMP, IGI, ISS, ISO, IBA, IEA
CRE upregulated	GO:0051234	establishment of localization	ENSMUSG00000024891	Slc29a2	IDA, IGI, ISS, ISO, IBA, IEA
CRE upregulated	GO:0051234	establishment of localization	ENSMUSG00000020427	Igfbp3	ISO
CRE upregulated	GO:0051234	establishment of localization	ENSMUSG00000023067	Cdkn1a	IMP, IEA
CRE upregulated	GO:0051234	establishment of localization	ENSMUSG00000006304	Arpc2	ISO
CRE upregulated	GO:0051234	establishment of localization	ENSMUSG00000041831	Sytl3	IDA, IBA, IEA
CRE upregulated	GO:0051234	establishment of localization	ENSMUSG00000109901	Chmp1b	ISO, IBA, NAS, IEA
CRE upregulated	GO:0051234	establishment of localization	ENSMUSG00000048807	Slc35e4	IBA
CRE upregulated	GO:0051234	establishment of localization	ENSMUSG00000030272	Camk1	IDA, IGI, IEA
CRE upregulated	GO:0051234	establishment of localization	ENSMUSG00000035621	Midn	ISO, IEA
CRE upregulated	GO:0051234	establishment of localization	ENSMUSG00000034300	Fam53c	IBA
CRE upregulated	GO:0051234	establishment of localization	ENSMUSG00000050989	Selenon	IMP, ISS
CRE upregulated	GO:0051234	establishment of localization	ENSMUSG00000024261	Syt4	EXP, IDA, IMP, ISO, IBA, TAS, IEA
CRE upregulated	GO:0051234	establishment of localization	ENSMUSG00000032939	Nup93	IBA, NAS, IEA
CRE upregulated	GO:0051234	establishment of localization	ENSMUSG00000043003	Rasef	IBA
CRE upregulated	GO:0051234	establishment of localization	ENSMUSG00000003153	Slc2a3	IDA, IMP, ISS, ISO, IBA, IEA
CRE upregulated	GO:0051234	establishment of localization	ENSMUSG00000048482	Bdnf	IPI
CRE upregulated	GO:0051234	establishment of localization	ENSMUSG00000024256	Adcyap1	IDA, ISS, ISO, IEA
CRE upregulated	GO:0051234	establishment of localization	ENSMUSG00000037458	Azin1	IDA, IBA, IEA
CRE upregulated	GO:0051234	establishment of localization	ENSMUSG00000021070	Bdkrb2	IEA
CRE upregulated	GO:0051234	establishment of localization	ENSMUSG00000018736	Ndel1	IDA, IGI, IBA, IEA
CRE upregulated	GO:0051234	establishment of localization	ENSMUSG00000002250	Ppard	IEP, ISO, NAS
CRE upregulated	GO:0051234	establishment of localization	ENSMUSG00000027198	Ext2	IGI
CRE upregulated	GO:0051234	establishment of localization	ENSMUSG00000018507	Trpv2	IMP, IEA
CRE upregulated	GO:0051234	establishment of localization	ENSMUSG00000078532	Nkain1	IBA, IEA
CRE upregulated	GO:0051234	establishment of localization	ENSMUSG00000021501	Caml	ISS, ISO, IBA, IEA
CRE upregulated	GO:0051234	establishment of localization	ENSMUSG00000041870	Ankrd13a	ISS, IEA
CRE upregulated	GO:0051234	establishment of localization	ENSMUSG00000038894	Irs2	IMP, IEA
CRE upregulated	GO:0051234	establishment of localization	ENSMUSG00000024883	Rin1	IEA
CRE upregulated	GO:0051234	establishment of localization	ENSMUSG00000035828	Pim3	IMP
CRE upregulated	GO:0051234	establishment of localization	ENSMUSG00000031545	Gpat4	IMP
CRE upregulated	GO:0051234	establishment of localization	ENSMUSG00000007041	Clic1	ISO, IBA, IEA
CRE upregulated	GO:0051234	establishment of localization	ENSMUSG00000005069	Pex5	IMP, ISS, IBA, TAS, IEA
CRE upregulated	GO:0051234	establishment of localization	ENSMUSG00000029518	Rab35	ISS, IBA, IEA
CRE upregulated	GO:0051234	establishment of localization	ENSMUSG00000020142	Slc1a4	IDA, ISO, IBA, IEA
CRE upregulated	GO:0051234	establishment of localization	ENSMUSG00000028789	Azin2	IDA, IBA
CRE upregulated	GO:0051234	establishment of localization	ENSMUSG00000026796	Niban2	IEA
CRE upregulated	GO:0051234	establishment of localization	ENSMUSG00000027540	Ptpn1	ISS, IEA
CRE upregulated	GO:0051234	establishment of localization	ENSMUSG00000038023	Atp6v0a2	IEA
CRE upregulated	GO:0051234	establishment of localization	ENSMUSG00000019461	Plscr3	IBA, IEA
CRE upregulated	GO:0051234	establishment of localization	ENSMUSG00000022661	Cd200	IEA
CRE upregulated	GO:0051234	establishment of localization	ENSMUSG00000039232	Stx11	IEA
CRE upregulated	GO:0051234	establishment of localization	ENSMUSG00000028063	Lmna	IMP, IBA
CRE upregulated	GO:0051234	establishment of localization	ENSMUSG00000029321	Slc10a6	ISO, IBA, IEA
CRE upregulated	GO:0051234	establishment of localization	ENSMUSG00000051343	Rab11fip5	IDA, IMP, IBA, IEA
CRE upregulated	GO:0051234	establishment of localization	ENSMUSG00000034226	Rhov	IBA
CRE upregulated	GO:0051234	establishment of localization	ENSMUSG00000001420	Tmem79	IMP, IBA
CRE upregulated	GO:0051234	establishment of localization	ENSMUSG00000034591	Slc41a2	IDA, IEA
CRE upregulated	GO:0051234	establishment of localization	ENSMUSG00000015341	Golga7	ISS, ISO, IBA, IEA
CRE upregulated	GO:0051234	establishment of localization	ENSMUSG00000028645	Slc2a1	IDA, ISO, IBA, IEA
CRE upregulated	GO:0051234	establishment of localization	ENSMUSG00000053436	Mapk14	IMP
CRE upregulated	GO:0051234	establishment of localization	ENSMUSG00000025809	Itgb1	IDA, IMP, ISO, IEA
CRE upregulated	GO:0051234	establishment of localization	ENSMUSG00000028156	Eif4e	IDA, IMP, IEA
CRE upregulated	GO:0051234	establishment of localization	ENSMUSG00000018362	Kpna2	IDA, ISS, IBA, IEA
CRE upregulated	GO:0051234	establishment of localization	ENSMUSG00000023030	Slc11a2	IDA, IMP, ISS, ISO, IBA, IEA
CRE upregulated	GO:0051234	establishment of localization	ENSMUSG00000011008	Mcoln2	IEA
CRE upregulated	GO:0051234	establishment of localization	ENSMUSG00000015243	Abca1	IDA, IMP, ISO, IBA, IEA
CRE upregulated	GO:0051234	establishment of localization	ENSMUSG00000022272	Myo10	ISS, IBA
CRE upregulated	GO:0051234	establishment of localization	ENSMUSG00000020592	Sdc1	IMP, IEA
CRE upregulated	GO:0051234	establishment of localization	ENSMUSG00000025746	Il6	IDA, IMP, ISO
CRE upregulated	GO:0051234	establishment of localization	ENSMUSG00000032231	Anxa2	IMP, ISO, IBA, NAS, IEA
CRE upregulated	GO:0051234	establishment of localization	ENSMUSG00000023387	Kcnk16	ISO, IBA, IEA
CRE upregulated	GO:0051234	establishment of localization	ENSMUSG00000021843	Ktn1	IEA
CRE upregulated	GO:0051234	establishment of localization	ENSMUSG00000073563	Csnk1g3	IBA
CRE upregulated	GO:0051234	establishment of localization	ENSMUSG00000031078	Cttn	IMP, ISS, ISO, IEA
CRE upregulated	GO:0051234	establishment of localization	ENSMUSG00000022607	Ptk2	IDA, ISO
CRE upregulated	GO:0051234	establishment of localization	ENSMUSG00000055994	Nod2	IMP
CRE upregulated	GO:0051234	establishment of localization	ENSMUSG00000040312	Cchcr1	IDA, IBA
CRE upregulated	GO:0051234	establishment of localization	ENSMUSG00000024014	Pim1	ISS
CRE upregulated	GO:0051234	establishment of localization	ENSMUSG00000037062	Sh3glb1	IMP, ISO
CRE upregulated	GO:0051234	establishment of localization	ENSMUSG00000034247	Plekhm1	ISS, IEA
CRE upregulated	GO:0051234	establishment of localization	ENSMUSG00000024772	Ehd1	IDA, IMP, ISS, IBA, IEA
CRE upregulated	GO:0051234	establishment of localization	ENSMUSG00000023169	Slc38a1	IDA, IMP, ISS, ISO, IBA, IEA
CRE upregulated	GO:0051234	establishment of localization	ENSMUSG00000027293	Ehd4	ISS, ISO, IBA, IEA
CRE upregulated	GO:0051234	establishment of localization	ENSMUSG00000035392	Dennd1a	IDA, ISS, IBA, IEA
CRE upregulated	GO:0051234	establishment of localization	ENSMUSG00000020435	Osbp2	IEA
CRE upregulated	GO:0051234	establishment of localization	ENSMUSG00000027613	Eif6	IBA, IEA
CRE upregulated	GO:0051234	establishment of localization	ENSMUSG00000033039	Micall1	ISS, IEA
CRE upregulated	GO:0051234	establishment of localization	ENSMUSG00000059923	Grb2	IEA
CRE upregulated	GO:0051234	establishment of localization	ENSMUSG00000049303	Syt12	ISO, IBA, IEA
CRE upregulated	GO:0051234	establishment of localization	ENSMUSG00000022848	Slc49a4	ISS, IEA
CRE upregulated	GO:0051234	establishment of localization	ENSMUSG00000042406	Atf4	IMP, ISO, IEA
CRE upregulated	GO:0051234	establishment of localization	ENSMUSG00000055078	Gabra5	IBA, IEA
CRE upregulated	GO:0051234	establishment of localization	ENSMUSG00000038267	Slc22a23	IEA
CRE upregulated	GO:0051234	establishment of localization	ENSMUSG00000040322	Slc25a24	ISS, IBA, IEA
CRE upregulated	GO:0051234	establishment of localization	ENSMUSG00000007458	M6pr	IDA, IBA, TAS, IEA
CRE upregulated	GO:0051234	establishment of localization	ENSMUSG00000020271	Fbxw11	IBA
CRE upregulated	GO:0051234	establishment of localization	ENSMUSG00000005950	P2rx5	IEA
CRE upregulated	GO:0051234	establishment of localization	ENSMUSG00000020838	Slc6a4	IDA, IMP, ISO, IBA, NAS, IEA
CRE upregulated	GO:0051234	establishment of localization	ENSMUSG00000031628	Casp3	IDA, IMP
CRE upregulated	GO:0051234	establishment of localization	ENSMUSG00000025408	Ddit3	IDA, IMP
CRE upregulated	GO:0051234	establishment of localization	ENSMUSG00000032078	Zpr1	IMP, ISS, IBA, IEA
CRE upregulated	GO:0051234	establishment of localization	ENSMUSG00000035199	Arl6ip5	IDA, ISO, IBA, IEA
CRE upregulated	GO:0051234	establishment of localization	ENSMUSG00000055407	Map6	ISO, IBA
CRE upregulated	GO:0051234	establishment of localization	ENSMUSG00000001847	Rac1	IDA, IMP, ISO, IBA, IEA
CRE upregulated	GO:0051234	establishment of localization	ENSMUSG00000018909	Arrb1	IMP, ISS, ISO, IBA, IEA
CRE upregulated	GO:0051234	establishment of localization	ENSMUSG00000024349	Sting1	IEA
CRE upregulated	GO:0051234	establishment of localization	ENSMUSG00000024521	Pmaip1	IMP
CRE upregulated	GO:0051234	establishment of localization	ENSMUSG00000026317	Cln8	IMP
CRE upregulated	GO:0051234	establishment of localization	ENSMUSG00000044667	Plppr4	IMP
CRE upregulated	GO:0051234	establishment of localization	ENSMUSG00000028145	Them4	ISS, IEA
CRE upregulated	GO:0051234	establishment of localization	ENSMUSG00000027455	Nsfl1c	IEA
CRE upregulated	GO:0051234	establishment of localization	ENSMUSG00000057531	Dtnbp1	IDA, IMP, ISO, IBA, IEA
CRE upregulated	GO:0051234	establishment of localization	ENSMUSG00000058355	Abce1	IBA, IEA
CRE upregulated	GO:0051234	establishment of localization	ENSMUSG00000004768	Rab23	IEA
CRE upregulated	GO:0051234	establishment of localization	ENSMUSG00000015837	Sqstm1	IDA, IMP, ISS, IEA
CRE upregulated	GO:0051234	establishment of localization	ENSMUSG00000030677	Kif22	ISS, IEA
CRE upregulated	GO:0051234	establishment of localization	ENSMUSG00000036737	Oxsr1	IGI, IEA
CRE upregulated	GO:0051234	establishment of localization	ENSMUSG00000036057	Ptpn23	IBA, IEA
CRE upregulated	GO:0051234	establishment of localization	ENSMUSG00000015316	Slamf1	IMP, IEA
CRE upregulated	GO:0051234	establishment of localization	ENSMUSG00000032502	Stac	IMP
CRE upregulated	GO:0051234	establishment of localization	ENSMUSG00000022433	Csnk1e	IBA
CRE upregulated	GO:0051234	establishment of localization	ENSMUSG00000022346	Myc	ISO
CRE upregulated	GO:0051234	establishment of localization	ENSMUSG00000042246	Tmc7	IEA
CRE upregulated	GO:0051234	establishment of localization	ENSMUSG00000036437	Npy1r	ISO
CRE upregulated	GO:0051234	establishment of localization	ENSMUSG00000030616	Sytl2	IDA, IMP, IBA, IEA
CRE upregulated	GO:0051234	establishment of localization	ENSMUSG00000047604	Frat2	ISS
CRE upregulated	GO:0051234	establishment of localization	ENSMUSG00000030650	Tmc5	IEA
CRE upregulated	GO:0051234	establishment of localization	ENSMUSG00000023032	Slc4a8	EXP, IDA, IMP, ISO, IBA, IEA
CRE upregulated	GO:0051234	establishment of localization	ENSMUSG00000024789	Jak2	ISS, ISO, IEA
CRE upregulated	GO:0051234	establishment of localization	ENSMUSG00000010095	Slc3a2	IDA, ISS, ISO, IBA, IEA
CRE upregulated	GO:0051234	establishment of localization	ENSMUSG00000038949	Cnst	ISS, IBA, IEA
CRE upregulated	GO:0051234	establishment of localization	ENSMUSG00000004040	ENSMUSG00000004040	ISS, ISO, IEA
CRE upregulated	GO:0051234	establishment of localization	ENSMUSG00000025178	Pi4k2a	ISO
CRE upregulated	GO:0051234	establishment of localization	ENSMUSG00000022602	Arc	IDA, IMP, ISS, ISO, IEA
CRE upregulated	GO:0051234	establishment of localization	ENSMUSG00000022555	Dgat1	ISO
CRE upregulated	GO:0051234	establishment of localization	ENSMUSG00000020027	Socs2	IMP, IGI
CRE upregulated	GO:0051234	establishment of localization	ENSMUSG00000109511	Nup62	ISO, IBA, NAS, IEA
CRE upregulated	GO:0051234	establishment of localization	ENSMUSG00000029135	Fosl2	IDA
CRE upregulated	GO:0051234	establishment of localization	ENSMUSG00000047554	Tmem41b	IEA
CRE upregulated	GO:0051234	establishment of localization	ENSMUSG00000004347	ENSMUSG00000004347	ISO
CRE upregulated	GO:0051234	establishment of localization	ENSMUSG00000033769	Exoc6b	IBA, NAS, IEA
CRE upregulated	GO:0051234	establishment of localization	ENSMUSG00000050335	Lgals3	IEA
CRE upregulated	GO:0051234	establishment of localization	ENSMUSG00000028255	Clca1	ISA, IEA
CRE upregulated	GO:0051234	establishment of localization	ENSMUSG00000036882	ENSMUSG00000036882	IEA
CRE upregulated	GO:0051234	establishment of localization	ENSMUSG00000033545	Znrf1	IEA
CRE upregulated	GO:0051234	establishment of localization	ENSMUSG00000026930	Gpsm1	IBA
CRE upregulated	GO:0051234	establishment of localization	ENSMUSG00000026426	ENSMUSG00000026426	IDA, IBA, IEA
CRE upregulated	GO:0051234	establishment of localization	ENSMUSG00000059316	Slc27a4	IDA, IMP, IGI, IBA, IEA
CRE upregulated	GO:0051234	establishment of localization	ENSMUSG00000024803	Ankrd1	IEA
CRE upregulated	GO:0051234	establishment of localization	ENSMUSG00000031934	ENSMUSG00000031934	IDA, ISS, IBA, IEA
CRE upregulated	GO:0051234	establishment of localization	ENSMUSG00000019188	ENSMUSG00000019188	IEA
CRE upregulated	GO:0051234	establishment of localization	ENSMUSG00000036206	Sh3bp4	IEA
CRE upregulated	GO:0051234	establishment of localization	ENSMUSG00000025793	ENSMUSG00000025793	ISO, IBA, IEA
CRE upregulated	GO:0051234	establishment of localization	ENSMUSG00000038591	Colec10	IEA
CRE upregulated	GO:0051234	establishment of localization	ENSMUSG00000002733	Plekha3	IBA
CRE upregulated	GO:0051234	establishment of localization	ENSMUSG00000026718	ENSMUSG00000026718	IBA, IEA
CRE upregulated	GO:0051234	establishment of localization	ENSMUSG00000028893	Sesn2	IMP
CRE upregulated	GO:0051234	establishment of localization	ENSMUSG00000029071	ENSMUSG00000029071	IDA, IMP, IGI
CRE upregulated	GO:0051234	establishment of localization	ENSMUSG00000042743	Sgtb	IBA
CRE upregulated	GO:0051234	establishment of localization	ENSMUSG00000022125	Cln5	IEA
CRE upregulated	GO:0051234	establishment of localization	ENSMUSG00000044453	Ffar1	IDA, IMP, ISO, IBA, IEA
CRE upregulated	GO:0051234	establishment of localization	ENSMUSG00000024036	ENSMUSG00000024036	ISS, IBA, IEA
CRE upregulated	GO:0051234	establishment of localization	ENSMUSG00000064210	ENSMUSG00000064210	IDA, IMP, IGI, ISS, ISO, IBA, IEA
CRE upregulated	GO:0051234	establishment of localization	ENSMUSG00000032902	Slc16a1	IMP, ISS, ISO, IBA, IEA
CRE upregulated	GO:0051234	establishment of localization	ENSMUSG00000032715	Trib3	IDA
CRE upregulated	GO:0051234	establishment of localization	ENSMUSG00000035594	Chrna5	IEA
CRE upregulated	GO:0051234	establishment of localization	ENSMUSG00000026074	Map4k4	IEA
CRE upregulated	GO:0051234	establishment of localization	ENSMUSG00000031904	ENSMUSG00000031904	IDA, ISS, ISO, IBA, IEA
CRE upregulated	GO:0051234	establishment of localization	ENSMUSG00000029175	Slc35f6	ISS, IEA
CRE upregulated	GO:0051234	establishment of localization	ENSMUSG00000049866	Arl4c	ISS, IBA, IEA
CRE upregulated	GO:0051234	establishment of localization	ENSMUSG00000025162	ENSMUSG00000025162	IBA, IEA
CRE upregulated	GO:0051234	establishment of localization	ENSMUSG00000010660	Plcd1	ISO, IBA
CRE upregulated	GO:0051234	establishment of localization	ENSMUSG00000031278	ENSMUSG00000031278	ISS, ISO
CRE upregulated	GO:0051234	establishment of localization	ENSMUSG00000053175	Bcl3	IEA
CRE upregulated	GO:0051234	establishment of localization	ENSMUSG00000032599	ENSMUSG00000032599	ISO
CRE upregulated	GO:0051234	establishment of localization	ENSMUSG00000040640	ENSMUSG00000040640	IDA, IMP
CRE upregulated	GO:0051234	establishment of localization	ENSMUSG00000024517	Grp	IDA, ISS, IEA
CRE upregulated	GO:0051234	establishment of localization	ENSMUSG00000040118	ENSMUSG00000040118	IMP, ISS, ISO, IEA
CRE upregulated	GO:0051234	establishment of localization	ENSMUSG00000025340	Rabgef1	IDA, IMP, IEA
CRE upregulated	GO:0051234	establishment of localization	ENSMUSG00000085007	ENSMUSG00000085007	IMP
CRE upregulated	GO:0051234	establishment of localization	ENSMUSG00000021587	Pcsk1	ISO, IEA
CRE upregulated	GO:0051234	establishment of localization	ENSMUSG00000028599	Tnfrsf1b	IGI
CRE upregulated	GO:0051234	establishment of localization	ENSMUSG00000004530	ENSMUSG00000004530	IMP, IGI, ISS, TAS, IEA
CRE upregulated	GO:0051234	establishment of localization	ENSMUSG00000044147	Arf6	ISO, IBA, TAS, IEA
CRE upregulated	GO:0051234	establishment of localization	ENSMUSG00000031532	Saraf	ISS, IBA, IEA
CRE upregulated	GO:0051234	establishment of localization	ENSMUSG00000052298	Cdc42se2	IEA
CRE upregulated	GO:0051234	establishment of localization	ENSMUSG00000030662	ENSMUSG00000030662	IDA, IMP, IBA, IEA
CRE upregulated	GO:0051234	establishment of localization	ENSMUSG00000011877	Git1	IDA, IMP, IBA
CRE upregulated	GO:0051234	establishment of localization	ENSMUSG00000024270	ENSMUSG00000024270	ISS, IBA, IEA
CRE upregulated	GO:0051234	establishment of localization	ENSMUSG00000040046	Tph1	IMP
CRE upregulated	GO:0051234	establishment of localization	ENSMUSG00000062234	ENSMUSG00000062234	IEA
CRE upregulated	GO:0051234	establishment of localization	ENSMUSG00000047281	ENSMUSG00000047281	IDA, IEA
CRE upregulated	GO:0051234	establishment of localization	ENSMUSG00000025351	Cd63	ISS, ISO, IEA
CRE upregulated	GO:0051234	establishment of localization	ENSMUSG00000048796	ENSMUSG00000048796	IEA
CRE upregulated	GO:0051234	establishment of localization	ENSMUSG00000019842	ENSMUSG00000019842	IDA, IMP
CRE upregulated	GO:0051234	establishment of localization	ENSMUSG00000044465	ENSMUSG00000044465	ISS, IBA, IEA
CRE upregulated	GO:0051234	establishment of localization	ENSMUSG00000016534	ENSMUSG00000016534	IMP, ISO, IBA, IEA
CRE upregulated	GO:0051234	establishment of localization	ENSMUSG00000025366	ENSMUSG00000025366	ISS, IEA
CRE upregulated	GO:0051234	establishment of localization	ENSMUSG00000027465	Tbc1d20	IBA, IEA
CRE upregulated	GO:0051234	establishment of localization	ENSMUSG00000000001	ENSMUSG00000000001	ISO
CRE upregulated	GO:0051234	establishment of localization	ENSMUSG00000022656	ENSMUSG00000022656	IMP
CRE upregulated	GO:0051234	establishment of localization	ENSMUSG00000039844	ENSMUSG00000039844	ISO, IEA
CRE upregulated	GO:0051234	establishment of localization	ENSMUSG00000001552	ENSMUSG00000001552	IEA
CRE upregulated	GO:0051234	establishment of localization	ENSMUSG00000040010	Slc7a5	IDA, ISS, ISO, IBA, IEA
CRE upregulated	GO:0051234	establishment of localization	ENSMUSG00000020671	ENSMUSG00000020671	IMP, ISS, ISO, IBA, TAS, IEA
CRE upregulated	GO:0051234	establishment of localization	ENSMUSG00000047547	Cltb	IBA, IEA
CRE upregulated	GO:0051234	establishment of localization	ENSMUSG00000020798	ENSMUSG00000020798	IEA
CRE upregulated	GO:0051234	establishment of localization	ENSMUSG00000008859	ENSMUSG00000008859	IDA, ISS, ISO, IBA, IEA
CRE upregulated	GO:0051234	establishment of localization	ENSMUSG00000069072	ENSMUSG00000069072	IMP, IBA, IEA
CRE upregulated	GO:0051234	establishment of localization	ENSMUSG00000037949	ENSMUSG00000037949	IBA, IEA
CRE upregulated	GO:0051234	establishment of localization	ENSMUSG00000054934	Kcnmb4	ISS, IEA
CRE upregulated	GO:0051234	establishment of localization	ENSMUSG00000046722	ENSMUSG00000046722	IEA
CRE upregulated	GO:0051234	establishment of localization	ENSMUSG00000022094	ENSMUSG00000022094	IDA, IMP, ISS, IBA, IEA
CRE upregulated	GO:0051234	establishment of localization	ENSMUSG00000038676	Ucn	ISO, IEA
CRE upregulated	GO:0051234	establishment of localization	ENSMUSG00000038467	ENSMUSG00000038467	ISO, IBA, NAS, IEA
CRE upregulated	GO:0051234	establishment of localization	ENSMUSG00000052681	Rap1b	IGI, IBA, IEA
CRE upregulated	GO:0051234	establishment of localization	ENSMUSG00000066595	ENSMUSG00000066595	ISS, ISO, IBA, IEA
CRE upregulated	GO:0051234	establishment of localization	ENSMUSG00000037553	ENSMUSG00000037553	IBA
CRE upregulated	GO:0051234	establishment of localization	ENSMUSG00000032508	Myd88	IMP, IEA
CRE upregulated	GO:0051234	establishment of localization	ENSMUSG00000026864	ENSMUSG00000026864	ISS, IEA
CRE upregulated	GO:0051234	establishment of localization	ENSMUSG00000021072	Tmx1	IEA
CRE upregulated	GO:0051234	establishment of localization	ENSMUSG00000002633	Shh	IDA, IMP, IGI
CRE upregulated	GO:0051234	establishment of localization	ENSMUSG00000028680	ENSMUSG00000028680	IEA
CRE upregulated	GO:0051234	establishment of localization	ENSMUSG00000027978	Prss12	IDA
CRE upregulated	GO:0051234	establishment of localization	ENSMUSG00000003623	ENSMUSG00000003623	IDA
CRE upregulated	GO:0051234	establishment of localization	ENSMUSG00000053581	ENSMUSG00000053581	IBA
CRE upregulated	GO:0051234	establishment of localization	ENSMUSG00000032462	ENSMUSG00000032462	IEA
CRE upregulated	GO:0051234	establishment of localization	ENSMUSG00000004270	ENSMUSG00000004270	IMP
CRE upregulated	GO:0051234	establishment of localization	ENSMUSG00000005089	Slc1a2	IDA, IMP, ISS, ISO, IBA, IEA
CRE upregulated	GO:0051234	establishment of localization	ENSMUSG00000037907	ENSMUSG00000037907	ISS, IEA
CRE upregulated	GO:0051234	establishment of localization	ENSMUSG00000061244	ENSMUSG00000061244	IBA, NAS, IEA
CRE upregulated	GO:0051234	establishment of localization	ENSMUSG00000056050	ENSMUSG00000056050	IEA
CRE upregulated	GO:0051234	establishment of localization	ENSMUSG00000040652	ENSMUSG00000040652	IDA
CRE upregulated	GO:0051234	establishment of localization	ENSMUSG00000028291	ENSMUSG00000028291	ISS, IEA
CRE upregulated	GO:0051234	establishment of localization	ENSMUSG00000037411	Serpine1	IEA
CRE upregulated	GO:0051234	establishment of localization	ENSMUSG00000078676	ENSMUSG00000078676	NAS, IEA
CRE upregulated	GO:0051234	establishment of localization	ENSMUSG00000051209	ENSMUSG00000051209	IDA
CRE upregulated	GO:0051234	establishment of localization	ENSMUSG00000019843	ENSMUSG00000019843	IGI
CRE upregulated	GO:0051234	establishment of localization	ENSMUSG00000027646	ENSMUSG00000027646	ISO, IEA
CRE upregulated	GO:0051234	establishment of localization	ENSMUSG00000042532	ENSMUSG00000042532	IBA
CRE upregulated	GO:0051234	establishment of localization	ENSMUSG00000053825	ENSMUSG00000053825	IEA
CRE upregulated	GO:0051234	establishment of localization	ENSMUSG00000019726	ENSMUSG00000019726	IEA
CRE upregulated	GO:0051234	establishment of localization	ENSMUSG00000055067	ENSMUSG00000055067	IMP
CRE upregulated	GO:0051234	establishment of localization	ENSMUSG00000038115	ENSMUSG00000038115	IDA, IMP, IBA, IEA
CRE upregulated	GO:0051234	establishment of localization	ENSMUSG00000031073	Fgf15	IEA
CRE upregulated	GO:0051234	establishment of localization	ENSMUSG00000036667	ENSMUSG00000036667	IBA, IEA
CRE upregulated	GO:0051234	establishment of localization	ENSMUSG00000015839	Nfe2l2	IDA
CRE upregulated	GO:0051234	establishment of localization	ENSMUSG00000049550	ENSMUSG00000049550	IMP
CRE upregulated	GO:0051234	establishment of localization	ENSMUSG00000034145	ENSMUSG00000034145	IEA
CRE upregulated	GO:0051234	establishment of localization	ENSMUSG00000034006	ENSMUSG00000034006	IBA
CRE upregulated	GO:0051234	establishment of localization	ENSMUSG00000019998	ENSMUSG00000019998	IEA
CRE upregulated	GO:0051234	establishment of localization	ENSMUSG00000024907	Gal	IEA
CRE upregulated	GO:0051234	establishment of localization	ENSMUSG00000003541	ENSMUSG00000003541	IDA, IMP
CRE upregulated	GO:0051234	establishment of localization	ENSMUSG00000024287	ENSMUSG00000024287	ISS, IBA, IEA
CRE upregulated	GO:0048856	anatomical structure development	ENSMUSG00000026628	Atf3	IMP
CRE upregulated	GO:0048856	anatomical structure development	ENSMUSG00000036390	Gadd45a	IMP
CRE upregulated	GO:0048856	anatomical structure development	ENSMUSG00000051379	Flrt3	IDA, IMP, ISS, ISO, IEA
CRE upregulated	GO:0048856	anatomical structure development	ENSMUSG00000052684	Jun	IDA, IMP, ISO
CRE upregulated	GO:0048856	anatomical structure development	ENSMUSG00000063632	Sox11	IDA, IMP, ISO, IBA, IEA
CRE upregulated	GO:0048856	anatomical structure development	ENSMUSG00000019647	Sema6a	IMP, IBA, NAS, IEA
CRE upregulated	GO:0048856	anatomical structure development	ENSMUSG00000037428	Vgf	IMP
CRE upregulated	GO:0048856	anatomical structure development	ENSMUSG00000046223	Plaur	ISO
CRE upregulated	GO:0048856	anatomical structure development	ENSMUSG00000031574	Star	ISO, IEA
CRE upregulated	GO:0048856	anatomical structure development	ENSMUSG00000004951	Hspb1	ISO, IEA
CRE upregulated	GO:0048856	anatomical structure development	ENSMUSG00000025473	Adam8	IDA, IMP, TAS, NAS
CRE upregulated	GO:0048856	anatomical structure development	ENSMUSG00000022044	Stmn4	IBA
CRE upregulated	GO:0048856	anatomical structure development	ENSMUSG00000030898	Cckbr	IMP
CRE upregulated	GO:0048856	anatomical structure development	ENSMUSG00000046731	Kctd11	IDA, IBA
CRE upregulated	GO:0048856	anatomical structure development	ENSMUSG00000056749	Nfil3	IMP
CRE upregulated	GO:0048856	anatomical structure development	ENSMUSG00000024143	Rhoq	IDA
CRE upregulated	GO:0048856	anatomical structure development	ENSMUSG00000022895	Ets2	IMP, IGI
CRE upregulated	GO:0048856	anatomical structure development	ENSMUSG00000037447	Arid5a	IDA
CRE upregulated	GO:0048856	anatomical structure development	ENSMUSG00000030748	Il4ra	IMP, IGI
CRE upregulated	GO:0048856	anatomical structure development	ENSMUSG00000023905	Tnfrsf12a	IDA, IEA
CRE upregulated	GO:0048856	anatomical structure development	ENSMUSG00000030102	Itpr1	IMP, ISO
CRE upregulated	GO:0048856	anatomical structure development	ENSMUSG00000032515	Csrnp1	IMP
CRE upregulated	GO:0048856	anatomical structure development	ENSMUSG00000025089	Gfra1	IMP, ISO, IBA, TAS, IEA
CRE upregulated	GO:0048856	anatomical structure development	ENSMUSG00000021765	Fst	IMP, IGI, ISO, IEA
CRE upregulated	GO:0048856	anatomical structure development	ENSMUSG00000025348	Itga7	IEA
CRE upregulated	GO:0048856	anatomical structure development	ENSMUSG00000030256	Bhlhe41	IDA, IBA
CRE upregulated	GO:0048856	anatomical structure development	ENSMUSG00000040151	Hs2st1	IMP
CRE upregulated	GO:0048856	anatomical structure development	ENSMUSG00000037705	Tecta	IGI
CRE upregulated	GO:0048856	anatomical structure development	ENSMUSG00000014599	Csf1	IDA, IMP, IGI, ISO, IBA, IEA
CRE upregulated	GO:0048856	anatomical structure development	ENSMUSG00000020427	Igfbp3	ISS, IEA
CRE upregulated	GO:0048856	anatomical structure development	ENSMUSG00000023067	Cdkn1a	IMP, IGI
CRE upregulated	GO:0048856	anatomical structure development	ENSMUSG00000038650	Rnh1	IBA, IEA
CRE upregulated	GO:0048856	anatomical structure development	ENSMUSG00000027495	Fam210b	ISS, IEA
CRE upregulated	GO:0048856	anatomical structure development	ENSMUSG00000028226	Mmp16	IGI, IBA
CRE upregulated	GO:0048856	anatomical structure development	ENSMUSG00000031074	Fgf3	IEA
CRE upregulated	GO:0048856	anatomical structure development	ENSMUSG00000030272	Camk1	ISS, IEA
CRE upregulated	GO:0048856	anatomical structure development	ENSMUSG00000004846	Plod3	IMP
CRE upregulated	GO:0048856	anatomical structure development	ENSMUSG00000031681	Smad1	IDA, IMP, IGI, IEP, ISS, IBA, IEA
CRE upregulated	GO:0048856	anatomical structure development	ENSMUSG00000050989	Selenon	IMP, IBA
CRE upregulated	GO:0048856	anatomical structure development	ENSMUSG00000035673	Sbno2	IMP, IBA
CRE upregulated	GO:0048856	anatomical structure development	ENSMUSG00000058153	Sez6l	IGI, IBA
CRE upregulated	GO:0048856	anatomical structure development	ENSMUSG00000024261	Syt4	IMP, ISO, IEA
CRE upregulated	GO:0048856	anatomical structure development	ENSMUSG00000003644	Rps6ka1	IDA
CRE upregulated	GO:0048856	anatomical structure development	ENSMUSG00000029378	Areg	IMP, IGI, ISO, IEA
CRE upregulated	GO:0048856	anatomical structure development	ENSMUSG00000042688	Mapk6	IGI
CRE upregulated	GO:0048856	anatomical structure development	ENSMUSG00000005087	Cd44	IEA
CRE upregulated	GO:0048856	anatomical structure development	ENSMUSG00000026836	Acvr1	IMP, ISO, IBA, IEA
CRE upregulated	GO:0048856	anatomical structure development	ENSMUSG00000068566	Myadm	IBA, IEA
CRE upregulated	GO:0048856	anatomical structure development	ENSMUSG00000048482	Bdnf	IDA, IMP, IGI, ISO, IBA, IEA
CRE upregulated	GO:0048856	anatomical structure development	ENSMUSG00000024256	Adcyap1	ISS, ISO, IBA, IEA
CRE upregulated	GO:0048856	anatomical structure development	ENSMUSG00000015745	Plekho1	IDA, IMP, IBA
CRE upregulated	GO:0048856	anatomical structure development	ENSMUSG00000018736	Ndel1	IMP, IGI, ISO, IBA, IEA
CRE upregulated	GO:0048856	anatomical structure development	ENSMUSG00000002250	Ppard	IDA, IMP, ISO, TAS
CRE upregulated	GO:0048856	anatomical structure development	ENSMUSG00000027198	Ext2	IMP, IGI
CRE upregulated	GO:0048856	anatomical structure development	ENSMUSG00000018507	Trpv2	IMP
CRE upregulated	GO:0048856	anatomical structure development	ENSMUSG00000037638	Zbtb42	ISS, IEA
CRE upregulated	GO:0048856	anatomical structure development	ENSMUSG00000038894	Irs2	IMP, IGI
CRE upregulated	GO:0048856	anatomical structure development	ENSMUSG00000037568	Vash2	IMP, ISS, ISO, IBA, IEA
CRE upregulated	GO:0048856	anatomical structure development	ENSMUSG00000039473	Ubn1	TAS
CRE upregulated	GO:0048856	anatomical structure development	ENSMUSG00000025337	Sbds	IMP, ISS, IEA
CRE upregulated	GO:0048856	anatomical structure development	ENSMUSG00000031545	Gpat4	IMP
CRE upregulated	GO:0048856	anatomical structure development	ENSMUSG00000005069	Pex5	IMP
CRE upregulated	GO:0048856	anatomical structure development	ENSMUSG00000029518	Rab35	IMP
CRE upregulated	GO:0048856	anatomical structure development	ENSMUSG00000045136	Tubb2b	IMP, ISS, ISO, IEA
CRE upregulated	GO:0048856	anatomical structure development	ENSMUSG00000054855	Rnd1	IEA
CRE upregulated	GO:0048856	anatomical structure development	ENSMUSG00000029201	Ugdh	IMP, ISS, IEA
CRE upregulated	GO:0048856	anatomical structure development	ENSMUSG00000027313	Chac1	IMP, IEA
CRE upregulated	GO:0048856	anatomical structure development	ENSMUSG00000027540	Ptpn1	IEA
CRE upregulated	GO:0048856	anatomical structure development	ENSMUSG00000043895	S1pr2	EXP, IDA, IEA
CRE upregulated	GO:0048856	anatomical structure development	ENSMUSG00000011179	Odc1	IMP
CRE upregulated	GO:0048856	anatomical structure development	ENSMUSG00000027035	Cers6	IEA
CRE upregulated	GO:0048856	anatomical structure development	ENSMUSG00000027583	Zbtb46	IMP
CRE upregulated	GO:0048856	anatomical structure development	ENSMUSG00000028063	Lmna	IMP, ISS, ISO
CRE upregulated	GO:0048856	anatomical structure development	ENSMUSG00000050359	Sprr1a	IEA
CRE upregulated	GO:0048856	anatomical structure development	ENSMUSG00000026675	Hsd17b7	IMP
CRE upregulated	GO:0048856	anatomical structure development	ENSMUSG00000001420	Tmem79	IMP
CRE upregulated	GO:0048856	anatomical structure development	ENSMUSG00000026254	Eif4e2	IMP
CRE upregulated	GO:0048856	anatomical structure development	ENSMUSG00000029121	Crmp1	IDA, IEP, IEA
CRE upregulated	GO:0048856	anatomical structure development	ENSMUSG00000028645	Slc2a1	IEA
CRE upregulated	GO:0048856	anatomical structure development	ENSMUSG00000063506	Arhgap22	IEA
CRE upregulated	GO:0048856	anatomical structure development	ENSMUSG00000053436	Mapk14	IDA, IMP, IGI, IEA
CRE upregulated	GO:0048856	anatomical structure development	ENSMUSG00000025809	Itgb1	IMP, IGI, ISS, ISO, IEA
CRE upregulated	GO:0048856	anatomical structure development	ENSMUSG00000040025	Ythdf2	IMP, ISS, IEA
CRE upregulated	GO:0048856	anatomical structure development	ENSMUSG00000028156	Eif4e	IMP
CRE upregulated	GO:0048856	anatomical structure development	ENSMUSG00000025239	Limd1	IMP, ISS, IEA
CRE upregulated	GO:0048856	anatomical structure development	ENSMUSG00000005370	Msh6	IMP, IGI
CRE upregulated	GO:0048856	anatomical structure development	ENSMUSG00000023030	Slc11a2	IMP
CRE upregulated	GO:0048856	anatomical structure development	ENSMUSG00000048490	Nrip1	IMP
CRE upregulated	GO:0048856	anatomical structure development	ENSMUSG00000022272	Myo10	ISS, IBA, IEA
CRE upregulated	GO:0048856	anatomical structure development	ENSMUSG00000013089	Etv5	IDA, ISO, IEA
CRE upregulated	GO:0048856	anatomical structure development	ENSMUSG00000025139	Tollip	IEA
CRE upregulated	GO:0048856	anatomical structure development	ENSMUSG00000020592	Sdc1	IDA, IEA
CRE upregulated	GO:0048856	anatomical structure development	ENSMUSG00000025746	Il6	IDA, IMP, ISO
CRE upregulated	GO:0048856	anatomical structure development	ENSMUSG00000002233	Rhoc	ISS
CRE upregulated	GO:0048856	anatomical structure development	ENSMUSG00000032231	Anxa2	IDA, IMP, IEA
CRE upregulated	GO:0048856	anatomical structure development	ENSMUSG00000031078	Cttn	ISS, ISO
CRE upregulated	GO:0048856	anatomical structure development	ENSMUSG00000022607	Ptk2	IDA, IMP, ISS, ISO, IEA
CRE upregulated	GO:0048856	anatomical structure development	ENSMUSG00000024014	Pim1	IDA, IEA
CRE upregulated	GO:0048856	anatomical structure development	ENSMUSG00000037062	Sh3glb1	ISO
CRE upregulated	GO:0048856	anatomical structure development	ENSMUSG00000024772	Ehd1	IMP, ISS, ISO, IEA
CRE upregulated	GO:0048856	anatomical structure development	ENSMUSG00000020580	Rock2	IEA
CRE upregulated	GO:0048856	anatomical structure development	ENSMUSG00000020435	Osbp2	IMP
CRE upregulated	GO:0048856	anatomical structure development	ENSMUSG00000027560	Dok5	IDA
CRE upregulated	GO:0048856	anatomical structure development	ENSMUSG00000027613	Eif6	IMP
CRE upregulated	GO:0048856	anatomical structure development	ENSMUSG00000033039	Micall1	IMP, ISO
CRE upregulated	GO:0048856	anatomical structure development	ENSMUSG00000059923	Grb2	IMP
CRE upregulated	GO:0048856	anatomical structure development	ENSMUSG00000042406	Atf4	IMP, IEA
CRE upregulated	GO:0048856	anatomical structure development	ENSMUSG00000055078	Gabra5	IMP, IBA
CRE upregulated	GO:0048856	anatomical structure development	ENSMUSG00000017929	B4galt5	IMP
CRE upregulated	GO:0048856	anatomical structure development	ENSMUSG00000020271	Fbxw11	IBA
CRE upregulated	GO:0048856	anatomical structure development	ENSMUSG00000020838	Slc6a4	IMP, ISO, IEA
CRE upregulated	GO:0048856	anatomical structure development	ENSMUSG00000001507	Itga3	IMP, ISO, IEA
CRE upregulated	GO:0048856	anatomical structure development	ENSMUSG00000055723	Rras2	IGI
CRE upregulated	GO:0048856	anatomical structure development	ENSMUSG00000031628	Casp3	IMP, IGI, ISO, IBA, IEA
CRE upregulated	GO:0048856	anatomical structure development	ENSMUSG00000025408	Ddit3	IDA, IMP, IEA
CRE upregulated	GO:0048856	anatomical structure development	ENSMUSG00000040435	Ppp1r15a	ISO
CRE upregulated	GO:0048856	anatomical structure development	ENSMUSG00000032078	Zpr1	IMP, IBA, IEA
CRE upregulated	GO:0048856	anatomical structure development	ENSMUSG00000055407	Map6	ISS, ISO, IBA, IEA
CRE upregulated	GO:0048856	anatomical structure development	ENSMUSG00000001847	Rac1	IDA, IMP, IGI, IBA, IEA
CRE upregulated	GO:0048856	anatomical structure development	ENSMUSG00000042121	Ssh1	IEA
CRE upregulated	GO:0048856	anatomical structure development	ENSMUSG00000050271	Prag1	ISS, ISO, IEA
CRE upregulated	GO:0048856	anatomical structure development	ENSMUSG00000030077	Chl1	IDA, IMP, IEA
CRE upregulated	GO:0048856	anatomical structure development	ENSMUSG00000018909	Arrb1	ISO
CRE upregulated	GO:0048856	anatomical structure development	ENSMUSG00000026317	Cln8	IMP, ISS, IBA, IEA
CRE upregulated	GO:0048856	anatomical structure development	ENSMUSG00000044667	Plppr4	IDA, ISO, IBA
CRE upregulated	GO:0048856	anatomical structure development	ENSMUSG00000054008	Ndst1	IMP, IGI
CRE upregulated	GO:0048856	anatomical structure development	ENSMUSG00000057531	Dtnbp1	IDA, IMP, ISS, ISO, IBA, TAS, NAS, IEA
CRE upregulated	GO:0048856	anatomical structure development	ENSMUSG00000000134	Tfe3	IGI, IEA
CRE upregulated	GO:0048856	anatomical structure development	ENSMUSG00000004768	Rab23	IEA
CRE upregulated	GO:0048856	anatomical structure development	ENSMUSG00000022951	Rcan1	IDA, ISO
CRE upregulated	GO:0048856	anatomical structure development	ENSMUSG00000030309	Caprin2	IMP
CRE upregulated	GO:0048856	anatomical structure development	ENSMUSG00000029131	Dnajb6	IMP
CRE upregulated	GO:0048856	anatomical structure development	ENSMUSG00000023087	Noct	IMP
CRE upregulated	GO:0048856	anatomical structure development	ENSMUSG00000001627	Ifrd1	IMP, IGI
CRE upregulated	GO:0048856	anatomical structure development	ENSMUSG00000015316	Slamf1	IMP
CRE upregulated	GO:0048856	anatomical structure development	ENSMUSG00000029765	Plxna4	IMP, IGI, IBA
CRE upregulated	GO:0048856	anatomical structure development	ENSMUSG00000022346	Myc	IMP, ISS, ISO, IEA
CRE upregulated	GO:0048856	anatomical structure development	ENSMUSG00000036478	Btg1	ISS, ISO, IEA
CRE upregulated	GO:0048856	anatomical structure development	ENSMUSG00000053113	Socs3	IMP
CRE upregulated	GO:0048856	anatomical structure development	ENSMUSG00000036437	Npy1r	IEA
CRE upregulated	GO:0048856	anatomical structure development	ENSMUSG00000026072	Il1r1	ISO
CRE upregulated	GO:0048856	anatomical structure development	ENSMUSG00000027954	Efna1	IDA, IMP, IGI, IBA, IEA
CRE upregulated	GO:0048856	anatomical structure development	ENSMUSG00000055809	Dnaaf3	IMP
CRE upregulated	GO:0048856	anatomical structure development	ENSMUSG00000024789	Jak2	IMP, ISS, ISO, IBA, IEA
CRE upregulated	GO:0048856	anatomical structure development	ENSMUSG00000004040	ENSMUSG00000004040	IDA, IMP, IGI, ISS, IEA
CRE upregulated	GO:0048856	anatomical structure development	ENSMUSG00000042292	Mrtfa	IGI, IBA
CRE upregulated	GO:0048856	anatomical structure development	ENSMUSG00000022602	Arc	IMP, ISS, ISO, IEA
CRE upregulated	GO:0048856	anatomical structure development	ENSMUSG00000020027	Socs2	IDA, IMP, IGI
CRE upregulated	GO:0048856	anatomical structure development	ENSMUSG00000103523	2210017I01Rik	IEA
CRE upregulated	GO:0048856	anatomical structure development	ENSMUSG00000029135	Fosl2	IDA, IMP
CRE upregulated	GO:0048856	anatomical structure development	ENSMUSG00000054136	Adm2	ISO, IEA
CRE upregulated	GO:0048856	anatomical structure development	ENSMUSG00000020395	Itk	IMP, IGI, IBA
CRE upregulated	GO:0048856	anatomical structure development	ENSMUSG00000047554	Tmem41b	IEA
CRE upregulated	GO:0048856	anatomical structure development	ENSMUSG00000044017	Adgrd1	IEA
CRE upregulated	GO:0048856	anatomical structure development	ENSMUSG00000031310	ENSMUSG00000031310	ISS, IEA
CRE upregulated	GO:0048856	anatomical structure development	ENSMUSG00000018143	Mafk	ISO
CRE upregulated	GO:0048856	anatomical structure development	ENSMUSG00000050335	Lgals3	IEA
CRE upregulated	GO:0048856	anatomical structure development	ENSMUSG00000021209	ENSMUSG00000021209	IMP
CRE upregulated	GO:0048856	anatomical structure development	ENSMUSG00000024190	Dusp1	IBA, IEA
CRE upregulated	GO:0048856	anatomical structure development	ENSMUSG00000063919	Srrm4	IMP, IBA
CRE upregulated	GO:0048856	anatomical structure development	ENSMUSG00000030223	ENSMUSG00000030223	IMP, ISS, IBA, IEA
CRE upregulated	GO:0048856	anatomical structure development	ENSMUSG00000027797	Dclk1	IDA, IMP, IGI, IBA, IEA
CRE upregulated	GO:0048856	anatomical structure development	ENSMUSG00000031960	Aars1	IMP
CRE upregulated	GO:0048856	anatomical structure development	ENSMUSG00000020358	Hnrnpab	IDA
CRE upregulated	GO:0048856	anatomical structure development	ENSMUSG00000003762	Coq8b	IEA
CRE upregulated	GO:0048856	anatomical structure development	ENSMUSG00000036882	ENSMUSG00000036882	IDA, IMP, ISO, IEA
CRE upregulated	GO:0048856	anatomical structure development	ENSMUSG00000030029	Lrig1	IGI
CRE upregulated	GO:0048856	anatomical structure development	ENSMUSG00000026930	Gpsm1	IEA
CRE upregulated	GO:0048856	anatomical structure development	ENSMUSG00000040033	ENSMUSG00000040033	IEA
CRE upregulated	GO:0048856	anatomical structure development	ENSMUSG00000021360	ENSMUSG00000021360	IMP, IEA
CRE upregulated	GO:0048856	anatomical structure development	ENSMUSG00000059316	Slc27a4	IMP
CRE upregulated	GO:0048856	anatomical structure development	ENSMUSG00000024803	Ankrd1	IMP, ISO, IEA
CRE upregulated	GO:0048856	anatomical structure development	ENSMUSG00000019188	ENSMUSG00000019188	IMP
CRE upregulated	GO:0048856	anatomical structure development	ENSMUSG00000023915	Tnfrsf21	IMP, ISO, IBA, IEA
CRE upregulated	GO:0048856	anatomical structure development	ENSMUSG00000024912	Fosl1	IMP
CRE upregulated	GO:0048856	anatomical structure development	ENSMUSG00000024927	Rela	IMP, ISO, IEA
CRE upregulated	GO:0048856	anatomical structure development	ENSMUSG00000042608	Stk40	IMP
CRE upregulated	GO:0048856	anatomical structure development	ENSMUSG00000025793	ENSMUSG00000025793	IEA
CRE upregulated	GO:0048856	anatomical structure development	ENSMUSG00000038591	Colec10	NAS, IEA
CRE upregulated	GO:0048856	anatomical structure development	ENSMUSG00000027692	Tnik	ISS, ISO, IBA, IEA
CRE upregulated	GO:0048856	anatomical structure development	ENSMUSG00000055044	Pdlim1	IBA
CRE upregulated	GO:0048856	anatomical structure development	ENSMUSG00000024238	Zeb1	IDA, IMP, IGI, IEA
CRE upregulated	GO:0048856	anatomical structure development	ENSMUSG00000026078	Pdcl3	IMP, ISO, IBA, IEA
CRE upregulated	GO:0048856	anatomical structure development	ENSMUSG00000025279	ENSMUSG00000025279	IDA, IBA
CRE upregulated	GO:0048856	anatomical structure development	ENSMUSG00000038861	Pi4kb	ISS, IEA
CRE upregulated	GO:0048856	anatomical structure development	ENSMUSG00000024947	Men1	IMP, IGI, ISO, IEA
CRE upregulated	GO:0048856	anatomical structure development	ENSMUSG00000067006	ENSMUSG00000067006	IMP
CRE upregulated	GO:0048856	anatomical structure development	ENSMUSG00000029071	ENSMUSG00000029071	IDA, IMP, IGI, ISO, IEA
CRE upregulated	GO:0048856	anatomical structure development	ENSMUSG00000022125	Cln5	ISS, IEA
CRE upregulated	GO:0048856	anatomical structure development	ENSMUSG00000037514	Pank2	IMP, IEA
CRE upregulated	GO:0048856	anatomical structure development	ENSMUSG00000064210	ENSMUSG00000064210	IMP, IEA
CRE upregulated	GO:0048856	anatomical structure development	ENSMUSG00000024777	ENSMUSG00000024777	ISO, IEA
CRE upregulated	GO:0048856	anatomical structure development	ENSMUSG00000024335	Brd2	IDA, IMP, IEA
CRE upregulated	GO:0048856	anatomical structure development	ENSMUSG00000026074	Map4k4	IEA
CRE upregulated	GO:0048856	anatomical structure development	ENSMUSG00000025485	ENSMUSG00000025485	IMP
CRE upregulated	GO:0048856	anatomical structure development	ENSMUSG00000027919	Lce1g	IEA
CRE upregulated	GO:0048856	anatomical structure development	ENSMUSG00000031168	ENSMUSG00000031168	IMP, IEA
CRE upregulated	GO:0048856	anatomical structure development	ENSMUSG00000037876	Jmjd1c	IMP
CRE upregulated	GO:0048856	anatomical structure development	ENSMUSG00000071637	Cebpd	IDA, IGI
CRE upregulated	GO:0048856	anatomical structure development	ENSMUSG00000025162	ENSMUSG00000025162	IGI
CRE upregulated	GO:0048856	anatomical structure development	ENSMUSG00000010660	Plcd1	IGI
CRE upregulated	GO:0048856	anatomical structure development	ENSMUSG00000052921	Arhgef15	IDA, IMP
CRE upregulated	GO:0048856	anatomical structure development	ENSMUSG00000031278	ENSMUSG00000031278	IMP, ISO, IBA
CRE upregulated	GO:0048856	anatomical structure development	ENSMUSG00000031668	ENSMUSG00000031668	IEA
CRE upregulated	GO:0048856	anatomical structure development	ENSMUSG00000053175	Bcl3	IMP
CRE upregulated	GO:0048856	anatomical structure development	ENSMUSG00000068739	ENSMUSG00000068739	ISS, IEA
CRE upregulated	GO:0048856	anatomical structure development	ENSMUSG00000030199	Etv6	IMP, ISS, IEA
CRE upregulated	GO:0048856	anatomical structure development	ENSMUSG00000037815	Ctnna1	IMP, IGI, IEA
CRE upregulated	GO:0048856	anatomical structure development	ENSMUSG00000003154	Foxj2	IEA
CRE upregulated	GO:0048856	anatomical structure development	ENSMUSG00000020349	ENSMUSG00000020349	IMP, IEA
CRE upregulated	GO:0048856	anatomical structure development	ENSMUSG00000023307	Marchf5	ISS, IBA, IEA
CRE upregulated	GO:0048856	anatomical structure development	ENSMUSG00000039108	ENSMUSG00000039108	IMP
CRE upregulated	GO:0048856	anatomical structure development	ENSMUSG00000085007	ENSMUSG00000085007	IMP
CRE upregulated	GO:0048856	anatomical structure development	ENSMUSG00000029752	ENSMUSG00000029752	IEA
CRE upregulated	GO:0048856	anatomical structure development	ENSMUSG00000021587	Pcsk1	IEA
CRE upregulated	GO:0048856	anatomical structure development	ENSMUSG00000028599	Tnfrsf1b	IMP, IGI, IBA
CRE upregulated	GO:0048856	anatomical structure development	ENSMUSG00000004530	ENSMUSG00000004530	IMP, IBA, IEA
CRE upregulated	GO:0048856	anatomical structure development	ENSMUSG00000044147	Arf6	IMP, ISO, IBA, IEA
CRE upregulated	GO:0048856	anatomical structure development	ENSMUSG00000052298	Cdc42se2	IEA
CRE upregulated	GO:0048856	anatomical structure development	ENSMUSG00000036180	ENSMUSG00000036180	IMP
CRE upregulated	GO:0048856	anatomical structure development	ENSMUSG00000011877	Git1	IMP, ISO, IBA, IEA
CRE upregulated	GO:0048856	anatomical structure development	ENSMUSG00000024270	ENSMUSG00000024270	IDA, IEA
CRE upregulated	GO:0048856	anatomical structure development	ENSMUSG00000040046	Tph1	IMP
CRE upregulated	GO:0048856	anatomical structure development	ENSMUSG00000031937	ENSMUSG00000031937	IMP, IEP, IBA
CRE upregulated	GO:0048856	anatomical structure development	ENSMUSG00000052512	ENSMUSG00000052512	IMP, ISO, IEA
CRE upregulated	GO:0048856	anatomical structure development	ENSMUSG00000009566	Fpgs	IEA
CRE upregulated	GO:0048856	anatomical structure development	ENSMUSG00000008435	Rdh13	IMP
CRE upregulated	GO:0048856	anatomical structure development	ENSMUSG00000062234	ENSMUSG00000062234	IEA
CRE upregulated	GO:0048856	anatomical structure development	ENSMUSG00000052837	ENSMUSG00000052837	IDA, IMP
CRE upregulated	GO:0048856	anatomical structure development	ENSMUSG00000047281	ENSMUSG00000047281	IMP, IGI
CRE upregulated	GO:0048856	anatomical structure development	ENSMUSG00000025351	Cd63	ISO
CRE upregulated	GO:0048856	anatomical structure development	ENSMUSG00000021796	Bmpr1a	IDA, IMP, IGI, IBA, IEA
CRE upregulated	GO:0048856	anatomical structure development	ENSMUSG00000019842	ENSMUSG00000019842	IDA, IMP
CRE upregulated	GO:0048856	anatomical structure development	ENSMUSG00000024750	ENSMUSG00000024750	IMP
CRE upregulated	GO:0048856	anatomical structure development	ENSMUSG00000070056	ENSMUSG00000070056	ISS, IEA
CRE upregulated	GO:0048856	anatomical structure development	ENSMUSG00000041598	Cdc42ep4	IBA, IEA
CRE upregulated	GO:0048856	anatomical structure development	ENSMUSG00000045664	Cdc42ep2	IBA, IEA
CRE upregulated	GO:0048856	anatomical structure development	ENSMUSG00000027465	Tbc1d20	IMP
CRE upregulated	GO:0048856	anatomical structure development	ENSMUSG00000045763	ENSMUSG00000045763	IDA
CRE upregulated	GO:0048856	anatomical structure development	ENSMUSG00000037860	Aim2	IDA
CRE upregulated	GO:0048856	anatomical structure development	ENSMUSG00000020250	ENSMUSG00000020250	IMP
CRE upregulated	GO:0048856	anatomical structure development	ENSMUSG00000039191	Rbpj	IMP, IGI, TAS, IEA
CRE upregulated	GO:0048856	anatomical structure development	ENSMUSG00000022656	ENSMUSG00000022656	IDA, IMP
CRE upregulated	GO:0048856	anatomical structure development	ENSMUSG00000039844	ENSMUSG00000039844	IMP, ISO, IEA
CRE upregulated	GO:0048856	anatomical structure development	ENSMUSG00000035725	ENSMUSG00000035725	IMP, ISS, IEA
CRE upregulated	GO:0048856	anatomical structure development	ENSMUSG00000001552	ENSMUSG00000001552	IMP, IEA
CRE upregulated	GO:0048856	anatomical structure development	ENSMUSG00000040010	Slc7a5	ISO, IEA
CRE upregulated	GO:0048856	anatomical structure development	ENSMUSG00000020671	ENSMUSG00000020671	ISS, ISO
CRE upregulated	GO:0048856	anatomical structure development	ENSMUSG00000004099	ENSMUSG00000004099	IEA
CRE upregulated	GO:0048856	anatomical structure development	ENSMUSG00000022858	ENSMUSG00000022858	IMP
CRE upregulated	GO:0048856	anatomical structure development	ENSMUSG00000027997	Casp6	ISO, IEA
CRE upregulated	GO:0048856	anatomical structure development	ENSMUSG00000058354	Krt6a	IMP, IGI, IBA
CRE upregulated	GO:0048856	anatomical structure development	ENSMUSG00000061947	ENSMUSG00000061947	IEA
CRE upregulated	GO:0048856	anatomical structure development	ENSMUSG00000020594	ENSMUSG00000020594	IDA, ISO, IEA
CRE upregulated	GO:0048856	anatomical structure development	ENSMUSG00000011256	ENSMUSG00000011256	IMP, ISS
CRE upregulated	GO:0048856	anatomical structure development	ENSMUSG00000053289	ENSMUSG00000053289	IMP
CRE upregulated	GO:0048856	anatomical structure development	ENSMUSG00000008859	ENSMUSG00000008859	IMP, ISS, IEA
CRE upregulated	GO:0048856	anatomical structure development	ENSMUSG00000008730	Hipk1	IMP, IGI
CRE upregulated	GO:0048856	anatomical structure development	ENSMUSG00000059288	ENSMUSG00000059288	IMP
CRE upregulated	GO:0048856	anatomical structure development	ENSMUSG00000046722	ENSMUSG00000046722	ISS, IEA
CRE upregulated	GO:0048856	anatomical structure development	ENSMUSG00000022094	ENSMUSG00000022094	IMP
CRE upregulated	GO:0048856	anatomical structure development	ENSMUSG00000038676	Ucn	ISO, IEA
CRE upregulated	GO:0048856	anatomical structure development	ENSMUSG00000059743	ENSMUSG00000059743	ISO
CRE upregulated	GO:0048856	anatomical structure development	ENSMUSG00000052681	Rap1b	ISS, IEA
CRE upregulated	GO:0048856	anatomical structure development	ENSMUSG00000066595	ENSMUSG00000066595	IMP, ISO, IBA, IEA
CRE upregulated	GO:0048856	anatomical structure development	ENSMUSG00000020097	ENSMUSG00000020097	IMP
CRE upregulated	GO:0048856	anatomical structure development	ENSMUSG00000042185	ENSMUSG00000042185	IMP
CRE upregulated	GO:0048856	anatomical structure development	ENSMUSG00000028826	ENSMUSG00000028826	IEP
CRE upregulated	GO:0048856	anatomical structure development	ENSMUSG00000032508	Myd88	IMP
CRE upregulated	GO:0048856	anatomical structure development	ENSMUSG00000026864	ENSMUSG00000026864	IMP, ISO, TAS
CRE upregulated	GO:0048856	anatomical structure development	ENSMUSG00000002633	Shh	IDA, IMP, IGI, ISO, IBA, TAS, IEA
CRE upregulated	GO:0048856	anatomical structure development	ENSMUSG00000032462	ENSMUSG00000032462	IMP, IEA
CRE upregulated	GO:0048856	anatomical structure development	ENSMUSG00000027944	Hax1	IEA
CRE upregulated	GO:0048856	anatomical structure development	ENSMUSG00000039671	ENSMUSG00000039671	ISO, IEA
CRE upregulated	GO:0048856	anatomical structure development	ENSMUSG00000005089	Slc1a2	IMP
CRE upregulated	GO:0048856	anatomical structure development	ENSMUSG00000029145	ENSMUSG00000029145	ISS, IEA
CRE upregulated	GO:0048856	anatomical structure development	ENSMUSG00000061244	ENSMUSG00000061244	IMP
CRE upregulated	GO:0048856	anatomical structure development	ENSMUSG00000067586	ENSMUSG00000067586	IEA
CRE upregulated	GO:0048856	anatomical structure development	ENSMUSG00000056050	ENSMUSG00000056050	IEA
CRE upregulated	GO:0048856	anatomical structure development	ENSMUSG00000063952	Brpf3	NAS
CRE upregulated	GO:0048856	anatomical structure development	ENSMUSG00000028291	ENSMUSG00000028291	IMP
CRE upregulated	GO:0048856	anatomical structure development	ENSMUSG00000037411	Serpine1	IEA
CRE upregulated	GO:0048856	anatomical structure development	ENSMUSG00000032786	ENSMUSG00000032786	IBA
CRE upregulated	GO:0048856	anatomical structure development	ENSMUSG00000020340	ENSMUSG00000020340	IMP, IBA, IEA
CRE upregulated	GO:0048856	anatomical structure development	ENSMUSG00000028382	ENSMUSG00000028382	IEA
CRE upregulated	GO:0048856	anatomical structure development	ENSMUSG00000037465	Klf10	IMP
CRE upregulated	GO:0048856	anatomical structure development	ENSMUSG00000024613	ENSMUSG00000024613	ISS, IEA
CRE upregulated	GO:0048856	anatomical structure development	ENSMUSG00000023277	ENSMUSG00000023277	IBA, IEA
CRE upregulated	GO:0048856	anatomical structure development	ENSMUSG00000019843	ENSMUSG00000019843	IDA, IMP, IGI, TAS
CRE upregulated	GO:0048856	anatomical structure development	ENSMUSG00000027646	ENSMUSG00000027646	IDA, IMP, IGI, ISO, IEA
CRE upregulated	GO:0048856	anatomical structure development	ENSMUSG00000021340	ENSMUSG00000021340	IEA
CRE upregulated	GO:0048856	anatomical structure development	ENSMUSG00000004698	ENSMUSG00000004698	IEA
CRE upregulated	GO:0048856	anatomical structure development	ENSMUSG00000046761	ENSMUSG00000046761	IEA
CRE upregulated	GO:0048856	anatomical structure development	ENSMUSG00000032501	Trib1	IMP
CRE upregulated	GO:0048856	anatomical structure development	ENSMUSG00000053825	ENSMUSG00000053825	IEA
CRE upregulated	GO:0048856	anatomical structure development	ENSMUSG00000055067	ENSMUSG00000055067	IMP
CRE upregulated	GO:0048856	anatomical structure development	ENSMUSG00000047261	ENSMUSG00000047261	IMP, ISO, IBA, IEA
CRE upregulated	GO:0048856	anatomical structure development	ENSMUSG00000026159	ENSMUSG00000026159	IMP, IBA
CRE upregulated	GO:0048856	anatomical structure development	ENSMUSG00000031073	Fgf15	IMP, IBA, IEA
CRE upregulated	GO:0048856	anatomical structure development	ENSMUSG00000027433	ENSMUSG00000027433	IEA
CRE upregulated	GO:0048856	anatomical structure development	ENSMUSG00000015839	Nfe2l2	IMP, IGI, ISO, IEA
CRE upregulated	GO:0048856	anatomical structure development	ENSMUSG00000049550	ENSMUSG00000049550	ISO
CRE upregulated	GO:0048856	anatomical structure development	ENSMUSG00000021477	ENSMUSG00000021477	IMP, IGI, ISS
CRE upregulated	GO:0048856	anatomical structure development	ENSMUSG00000000627	ENSMUSG00000000627	ISO, IBA, IEA
CRE upregulated	GO:0048856	anatomical structure development	ENSMUSG00000074656	Eif2s2	IMP
CRE upregulated	GO:0048856	anatomical structure development	ENSMUSG00000034390	ENSMUSG00000034390	IMP
CRE upregulated	GO:0048856	anatomical structure development	ENSMUSG00000024907	Gal	IMP, IEA
CRE upregulated	GO:0048856	anatomical structure development	ENSMUSG00000069227	ENSMUSG00000069227	IDA, IBA
CRE upregulated	GO:0048856	anatomical structure development	ENSMUSG00000054204	ENSMUSG00000054204	ISS, IEA
CRE upregulated	GO:0048856	anatomical structure development	ENSMUSG00000053797	ENSMUSG00000053797	IDA, IMP, IBA
CRE upregulated	GO:0048856	anatomical structure development	ENSMUSG00000024026	ENSMUSG00000024026	IMP
CRE upregulated	GO:0048856	anatomical structure development	ENSMUSG00000029475	ENSMUSG00000029475	IMP
CRE upregulated	GO:0006810	transport	ENSMUSG00000063632	Sox11	IMP
CRE upregulated	GO:0006810	transport	ENSMUSG00000037428	Vgf	IGI
CRE upregulated	GO:0006810	transport	ENSMUSG00000042816	Gpr151	EXP, IDA, IMP
CRE upregulated	GO:0006810	transport	ENSMUSG00000031574	Star	IBA, IEA
CRE upregulated	GO:0006810	transport	ENSMUSG00000004951	Hspb1	ISS, IEA
CRE upregulated	GO:0006810	transport	ENSMUSG00000025473	Adam8	IEA
CRE upregulated	GO:0006810	transport	ENSMUSG00000050164	Mchr1	ISO, IEA
CRE upregulated	GO:0006810	transport	ENSMUSG00000028494	Plin2	IDA
CRE upregulated	GO:0006810	transport	ENSMUSG00000030898	Cckbr	IMP, IGI, ISO
CRE upregulated	GO:0006810	transport	ENSMUSG00000024143	Rhoq	IBA, IC, IEA
CRE upregulated	GO:0006810	transport	ENSMUSG00000030748	Il4ra	IMP
CRE upregulated	GO:0006810	transport	ENSMUSG00000030102	Itpr1	IDA, IMP, IGI, ISS, ISO, IBA, IEA
CRE upregulated	GO:0006810	transport	ENSMUSG00000024891	Slc29a2	IDA, IGI, ISS, ISO, IBA, IEA
CRE upregulated	GO:0006810	transport	ENSMUSG00000020427	Igfbp3	ISO
CRE upregulated	GO:0006810	transport	ENSMUSG00000023067	Cdkn1a	IMP, IEA
CRE upregulated	GO:0006810	transport	ENSMUSG00000041831	Sytl3	IDA, IBA, IEA
CRE upregulated	GO:0006810	transport	ENSMUSG00000109901	Chmp1b	ISO, IBA, NAS, IEA
CRE upregulated	GO:0006810	transport	ENSMUSG00000048807	Slc35e4	IBA
CRE upregulated	GO:0006810	transport	ENSMUSG00000030272	Camk1	IDA, IGI, IEA
CRE upregulated	GO:0006810	transport	ENSMUSG00000035621	Midn	ISO, IEA
CRE upregulated	GO:0006810	transport	ENSMUSG00000034300	Fam53c	IBA
CRE upregulated	GO:0006810	transport	ENSMUSG00000050989	Selenon	IMP, ISS
CRE upregulated	GO:0006810	transport	ENSMUSG00000024261	Syt4	EXP, IDA, IMP, ISO, IBA, TAS, IEA
CRE upregulated	GO:0006810	transport	ENSMUSG00000032939	Nup93	IBA, NAS, IEA
CRE upregulated	GO:0006810	transport	ENSMUSG00000043003	Rasef	IBA
CRE upregulated	GO:0006810	transport	ENSMUSG00000003153	Slc2a3	IDA, IMP, ISS, ISO, IBA, IEA
CRE upregulated	GO:0006810	transport	ENSMUSG00000048482	Bdnf	IPI
CRE upregulated	GO:0006810	transport	ENSMUSG00000024256	Adcyap1	IDA, ISS, ISO, IEA
CRE upregulated	GO:0006810	transport	ENSMUSG00000037458	Azin1	IDA, IBA, IEA
CRE upregulated	GO:0006810	transport	ENSMUSG00000021070	Bdkrb2	IEA
CRE upregulated	GO:0006810	transport	ENSMUSG00000018736	Ndel1	IDA, IGI, IBA, IEA
CRE upregulated	GO:0006810	transport	ENSMUSG00000002250	Ppard	IEP, ISO, NAS
CRE upregulated	GO:0006810	transport	ENSMUSG00000027198	Ext2	IGI
CRE upregulated	GO:0006810	transport	ENSMUSG00000018507	Trpv2	IMP, IEA
CRE upregulated	GO:0006810	transport	ENSMUSG00000078532	Nkain1	IBA, IEA
CRE upregulated	GO:0006810	transport	ENSMUSG00000021501	Caml	IEA
CRE upregulated	GO:0006810	transport	ENSMUSG00000041870	Ankrd13a	ISS, IEA
CRE upregulated	GO:0006810	transport	ENSMUSG00000038894	Irs2	IMP, IEA
CRE upregulated	GO:0006810	transport	ENSMUSG00000024883	Rin1	IEA
CRE upregulated	GO:0006810	transport	ENSMUSG00000035828	Pim3	IMP
CRE upregulated	GO:0006810	transport	ENSMUSG00000031545	Gpat4	IMP
CRE upregulated	GO:0006810	transport	ENSMUSG00000007041	Clic1	ISO, IBA, IEA
CRE upregulated	GO:0006810	transport	ENSMUSG00000005069	Pex5	IMP, ISS, IBA, IEA
CRE upregulated	GO:0006810	transport	ENSMUSG00000029518	Rab35	ISS, IBA, IEA
CRE upregulated	GO:0006810	transport	ENSMUSG00000020142	Slc1a4	IDA, ISO, IBA, IEA
CRE upregulated	GO:0006810	transport	ENSMUSG00000028789	Azin2	IDA, IBA
CRE upregulated	GO:0006810	transport	ENSMUSG00000026796	Niban2	IEA
CRE upregulated	GO:0006810	transport	ENSMUSG00000027540	Ptpn1	ISS, IEA
CRE upregulated	GO:0006810	transport	ENSMUSG00000038023	Atp6v0a2	IEA
CRE upregulated	GO:0006810	transport	ENSMUSG00000019461	Plscr3	IBA, IEA
CRE upregulated	GO:0006810	transport	ENSMUSG00000022661	Cd200	IEA
CRE upregulated	GO:0006810	transport	ENSMUSG00000039232	Stx11	IEA
CRE upregulated	GO:0006810	transport	ENSMUSG00000028063	Lmna	IMP, IBA
CRE upregulated	GO:0006810	transport	ENSMUSG00000029321	Slc10a6	ISO, IBA, IEA
CRE upregulated	GO:0006810	transport	ENSMUSG00000051343	Rab11fip5	IDA, IMP, IBA, IEA
CRE upregulated	GO:0006810	transport	ENSMUSG00000034226	Rhov	IBA
CRE upregulated	GO:0006810	transport	ENSMUSG00000001420	Tmem79	IMP, IBA
CRE upregulated	GO:0006810	transport	ENSMUSG00000034591	Slc41a2	IDA, IEA
CRE upregulated	GO:0006810	transport	ENSMUSG00000015341	Golga7	ISS, ISO, IBA, IEA
CRE upregulated	GO:0006810	transport	ENSMUSG00000028645	Slc2a1	IDA, ISO, IBA, IEA
CRE upregulated	GO:0006810	transport	ENSMUSG00000053436	Mapk14	IMP
CRE upregulated	GO:0006810	transport	ENSMUSG00000025809	Itgb1	IDA, IMP, ISO
CRE upregulated	GO:0006810	transport	ENSMUSG00000028156	Eif4e	IDA, IMP, IEA
CRE upregulated	GO:0006810	transport	ENSMUSG00000018362	Kpna2	IDA, ISS, IBA, IEA
CRE upregulated	GO:0006810	transport	ENSMUSG00000023030	Slc11a2	IDA, IMP, ISS, ISO, IBA, IEA
CRE upregulated	GO:0006810	transport	ENSMUSG00000011008	Mcoln2	IEA
CRE upregulated	GO:0006810	transport	ENSMUSG00000015243	Abca1	IDA, IMP, ISO, IBA, IEA
CRE upregulated	GO:0006810	transport	ENSMUSG00000022272	Myo10	ISS, IBA
CRE upregulated	GO:0006810	transport	ENSMUSG00000020592	Sdc1	IMP, IEA
CRE upregulated	GO:0006810	transport	ENSMUSG00000025746	Il6	IDA, IMP, ISO
CRE upregulated	GO:0006810	transport	ENSMUSG00000032231	Anxa2	IMP, ISO, IBA, NAS, IEA
CRE upregulated	GO:0006810	transport	ENSMUSG00000023387	Kcnk16	ISO, IBA, IEA
CRE upregulated	GO:0006810	transport	ENSMUSG00000021843	Ktn1	IEA
CRE upregulated	GO:0006810	transport	ENSMUSG00000073563	Csnk1g3	IBA
CRE upregulated	GO:0006810	transport	ENSMUSG00000031078	Cttn	IMP, ISS, ISO, IEA
CRE upregulated	GO:0006810	transport	ENSMUSG00000022607	Ptk2	IDA, ISO
CRE upregulated	GO:0006810	transport	ENSMUSG00000055994	Nod2	IMP
CRE upregulated	GO:0006810	transport	ENSMUSG00000040312	Cchcr1	IDA, IBA
CRE upregulated	GO:0006810	transport	ENSMUSG00000024014	Pim1	ISS
CRE upregulated	GO:0006810	transport	ENSMUSG00000037062	Sh3glb1	ISO
CRE upregulated	GO:0006810	transport	ENSMUSG00000034247	Plekhm1	ISS, IEA
CRE upregulated	GO:0006810	transport	ENSMUSG00000024772	Ehd1	IDA, IMP, ISS, IBA, IEA
CRE upregulated	GO:0006810	transport	ENSMUSG00000023169	Slc38a1	IDA, IMP, ISS, ISO, IBA, IEA
CRE upregulated	GO:0006810	transport	ENSMUSG00000027293	Ehd4	ISS, ISO, IBA, IEA
CRE upregulated	GO:0006810	transport	ENSMUSG00000035392	Dennd1a	IDA, ISS, IBA, IEA
CRE upregulated	GO:0006810	transport	ENSMUSG00000020435	Osbp2	IEA
CRE upregulated	GO:0006810	transport	ENSMUSG00000027613	Eif6	IBA, IEA
CRE upregulated	GO:0006810	transport	ENSMUSG00000033039	Micall1	ISS, IEA
CRE upregulated	GO:0006810	transport	ENSMUSG00000059923	Grb2	IEA
CRE upregulated	GO:0006810	transport	ENSMUSG00000049303	Syt12	ISO, IBA, IEA
CRE upregulated	GO:0006810	transport	ENSMUSG00000022848	Slc49a4	ISS, IEA
CRE upregulated	GO:0006810	transport	ENSMUSG00000042406	Atf4	IMP, ISO, IEA
CRE upregulated	GO:0006810	transport	ENSMUSG00000055078	Gabra5	IBA, IEA
CRE upregulated	GO:0006810	transport	ENSMUSG00000038267	Slc22a23	IEA
CRE upregulated	GO:0006810	transport	ENSMUSG00000040322	Slc25a24	ISS, IBA, IEA
CRE upregulated	GO:0006810	transport	ENSMUSG00000007458	M6pr	IDA, IBA, TAS, IEA
CRE upregulated	GO:0006810	transport	ENSMUSG00000020271	Fbxw11	IBA
CRE upregulated	GO:0006810	transport	ENSMUSG00000005950	P2rx5	IEA
CRE upregulated	GO:0006810	transport	ENSMUSG00000020838	Slc6a4	IDA, IMP, ISO, IBA, NAS, IEA
CRE upregulated	GO:0006810	transport	ENSMUSG00000031628	Casp3	IDA, IMP
CRE upregulated	GO:0006810	transport	ENSMUSG00000025408	Ddit3	IMP
CRE upregulated	GO:0006810	transport	ENSMUSG00000032078	Zpr1	IMP, ISS, IBA, IEA
CRE upregulated	GO:0006810	transport	ENSMUSG00000035199	Arl6ip5	IDA, ISO, IBA, IEA
CRE upregulated	GO:0006810	transport	ENSMUSG00000055407	Map6	ISO, IBA
CRE upregulated	GO:0006810	transport	ENSMUSG00000001847	Rac1	IDA, IMP, ISO, IBA, IEA
CRE upregulated	GO:0006810	transport	ENSMUSG00000018909	Arrb1	IMP, ISS, ISO, IBA, IEA
CRE upregulated	GO:0006810	transport	ENSMUSG00000024349	Sting1	IEA
CRE upregulated	GO:0006810	transport	ENSMUSG00000026317	Cln8	IMP
CRE upregulated	GO:0006810	transport	ENSMUSG00000044667	Plppr4	IMP
CRE upregulated	GO:0006810	transport	ENSMUSG00000028145	Them4	ISS, IEA
CRE upregulated	GO:0006810	transport	ENSMUSG00000057531	Dtnbp1	IDA, IMP, ISO, IBA, IEA
CRE upregulated	GO:0006810	transport	ENSMUSG00000058355	Abce1	IBA, IEA
CRE upregulated	GO:0006810	transport	ENSMUSG00000004768	Rab23	IEA
CRE upregulated	GO:0006810	transport	ENSMUSG00000015837	Sqstm1	IDA, IMP, ISS, IEA
CRE upregulated	GO:0006810	transport	ENSMUSG00000036737	Oxsr1	IGI, IEA
CRE upregulated	GO:0006810	transport	ENSMUSG00000036057	Ptpn23	IBA, IEA
CRE upregulated	GO:0006810	transport	ENSMUSG00000015316	Slamf1	IMP, IEA
CRE upregulated	GO:0006810	transport	ENSMUSG00000032502	Stac	IMP
CRE upregulated	GO:0006810	transport	ENSMUSG00000022433	Csnk1e	IBA
CRE upregulated	GO:0006810	transport	ENSMUSG00000022346	Myc	ISO
CRE upregulated	GO:0006810	transport	ENSMUSG00000042246	Tmc7	IEA
CRE upregulated	GO:0006810	transport	ENSMUSG00000036437	Npy1r	ISO
CRE upregulated	GO:0006810	transport	ENSMUSG00000030616	Sytl2	IDA, IMP, IBA, IEA
CRE upregulated	GO:0006810	transport	ENSMUSG00000047604	Frat2	ISS
CRE upregulated	GO:0006810	transport	ENSMUSG00000030650	Tmc5	IEA
CRE upregulated	GO:0006810	transport	ENSMUSG00000023032	Slc4a8	EXP, IDA, IMP, ISO, IBA, IEA
CRE upregulated	GO:0006810	transport	ENSMUSG00000024789	Jak2	ISS, ISO, IEA
CRE upregulated	GO:0006810	transport	ENSMUSG00000010095	Slc3a2	IDA, ISS, ISO, IBA, IEA
CRE upregulated	GO:0006810	transport	ENSMUSG00000038949	Cnst	ISS, IBA, IEA
CRE upregulated	GO:0006810	transport	ENSMUSG00000004040	ENSMUSG00000004040	ISS, ISO, IEA
CRE upregulated	GO:0006810	transport	ENSMUSG00000025178	Pi4k2a	ISO
CRE upregulated	GO:0006810	transport	ENSMUSG00000022602	Arc	IDA, IMP, ISS, ISO, IEA
CRE upregulated	GO:0006810	transport	ENSMUSG00000022555	Dgat1	ISO
CRE upregulated	GO:0006810	transport	ENSMUSG00000020027	Socs2	IMP, IGI
CRE upregulated	GO:0006810	transport	ENSMUSG00000109511	Nup62	ISO, IBA, NAS, IEA
CRE upregulated	GO:0006810	transport	ENSMUSG00000029135	Fosl2	IDA
CRE upregulated	GO:0006810	transport	ENSMUSG00000047554	Tmem41b	IEA
CRE upregulated	GO:0006810	transport	ENSMUSG00000004347	ENSMUSG00000004347	ISO
CRE upregulated	GO:0006810	transport	ENSMUSG00000033769	Exoc6b	IBA, NAS, IEA
CRE upregulated	GO:0006810	transport	ENSMUSG00000050335	Lgals3	IEA
CRE upregulated	GO:0006810	transport	ENSMUSG00000028255	Clca1	ISA, IEA
CRE upregulated	GO:0006810	transport	ENSMUSG00000036882	ENSMUSG00000036882	IEA
CRE upregulated	GO:0006810	transport	ENSMUSG00000033545	Znrf1	IEA
CRE upregulated	GO:0006810	transport	ENSMUSG00000026426	ENSMUSG00000026426	IDA, IBA, IEA
CRE upregulated	GO:0006810	transport	ENSMUSG00000059316	Slc27a4	IDA, IMP, IGI, IBA, IEA
CRE upregulated	GO:0006810	transport	ENSMUSG00000024803	Ankrd1	IEA
CRE upregulated	GO:0006810	transport	ENSMUSG00000031934	ENSMUSG00000031934	IDA, ISS, IBA, IEA
CRE upregulated	GO:0006810	transport	ENSMUSG00000019188	ENSMUSG00000019188	IEA
CRE upregulated	GO:0006810	transport	ENSMUSG00000036206	Sh3bp4	IEA
CRE upregulated	GO:0006810	transport	ENSMUSG00000025793	ENSMUSG00000025793	ISO, IBA, IEA
CRE upregulated	GO:0006810	transport	ENSMUSG00000038591	Colec10	IEA
CRE upregulated	GO:0006810	transport	ENSMUSG00000002733	Plekha3	IBA
CRE upregulated	GO:0006810	transport	ENSMUSG00000026718	ENSMUSG00000026718	IBA, IEA
CRE upregulated	GO:0006810	transport	ENSMUSG00000028893	Sesn2	IMP
CRE upregulated	GO:0006810	transport	ENSMUSG00000029071	ENSMUSG00000029071	IDA, IMP, IGI
CRE upregulated	GO:0006810	transport	ENSMUSG00000022125	Cln5	IEA
CRE upregulated	GO:0006810	transport	ENSMUSG00000044453	Ffar1	IDA, IMP, ISO, IBA, IEA
CRE upregulated	GO:0006810	transport	ENSMUSG00000024036	ENSMUSG00000024036	ISS, IBA, IEA
CRE upregulated	GO:0006810	transport	ENSMUSG00000064210	ENSMUSG00000064210	IDA, IMP, IGI, ISS, ISO, IBA, IEA
CRE upregulated	GO:0006810	transport	ENSMUSG00000032902	Slc16a1	IMP, ISS, ISO, IBA, IEA
CRE upregulated	GO:0006810	transport	ENSMUSG00000032715	Trib3	IDA
CRE upregulated	GO:0006810	transport	ENSMUSG00000035594	Chrna5	IEA
CRE upregulated	GO:0006810	transport	ENSMUSG00000026074	Map4k4	IEA
CRE upregulated	GO:0006810	transport	ENSMUSG00000031904	ENSMUSG00000031904	IDA, ISS, ISO, IBA, IEA
CRE upregulated	GO:0006810	transport	ENSMUSG00000029175	Slc35f6	ISS, IEA
CRE upregulated	GO:0006810	transport	ENSMUSG00000049866	Arl4c	ISS, IBA, IEA
CRE upregulated	GO:0006810	transport	ENSMUSG00000025162	ENSMUSG00000025162	IBA, IEA
CRE upregulated	GO:0006810	transport	ENSMUSG00000010660	Plcd1	ISO, IBA
CRE upregulated	GO:0006810	transport	ENSMUSG00000031278	ENSMUSG00000031278	ISS, ISO
CRE upregulated	GO:0006810	transport	ENSMUSG00000053175	Bcl3	IEA
CRE upregulated	GO:0006810	transport	ENSMUSG00000032599	ENSMUSG00000032599	ISO
CRE upregulated	GO:0006810	transport	ENSMUSG00000040640	ENSMUSG00000040640	IDA, IMP
CRE upregulated	GO:0006810	transport	ENSMUSG00000024517	Grp	IDA, ISS, IEA
CRE upregulated	GO:0006810	transport	ENSMUSG00000040118	ENSMUSG00000040118	IMP, ISS, ISO, IEA
CRE upregulated	GO:0006810	transport	ENSMUSG00000025340	Rabgef1	IDA, IMP, IEA
CRE upregulated	GO:0006810	transport	ENSMUSG00000085007	ENSMUSG00000085007	IMP
CRE upregulated	GO:0006810	transport	ENSMUSG00000021587	Pcsk1	ISO, IEA
CRE upregulated	GO:0006810	transport	ENSMUSG00000028599	Tnfrsf1b	IGI
CRE upregulated	GO:0006810	transport	ENSMUSG00000004530	ENSMUSG00000004530	ISS, TAS, IEA
CRE upregulated	GO:0006810	transport	ENSMUSG00000044147	Arf6	ISO, IBA, TAS, IEA
CRE upregulated	GO:0006810	transport	ENSMUSG00000031532	Saraf	ISS, IBA, IEA
CRE upregulated	GO:0006810	transport	ENSMUSG00000052298	Cdc42se2	IEA
CRE upregulated	GO:0006810	transport	ENSMUSG00000030662	ENSMUSG00000030662	IDA, IMP, IBA, IEA
CRE upregulated	GO:0006810	transport	ENSMUSG00000011877	Git1	IDA, IMP, IBA
CRE upregulated	GO:0006810	transport	ENSMUSG00000024270	ENSMUSG00000024270	ISS, IBA, IEA
CRE upregulated	GO:0006810	transport	ENSMUSG00000040046	Tph1	IMP
CRE upregulated	GO:0006810	transport	ENSMUSG00000062234	ENSMUSG00000062234	IEA
CRE upregulated	GO:0006810	transport	ENSMUSG00000047281	ENSMUSG00000047281	IDA
CRE upregulated	GO:0006810	transport	ENSMUSG00000025351	Cd63	ISS, ISO, IEA
CRE upregulated	GO:0006810	transport	ENSMUSG00000048796	ENSMUSG00000048796	IEA
CRE upregulated	GO:0006810	transport	ENSMUSG00000019842	ENSMUSG00000019842	IDA, IMP
CRE upregulated	GO:0006810	transport	ENSMUSG00000044465	ENSMUSG00000044465	ISS, IBA, IEA
CRE upregulated	GO:0006810	transport	ENSMUSG00000016534	ENSMUSG00000016534	IMP, ISO, IBA, IEA
CRE upregulated	GO:0006810	transport	ENSMUSG00000025366	ENSMUSG00000025366	ISS, IEA
CRE upregulated	GO:0006810	transport	ENSMUSG00000027465	Tbc1d20	IBA, IEA
CRE upregulated	GO:0006810	transport	ENSMUSG00000000001	ENSMUSG00000000001	ISO
CRE upregulated	GO:0006810	transport	ENSMUSG00000039844	ENSMUSG00000039844	ISO, IEA
CRE upregulated	GO:0006810	transport	ENSMUSG00000001552	ENSMUSG00000001552	IEA
CRE upregulated	GO:0006810	transport	ENSMUSG00000040010	Slc7a5	IDA, ISS, ISO, IBA, IEA
CRE upregulated	GO:0006810	transport	ENSMUSG00000020671	ENSMUSG00000020671	IMP, ISS, ISO, IBA, TAS, IEA
CRE upregulated	GO:0006810	transport	ENSMUSG00000047547	Cltb	IBA, IEA
CRE upregulated	GO:0006810	transport	ENSMUSG00000020798	ENSMUSG00000020798	IEA
CRE upregulated	GO:0006810	transport	ENSMUSG00000008859	ENSMUSG00000008859	IDA, ISO, IBA, IEA
CRE upregulated	GO:0006810	transport	ENSMUSG00000069072	ENSMUSG00000069072	IMP, IBA, IEA
CRE upregulated	GO:0006810	transport	ENSMUSG00000037949	ENSMUSG00000037949	IBA, IEA
CRE upregulated	GO:0006810	transport	ENSMUSG00000054934	Kcnmb4	ISS, IEA
CRE upregulated	GO:0006810	transport	ENSMUSG00000046722	ENSMUSG00000046722	IEA
CRE upregulated	GO:0006810	transport	ENSMUSG00000022094	ENSMUSG00000022094	IDA, IMP, ISS, IBA, IEA
CRE upregulated	GO:0006810	transport	ENSMUSG00000038676	Ucn	ISO, IEA
CRE upregulated	GO:0006810	transport	ENSMUSG00000038467	ENSMUSG00000038467	ISO, IBA, NAS, IEA
CRE upregulated	GO:0006810	transport	ENSMUSG00000052681	Rap1b	IGI, IBA, IEA
CRE upregulated	GO:0006810	transport	ENSMUSG00000066595	ENSMUSG00000066595	ISS, ISO, IBA, IEA
CRE upregulated	GO:0006810	transport	ENSMUSG00000032508	Myd88	IMP, IEA
CRE upregulated	GO:0006810	transport	ENSMUSG00000026864	ENSMUSG00000026864	ISS, IEA
CRE upregulated	GO:0006810	transport	ENSMUSG00000021072	Tmx1	IEA
CRE upregulated	GO:0006810	transport	ENSMUSG00000002633	Shh	IDA, IMP, IGI
CRE upregulated	GO:0006810	transport	ENSMUSG00000028680	ENSMUSG00000028680	IEA
CRE upregulated	GO:0006810	transport	ENSMUSG00000027978	Prss12	IDA
CRE upregulated	GO:0006810	transport	ENSMUSG00000003623	ENSMUSG00000003623	IDA
CRE upregulated	GO:0006810	transport	ENSMUSG00000032462	ENSMUSG00000032462	IEA
CRE upregulated	GO:0006810	transport	ENSMUSG00000004270	ENSMUSG00000004270	IMP
CRE upregulated	GO:0006810	transport	ENSMUSG00000005089	Slc1a2	IDA, IMP, ISS, ISO, IBA, IEA
CRE upregulated	GO:0006810	transport	ENSMUSG00000037907	ENSMUSG00000037907	ISS, IEA
CRE upregulated	GO:0006810	transport	ENSMUSG00000061244	ENSMUSG00000061244	IBA, NAS, IEA
CRE upregulated	GO:0006810	transport	ENSMUSG00000056050	ENSMUSG00000056050	IEA
CRE upregulated	GO:0006810	transport	ENSMUSG00000040652	ENSMUSG00000040652	IDA
CRE upregulated	GO:0006810	transport	ENSMUSG00000028291	ENSMUSG00000028291	ISS, IEA
CRE upregulated	GO:0006810	transport	ENSMUSG00000037411	Serpine1	IEA
CRE upregulated	GO:0006810	transport	ENSMUSG00000078676	ENSMUSG00000078676	NAS, IEA
CRE upregulated	GO:0006810	transport	ENSMUSG00000051209	ENSMUSG00000051209	IDA
CRE upregulated	GO:0006810	transport	ENSMUSG00000019843	ENSMUSG00000019843	IGI
CRE upregulated	GO:0006810	transport	ENSMUSG00000027646	ENSMUSG00000027646	ISO, IEA
CRE upregulated	GO:0006810	transport	ENSMUSG00000053825	ENSMUSG00000053825	IEA
CRE upregulated	GO:0006810	transport	ENSMUSG00000019726	ENSMUSG00000019726	IEA
CRE upregulated	GO:0006810	transport	ENSMUSG00000038115	ENSMUSG00000038115	IDA, IMP, IBA, IEA
CRE upregulated	GO:0006810	transport	ENSMUSG00000031073	Fgf15	IEA
CRE upregulated	GO:0006810	transport	ENSMUSG00000015839	Nfe2l2	IDA
CRE upregulated	GO:0006810	transport	ENSMUSG00000049550	ENSMUSG00000049550	IMP
CRE upregulated	GO:0006810	transport	ENSMUSG00000034145	ENSMUSG00000034145	IEA
CRE upregulated	GO:0006810	transport	ENSMUSG00000034006	ENSMUSG00000034006	IBA
CRE upregulated	GO:0006810	transport	ENSMUSG00000019998	ENSMUSG00000019998	IEA
CRE upregulated	GO:0006810	transport	ENSMUSG00000024907	Gal	IEA
CRE upregulated	GO:0006810	transport	ENSMUSG00000003541	ENSMUSG00000003541	IDA, IMP
CRE upregulated	GO:0006810	transport	ENSMUSG00000024287	ENSMUSG00000024287	ISS, IBA, IEA
CRE upregulated	GO:0019538	protein metabolic process	ENSMUSG00000036390	Gadd45a	IMP, IEA
CRE upregulated	GO:0019538	protein metabolic process	ENSMUSG00000052684	Jun	IMP
CRE upregulated	GO:0019538	protein metabolic process	ENSMUSG00000046223	Plaur	NAS
CRE upregulated	GO:0019538	protein metabolic process	ENSMUSG00000039328	Rnf122	ISS, IEA
CRE upregulated	GO:0019538	protein metabolic process	ENSMUSG00000004951	Hspb1	IDA, ISS, IBA, IEA
CRE upregulated	GO:0019538	protein metabolic process	ENSMUSG00000025473	Adam8	IDA, IBA, IEA
CRE upregulated	GO:0019538	protein metabolic process	ENSMUSG00000046731	Kctd11	IEA
CRE upregulated	GO:0019538	protein metabolic process	ENSMUSG00000019876	Pkib	IEA
CRE upregulated	GO:0019538	protein metabolic process	ENSMUSG00000037447	Arid5a	IDA
CRE upregulated	GO:0019538	protein metabolic process	ENSMUSG00000025089	Gfra1	ISO, IEA
CRE upregulated	GO:0019538	protein metabolic process	ENSMUSG00000040151	Hs2st1	IMP
CRE upregulated	GO:0019538	protein metabolic process	ENSMUSG00000001054	Rmnd5b	IBA, IEA
CRE upregulated	GO:0019538	protein metabolic process	ENSMUSG00000014599	Csf1	IEA
CRE upregulated	GO:0019538	protein metabolic process	ENSMUSG00000020427	Igfbp3	ISO, IEA
CRE upregulated	GO:0019538	protein metabolic process	ENSMUSG00000023067	Cdkn1a	IMP
CRE upregulated	GO:0019538	protein metabolic process	ENSMUSG00000024404	Riok3	IEA
CRE upregulated	GO:0019538	protein metabolic process	ENSMUSG00000030681	Mvp	IMP, IEA
CRE upregulated	GO:0019538	protein metabolic process	ENSMUSG00000109901	Chmp1b	ISO, IEA
CRE upregulated	GO:0019538	protein metabolic process	ENSMUSG00000028226	Mmp16	IEA
CRE upregulated	GO:0019538	protein metabolic process	ENSMUSG00000030272	Camk1	ISS, IEA
CRE upregulated	GO:0019538	protein metabolic process	ENSMUSG00000004846	Plod3	IDA, ISS, IEA
CRE upregulated	GO:0019538	protein metabolic process	ENSMUSG00000037280	Galnt6	ISS, IBA, IEA
CRE upregulated	GO:0019538	protein metabolic process	ENSMUSG00000028793	Rnf19b	ISS, IBA, IEA
CRE upregulated	GO:0019538	protein metabolic process	ENSMUSG00000024691	Fam111a	ISS, IEA
CRE upregulated	GO:0019538	protein metabolic process	ENSMUSG00000003644	Rps6ka1	IEA
CRE upregulated	GO:0019538	protein metabolic process	ENSMUSG00000029378	Areg	IDA
CRE upregulated	GO:0019538	protein metabolic process	ENSMUSG00000042688	Mapk6	IDA, IEA
CRE upregulated	GO:0019538	protein metabolic process	ENSMUSG00000005087	Cd44	IEA
CRE upregulated	GO:0019538	protein metabolic process	ENSMUSG00000026836	Acvr1	IEA
CRE upregulated	GO:0019538	protein metabolic process	ENSMUSG00000048482	Bdnf	IMP, ISO, IEA
CRE upregulated	GO:0019538	protein metabolic process	ENSMUSG00000024256	Adcyap1	ISS, ISO, IEA
CRE upregulated	GO:0019538	protein metabolic process	ENSMUSG00000034832	Tet3	ISS, IEA
CRE upregulated	GO:0019538	protein metabolic process	ENSMUSG00000056076	Eif3b	IDA, IBA, IEA
CRE upregulated	GO:0019538	protein metabolic process	ENSMUSG00000037458	Azin1	ISS, ISO, IBA, IEA
CRE upregulated	GO:0019538	protein metabolic process	ENSMUSG00000014195	Dnajc7	IEA
CRE upregulated	GO:0019538	protein metabolic process	ENSMUSG00000021070	Bdkrb2	IMP
CRE upregulated	GO:0019538	protein metabolic process	ENSMUSG00000079442	St6galnac4	IEA
CRE upregulated	GO:0019538	protein metabolic process	ENSMUSG00000002250	Ppard	ISO
CRE upregulated	GO:0019538	protein metabolic process	ENSMUSG00000027198	Ext2	IDA, IMP, IGI, IEA
CRE upregulated	GO:0019538	protein metabolic process	ENSMUSG00000044734	Serpinb1a	IPI
CRE upregulated	GO:0019538	protein metabolic process	ENSMUSG00000021501	Caml	ISS, IEA
CRE upregulated	GO:0019538	protein metabolic process	ENSMUSG00000037568	Vash2	IDA, IEA
CRE upregulated	GO:0019538	protein metabolic process	ENSMUSG00000035828	Pim3	ISS, IEA
CRE upregulated	GO:0019538	protein metabolic process	ENSMUSG00000032578	Cish	IEA
CRE upregulated	GO:0019538	protein metabolic process	ENSMUSG00000029201	Ugdh	IMP
CRE upregulated	GO:0019538	protein metabolic process	ENSMUSG00000027313	Chac1	ISS, IEA
CRE upregulated	GO:0019538	protein metabolic process	ENSMUSG00000028789	Azin2	IBA, IEA
CRE upregulated	GO:0019538	protein metabolic process	ENSMUSG00000039954	Stk32a	IEA
CRE upregulated	GO:0019538	protein metabolic process	ENSMUSG00000027540	Ptpn1	IMP, IGI, ISS, IEA
CRE upregulated	GO:0019538	protein metabolic process	ENSMUSG00000043895	S1pr2	IMP, IEA
CRE upregulated	GO:0019538	protein metabolic process	ENSMUSG00000011179	Odc1	IDA
CRE upregulated	GO:0019538	protein metabolic process	ENSMUSG00000000278	Scpep1	IEA
CRE upregulated	GO:0019538	protein metabolic process	ENSMUSG00000015341	Golga7	ISS
CRE upregulated	GO:0019538	protein metabolic process	ENSMUSG00000026254	Eif4e2	ISS, ISO, IBA, IEA
CRE upregulated	GO:0019538	protein metabolic process	ENSMUSG00000053436	Mapk14	IDA, IEA
CRE upregulated	GO:0019538	protein metabolic process	ENSMUSG00000025809	Itgb1	ISO
CRE upregulated	GO:0019538	protein metabolic process	ENSMUSG00000040025	Ythdf2	ISS
CRE upregulated	GO:0019538	protein metabolic process	ENSMUSG00000028156	Eif4e	IDA, IMP, IEP, ISS, IBA, NAS, IEA
CRE upregulated	GO:0019538	protein metabolic process	ENSMUSG00000025239	Limd1	ISS, IEA
CRE upregulated	GO:0019538	protein metabolic process	ENSMUSG00000057561	Eif1a	IBA, IEA
CRE upregulated	GO:0019538	protein metabolic process	ENSMUSG00000015243	Abca1	IMP, ISO, IEA
CRE upregulated	GO:0019538	protein metabolic process	ENSMUSG00000025139	Tollip	ISO, IBA, IEA
CRE upregulated	GO:0019538	protein metabolic process	ENSMUSG00000025746	Il6	ISO
CRE upregulated	GO:0019538	protein metabolic process	ENSMUSG00000046378	Asphd1	IEA
CRE upregulated	GO:0019538	protein metabolic process	ENSMUSG00000032231	Anxa2	IMP, ISO, IEA
CRE upregulated	GO:0019538	protein metabolic process	ENSMUSG00000047368	Abhd17b	IMP
CRE upregulated	GO:0019538	protein metabolic process	ENSMUSG00000073563	Csnk1g3	IEA
CRE upregulated	GO:0019538	protein metabolic process	ENSMUSG00000022607	Ptk2	IDA, IMP, ISS, IEA
CRE upregulated	GO:0019538	protein metabolic process	ENSMUSG00000055994	Nod2	IDA, IMP, IEA
CRE upregulated	GO:0019538	protein metabolic process	ENSMUSG00000024014	Pim1	IDA, IEA
CRE upregulated	GO:0019538	protein metabolic process	ENSMUSG00000037062	Sh3glb1	IDA
CRE upregulated	GO:0019538	protein metabolic process	ENSMUSG00000027293	Ehd4	ISO, IEA
CRE upregulated	GO:0019538	protein metabolic process	ENSMUSG00000020580	Rock2	IEA
CRE upregulated	GO:0019538	protein metabolic process	ENSMUSG00000027613	Eif6	IMP, ISS, IEA
CRE upregulated	GO:0019538	protein metabolic process	ENSMUSG00000052557	Gan	ISS, IEA
CRE upregulated	GO:0019538	protein metabolic process	ENSMUSG00000017929	B4galt5	IMP, IBA, IEA
CRE upregulated	GO:0019538	protein metabolic process	ENSMUSG00000029777	Gars1	IMP, ISS, IBA, IEA
CRE upregulated	GO:0019538	protein metabolic process	ENSMUSG00000020271	Fbxw11	IDA, IMP, ISS, IEA
CRE upregulated	GO:0019538	protein metabolic process	ENSMUSG00000046854	Pip5kl1	IEA
CRE upregulated	GO:0019538	protein metabolic process	ENSMUSG00000031628	Casp3	IDA, ISS, ISO, IBA, RCA, IEA
CRE upregulated	GO:0019538	protein metabolic process	ENSMUSG00000025408	Ddit3	IEA
CRE upregulated	GO:0019538	protein metabolic process	ENSMUSG00000010755	Cars1	ISS, IBA, IEA
CRE upregulated	GO:0019538	protein metabolic process	ENSMUSG00000040435	Ppp1r15a	IDA, ISO, IEA
CRE upregulated	GO:0019538	protein metabolic process	ENSMUSG00000032078	Zpr1	ISS
CRE upregulated	GO:0019538	protein metabolic process	ENSMUSG00000001847	Rac1	ISS
CRE upregulated	GO:0019538	protein metabolic process	ENSMUSG00000042121	Ssh1	ISO, IEA
CRE upregulated	GO:0019538	protein metabolic process	ENSMUSG00000050271	Prag1	IEA
CRE upregulated	GO:0019538	protein metabolic process	ENSMUSG00000033316	Galnt9	IBA, IEA
CRE upregulated	GO:0019538	protein metabolic process	ENSMUSG00000018909	Arrb1	IMP, ISS, ISO, IEA
CRE upregulated	GO:0019538	protein metabolic process	ENSMUSG00000030057	Cnbp	IBA, IEA
CRE upregulated	GO:0019538	protein metabolic process	ENSMUSG00000020064	Herc4	IBA, TAS, IEA
CRE upregulated	GO:0019538	protein metabolic process	ENSMUSG00000026317	Cln8	IMP
CRE upregulated	GO:0019538	protein metabolic process	ENSMUSG00000033955	Tnks1bp1	IEA
CRE upregulated	GO:0019538	protein metabolic process	ENSMUSG00000024360	Etf1	ISO, IBA, IEA
CRE upregulated	GO:0019538	protein metabolic process	ENSMUSG00000027455	Nsfl1c	IBA
CRE upregulated	GO:0019538	protein metabolic process	ENSMUSG00000054008	Ndst1	IDA, IMP, ISO, IEA
CRE upregulated	GO:0019538	protein metabolic process	ENSMUSG00000057531	Dtnbp1	IMP, ISO
CRE upregulated	GO:0019538	protein metabolic process	ENSMUSG00000058355	Abce1	ISS, IBA, IEA
CRE upregulated	GO:0019538	protein metabolic process	ENSMUSG00000015837	Sqstm1	IDA, ISS, ISO, IEA
CRE upregulated	GO:0019538	protein metabolic process	ENSMUSG00000030309	Caprin2	IEA
CRE upregulated	GO:0019538	protein metabolic process	ENSMUSG00000029131	Dnajb6	ISO, IBA, IEA
CRE upregulated	GO:0019538	protein metabolic process	ENSMUSG00000036737	Oxsr1	IGI, ISS, IEA
CRE upregulated	GO:0019538	protein metabolic process	ENSMUSG00000023286	Ube2j2	ISS, IBA, IEA
CRE upregulated	GO:0019538	protein metabolic process	ENSMUSG00000017428	Psmd11	ISS, IBA, IEA
CRE upregulated	GO:0019538	protein metabolic process	ENSMUSG00000036057	Ptpn23	ISS, IBA, IEA
CRE upregulated	GO:0019538	protein metabolic process	ENSMUSG00000020015	Cdk17	IEA
CRE upregulated	GO:0019538	protein metabolic process	ENSMUSG00000022433	Csnk1e	IDA, IMP, IGI, ISO, IBA, IEA
CRE upregulated	GO:0019538	protein metabolic process	ENSMUSG00000022346	Myc	IMP
CRE upregulated	GO:0019538	protein metabolic process	ENSMUSG00000053113	Socs3	IDA, IEA
CRE upregulated	GO:0019538	protein metabolic process	ENSMUSG00000035572	Dcaf10	IEA
CRE upregulated	GO:0019538	protein metabolic process	ENSMUSG00000005813	Metap1	IDA, IEA
CRE upregulated	GO:0019538	protein metabolic process	ENSMUSG00000027954	Efna1	IDA, IEA
CRE upregulated	GO:0019538	protein metabolic process	ENSMUSG00000026247	Ecel1	IBA, IEA
CRE upregulated	GO:0019538	protein metabolic process	ENSMUSG00000024789	Jak2	IDA, ISS, IEA
CRE upregulated	GO:0019538	protein metabolic process	ENSMUSG00000020027	Socs2	ISS, IEA
CRE upregulated	GO:0019538	protein metabolic process	ENSMUSG00000109511	Nup62	IMP
CRE upregulated	GO:0019538	protein metabolic process	ENSMUSG00000035778	Ggta1	IEA
CRE upregulated	GO:0019538	protein metabolic process	ENSMUSG00000029135	Fosl2	IDA
CRE upregulated	GO:0019538	protein metabolic process	ENSMUSG00000020395	Itk	IMP, IEA
CRE upregulated	GO:0019538	protein metabolic process	ENSMUSG00000036990	Otud4	IDA, ISS, IBA, IEA
CRE upregulated	GO:0019538	protein metabolic process	ENSMUSG00000037851	Iars1	IDA, ISO, IBA, IEA
CRE upregulated	GO:0019538	protein metabolic process	ENSMUSG00000028255	Clca1	IEA
CRE upregulated	GO:0019538	protein metabolic process	ENSMUSG00000024190	Dusp1	IMP, ISS, IEA
CRE upregulated	GO:0019538	protein metabolic process	ENSMUSG00000032307	Ube2q2	ISS, IBA, IEA
CRE upregulated	GO:0019538	protein metabolic process	ENSMUSG00000030223	ENSMUSG00000030223	IDA, IEA
CRE upregulated	GO:0019538	protein metabolic process	ENSMUSG00000027797	Dclk1	IEA
CRE upregulated	GO:0019538	protein metabolic process	ENSMUSG00000031960	Aars1	IDA, IMP, ISO, IBA, IEA
CRE upregulated	GO:0019538	protein metabolic process	ENSMUSG00000004865	ENSMUSG00000004865	IDA, IEA
CRE upregulated	GO:0019538	protein metabolic process	ENSMUSG00000041594	ENSMUSG00000041594	ISS, IBA, IEA
CRE upregulated	GO:0019538	protein metabolic process	ENSMUSG00000017615	Tnfaip1	ISS, IBA, IEA
CRE upregulated	GO:0019538	protein metabolic process	ENSMUSG00000033545	Znrf1	IDA, IBA, IEA
CRE upregulated	GO:0019538	protein metabolic process	ENSMUSG00000040033	ENSMUSG00000040033	IEA
CRE upregulated	GO:0019538	protein metabolic process	ENSMUSG00000021360	ENSMUSG00000021360	IEA
CRE upregulated	GO:0019538	protein metabolic process	ENSMUSG00000050747	Trim15	IBA
CRE upregulated	GO:0019538	protein metabolic process	ENSMUSG00000038733	Wdr26	IBA
CRE upregulated	GO:0019538	protein metabolic process	ENSMUSG00000019188	ENSMUSG00000019188	ISS, IBA, IEA
CRE upregulated	GO:0019538	protein metabolic process	ENSMUSG00000024927	Rela	IDA, IMP
CRE upregulated	GO:0019538	protein metabolic process	ENSMUSG00000029458	ENSMUSG00000029458	IBA, IEA
CRE upregulated	GO:0019538	protein metabolic process	ENSMUSG00000042608	Stk40	IEA
CRE upregulated	GO:0019538	protein metabolic process	ENSMUSG00000053716	Dusp7	IEA
CRE upregulated	GO:0019538	protein metabolic process	ENSMUSG00000038591	Colec10	IEA
CRE upregulated	GO:0019538	protein metabolic process	ENSMUSG00000027692	Tnik	ISS, IEA
CRE upregulated	GO:0019538	protein metabolic process	ENSMUSG00000026718	ENSMUSG00000026718	IBA
CRE upregulated	GO:0019538	protein metabolic process	ENSMUSG00000026078	Pdcl3	ISO, IBA, IEA
CRE upregulated	GO:0019538	protein metabolic process	ENSMUSG00000028893	Sesn2	IMP, IEA
CRE upregulated	GO:0019538	protein metabolic process	ENSMUSG00000024947	Men1	IEA
CRE upregulated	GO:0019538	protein metabolic process	ENSMUSG00000029071	ENSMUSG00000029071	IDA, IGI, IEA
CRE upregulated	GO:0019538	protein metabolic process	ENSMUSG00000036894	Rap2b	IDA, IEA
CRE upregulated	GO:0019538	protein metabolic process	ENSMUSG00000022125	Cln5	ISS, IEA
CRE upregulated	GO:0019538	protein metabolic process	ENSMUSG00000032715	Trib3	IDA, ISS, IBA, TAS, IC, IEA
CRE upregulated	GO:0019538	protein metabolic process	ENSMUSG00000024777	ENSMUSG00000024777	ISO, IEA
CRE upregulated	GO:0019538	protein metabolic process	ENSMUSG00000026074	Map4k4	IEA
CRE upregulated	GO:0019538	protein metabolic process	ENSMUSG00000040365	Trim41	ISS, IBA, IEA
CRE upregulated	GO:0019538	protein metabolic process	ENSMUSG00000020547	Bzw2	ISS, IEA
CRE upregulated	GO:0019538	protein metabolic process	ENSMUSG00000020694	ENSMUSG00000020694	ISS, IEA
CRE upregulated	GO:0019538	protein metabolic process	ENSMUSG00000025162	ENSMUSG00000025162	IDA, IMP, IGI, ISS, IBA, IEA
CRE upregulated	GO:0019538	protein metabolic process	ENSMUSG00000028811	ENSMUSG00000028811	IEA
CRE upregulated	GO:0019538	protein metabolic process	ENSMUSG00000031668	ENSMUSG00000031668	IEA
CRE upregulated	GO:0019538	protein metabolic process	ENSMUSG00000053175	Bcl3	IEA
CRE upregulated	GO:0019538	protein metabolic process	ENSMUSG00000068739	ENSMUSG00000068739	ISS, IBA, IEA
CRE upregulated	GO:0019538	protein metabolic process	ENSMUSG00000059796	Eif4a1	IBA, NAS, IEA
CRE upregulated	GO:0019538	protein metabolic process	ENSMUSG00000032599	ENSMUSG00000032599	IMP
CRE upregulated	GO:0019538	protein metabolic process	ENSMUSG00000020349	ENSMUSG00000020349	ISS, ISO
CRE upregulated	GO:0019538	protein metabolic process	ENSMUSG00000023307	Marchf5	ISS, IBA, IEA
CRE upregulated	GO:0019538	protein metabolic process	ENSMUSG00000025340	Rabgef1	IMP
CRE upregulated	GO:0019538	protein metabolic process	ENSMUSG00000039108	ENSMUSG00000039108	IEA
CRE upregulated	GO:0019538	protein metabolic process	ENSMUSG00000021587	Pcsk1	IDA, IMP, ISO, IBA, IEA
CRE upregulated	GO:0019538	protein metabolic process	ENSMUSG00000033159	ENSMUSG00000033159	IEA
CRE upregulated	GO:0019538	protein metabolic process	ENSMUSG00000028599	Tnfrsf1b	IBA, IEA
CRE upregulated	GO:0019538	protein metabolic process	ENSMUSG00000004530	ENSMUSG00000004530	IEA
CRE upregulated	GO:0019538	protein metabolic process	ENSMUSG00000018648	Dusp14	IEA
CRE upregulated	GO:0019538	protein metabolic process	ENSMUSG00000025060	ENSMUSG00000025060	ISS, IEA
CRE upregulated	GO:0019538	protein metabolic process	ENSMUSG00000062234	ENSMUSG00000062234	IEA
CRE upregulated	GO:0019538	protein metabolic process	ENSMUSG00000007411	ENSMUSG00000007411	ISS, IEA
CRE upregulated	GO:0019538	protein metabolic process	ENSMUSG00000021796	Bmpr1a	IEA
CRE upregulated	GO:0019538	protein metabolic process	ENSMUSG00000031383	Dusp9	IEA
CRE upregulated	GO:0019538	protein metabolic process	ENSMUSG00000028703	ENSMUSG00000028703	IEA
CRE upregulated	GO:0019538	protein metabolic process	ENSMUSG00000019842	ENSMUSG00000019842	IMP, IEA
CRE upregulated	GO:0019538	protein metabolic process	ENSMUSG00000016534	ENSMUSG00000016534	IMP, IGI, ISS, ISO, IBA, IEA
CRE upregulated	GO:0019538	protein metabolic process	ENSMUSG00000029110	ENSMUSG00000029110	ISS, ISO, IEA
CRE upregulated	GO:0019538	protein metabolic process	ENSMUSG00000109336	ENSMUSG00000109336	IEA
CRE upregulated	GO:0019538	protein metabolic process	ENSMUSG00000035725	ENSMUSG00000035725	ISS, IEA
CRE upregulated	GO:0019538	protein metabolic process	ENSMUSG00000019763	ENSMUSG00000019763	ISS, IBA, IEA
CRE upregulated	GO:0019538	protein metabolic process	ENSMUSG00000017677	Wsb1	IDA, IBA, IEA
CRE upregulated	GO:0019538	protein metabolic process	ENSMUSG00000027997	Casp6	ISS, RCA, IEA
CRE upregulated	GO:0019538	protein metabolic process	ENSMUSG00000018848	ENSMUSG00000018848	IDA, ISO, IBA, IEA
CRE upregulated	GO:0019538	protein metabolic process	ENSMUSG00000023952	ENSMUSG00000023952	IMP, IBA
CRE upregulated	GO:0019538	protein metabolic process	ENSMUSG00000020594	ENSMUSG00000020594	ISO, IEA
CRE upregulated	GO:0019538	protein metabolic process	ENSMUSG00000011256	ENSMUSG00000011256	IDA, IMP, IBA, IEA
CRE upregulated	GO:0019538	protein metabolic process	ENSMUSG00000020448	Rnf185	ISS, IBA, IEA
CRE upregulated	GO:0019538	protein metabolic process	ENSMUSG00000000787	ENSMUSG00000000787	ISS, IEA
CRE upregulated	GO:0019538	protein metabolic process	ENSMUSG00000008730	Hipk1	ISS, IEA
CRE upregulated	GO:0019538	protein metabolic process	ENSMUSG00000059288	ENSMUSG00000059288	IDA, IEA
CRE upregulated	GO:0019538	protein metabolic process	ENSMUSG00000050022	ENSMUSG00000050022	IEA
CRE upregulated	GO:0019538	protein metabolic process	ENSMUSG00000022948	Setd4	IEA
CRE upregulated	GO:0019538	protein metabolic process	ENSMUSG00000038676	Ucn	ISO, IEA
CRE upregulated	GO:0019538	protein metabolic process	ENSMUSG00000038467	ENSMUSG00000038467	ISO, IEA
CRE upregulated	GO:0019538	protein metabolic process	ENSMUSG00000037553	ENSMUSG00000037553	ISS
CRE upregulated	GO:0019538	protein metabolic process	ENSMUSG00000025403	ENSMUSG00000025403	IMP, IEA
CRE upregulated	GO:0019538	protein metabolic process	ENSMUSG00000039372	ENSMUSG00000039372	IEA
CRE upregulated	GO:0019538	protein metabolic process	ENSMUSG00000028370	Pappa	ISO, IBA, IEA
CRE upregulated	GO:0019538	protein metabolic process	ENSMUSG00000026864	ENSMUSG00000026864	IDA, IMP, IBA
CRE upregulated	GO:0019538	protein metabolic process	ENSMUSG00000021072	Tmx1	ISS, IEA
CRE upregulated	GO:0019538	protein metabolic process	ENSMUSG00000002633	Shh	IDA, IMP, IEA
CRE upregulated	GO:0019538	protein metabolic process	ENSMUSG00000026209	ENSMUSG00000026209	IEA
CRE upregulated	GO:0019538	protein metabolic process	ENSMUSG00000032540	ENSMUSG00000032540	IEA
CRE upregulated	GO:0019538	protein metabolic process	ENSMUSG00000028680	ENSMUSG00000028680	IEA
CRE upregulated	GO:0019538	protein metabolic process	ENSMUSG00000027978	Prss12	IDA, IMP, IBA, IEA
CRE upregulated	GO:0019538	protein metabolic process	ENSMUSG00000053581	ENSMUSG00000053581	IMP, IBA
CRE upregulated	GO:0019538	protein metabolic process	ENSMUSG00000006344	ENSMUSG00000006344	IEA
CRE upregulated	GO:0019538	protein metabolic process	ENSMUSG00000015357	ENSMUSG00000015357	ISS, IBA, IEA
CRE upregulated	GO:0019538	protein metabolic process	ENSMUSG00000025198	ENSMUSG00000025198	IEA
CRE upregulated	GO:0019538	protein metabolic process	ENSMUSG00000027944	Hax1	IEA
CRE upregulated	GO:0019538	protein metabolic process	ENSMUSG00000029145	ENSMUSG00000029145	ISS, IEA
CRE upregulated	GO:0019538	protein metabolic process	ENSMUSG00000038250	ENSMUSG00000038250	IBA, IEA
CRE upregulated	GO:0019538	protein metabolic process	ENSMUSG00000020794	Ube2g1	IDA, ISS, ISO, IBA, IEA
CRE upregulated	GO:0019538	protein metabolic process	ENSMUSG00000040652	ENSMUSG00000040652	IDA, IBA
CRE upregulated	GO:0019538	protein metabolic process	ENSMUSG00000028291	ENSMUSG00000028291	ISS, IEA
CRE upregulated	GO:0019538	protein metabolic process	ENSMUSG00000037411	Serpine1	IEA
CRE upregulated	GO:0019538	protein metabolic process	ENSMUSG00000032786	ENSMUSG00000032786	IBA
CRE upregulated	GO:0019538	protein metabolic process	ENSMUSG00000078676	ENSMUSG00000078676	IEA
CRE upregulated	GO:0019538	protein metabolic process	ENSMUSG00000020340	ENSMUSG00000020340	IEA
CRE upregulated	GO:0019538	protein metabolic process	ENSMUSG00000038712	ENSMUSG00000038712	IBA, IEA
CRE upregulated	GO:0019538	protein metabolic process	ENSMUSG00000024613	ENSMUSG00000024613	ISS, IEA
CRE upregulated	GO:0019538	protein metabolic process	ENSMUSG00000019843	ENSMUSG00000019843	IDA, IMP, IGI, IEA
CRE upregulated	GO:0019538	protein metabolic process	ENSMUSG00000024493	ENSMUSG00000024493	IDA, IBA, IEA
CRE upregulated	GO:0019538	protein metabolic process	ENSMUSG00000027646	ENSMUSG00000027646	IGI, ISO, IEA
CRE upregulated	GO:0019538	protein metabolic process	ENSMUSG00000037306	ENSMUSG00000037306	ISO
CRE upregulated	GO:0019538	protein metabolic process	ENSMUSG00000021340	ENSMUSG00000021340	IEA
CRE upregulated	GO:0019538	protein metabolic process	ENSMUSG00000033991	ENSMUSG00000033991	ISS, IEA
CRE upregulated	GO:0019538	protein metabolic process	ENSMUSG00000032501	Trib1	IDA, ISS, IBA, IC, IEA
CRE upregulated	GO:0019538	protein metabolic process	ENSMUSG00000003119	ENSMUSG00000003119	ISS, IEA
CRE upregulated	GO:0019538	protein metabolic process	ENSMUSG00000025027	Xpnpep1	ISS, ISO, IEA
CRE upregulated	GO:0019538	protein metabolic process	ENSMUSG00000031642	Sh3rf1	IEA
CRE upregulated	GO:0019538	protein metabolic process	ENSMUSG00000042197	ENSMUSG00000042197	ISS, IBA, IEA
CRE upregulated	GO:0019538	protein metabolic process	ENSMUSG00000055067	ENSMUSG00000055067	IMP
CRE upregulated	GO:0019538	protein metabolic process	ENSMUSG00000026384	Ptpn4	IEA
CRE upregulated	GO:0019538	protein metabolic process	ENSMUSG00000074886	ENSMUSG00000074886	IEA
CRE upregulated	GO:0019538	protein metabolic process	ENSMUSG00000021282	ENSMUSG00000021282	ISO, IBA, IEA
CRE upregulated	GO:0019538	protein metabolic process	ENSMUSG00000031073	Fgf15	IEA
CRE upregulated	GO:0019538	protein metabolic process	ENSMUSG00000015839	Nfe2l2	ISS, IEA
CRE upregulated	GO:0019538	protein metabolic process	ENSMUSG00000021477	ENSMUSG00000021477	IDA, IMP, ISS, ISO, IBA, IEA
CRE upregulated	GO:0019538	protein metabolic process	ENSMUSG00000074656	Eif2s2	ISS, IBA, IEA
CRE upregulated	GO:0019538	protein metabolic process	ENSMUSG00000031751	ENSMUSG00000031751	ISS, IBA, IEA
CRE upregulated	GO:0019538	protein metabolic process	ENSMUSG00000046707	ENSMUSG00000046707	IEA
CRE upregulated	GO:0019538	protein metabolic process	ENSMUSG00000003541	ENSMUSG00000003541	IDA
CRE upregulated	GO:0019538	protein metabolic process	ENSMUSG00000026994	ENSMUSG00000026994	IDA, IMP, IBA, IEA
CRE upregulated	GO:0032502	developmental process	ENSMUSG00000026628	Atf3	IMP
CRE upregulated	GO:0032502	developmental process	ENSMUSG00000036390	Gadd45a	IMP
CRE upregulated	GO:0032502	developmental process	ENSMUSG00000051379	Flrt3	IDA, IMP, ISS, ISO, IEA
CRE upregulated	GO:0032502	developmental process	ENSMUSG00000052684	Jun	IDA, IMP, ISO
CRE upregulated	GO:0032502	developmental process	ENSMUSG00000063632	Sox11	IDA, IMP, ISS, ISO, IBA, IEA
CRE upregulated	GO:0032502	developmental process	ENSMUSG00000019647	Sema6a	IMP, IBA, NAS, IEA
CRE upregulated	GO:0032502	developmental process	ENSMUSG00000037428	Vgf	IMP
CRE upregulated	GO:0032502	developmental process	ENSMUSG00000046223	Plaur	ISO
CRE upregulated	GO:0032502	developmental process	ENSMUSG00000031574	Star	ISO, IEA
CRE upregulated	GO:0032502	developmental process	ENSMUSG00000004951	Hspb1	ISO, IEA
CRE upregulated	GO:0032502	developmental process	ENSMUSG00000025473	Adam8	IDA, IMP, TAS, NAS
CRE upregulated	GO:0032502	developmental process	ENSMUSG00000022044	Stmn4	IBA
CRE upregulated	GO:0032502	developmental process	ENSMUSG00000030898	Cckbr	IMP
CRE upregulated	GO:0032502	developmental process	ENSMUSG00000046731	Kctd11	IDA, IBA
CRE upregulated	GO:0032502	developmental process	ENSMUSG00000056749	Nfil3	IMP
CRE upregulated	GO:0032502	developmental process	ENSMUSG00000024143	Rhoq	IDA
CRE upregulated	GO:0032502	developmental process	ENSMUSG00000022895	Ets2	IMP, IGI
CRE upregulated	GO:0032502	developmental process	ENSMUSG00000037447	Arid5a	IDA
CRE upregulated	GO:0032502	developmental process	ENSMUSG00000030748	Il4ra	IMP, IGI
CRE upregulated	GO:0032502	developmental process	ENSMUSG00000023905	Tnfrsf12a	IDA, IEA
CRE upregulated	GO:0032502	developmental process	ENSMUSG00000030102	Itpr1	IMP, ISO
CRE upregulated	GO:0032502	developmental process	ENSMUSG00000032515	Csrnp1	IMP
CRE upregulated	GO:0032502	developmental process	ENSMUSG00000025089	Gfra1	IMP, ISO, IBA, TAS, IEA
CRE upregulated	GO:0032502	developmental process	ENSMUSG00000021765	Fst	IMP, IGI, ISO, IBA, IEA
CRE upregulated	GO:0032502	developmental process	ENSMUSG00000025348	Itga7	IEA
CRE upregulated	GO:0032502	developmental process	ENSMUSG00000030256	Bhlhe41	IDA, IBA
CRE upregulated	GO:0032502	developmental process	ENSMUSG00000040151	Hs2st1	IMP
CRE upregulated	GO:0032502	developmental process	ENSMUSG00000037705	Tecta	IGI
CRE upregulated	GO:0032502	developmental process	ENSMUSG00000014599	Csf1	IDA, IMP, IGI, ISO, IBA, IEA
CRE upregulated	GO:0032502	developmental process	ENSMUSG00000020427	Igfbp3	IEP, ISS, IEA
CRE upregulated	GO:0032502	developmental process	ENSMUSG00000023067	Cdkn1a	IMP, IGI
CRE upregulated	GO:0032502	developmental process	ENSMUSG00000038650	Rnh1	IBA, IEA
CRE upregulated	GO:0032502	developmental process	ENSMUSG00000027495	Fam210b	ISS, IEA
CRE upregulated	GO:0032502	developmental process	ENSMUSG00000028226	Mmp16	IGI, IBA
CRE upregulated	GO:0032502	developmental process	ENSMUSG00000031074	Fgf3	IEA
CRE upregulated	GO:0032502	developmental process	ENSMUSG00000030272	Camk1	ISS, IEA
CRE upregulated	GO:0032502	developmental process	ENSMUSG00000004846	Plod3	IMP
CRE upregulated	GO:0032502	developmental process	ENSMUSG00000031681	Smad1	IDA, IMP, IGI, IEP, ISS, ISO, IBA, IEA
CRE upregulated	GO:0032502	developmental process	ENSMUSG00000050989	Selenon	IMP, IBA
CRE upregulated	GO:0032502	developmental process	ENSMUSG00000035673	Sbno2	IMP, IBA, IEA
CRE upregulated	GO:0032502	developmental process	ENSMUSG00000058153	Sez6l	IGI, IBA
CRE upregulated	GO:0032502	developmental process	ENSMUSG00000024261	Syt4	IMP, ISO, IEA
CRE upregulated	GO:0032502	developmental process	ENSMUSG00000003644	Rps6ka1	IDA
CRE upregulated	GO:0032502	developmental process	ENSMUSG00000029378	Areg	IMP, IGI, ISO, IEA
CRE upregulated	GO:0032502	developmental process	ENSMUSG00000042688	Mapk6	IGI
CRE upregulated	GO:0032502	developmental process	ENSMUSG00000005087	Cd44	IEA
CRE upregulated	GO:0032502	developmental process	ENSMUSG00000026836	Acvr1	IMP, ISO, IBA, IEA
CRE upregulated	GO:0032502	developmental process	ENSMUSG00000068566	Myadm	IBA, IEA
CRE upregulated	GO:0032502	developmental process	ENSMUSG00000048482	Bdnf	IDA, IMP, IGI, ISO, IBA, IEA
CRE upregulated	GO:0032502	developmental process	ENSMUSG00000024256	Adcyap1	ISS, ISO, IBA, IEA
CRE upregulated	GO:0032502	developmental process	ENSMUSG00000015745	Plekho1	IDA, IMP, IBA
CRE upregulated	GO:0032502	developmental process	ENSMUSG00000018736	Ndel1	IMP, IGI, ISO, IBA, IEA
CRE upregulated	GO:0032502	developmental process	ENSMUSG00000002250	Ppard	IDA, IMP, ISO, IBA, TAS, IEA
CRE upregulated	GO:0032502	developmental process	ENSMUSG00000027198	Ext2	IMP, IGI
CRE upregulated	GO:0032502	developmental process	ENSMUSG00000018507	Trpv2	IMP
CRE upregulated	GO:0032502	developmental process	ENSMUSG00000037638	Zbtb42	ISS, IEA
CRE upregulated	GO:0032502	developmental process	ENSMUSG00000038894	Irs2	IMP, IGI
CRE upregulated	GO:0032502	developmental process	ENSMUSG00000037568	Vash2	IMP, ISS, ISO, IBA, IEA
CRE upregulated	GO:0032502	developmental process	ENSMUSG00000039473	Ubn1	TAS
CRE upregulated	GO:0032502	developmental process	ENSMUSG00000025337	Sbds	IMP, ISS, IEA
CRE upregulated	GO:0032502	developmental process	ENSMUSG00000031545	Gpat4	IMP
CRE upregulated	GO:0032502	developmental process	ENSMUSG00000007041	Clic1	IDA
CRE upregulated	GO:0032502	developmental process	ENSMUSG00000005069	Pex5	IMP
CRE upregulated	GO:0032502	developmental process	ENSMUSG00000029518	Rab35	IMP
CRE upregulated	GO:0032502	developmental process	ENSMUSG00000045136	Tubb2b	IMP, ISS, ISO, IEA
CRE upregulated	GO:0032502	developmental process	ENSMUSG00000054855	Rnd1	IEA
CRE upregulated	GO:0032502	developmental process	ENSMUSG00000029201	Ugdh	IMP, ISS, IEA
CRE upregulated	GO:0032502	developmental process	ENSMUSG00000027313	Chac1	IMP, IEA
CRE upregulated	GO:0032502	developmental process	ENSMUSG00000027540	Ptpn1	IEA
CRE upregulated	GO:0032502	developmental process	ENSMUSG00000043895	S1pr2	EXP, IDA, IEA
CRE upregulated	GO:0032502	developmental process	ENSMUSG00000011179	Odc1	IMP
CRE upregulated	GO:0032502	developmental process	ENSMUSG00000027035	Cers6	IEA
CRE upregulated	GO:0032502	developmental process	ENSMUSG00000027583	Zbtb46	IMP
CRE upregulated	GO:0032502	developmental process	ENSMUSG00000028063	Lmna	IMP, ISS, ISO
CRE upregulated	GO:0032502	developmental process	ENSMUSG00000050359	Sprr1a	IEA
CRE upregulated	GO:0032502	developmental process	ENSMUSG00000026675	Hsd17b7	IMP
CRE upregulated	GO:0032502	developmental process	ENSMUSG00000001420	Tmem79	IMP
CRE upregulated	GO:0032502	developmental process	ENSMUSG00000026254	Eif4e2	IMP
CRE upregulated	GO:0032502	developmental process	ENSMUSG00000029121	Crmp1	IDA, IEP, IEA
CRE upregulated	GO:0032502	developmental process	ENSMUSG00000028645	Slc2a1	IEA
CRE upregulated	GO:0032502	developmental process	ENSMUSG00000063506	Arhgap22	IEA
CRE upregulated	GO:0032502	developmental process	ENSMUSG00000053436	Mapk14	IDA, IMP, IGI, IEA
CRE upregulated	GO:0032502	developmental process	ENSMUSG00000025809	Itgb1	IMP, IGI, ISS, ISO, IEA
CRE upregulated	GO:0032502	developmental process	ENSMUSG00000040025	Ythdf2	IMP, ISS, IEA
CRE upregulated	GO:0032502	developmental process	ENSMUSG00000028156	Eif4e	IMP, IGI
CRE upregulated	GO:0032502	developmental process	ENSMUSG00000025239	Limd1	IMP, ISS, IEA
CRE upregulated	GO:0032502	developmental process	ENSMUSG00000005370	Msh6	IMP, IGI, IEA
CRE upregulated	GO:0032502	developmental process	ENSMUSG00000023030	Slc11a2	IMP
CRE upregulated	GO:0032502	developmental process	ENSMUSG00000048490	Nrip1	IMP
CRE upregulated	GO:0032502	developmental process	ENSMUSG00000022272	Myo10	ISS, IBA, IEA
CRE upregulated	GO:0032502	developmental process	ENSMUSG00000013089	Etv5	IDA, ISO, IEA
CRE upregulated	GO:0032502	developmental process	ENSMUSG00000025139	Tollip	IEA
CRE upregulated	GO:0032502	developmental process	ENSMUSG00000020592	Sdc1	IDA, IEA
CRE upregulated	GO:0032502	developmental process	ENSMUSG00000025746	Il6	IDA, IMP, ISO, IEA
CRE upregulated	GO:0032502	developmental process	ENSMUSG00000002233	Rhoc	ISS
CRE upregulated	GO:0032502	developmental process	ENSMUSG00000032231	Anxa2	IDA, IMP, IEA
CRE upregulated	GO:0032502	developmental process	ENSMUSG00000032280	Tle3	IEA
CRE upregulated	GO:0032502	developmental process	ENSMUSG00000031078	Cttn	ISS, ISO
CRE upregulated	GO:0032502	developmental process	ENSMUSG00000022607	Ptk2	IDA, IMP, IGI, ISS, ISO, IEA
CRE upregulated	GO:0032502	developmental process	ENSMUSG00000040312	Cchcr1	IEA
CRE upregulated	GO:0032502	developmental process	ENSMUSG00000024014	Pim1	IDA, IMP, IEA
CRE upregulated	GO:0032502	developmental process	ENSMUSG00000037062	Sh3glb1	ISO
CRE upregulated	GO:0032502	developmental process	ENSMUSG00000024772	Ehd1	IMP, ISS, ISO, IEA
CRE upregulated	GO:0032502	developmental process	ENSMUSG00000020580	Rock2	IEA
CRE upregulated	GO:0032502	developmental process	ENSMUSG00000020435	Osbp2	IMP
CRE upregulated	GO:0032502	developmental process	ENSMUSG00000063889	Crem	IMP, TAS
CRE upregulated	GO:0032502	developmental process	ENSMUSG00000027560	Dok5	IDA
CRE upregulated	GO:0032502	developmental process	ENSMUSG00000027613	Eif6	IMP
CRE upregulated	GO:0032502	developmental process	ENSMUSG00000033039	Micall1	IMP, ISO
CRE upregulated	GO:0032502	developmental process	ENSMUSG00000059923	Grb2	IMP
CRE upregulated	GO:0032502	developmental process	ENSMUSG00000042406	Atf4	IMP, IEA
CRE upregulated	GO:0032502	developmental process	ENSMUSG00000055078	Gabra5	IMP, IBA
CRE upregulated	GO:0032502	developmental process	ENSMUSG00000017929	B4galt5	IMP
CRE upregulated	GO:0032502	developmental process	ENSMUSG00000020271	Fbxw11	IBA
CRE upregulated	GO:0032502	developmental process	ENSMUSG00000020838	Slc6a4	IMP, ISO, IEA
CRE upregulated	GO:0032502	developmental process	ENSMUSG00000001507	Itga3	IMP, ISO, IEA
CRE upregulated	GO:0032502	developmental process	ENSMUSG00000055723	Rras2	IGI
CRE upregulated	GO:0032502	developmental process	ENSMUSG00000031628	Casp3	IMP, IGI, ISO, IBA, IEA
CRE upregulated	GO:0032502	developmental process	ENSMUSG00000025408	Ddit3	IDA, IMP, IGI, IEA
CRE upregulated	GO:0032502	developmental process	ENSMUSG00000040435	Ppp1r15a	ISO
CRE upregulated	GO:0032502	developmental process	ENSMUSG00000032078	Zpr1	IMP, IBA, IEA
CRE upregulated	GO:0032502	developmental process	ENSMUSG00000055407	Map6	ISS, ISO, IBA, IEA
CRE upregulated	GO:0032502	developmental process	ENSMUSG00000001847	Rac1	IDA, IMP, IGI, IBA, IEA
CRE upregulated	GO:0032502	developmental process	ENSMUSG00000042121	Ssh1	IEA
CRE upregulated	GO:0032502	developmental process	ENSMUSG00000050271	Prag1	ISS, ISO, IEA
CRE upregulated	GO:0032502	developmental process	ENSMUSG00000030077	Chl1	IDA, IMP, IEA
CRE upregulated	GO:0032502	developmental process	ENSMUSG00000018909	Arrb1	ISO
CRE upregulated	GO:0032502	developmental process	ENSMUSG00000020064	Herc4	IMP, IEA
CRE upregulated	GO:0032502	developmental process	ENSMUSG00000026317	Cln8	IMP, ISS, IBA, IEA
CRE upregulated	GO:0032502	developmental process	ENSMUSG00000044667	Plppr4	IDA, ISO, IBA
CRE upregulated	GO:0032502	developmental process	ENSMUSG00000054008	Ndst1	IMP, IGI
CRE upregulated	GO:0032502	developmental process	ENSMUSG00000057531	Dtnbp1	IDA, IMP, ISS, ISO, IBA, TAS, NAS, IEA
CRE upregulated	GO:0032502	developmental process	ENSMUSG00000000134	Tfe3	IMP, IGI, IEA
CRE upregulated	GO:0032502	developmental process	ENSMUSG00000004768	Rab23	IEA
CRE upregulated	GO:0032502	developmental process	ENSMUSG00000015837	Sqstm1	IEA
CRE upregulated	GO:0032502	developmental process	ENSMUSG00000022951	Rcan1	IDA, ISO
CRE upregulated	GO:0032502	developmental process	ENSMUSG00000030309	Caprin2	IMP, IEA
CRE upregulated	GO:0032502	developmental process	ENSMUSG00000029131	Dnajb6	IMP
CRE upregulated	GO:0032502	developmental process	ENSMUSG00000023087	Noct	IMP
CRE upregulated	GO:0032502	developmental process	ENSMUSG00000017428	Psmd11	ISS, IEA
CRE upregulated	GO:0032502	developmental process	ENSMUSG00000001627	Ifrd1	IMP, IGI, IEA
CRE upregulated	GO:0032502	developmental process	ENSMUSG00000015316	Slamf1	IMP
CRE upregulated	GO:0032502	developmental process	ENSMUSG00000029765	Plxna4	IMP, IGI, IBA
CRE upregulated	GO:0032502	developmental process	ENSMUSG00000022346	Myc	IDA, IMP, ISS, ISO, IEA
CRE upregulated	GO:0032502	developmental process	ENSMUSG00000036478	Btg1	ISS, ISO, IEA
CRE upregulated	GO:0032502	developmental process	ENSMUSG00000053113	Socs3	IDA, IMP, IGI
CRE upregulated	GO:0032502	developmental process	ENSMUSG00000036437	Npy1r	IMP, IEA
CRE upregulated	GO:0032502	developmental process	ENSMUSG00000026072	Il1r1	ISO
CRE upregulated	GO:0032502	developmental process	ENSMUSG00000027954	Efna1	IDA, IMP, IGI, IBA, IEA
CRE upregulated	GO:0032502	developmental process	ENSMUSG00000055809	Dnaaf3	IMP
CRE upregulated	GO:0032502	developmental process	ENSMUSG00000024789	Jak2	IMP, ISS, ISO, IBA, IEA
CRE upregulated	GO:0032502	developmental process	ENSMUSG00000004040	ENSMUSG00000004040	IDA, IMP, IGI, ISS, IEA
CRE upregulated	GO:0032502	developmental process	ENSMUSG00000042292	Mrtfa	IGI, IBA
CRE upregulated	GO:0032502	developmental process	ENSMUSG00000022602	Arc	IMP, ISS, ISO, IEA
CRE upregulated	GO:0032502	developmental process	ENSMUSG00000020027	Socs2	IDA, IMP, IGI
CRE upregulated	GO:0032502	developmental process	ENSMUSG00000103523	2210017I01Rik	IEA
CRE upregulated	GO:0032502	developmental process	ENSMUSG00000109511	Nup62	IEA
CRE upregulated	GO:0032502	developmental process	ENSMUSG00000029135	Fosl2	IDA, IMP
CRE upregulated	GO:0032502	developmental process	ENSMUSG00000054136	Adm2	ISO, IEA
CRE upregulated	GO:0032502	developmental process	ENSMUSG00000020395	Itk	IMP, IGI, IBA
CRE upregulated	GO:0032502	developmental process	ENSMUSG00000047554	Tmem41b	IEA
CRE upregulated	GO:0032502	developmental process	ENSMUSG00000044017	Adgrd1	IEA
CRE upregulated	GO:0032502	developmental process	ENSMUSG00000031310	ENSMUSG00000031310	ISS, IEA
CRE upregulated	GO:0032502	developmental process	ENSMUSG00000018143	Mafk	ISO
CRE upregulated	GO:0032502	developmental process	ENSMUSG00000050335	Lgals3	IEA
CRE upregulated	GO:0032502	developmental process	ENSMUSG00000021209	ENSMUSG00000021209	IMP
CRE upregulated	GO:0032502	developmental process	ENSMUSG00000024190	Dusp1	IBA, IEA
CRE upregulated	GO:0032502	developmental process	ENSMUSG00000063919	Srrm4	IMP, IBA, IEA
CRE upregulated	GO:0032502	developmental process	ENSMUSG00000030223	ENSMUSG00000030223	IMP, ISS, IBA, IEA
CRE upregulated	GO:0032502	developmental process	ENSMUSG00000027797	Dclk1	IDA, IMP, IGI, IBA, IEA
CRE upregulated	GO:0032502	developmental process	ENSMUSG00000031960	Aars1	IMP
CRE upregulated	GO:0032502	developmental process	ENSMUSG00000020358	Hnrnpab	IDA
CRE upregulated	GO:0032502	developmental process	ENSMUSG00000004865	ENSMUSG00000004865	IEA
CRE upregulated	GO:0032502	developmental process	ENSMUSG00000003762	Coq8b	IEA
CRE upregulated	GO:0032502	developmental process	ENSMUSG00000036882	ENSMUSG00000036882	IDA, IMP, ISO, IEA
CRE upregulated	GO:0032502	developmental process	ENSMUSG00000030029	Lrig1	IGI
CRE upregulated	GO:0032502	developmental process	ENSMUSG00000026930	Gpsm1	IEA
CRE upregulated	GO:0032502	developmental process	ENSMUSG00000040033	ENSMUSG00000040033	IEA
CRE upregulated	GO:0032502	developmental process	ENSMUSG00000021360	ENSMUSG00000021360	IMP, IEA
CRE upregulated	GO:0032502	developmental process	ENSMUSG00000059316	Slc27a4	IMP
CRE upregulated	GO:0032502	developmental process	ENSMUSG00000024803	Ankrd1	IMP, ISO, IEA
CRE upregulated	GO:0032502	developmental process	ENSMUSG00000019188	ENSMUSG00000019188	IMP
CRE upregulated	GO:0032502	developmental process	ENSMUSG00000023915	Tnfrsf21	IMP, ISO, IBA, IEA
CRE upregulated	GO:0032502	developmental process	ENSMUSG00000024912	Fosl1	IMP
CRE upregulated	GO:0032502	developmental process	ENSMUSG00000024927	Rela	IMP, ISO, IEA
CRE upregulated	GO:0032502	developmental process	ENSMUSG00000042608	Stk40	IMP
CRE upregulated	GO:0032502	developmental process	ENSMUSG00000025793	ENSMUSG00000025793	IEA
CRE upregulated	GO:0032502	developmental process	ENSMUSG00000038591	Colec10	NAS, IEA
CRE upregulated	GO:0032502	developmental process	ENSMUSG00000027692	Tnik	ISS, ISO, IBA, IEA
CRE upregulated	GO:0032502	developmental process	ENSMUSG00000055044	Pdlim1	IBA
CRE upregulated	GO:0032502	developmental process	ENSMUSG00000024238	Zeb1	IDA, IMP, IGI, IEA
CRE upregulated	GO:0032502	developmental process	ENSMUSG00000026078	Pdcl3	IMP, ISO, IBA, IEA
CRE upregulated	GO:0032502	developmental process	ENSMUSG00000025279	ENSMUSG00000025279	IDA, IBA
CRE upregulated	GO:0032502	developmental process	ENSMUSG00000038861	Pi4kb	ISS, IEA
CRE upregulated	GO:0032502	developmental process	ENSMUSG00000024947	Men1	IDA, IMP, IGI, ISO, IEA
CRE upregulated	GO:0032502	developmental process	ENSMUSG00000067006	ENSMUSG00000067006	IMP
CRE upregulated	GO:0032502	developmental process	ENSMUSG00000029071	ENSMUSG00000029071	IDA, IMP, IGI, ISO, IEA
CRE upregulated	GO:0032502	developmental process	ENSMUSG00000022125	Cln5	ISS, IEA
CRE upregulated	GO:0032502	developmental process	ENSMUSG00000037514	Pank2	IMP, IEA
CRE upregulated	GO:0032502	developmental process	ENSMUSG00000064210	ENSMUSG00000064210	IMP, IEA
CRE upregulated	GO:0032502	developmental process	ENSMUSG00000032715	Trib3	IMP
CRE upregulated	GO:0032502	developmental process	ENSMUSG00000024777	ENSMUSG00000024777	ISO, IEA
CRE upregulated	GO:0032502	developmental process	ENSMUSG00000024335	Brd2	IDA, IMP, IEA
CRE upregulated	GO:0032502	developmental process	ENSMUSG00000026074	Map4k4	IEA
CRE upregulated	GO:0032502	developmental process	ENSMUSG00000025485	ENSMUSG00000025485	IMP
CRE upregulated	GO:0032502	developmental process	ENSMUSG00000020694	ENSMUSG00000020694	IEA
CRE upregulated	GO:0032502	developmental process	ENSMUSG00000027919	Lce1g	IEA
CRE upregulated	GO:0032502	developmental process	ENSMUSG00000031168	ENSMUSG00000031168	IMP, IEA
CRE upregulated	GO:0032502	developmental process	ENSMUSG00000037876	Jmjd1c	IMP
CRE upregulated	GO:0032502	developmental process	ENSMUSG00000071637	Cebpd	IDA, IGI, IBA, IEA
CRE upregulated	GO:0032502	developmental process	ENSMUSG00000025162	ENSMUSG00000025162	IGI
CRE upregulated	GO:0032502	developmental process	ENSMUSG00000010660	Plcd1	IGI
CRE upregulated	GO:0032502	developmental process	ENSMUSG00000052921	Arhgef15	IDA, IMP
CRE upregulated	GO:0032502	developmental process	ENSMUSG00000031278	ENSMUSG00000031278	IMP, ISO, IBA
CRE upregulated	GO:0032502	developmental process	ENSMUSG00000031668	ENSMUSG00000031668	IEA
CRE upregulated	GO:0032502	developmental process	ENSMUSG00000053175	Bcl3	IMP
CRE upregulated	GO:0032502	developmental process	ENSMUSG00000068739	ENSMUSG00000068739	ISS, IEA
CRE upregulated	GO:0032502	developmental process	ENSMUSG00000030199	Etv6	IDA, IMP, ISS, IEA
CRE upregulated	GO:0032502	developmental process	ENSMUSG00000037815	Ctnna1	IMP, IGI, IEA
CRE upregulated	GO:0032502	developmental process	ENSMUSG00000003154	Foxj2	IMP, IEA
CRE upregulated	GO:0032502	developmental process	ENSMUSG00000020349	ENSMUSG00000020349	IMP, IEA
CRE upregulated	GO:0032502	developmental process	ENSMUSG00000023307	Marchf5	ISS, IBA, IEA
CRE upregulated	GO:0032502	developmental process	ENSMUSG00000039108	ENSMUSG00000039108	IMP
CRE upregulated	GO:0032502	developmental process	ENSMUSG00000085007	ENSMUSG00000085007	IMP
CRE upregulated	GO:0032502	developmental process	ENSMUSG00000029752	ENSMUSG00000029752	IEA
CRE upregulated	GO:0032502	developmental process	ENSMUSG00000021587	Pcsk1	IEA
CRE upregulated	GO:0032502	developmental process	ENSMUSG00000028599	Tnfrsf1b	IMP, IGI, IBA
CRE upregulated	GO:0032502	developmental process	ENSMUSG00000004530	ENSMUSG00000004530	IMP, IBA, IEA
CRE upregulated	GO:0032502	developmental process	ENSMUSG00000044147	Arf6	IMP, ISO, IBA, IEA
CRE upregulated	GO:0032502	developmental process	ENSMUSG00000052298	Cdc42se2	IEA
CRE upregulated	GO:0032502	developmental process	ENSMUSG00000036180	ENSMUSG00000036180	IMP, NAS
CRE upregulated	GO:0032502	developmental process	ENSMUSG00000011877	Git1	IMP, ISO, IBA, IEA
CRE upregulated	GO:0032502	developmental process	ENSMUSG00000024270	ENSMUSG00000024270	IDA, IEA
CRE upregulated	GO:0032502	developmental process	ENSMUSG00000040046	Tph1	IMP
CRE upregulated	GO:0032502	developmental process	ENSMUSG00000039985	Sinhcaf	IMP, NAS
CRE upregulated	GO:0032502	developmental process	ENSMUSG00000031937	ENSMUSG00000031937	IMP, IEP, IBA
CRE upregulated	GO:0032502	developmental process	ENSMUSG00000052512	ENSMUSG00000052512	IMP, ISO, IEA
CRE upregulated	GO:0032502	developmental process	ENSMUSG00000009566	Fpgs	IEA
CRE upregulated	GO:0032502	developmental process	ENSMUSG00000008435	Rdh13	IMP
CRE upregulated	GO:0032502	developmental process	ENSMUSG00000062234	ENSMUSG00000062234	IEA
CRE upregulated	GO:0032502	developmental process	ENSMUSG00000052837	ENSMUSG00000052837	IDA, IMP
CRE upregulated	GO:0032502	developmental process	ENSMUSG00000047281	ENSMUSG00000047281	IMP, IGI
CRE upregulated	GO:0032502	developmental process	ENSMUSG00000025351	Cd63	IMP, ISS, ISO, IEA
CRE upregulated	GO:0032502	developmental process	ENSMUSG00000021796	Bmpr1a	IDA, IMP, IGI, IBA, IEA
CRE upregulated	GO:0032502	developmental process	ENSMUSG00000019842	ENSMUSG00000019842	IDA, IMP
CRE upregulated	GO:0032502	developmental process	ENSMUSG00000024750	ENSMUSG00000024750	IMP
CRE upregulated	GO:0032502	developmental process	ENSMUSG00000070056	ENSMUSG00000070056	ISS, IEA
CRE upregulated	GO:0032502	developmental process	ENSMUSG00000041598	Cdc42ep4	IBA, IEA
CRE upregulated	GO:0032502	developmental process	ENSMUSG00000045664	Cdc42ep2	IBA, IEA
CRE upregulated	GO:0032502	developmental process	ENSMUSG00000027465	Tbc1d20	IMP
CRE upregulated	GO:0032502	developmental process	ENSMUSG00000045763	ENSMUSG00000045763	IDA
CRE upregulated	GO:0032502	developmental process	ENSMUSG00000037860	Aim2	IDA
CRE upregulated	GO:0032502	developmental process	ENSMUSG00000020250	ENSMUSG00000020250	IMP
CRE upregulated	GO:0032502	developmental process	ENSMUSG00000039191	Rbpj	IMP, IGI, TAS, IEA
CRE upregulated	GO:0032502	developmental process	ENSMUSG00000022270	ENSMUSG00000022270	IDA
CRE upregulated	GO:0032502	developmental process	ENSMUSG00000022656	ENSMUSG00000022656	IDA, IMP
CRE upregulated	GO:0032502	developmental process	ENSMUSG00000039844	ENSMUSG00000039844	IMP, ISO, IEA
CRE upregulated	GO:0032502	developmental process	ENSMUSG00000035725	ENSMUSG00000035725	IMP, ISS, IEA
CRE upregulated	GO:0032502	developmental process	ENSMUSG00000001552	ENSMUSG00000001552	IMP, IEA
CRE upregulated	GO:0032502	developmental process	ENSMUSG00000040010	Slc7a5	ISO, IEA
CRE upregulated	GO:0032502	developmental process	ENSMUSG00000020671	ENSMUSG00000020671	ISS, ISO
CRE upregulated	GO:0032502	developmental process	ENSMUSG00000004099	ENSMUSG00000004099	IEA
CRE upregulated	GO:0032502	developmental process	ENSMUSG00000022858	ENSMUSG00000022858	IMP
CRE upregulated	GO:0032502	developmental process	ENSMUSG00000027997	Casp6	ISO, IEA
CRE upregulated	GO:0032502	developmental process	ENSMUSG00000058354	Krt6a	IMP, IGI, IBA
CRE upregulated	GO:0032502	developmental process	ENSMUSG00000061947	ENSMUSG00000061947	IEA
CRE upregulated	GO:0032502	developmental process	ENSMUSG00000020594	ENSMUSG00000020594	IDA, ISO, IEA
CRE upregulated	GO:0032502	developmental process	ENSMUSG00000011256	ENSMUSG00000011256	IMP, ISS
CRE upregulated	GO:0032502	developmental process	ENSMUSG00000053289	ENSMUSG00000053289	IMP
CRE upregulated	GO:0032502	developmental process	ENSMUSG00000000787	ENSMUSG00000000787	IBA, IEA
CRE upregulated	GO:0032502	developmental process	ENSMUSG00000008859	ENSMUSG00000008859	IMP, ISS, IEA
CRE upregulated	GO:0032502	developmental process	ENSMUSG00000008730	Hipk1	IMP, IGI
CRE upregulated	GO:0032502	developmental process	ENSMUSG00000059288	ENSMUSG00000059288	IMP, IEA
CRE upregulated	GO:0032502	developmental process	ENSMUSG00000046722	ENSMUSG00000046722	ISS, IEA
CRE upregulated	GO:0032502	developmental process	ENSMUSG00000022094	ENSMUSG00000022094	IMP
CRE upregulated	GO:0032502	developmental process	ENSMUSG00000038676	Ucn	ISO, IEA
CRE upregulated	GO:0032502	developmental process	ENSMUSG00000059743	ENSMUSG00000059743	ISO
CRE upregulated	GO:0032502	developmental process	ENSMUSG00000052681	Rap1b	ISS, IEA
CRE upregulated	GO:0032502	developmental process	ENSMUSG00000066595	ENSMUSG00000066595	IMP, ISO, IBA, IEA
CRE upregulated	GO:0032502	developmental process	ENSMUSG00000020097	ENSMUSG00000020097	IMP
CRE upregulated	GO:0032502	developmental process	ENSMUSG00000042185	ENSMUSG00000042185	IMP
CRE upregulated	GO:0032502	developmental process	ENSMUSG00000028826	ENSMUSG00000028826	IEP
CRE upregulated	GO:0032502	developmental process	ENSMUSG00000032508	Myd88	IMP
CRE upregulated	GO:0032502	developmental process	ENSMUSG00000026864	ENSMUSG00000026864	IMP, ISO, TAS
CRE upregulated	GO:0032502	developmental process	ENSMUSG00000002633	Shh	IDA, IMP, IGI, ISO, IBA, TAS, IEA
CRE upregulated	GO:0032502	developmental process	ENSMUSG00000032540	ENSMUSG00000032540	IEA
CRE upregulated	GO:0032502	developmental process	ENSMUSG00000032462	ENSMUSG00000032462	IMP, IEA
CRE upregulated	GO:0032502	developmental process	ENSMUSG00000027944	Hax1	IEA
CRE upregulated	GO:0032502	developmental process	ENSMUSG00000039671	ENSMUSG00000039671	ISO, IEA
CRE upregulated	GO:0032502	developmental process	ENSMUSG00000005089	Slc1a2	IMP
CRE upregulated	GO:0032502	developmental process	ENSMUSG00000029145	ENSMUSG00000029145	ISS, IEA
CRE upregulated	GO:0032502	developmental process	ENSMUSG00000061244	ENSMUSG00000061244	IMP
CRE upregulated	GO:0032502	developmental process	ENSMUSG00000067586	ENSMUSG00000067586	IEA
CRE upregulated	GO:0032502	developmental process	ENSMUSG00000056050	ENSMUSG00000056050	IEA
CRE upregulated	GO:0032502	developmental process	ENSMUSG00000063952	Brpf3	NAS
CRE upregulated	GO:0032502	developmental process	ENSMUSG00000028291	ENSMUSG00000028291	IMP
CRE upregulated	GO:0032502	developmental process	ENSMUSG00000037411	Serpine1	IEA
CRE upregulated	GO:0032502	developmental process	ENSMUSG00000032786	ENSMUSG00000032786	IBA
CRE upregulated	GO:0032502	developmental process	ENSMUSG00000020340	ENSMUSG00000020340	IMP, IBA, IEA
CRE upregulated	GO:0032502	developmental process	ENSMUSG00000028382	ENSMUSG00000028382	ISO, IEA
CRE upregulated	GO:0032502	developmental process	ENSMUSG00000037465	Klf10	IDA, IMP
CRE upregulated	GO:0032502	developmental process	ENSMUSG00000024613	ENSMUSG00000024613	ISS, IEA
CRE upregulated	GO:0032502	developmental process	ENSMUSG00000023277	ENSMUSG00000023277	IBA, IEA
CRE upregulated	GO:0032502	developmental process	ENSMUSG00000019843	ENSMUSG00000019843	IDA, IMP, IGI, IBA, TAS
CRE upregulated	GO:0032502	developmental process	ENSMUSG00000027646	ENSMUSG00000027646	IDA, IMP, IGI, ISO, IBA, IEA
CRE upregulated	GO:0032502	developmental process	ENSMUSG00000021340	ENSMUSG00000021340	IEA
CRE upregulated	GO:0032502	developmental process	ENSMUSG00000004698	ENSMUSG00000004698	IEA
CRE upregulated	GO:0032502	developmental process	ENSMUSG00000046761	ENSMUSG00000046761	IEA
CRE upregulated	GO:0032502	developmental process	ENSMUSG00000032501	Trib1	IMP
CRE upregulated	GO:0032502	developmental process	ENSMUSG00000003119	ENSMUSG00000003119	IMP
CRE upregulated	GO:0032502	developmental process	ENSMUSG00000053825	ENSMUSG00000053825	IEA
CRE upregulated	GO:0032502	developmental process	ENSMUSG00000055067	ENSMUSG00000055067	IMP
CRE upregulated	GO:0032502	developmental process	ENSMUSG00000047261	ENSMUSG00000047261	IMP, ISO, IBA, IEA
CRE upregulated	GO:0032502	developmental process	ENSMUSG00000026159	ENSMUSG00000026159	IMP, IBA, IEA
CRE upregulated	GO:0032502	developmental process	ENSMUSG00000031073	Fgf15	IMP, IBA, IEA
CRE upregulated	GO:0032502	developmental process	ENSMUSG00000027433	ENSMUSG00000027433	IEP, IEA
CRE upregulated	GO:0032502	developmental process	ENSMUSG00000015839	Nfe2l2	IMP, IGI, ISO, IEA
CRE upregulated	GO:0032502	developmental process	ENSMUSG00000049550	ENSMUSG00000049550	ISO
CRE upregulated	GO:0032502	developmental process	ENSMUSG00000021477	ENSMUSG00000021477	IMP, IGI, ISS
CRE upregulated	GO:0032502	developmental process	ENSMUSG00000000627	ENSMUSG00000000627	ISO, IBA, IEA
CRE upregulated	GO:0032502	developmental process	ENSMUSG00000074656	Eif2s2	IMP
CRE upregulated	GO:0032502	developmental process	ENSMUSG00000034390	ENSMUSG00000034390	IMP
CRE upregulated	GO:0032502	developmental process	ENSMUSG00000024907	Gal	IMP, IEA
CRE upregulated	GO:0032502	developmental process	ENSMUSG00000069227	ENSMUSG00000069227	IDA, IBA
CRE upregulated	GO:0032502	developmental process	ENSMUSG00000054204	ENSMUSG00000054204	ISS, IEA
CRE upregulated	GO:0032502	developmental process	ENSMUSG00000046707	ENSMUSG00000046707	IMP
CRE upregulated	GO:0032502	developmental process	ENSMUSG00000053797	ENSMUSG00000053797	IDA, IMP, IBA
CRE upregulated	GO:0032502	developmental process	ENSMUSG00000026994	ENSMUSG00000026994	IMP
CRE upregulated	GO:0032502	developmental process	ENSMUSG00000024026	ENSMUSG00000024026	IMP
CRE upregulated	GO:0032502	developmental process	ENSMUSG00000029475	ENSMUSG00000029475	IDA, IMP
CRE upregulated	GO:0048731	system development	ENSMUSG00000036390	Gadd45a	IMP
CRE upregulated	GO:0048731	system development	ENSMUSG00000051379	Flrt3	IDA, IMP, ISS, ISO, IEA
CRE upregulated	GO:0048731	system development	ENSMUSG00000052684	Jun	IMP, ISO
CRE upregulated	GO:0048731	system development	ENSMUSG00000063632	Sox11	IDA, IMP, ISO, IBA, IEA
CRE upregulated	GO:0048731	system development	ENSMUSG00000019647	Sema6a	IMP, IBA, NAS, IEA
CRE upregulated	GO:0048731	system development	ENSMUSG00000037428	Vgf	IMP
CRE upregulated	GO:0048731	system development	ENSMUSG00000046223	Plaur	ISO
CRE upregulated	GO:0048731	system development	ENSMUSG00000031574	Star	ISO, IEA
CRE upregulated	GO:0048731	system development	ENSMUSG00000004951	Hspb1	ISO, IEA
CRE upregulated	GO:0048731	system development	ENSMUSG00000025473	Adam8	IDA
CRE upregulated	GO:0048731	system development	ENSMUSG00000022044	Stmn4	IBA
CRE upregulated	GO:0048731	system development	ENSMUSG00000030898	Cckbr	IMP
CRE upregulated	GO:0048731	system development	ENSMUSG00000046731	Kctd11	IDA, IBA
CRE upregulated	GO:0048731	system development	ENSMUSG00000037447	Arid5a	IDA
CRE upregulated	GO:0048731	system development	ENSMUSG00000023905	Tnfrsf12a	IDA, IEA
CRE upregulated	GO:0048731	system development	ENSMUSG00000030102	Itpr1	ISO
CRE upregulated	GO:0048731	system development	ENSMUSG00000032515	Csrnp1	IMP
CRE upregulated	GO:0048731	system development	ENSMUSG00000025089	Gfra1	IMP, ISO, IBA, IEA
CRE upregulated	GO:0048731	system development	ENSMUSG00000021765	Fst	IMP, IGI
CRE upregulated	GO:0048731	system development	ENSMUSG00000030256	Bhlhe41	IBA
CRE upregulated	GO:0048731	system development	ENSMUSG00000040151	Hs2st1	IMP
CRE upregulated	GO:0048731	system development	ENSMUSG00000037705	Tecta	IGI
CRE upregulated	GO:0048731	system development	ENSMUSG00000014599	Csf1	IGI, IEA
CRE upregulated	GO:0048731	system development	ENSMUSG00000023067	Cdkn1a	IMP
CRE upregulated	GO:0048731	system development	ENSMUSG00000038650	Rnh1	IBA, IEA
CRE upregulated	GO:0048731	system development	ENSMUSG00000028226	Mmp16	IGI, IBA
CRE upregulated	GO:0048731	system development	ENSMUSG00000031074	Fgf3	IEA
CRE upregulated	GO:0048731	system development	ENSMUSG00000030272	Camk1	ISS, IEA
CRE upregulated	GO:0048731	system development	ENSMUSG00000004846	Plod3	IMP
CRE upregulated	GO:0048731	system development	ENSMUSG00000031681	Smad1	IDA, IMP, IGI, IEP, IEA
CRE upregulated	GO:0048731	system development	ENSMUSG00000050989	Selenon	IMP
CRE upregulated	GO:0048731	system development	ENSMUSG00000058153	Sez6l	IGI, IBA
CRE upregulated	GO:0048731	system development	ENSMUSG00000024261	Syt4	IMP, IEA
CRE upregulated	GO:0048731	system development	ENSMUSG00000003644	Rps6ka1	IDA
CRE upregulated	GO:0048731	system development	ENSMUSG00000029378	Areg	ISO, IEA
CRE upregulated	GO:0048731	system development	ENSMUSG00000042688	Mapk6	IGI
CRE upregulated	GO:0048731	system development	ENSMUSG00000005087	Cd44	IEA
CRE upregulated	GO:0048731	system development	ENSMUSG00000026836	Acvr1	IMP, ISO, IBA, IEA
CRE upregulated	GO:0048731	system development	ENSMUSG00000048482	Bdnf	IDA, IMP, IGI, ISO, IBA, IEA
CRE upregulated	GO:0048731	system development	ENSMUSG00000024256	Adcyap1	ISS, ISO, IBA, IEA
CRE upregulated	GO:0048731	system development	ENSMUSG00000018736	Ndel1	IMP, IGI, ISO, IBA, IEA
CRE upregulated	GO:0048731	system development	ENSMUSG00000002250	Ppard	IMP
CRE upregulated	GO:0048731	system development	ENSMUSG00000027198	Ext2	IMP, IGI
CRE upregulated	GO:0048731	system development	ENSMUSG00000018507	Trpv2	IMP
CRE upregulated	GO:0048731	system development	ENSMUSG00000038894	Irs2	IMP
CRE upregulated	GO:0048731	system development	ENSMUSG00000037568	Vash2	IMP, ISS, ISO, IBA, IEA
CRE upregulated	GO:0048731	system development	ENSMUSG00000025337	Sbds	IEA
CRE upregulated	GO:0048731	system development	ENSMUSG00000005069	Pex5	IMP
CRE upregulated	GO:0048731	system development	ENSMUSG00000029518	Rab35	IMP
CRE upregulated	GO:0048731	system development	ENSMUSG00000045136	Tubb2b	IMP, ISS, ISO, IEA
CRE upregulated	GO:0048731	system development	ENSMUSG00000054855	Rnd1	IEA
CRE upregulated	GO:0048731	system development	ENSMUSG00000029201	Ugdh	ISS, IEA
CRE upregulated	GO:0048731	system development	ENSMUSG00000027313	Chac1	IMP, IEA
CRE upregulated	GO:0048731	system development	ENSMUSG00000027540	Ptpn1	IEA
CRE upregulated	GO:0048731	system development	ENSMUSG00000043895	S1pr2	EXP, IDA
CRE upregulated	GO:0048731	system development	ENSMUSG00000011179	Odc1	IMP
CRE upregulated	GO:0048731	system development	ENSMUSG00000027035	Cers6	IEA
CRE upregulated	GO:0048731	system development	ENSMUSG00000028063	Lmna	IMP
CRE upregulated	GO:0048731	system development	ENSMUSG00000026675	Hsd17b7	IMP
CRE upregulated	GO:0048731	system development	ENSMUSG00000029121	Crmp1	IDA, IEP, IEA
CRE upregulated	GO:0048731	system development	ENSMUSG00000028645	Slc2a1	IEA
CRE upregulated	GO:0048731	system development	ENSMUSG00000063506	Arhgap22	IEA
CRE upregulated	GO:0048731	system development	ENSMUSG00000053436	Mapk14	IDA, IMP, IGI
CRE upregulated	GO:0048731	system development	ENSMUSG00000025809	Itgb1	IMP, IGI, ISO, IEA
CRE upregulated	GO:0048731	system development	ENSMUSG00000040025	Ythdf2	IMP, ISS, IEA
CRE upregulated	GO:0048731	system development	ENSMUSG00000028156	Eif4e	IMP
CRE upregulated	GO:0048731	system development	ENSMUSG00000005370	Msh6	IMP, IGI
CRE upregulated	GO:0048731	system development	ENSMUSG00000023030	Slc11a2	IMP
CRE upregulated	GO:0048731	system development	ENSMUSG00000048490	Nrip1	IMP
CRE upregulated	GO:0048731	system development	ENSMUSG00000013089	Etv5	ISO, IEA
CRE upregulated	GO:0048731	system development	ENSMUSG00000020592	Sdc1	IEA
CRE upregulated	GO:0048731	system development	ENSMUSG00000025746	Il6	IDA, IMP, ISO
CRE upregulated	GO:0048731	system development	ENSMUSG00000032231	Anxa2	IDA, IMP, IEA
CRE upregulated	GO:0048731	system development	ENSMUSG00000031078	Cttn	ISS, ISO
CRE upregulated	GO:0048731	system development	ENSMUSG00000022607	Ptk2	IDA, IMP, ISO, IEA
CRE upregulated	GO:0048731	system development	ENSMUSG00000024014	Pim1	IEA
CRE upregulated	GO:0048731	system development	ENSMUSG00000037062	Sh3glb1	ISO
CRE upregulated	GO:0048731	system development	ENSMUSG00000024772	Ehd1	ISS, ISO, IEA
CRE upregulated	GO:0048731	system development	ENSMUSG00000020580	Rock2	IEA
CRE upregulated	GO:0048731	system development	ENSMUSG00000027560	Dok5	IDA
CRE upregulated	GO:0048731	system development	ENSMUSG00000033039	Micall1	IMP, ISO
CRE upregulated	GO:0048731	system development	ENSMUSG00000059923	Grb2	IMP
CRE upregulated	GO:0048731	system development	ENSMUSG00000042406	Atf4	IMP, IEA
CRE upregulated	GO:0048731	system development	ENSMUSG00000055078	Gabra5	IMP, IBA
CRE upregulated	GO:0048731	system development	ENSMUSG00000017929	B4galt5	IMP
CRE upregulated	GO:0048731	system development	ENSMUSG00000020271	Fbxw11	IBA
CRE upregulated	GO:0048731	system development	ENSMUSG00000020838	Slc6a4	IMP, ISO, IEA
CRE upregulated	GO:0048731	system development	ENSMUSG00000001507	Itga3	IMP, ISO, IEA
CRE upregulated	GO:0048731	system development	ENSMUSG00000055723	Rras2	IGI
CRE upregulated	GO:0048731	system development	ENSMUSG00000031628	Casp3	IMP, IGI, ISO, IBA, IEA
CRE upregulated	GO:0048731	system development	ENSMUSG00000025408	Ddit3	IMP
CRE upregulated	GO:0048731	system development	ENSMUSG00000040435	Ppp1r15a	ISO
CRE upregulated	GO:0048731	system development	ENSMUSG00000032078	Zpr1	IMP, IBA, IEA
CRE upregulated	GO:0048731	system development	ENSMUSG00000055407	Map6	ISS, ISO, IBA, IEA
CRE upregulated	GO:0048731	system development	ENSMUSG00000001847	Rac1	IDA, IMP, IGI, IBA, IEA
CRE upregulated	GO:0048731	system development	ENSMUSG00000050271	Prag1	ISS, ISO, IEA
CRE upregulated	GO:0048731	system development	ENSMUSG00000030077	Chl1	IDA, IMP, IEA
CRE upregulated	GO:0048731	system development	ENSMUSG00000018909	Arrb1	ISO
CRE upregulated	GO:0048731	system development	ENSMUSG00000026317	Cln8	IMP, ISS, IBA, IEA
CRE upregulated	GO:0048731	system development	ENSMUSG00000044667	Plppr4	ISO, IBA
CRE upregulated	GO:0048731	system development	ENSMUSG00000054008	Ndst1	IMP, IGI
CRE upregulated	GO:0048731	system development	ENSMUSG00000057531	Dtnbp1	IDA, IMP, ISS, ISO, IBA, NAS, IEA
CRE upregulated	GO:0048731	system development	ENSMUSG00000004768	Rab23	IEA
CRE upregulated	GO:0048731	system development	ENSMUSG00000030309	Caprin2	IMP
CRE upregulated	GO:0048731	system development	ENSMUSG00000001627	Ifrd1	IGI
CRE upregulated	GO:0048731	system development	ENSMUSG00000029765	Plxna4	IMP, IGI, IBA
CRE upregulated	GO:0048731	system development	ENSMUSG00000022346	Myc	IMP, ISO
CRE upregulated	GO:0048731	system development	ENSMUSG00000036478	Btg1	ISS, IEA
CRE upregulated	GO:0048731	system development	ENSMUSG00000053113	Socs3	IMP
CRE upregulated	GO:0048731	system development	ENSMUSG00000036437	Npy1r	IEA
CRE upregulated	GO:0048731	system development	ENSMUSG00000026072	Il1r1	ISO
CRE upregulated	GO:0048731	system development	ENSMUSG00000027954	Efna1	IDA, IMP, IGI, IBA, IEA
CRE upregulated	GO:0048731	system development	ENSMUSG00000055809	Dnaaf3	IMP
CRE upregulated	GO:0048731	system development	ENSMUSG00000024789	Jak2	ISS, ISO, IEA
CRE upregulated	GO:0048731	system development	ENSMUSG00000004040	ENSMUSG00000004040	IDA, IMP, IGI
CRE upregulated	GO:0048731	system development	ENSMUSG00000042292	Mrtfa	IGI
CRE upregulated	GO:0048731	system development	ENSMUSG00000022602	Arc	ISO, IEA
CRE upregulated	GO:0048731	system development	ENSMUSG00000020027	Socs2	IDA
CRE upregulated	GO:0048731	system development	ENSMUSG00000029135	Fosl2	IDA, IMP
CRE upregulated	GO:0048731	system development	ENSMUSG00000054136	Adm2	ISO, IEA
CRE upregulated	GO:0048731	system development	ENSMUSG00000047554	Tmem41b	IEA
CRE upregulated	GO:0048731	system development	ENSMUSG00000044017	Adgrd1	IEA
CRE upregulated	GO:0048731	system development	ENSMUSG00000018143	Mafk	ISO
CRE upregulated	GO:0048731	system development	ENSMUSG00000063919	Srrm4	IMP, IBA
CRE upregulated	GO:0048731	system development	ENSMUSG00000030223	ENSMUSG00000030223	IMP, ISS, IBA, IEA
CRE upregulated	GO:0048731	system development	ENSMUSG00000027797	Dclk1	IDA, IMP, IGI, IBA, IEA
CRE upregulated	GO:0048731	system development	ENSMUSG00000031960	Aars1	IMP
CRE upregulated	GO:0048731	system development	ENSMUSG00000003762	Coq8b	IEA
CRE upregulated	GO:0048731	system development	ENSMUSG00000036882	ENSMUSG00000036882	IDA, IMP, ISO, IEA
CRE upregulated	GO:0048731	system development	ENSMUSG00000030029	Lrig1	IGI
CRE upregulated	GO:0048731	system development	ENSMUSG00000026930	Gpsm1	IEA
CRE upregulated	GO:0048731	system development	ENSMUSG00000024803	Ankrd1	ISO, IEA
CRE upregulated	GO:0048731	system development	ENSMUSG00000023915	Tnfrsf21	IMP, ISO, IBA, IEA
CRE upregulated	GO:0048731	system development	ENSMUSG00000024912	Fosl1	IMP
CRE upregulated	GO:0048731	system development	ENSMUSG00000024927	Rela	IMP, ISO, IEA
CRE upregulated	GO:0048731	system development	ENSMUSG00000042608	Stk40	IMP
CRE upregulated	GO:0048731	system development	ENSMUSG00000025793	ENSMUSG00000025793	IEA
CRE upregulated	GO:0048731	system development	ENSMUSG00000027692	Tnik	ISS, ISO, IBA, IEA
CRE upregulated	GO:0048731	system development	ENSMUSG00000055044	Pdlim1	IBA
CRE upregulated	GO:0048731	system development	ENSMUSG00000024238	Zeb1	IDA, IMP, IGI, IEA
CRE upregulated	GO:0048731	system development	ENSMUSG00000026078	Pdcl3	IMP, ISO, IBA, IEA
CRE upregulated	GO:0048731	system development	ENSMUSG00000024947	Men1	IMP, ISO
CRE upregulated	GO:0048731	system development	ENSMUSG00000067006	ENSMUSG00000067006	IMP
CRE upregulated	GO:0048731	system development	ENSMUSG00000029071	ENSMUSG00000029071	IDA, IMP, IGI, ISO, IEA
CRE upregulated	GO:0048731	system development	ENSMUSG00000022125	Cln5	ISS, IEA
CRE upregulated	GO:0048731	system development	ENSMUSG00000037514	Pank2	IEA
CRE upregulated	GO:0048731	system development	ENSMUSG00000064210	ENSMUSG00000064210	IMP
CRE upregulated	GO:0048731	system development	ENSMUSG00000024777	ENSMUSG00000024777	ISO, IEA
CRE upregulated	GO:0048731	system development	ENSMUSG00000024335	Brd2	IMP
CRE upregulated	GO:0048731	system development	ENSMUSG00000026074	Map4k4	IEA
CRE upregulated	GO:0048731	system development	ENSMUSG00000025485	ENSMUSG00000025485	IMP
CRE upregulated	GO:0048731	system development	ENSMUSG00000031168	ENSMUSG00000031168	IEA
CRE upregulated	GO:0048731	system development	ENSMUSG00000037876	Jmjd1c	IMP
CRE upregulated	GO:0048731	system development	ENSMUSG00000025162	ENSMUSG00000025162	IGI
CRE upregulated	GO:0048731	system development	ENSMUSG00000010660	Plcd1	IGI
CRE upregulated	GO:0048731	system development	ENSMUSG00000052921	Arhgef15	IDA, IMP
CRE upregulated	GO:0048731	system development	ENSMUSG00000031278	ENSMUSG00000031278	ISO, IBA
CRE upregulated	GO:0048731	system development	ENSMUSG00000031668	ENSMUSG00000031668	IEA
CRE upregulated	GO:0048731	system development	ENSMUSG00000053175	Bcl3	IMP
CRE upregulated	GO:0048731	system development	ENSMUSG00000068739	ENSMUSG00000068739	ISS, IEA
CRE upregulated	GO:0048731	system development	ENSMUSG00000030199	Etv6	IMP
CRE upregulated	GO:0048731	system development	ENSMUSG00000037815	Ctnna1	IMP, IGI, IEA
CRE upregulated	GO:0048731	system development	ENSMUSG00000003154	Foxj2	IEA
CRE upregulated	GO:0048731	system development	ENSMUSG00000039108	ENSMUSG00000039108	IMP
CRE upregulated	GO:0048731	system development	ENSMUSG00000029752	ENSMUSG00000029752	IEA
CRE upregulated	GO:0048731	system development	ENSMUSG00000021587	Pcsk1	IEA
CRE upregulated	GO:0048731	system development	ENSMUSG00000028599	Tnfrsf1b	IMP, IGI, IBA
CRE upregulated	GO:0048731	system development	ENSMUSG00000004530	ENSMUSG00000004530	IMP
CRE upregulated	GO:0048731	system development	ENSMUSG00000044147	Arf6	IMP, ISO, IBA, IEA
CRE upregulated	GO:0048731	system development	ENSMUSG00000036180	ENSMUSG00000036180	IMP
CRE upregulated	GO:0048731	system development	ENSMUSG00000011877	Git1	IMP, ISO, IBA, IEA
CRE upregulated	GO:0048731	system development	ENSMUSG00000031937	ENSMUSG00000031937	IMP, IEP, IBA
CRE upregulated	GO:0048731	system development	ENSMUSG00000052512	ENSMUSG00000052512	IMP, ISO, IEA
CRE upregulated	GO:0048731	system development	ENSMUSG00000009566	Fpgs	IEA
CRE upregulated	GO:0048731	system development	ENSMUSG00000008435	Rdh13	IMP
CRE upregulated	GO:0048731	system development	ENSMUSG00000062234	ENSMUSG00000062234	IEA
CRE upregulated	GO:0048731	system development	ENSMUSG00000052837	ENSMUSG00000052837	IMP
CRE upregulated	GO:0048731	system development	ENSMUSG00000021796	Bmpr1a	IDA, IMP, IGI, IEA
CRE upregulated	GO:0048731	system development	ENSMUSG00000019842	ENSMUSG00000019842	IDA, IMP
CRE upregulated	GO:0048731	system development	ENSMUSG00000024750	ENSMUSG00000024750	IMP
CRE upregulated	GO:0048731	system development	ENSMUSG00000027465	Tbc1d20	IMP
CRE upregulated	GO:0048731	system development	ENSMUSG00000045763	ENSMUSG00000045763	IDA
CRE upregulated	GO:0048731	system development	ENSMUSG00000037860	Aim2	IDA
CRE upregulated	GO:0048731	system development	ENSMUSG00000039191	Rbpj	IMP, IGI, TAS, IEA
CRE upregulated	GO:0048731	system development	ENSMUSG00000022656	ENSMUSG00000022656	IDA, IMP
CRE upregulated	GO:0048731	system development	ENSMUSG00000039844	ENSMUSG00000039844	IMP, ISO, IEA
CRE upregulated	GO:0048731	system development	ENSMUSG00000035725	ENSMUSG00000035725	IMP, ISS, IEA
CRE upregulated	GO:0048731	system development	ENSMUSG00000001552	ENSMUSG00000001552	IEA
CRE upregulated	GO:0048731	system development	ENSMUSG00000040010	Slc7a5	ISO, IEA
CRE upregulated	GO:0048731	system development	ENSMUSG00000020671	ENSMUSG00000020671	ISS, ISO
CRE upregulated	GO:0048731	system development	ENSMUSG00000004099	ENSMUSG00000004099	IEA
CRE upregulated	GO:0048731	system development	ENSMUSG00000022858	ENSMUSG00000022858	IMP
CRE upregulated	GO:0048731	system development	ENSMUSG00000027997	Casp6	ISO
CRE upregulated	GO:0048731	system development	ENSMUSG00000061947	ENSMUSG00000061947	IEA
CRE upregulated	GO:0048731	system development	ENSMUSG00000020594	ENSMUSG00000020594	IDA, ISO, IEA
CRE upregulated	GO:0048731	system development	ENSMUSG00000011256	ENSMUSG00000011256	IMP
CRE upregulated	GO:0048731	system development	ENSMUSG00000008859	ENSMUSG00000008859	IMP
CRE upregulated	GO:0048731	system development	ENSMUSG00000008730	Hipk1	IMP
CRE upregulated	GO:0048731	system development	ENSMUSG00000022094	ENSMUSG00000022094	IMP
CRE upregulated	GO:0048731	system development	ENSMUSG00000038676	Ucn	ISO, IEA
CRE upregulated	GO:0048731	system development	ENSMUSG00000059743	ENSMUSG00000059743	ISO
CRE upregulated	GO:0048731	system development	ENSMUSG00000066595	ENSMUSG00000066595	IMP
CRE upregulated	GO:0048731	system development	ENSMUSG00000020097	ENSMUSG00000020097	IMP
CRE upregulated	GO:0048731	system development	ENSMUSG00000028826	ENSMUSG00000028826	IEP
CRE upregulated	GO:0048731	system development	ENSMUSG00000032508	Myd88	IMP
CRE upregulated	GO:0048731	system development	ENSMUSG00000026864	ENSMUSG00000026864	IMP, ISO
CRE upregulated	GO:0048731	system development	ENSMUSG00000002633	Shh	IDA, IMP, IGI, ISO, IBA, TAS, IEA
CRE upregulated	GO:0048731	system development	ENSMUSG00000032462	ENSMUSG00000032462	IMP, IEA
CRE upregulated	GO:0048731	system development	ENSMUSG00000039671	ENSMUSG00000039671	ISO, IEA
CRE upregulated	GO:0048731	system development	ENSMUSG00000005089	Slc1a2	IMP
CRE upregulated	GO:0048731	system development	ENSMUSG00000029145	ENSMUSG00000029145	ISS, IEA
CRE upregulated	GO:0048731	system development	ENSMUSG00000056050	ENSMUSG00000056050	IEA
CRE upregulated	GO:0048731	system development	ENSMUSG00000028291	ENSMUSG00000028291	IMP
CRE upregulated	GO:0048731	system development	ENSMUSG00000037411	Serpine1	IEA
CRE upregulated	GO:0048731	system development	ENSMUSG00000020340	ENSMUSG00000020340	IMP, IBA, IEA
CRE upregulated	GO:0048731	system development	ENSMUSG00000023277	ENSMUSG00000023277	IBA, IEA
CRE upregulated	GO:0048731	system development	ENSMUSG00000019843	ENSMUSG00000019843	IMP, IGI, TAS
CRE upregulated	GO:0048731	system development	ENSMUSG00000027646	ENSMUSG00000027646	IDA, IMP, IGI, ISO, IEA
CRE upregulated	GO:0048731	system development	ENSMUSG00000021340	ENSMUSG00000021340	IEA
CRE upregulated	GO:0048731	system development	ENSMUSG00000004698	ENSMUSG00000004698	IEA
CRE upregulated	GO:0048731	system development	ENSMUSG00000053825	ENSMUSG00000053825	IEA
CRE upregulated	GO:0048731	system development	ENSMUSG00000047261	ENSMUSG00000047261	IMP, ISO, IBA, IEA
CRE upregulated	GO:0048731	system development	ENSMUSG00000031073	Fgf15	IMP
CRE upregulated	GO:0048731	system development	ENSMUSG00000027433	ENSMUSG00000027433	IEA
CRE upregulated	GO:0048731	system development	ENSMUSG00000015839	Nfe2l2	ISO, IEA
CRE upregulated	GO:0048731	system development	ENSMUSG00000049550	ENSMUSG00000049550	ISO
CRE upregulated	GO:0048731	system development	ENSMUSG00000021477	ENSMUSG00000021477	ISS
CRE upregulated	GO:0048731	system development	ENSMUSG00000000627	ENSMUSG00000000627	ISO, IBA, IEA
CRE upregulated	GO:0048731	system development	ENSMUSG00000074656	Eif2s2	IMP
CRE upregulated	GO:0048731	system development	ENSMUSG00000024907	Gal	IMP
CRE upregulated	GO:0048731	system development	ENSMUSG00000069227	ENSMUSG00000069227	IDA, IBA
CRE upregulated	GO:0048731	system development	ENSMUSG00000054204	ENSMUSG00000054204	ISS, IEA
CRE upregulated	GO:0048731	system development	ENSMUSG00000029475	ENSMUSG00000029475	IMP
CRE upregulated	GO:0007275	multicellular organism development	ENSMUSG00000036390	Gadd45a	IMP
CRE upregulated	GO:0007275	multicellular organism development	ENSMUSG00000051379	Flrt3	IDA, IMP, ISS, ISO, IEA
CRE upregulated	GO:0007275	multicellular organism development	ENSMUSG00000052684	Jun	IDA, IMP, ISO
CRE upregulated	GO:0007275	multicellular organism development	ENSMUSG00000063632	Sox11	IDA, IMP, ISO, IBA, IEA
CRE upregulated	GO:0007275	multicellular organism development	ENSMUSG00000019647	Sema6a	IMP, IBA, NAS, IEA
CRE upregulated	GO:0007275	multicellular organism development	ENSMUSG00000037428	Vgf	IMP
CRE upregulated	GO:0007275	multicellular organism development	ENSMUSG00000046223	Plaur	ISO
CRE upregulated	GO:0007275	multicellular organism development	ENSMUSG00000031574	Star	ISO, IEA
CRE upregulated	GO:0007275	multicellular organism development	ENSMUSG00000004951	Hspb1	ISO, IEA
CRE upregulated	GO:0007275	multicellular organism development	ENSMUSG00000025473	Adam8	IDA, NAS
CRE upregulated	GO:0007275	multicellular organism development	ENSMUSG00000022044	Stmn4	IBA
CRE upregulated	GO:0007275	multicellular organism development	ENSMUSG00000030898	Cckbr	IMP
CRE upregulated	GO:0007275	multicellular organism development	ENSMUSG00000046731	Kctd11	IDA, IBA
CRE upregulated	GO:0007275	multicellular organism development	ENSMUSG00000022895	Ets2	IMP, IGI
CRE upregulated	GO:0007275	multicellular organism development	ENSMUSG00000037447	Arid5a	IDA
CRE upregulated	GO:0007275	multicellular organism development	ENSMUSG00000030748	Il4ra	IGI
CRE upregulated	GO:0007275	multicellular organism development	ENSMUSG00000023905	Tnfrsf12a	IDA, IEA
CRE upregulated	GO:0007275	multicellular organism development	ENSMUSG00000030102	Itpr1	IMP, ISO
CRE upregulated	GO:0007275	multicellular organism development	ENSMUSG00000032515	Csrnp1	IMP
CRE upregulated	GO:0007275	multicellular organism development	ENSMUSG00000025089	Gfra1	IMP, ISO, IBA, IEA
CRE upregulated	GO:0007275	multicellular organism development	ENSMUSG00000021765	Fst	IMP, IGI, ISO, IEA
CRE upregulated	GO:0007275	multicellular organism development	ENSMUSG00000025348	Itga7	IEA
CRE upregulated	GO:0007275	multicellular organism development	ENSMUSG00000030256	Bhlhe41	IBA
CRE upregulated	GO:0007275	multicellular organism development	ENSMUSG00000040151	Hs2st1	IMP
CRE upregulated	GO:0007275	multicellular organism development	ENSMUSG00000037705	Tecta	IGI
CRE upregulated	GO:0007275	multicellular organism development	ENSMUSG00000014599	Csf1	IDA, IMP, IGI, IBA, IEA
CRE upregulated	GO:0007275	multicellular organism development	ENSMUSG00000023067	Cdkn1a	IMP, IGI
CRE upregulated	GO:0007275	multicellular organism development	ENSMUSG00000038650	Rnh1	IBA, IEA
CRE upregulated	GO:0007275	multicellular organism development	ENSMUSG00000027495	Fam210b	ISS, IEA
CRE upregulated	GO:0007275	multicellular organism development	ENSMUSG00000028226	Mmp16	IGI, IBA
CRE upregulated	GO:0007275	multicellular organism development	ENSMUSG00000031074	Fgf3	IEA
CRE upregulated	GO:0007275	multicellular organism development	ENSMUSG00000030272	Camk1	ISS, IEA
CRE upregulated	GO:0007275	multicellular organism development	ENSMUSG00000004846	Plod3	IMP
CRE upregulated	GO:0007275	multicellular organism development	ENSMUSG00000031681	Smad1	IDA, IMP, IGI, IEP, ISS, IEA
CRE upregulated	GO:0007275	multicellular organism development	ENSMUSG00000050989	Selenon	IMP
CRE upregulated	GO:0007275	multicellular organism development	ENSMUSG00000058153	Sez6l	IGI, IBA
CRE upregulated	GO:0007275	multicellular organism development	ENSMUSG00000024261	Syt4	IMP, IEA
CRE upregulated	GO:0007275	multicellular organism development	ENSMUSG00000003644	Rps6ka1	IDA
CRE upregulated	GO:0007275	multicellular organism development	ENSMUSG00000029378	Areg	IMP, ISO, IEA
CRE upregulated	GO:0007275	multicellular organism development	ENSMUSG00000042688	Mapk6	IGI
CRE upregulated	GO:0007275	multicellular organism development	ENSMUSG00000005087	Cd44	IEA
CRE upregulated	GO:0007275	multicellular organism development	ENSMUSG00000026836	Acvr1	IMP, ISO, IBA, IEA
CRE upregulated	GO:0007275	multicellular organism development	ENSMUSG00000068566	Myadm	IBA, IEA
CRE upregulated	GO:0007275	multicellular organism development	ENSMUSG00000048482	Bdnf	IDA, IMP, IGI, ISO, IBA, IEA
CRE upregulated	GO:0007275	multicellular organism development	ENSMUSG00000024256	Adcyap1	ISS, ISO, IBA, IEA
CRE upregulated	GO:0007275	multicellular organism development	ENSMUSG00000018736	Ndel1	IMP, IGI, ISO, IBA, IEA
CRE upregulated	GO:0007275	multicellular organism development	ENSMUSG00000002250	Ppard	IDA, IMP, TAS
CRE upregulated	GO:0007275	multicellular organism development	ENSMUSG00000027198	Ext2	IMP, IGI
CRE upregulated	GO:0007275	multicellular organism development	ENSMUSG00000018507	Trpv2	IMP
CRE upregulated	GO:0007275	multicellular organism development	ENSMUSG00000038894	Irs2	IMP
CRE upregulated	GO:0007275	multicellular organism development	ENSMUSG00000037568	Vash2	IMP, ISS, ISO, IBA, IEA
CRE upregulated	GO:0007275	multicellular organism development	ENSMUSG00000025337	Sbds	IMP, IEA
CRE upregulated	GO:0007275	multicellular organism development	ENSMUSG00000005069	Pex5	IMP
CRE upregulated	GO:0007275	multicellular organism development	ENSMUSG00000029518	Rab35	IMP
CRE upregulated	GO:0007275	multicellular organism development	ENSMUSG00000045136	Tubb2b	IMP, ISS, ISO, IEA
CRE upregulated	GO:0007275	multicellular organism development	ENSMUSG00000054855	Rnd1	IEA
CRE upregulated	GO:0007275	multicellular organism development	ENSMUSG00000029201	Ugdh	IMP, ISS, IEA
CRE upregulated	GO:0007275	multicellular organism development	ENSMUSG00000027313	Chac1	IMP, IEA
CRE upregulated	GO:0007275	multicellular organism development	ENSMUSG00000027540	Ptpn1	IEA
CRE upregulated	GO:0007275	multicellular organism development	ENSMUSG00000043895	S1pr2	EXP, IDA, IEA
CRE upregulated	GO:0007275	multicellular organism development	ENSMUSG00000011179	Odc1	IMP
CRE upregulated	GO:0007275	multicellular organism development	ENSMUSG00000027035	Cers6	IEA
CRE upregulated	GO:0007275	multicellular organism development	ENSMUSG00000027583	Zbtb46	IMP
CRE upregulated	GO:0007275	multicellular organism development	ENSMUSG00000028063	Lmna	IMP
CRE upregulated	GO:0007275	multicellular organism development	ENSMUSG00000026675	Hsd17b7	IMP
CRE upregulated	GO:0007275	multicellular organism development	ENSMUSG00000001420	Tmem79	IMP
CRE upregulated	GO:0007275	multicellular organism development	ENSMUSG00000026254	Eif4e2	IMP
CRE upregulated	GO:0007275	multicellular organism development	ENSMUSG00000029121	Crmp1	IDA, IEP, IEA
CRE upregulated	GO:0007275	multicellular organism development	ENSMUSG00000028645	Slc2a1	IEA
CRE upregulated	GO:0007275	multicellular organism development	ENSMUSG00000063506	Arhgap22	IEA
CRE upregulated	GO:0007275	multicellular organism development	ENSMUSG00000053436	Mapk14	IDA, IMP, IGI, IEA
CRE upregulated	GO:0007275	multicellular organism development	ENSMUSG00000025809	Itgb1	IMP, IGI, ISO, IEA
CRE upregulated	GO:0007275	multicellular organism development	ENSMUSG00000040025	Ythdf2	IMP, ISS, IEA
CRE upregulated	GO:0007275	multicellular organism development	ENSMUSG00000028156	Eif4e	IMP
CRE upregulated	GO:0007275	multicellular organism development	ENSMUSG00000005370	Msh6	IMP, IGI
CRE upregulated	GO:0007275	multicellular organism development	ENSMUSG00000023030	Slc11a2	IMP
CRE upregulated	GO:0007275	multicellular organism development	ENSMUSG00000048490	Nrip1	IMP
CRE upregulated	GO:0007275	multicellular organism development	ENSMUSG00000013089	Etv5	IDA, ISO, IEA
CRE upregulated	GO:0007275	multicellular organism development	ENSMUSG00000020592	Sdc1	IEA
CRE upregulated	GO:0007275	multicellular organism development	ENSMUSG00000025746	Il6	IDA, IMP, ISO
CRE upregulated	GO:0007275	multicellular organism development	ENSMUSG00000032231	Anxa2	IDA, IMP, IEA
CRE upregulated	GO:0007275	multicellular organism development	ENSMUSG00000031078	Cttn	ISS, ISO
CRE upregulated	GO:0007275	multicellular organism development	ENSMUSG00000022607	Ptk2	IDA, IMP, ISO, IEA
CRE upregulated	GO:0007275	multicellular organism development	ENSMUSG00000024014	Pim1	IEA
CRE upregulated	GO:0007275	multicellular organism development	ENSMUSG00000037062	Sh3glb1	ISO
CRE upregulated	GO:0007275	multicellular organism development	ENSMUSG00000024772	Ehd1	ISS, ISO, IEA
CRE upregulated	GO:0007275	multicellular organism development	ENSMUSG00000020580	Rock2	IEA
CRE upregulated	GO:0007275	multicellular organism development	ENSMUSG00000027560	Dok5	IDA
CRE upregulated	GO:0007275	multicellular organism development	ENSMUSG00000027613	Eif6	IMP
CRE upregulated	GO:0007275	multicellular organism development	ENSMUSG00000033039	Micall1	IMP, ISO
CRE upregulated	GO:0007275	multicellular organism development	ENSMUSG00000059923	Grb2	IMP
CRE upregulated	GO:0007275	multicellular organism development	ENSMUSG00000042406	Atf4	IMP, IEA
CRE upregulated	GO:0007275	multicellular organism development	ENSMUSG00000055078	Gabra5	IMP, IBA
CRE upregulated	GO:0007275	multicellular organism development	ENSMUSG00000017929	B4galt5	IMP
CRE upregulated	GO:0007275	multicellular organism development	ENSMUSG00000020271	Fbxw11	IBA
CRE upregulated	GO:0007275	multicellular organism development	ENSMUSG00000020838	Slc6a4	IMP, ISO, IEA
CRE upregulated	GO:0007275	multicellular organism development	ENSMUSG00000001507	Itga3	IMP, ISO, IEA
CRE upregulated	GO:0007275	multicellular organism development	ENSMUSG00000055723	Rras2	IGI
CRE upregulated	GO:0007275	multicellular organism development	ENSMUSG00000031628	Casp3	IMP, IGI, ISO, IBA, IEA
CRE upregulated	GO:0007275	multicellular organism development	ENSMUSG00000025408	Ddit3	IDA, IMP, IEA
CRE upregulated	GO:0007275	multicellular organism development	ENSMUSG00000040435	Ppp1r15a	ISO
CRE upregulated	GO:0007275	multicellular organism development	ENSMUSG00000032078	Zpr1	IMP, IBA, IEA
CRE upregulated	GO:0007275	multicellular organism development	ENSMUSG00000055407	Map6	ISS, ISO, IBA, IEA
CRE upregulated	GO:0007275	multicellular organism development	ENSMUSG00000001847	Rac1	IDA, IMP, IGI, IBA, IEA
CRE upregulated	GO:0007275	multicellular organism development	ENSMUSG00000050271	Prag1	ISS, ISO, IEA
CRE upregulated	GO:0007275	multicellular organism development	ENSMUSG00000030077	Chl1	IDA, IMP, IEA
CRE upregulated	GO:0007275	multicellular organism development	ENSMUSG00000018909	Arrb1	ISO
CRE upregulated	GO:0007275	multicellular organism development	ENSMUSG00000026317	Cln8	IMP, ISS, IBA, IEA
CRE upregulated	GO:0007275	multicellular organism development	ENSMUSG00000044667	Plppr4	ISO, IBA
CRE upregulated	GO:0007275	multicellular organism development	ENSMUSG00000054008	Ndst1	IMP, IGI
CRE upregulated	GO:0007275	multicellular organism development	ENSMUSG00000057531	Dtnbp1	IDA, IMP, ISS, ISO, IBA, NAS, IEA
CRE upregulated	GO:0007275	multicellular organism development	ENSMUSG00000000134	Tfe3	IGI, IEA
CRE upregulated	GO:0007275	multicellular organism development	ENSMUSG00000004768	Rab23	IEA
CRE upregulated	GO:0007275	multicellular organism development	ENSMUSG00000030309	Caprin2	IMP
CRE upregulated	GO:0007275	multicellular organism development	ENSMUSG00000029131	Dnajb6	IMP
CRE upregulated	GO:0007275	multicellular organism development	ENSMUSG00000023087	Noct	IMP
CRE upregulated	GO:0007275	multicellular organism development	ENSMUSG00000001627	Ifrd1	IGI
CRE upregulated	GO:0007275	multicellular organism development	ENSMUSG00000029765	Plxna4	IMP, IGI, IBA
CRE upregulated	GO:0007275	multicellular organism development	ENSMUSG00000022346	Myc	IMP, ISS, ISO, IEA
CRE upregulated	GO:0007275	multicellular organism development	ENSMUSG00000036478	Btg1	ISS, IEA
CRE upregulated	GO:0007275	multicellular organism development	ENSMUSG00000053113	Socs3	IMP
CRE upregulated	GO:0007275	multicellular organism development	ENSMUSG00000036437	Npy1r	IEA
CRE upregulated	GO:0007275	multicellular organism development	ENSMUSG00000026072	Il1r1	ISO
CRE upregulated	GO:0007275	multicellular organism development	ENSMUSG00000027954	Efna1	IDA, IMP, IGI, IBA, IEA
CRE upregulated	GO:0007275	multicellular organism development	ENSMUSG00000055809	Dnaaf3	IMP
CRE upregulated	GO:0007275	multicellular organism development	ENSMUSG00000024789	Jak2	IMP, ISS, ISO, IEA
CRE upregulated	GO:0007275	multicellular organism development	ENSMUSG00000004040	ENSMUSG00000004040	IDA, IMP, IGI, ISS, IEA
CRE upregulated	GO:0007275	multicellular organism development	ENSMUSG00000042292	Mrtfa	IGI
CRE upregulated	GO:0007275	multicellular organism development	ENSMUSG00000022602	Arc	IMP, ISO, IEA
CRE upregulated	GO:0007275	multicellular organism development	ENSMUSG00000020027	Socs2	IDA
CRE upregulated	GO:0007275	multicellular organism development	ENSMUSG00000029135	Fosl2	IDA, IMP
CRE upregulated	GO:0007275	multicellular organism development	ENSMUSG00000054136	Adm2	ISO, IEA
CRE upregulated	GO:0007275	multicellular organism development	ENSMUSG00000047554	Tmem41b	IEA
CRE upregulated	GO:0007275	multicellular organism development	ENSMUSG00000044017	Adgrd1	IEA
CRE upregulated	GO:0007275	multicellular organism development	ENSMUSG00000018143	Mafk	ISO
CRE upregulated	GO:0007275	multicellular organism development	ENSMUSG00000021209	ENSMUSG00000021209	IMP
CRE upregulated	GO:0007275	multicellular organism development	ENSMUSG00000024190	Dusp1	IBA, IEA
CRE upregulated	GO:0007275	multicellular organism development	ENSMUSG00000063919	Srrm4	IMP, IBA
CRE upregulated	GO:0007275	multicellular organism development	ENSMUSG00000030223	ENSMUSG00000030223	IMP, ISS, IBA, IEA
CRE upregulated	GO:0007275	multicellular organism development	ENSMUSG00000027797	Dclk1	IDA, IMP, IGI, IBA, IEA
CRE upregulated	GO:0007275	multicellular organism development	ENSMUSG00000031960	Aars1	IMP
CRE upregulated	GO:0007275	multicellular organism development	ENSMUSG00000003762	Coq8b	IEA
CRE upregulated	GO:0007275	multicellular organism development	ENSMUSG00000036882	ENSMUSG00000036882	IDA, IMP, ISO, IEA
CRE upregulated	GO:0007275	multicellular organism development	ENSMUSG00000030029	Lrig1	IGI
CRE upregulated	GO:0007275	multicellular organism development	ENSMUSG00000026930	Gpsm1	IEA
CRE upregulated	GO:0007275	multicellular organism development	ENSMUSG00000024803	Ankrd1	ISO, IEA
CRE upregulated	GO:0007275	multicellular organism development	ENSMUSG00000019188	ENSMUSG00000019188	IMP
CRE upregulated	GO:0007275	multicellular organism development	ENSMUSG00000023915	Tnfrsf21	IMP, ISO, IBA, IEA
CRE upregulated	GO:0007275	multicellular organism development	ENSMUSG00000024912	Fosl1	IMP
CRE upregulated	GO:0007275	multicellular organism development	ENSMUSG00000024927	Rela	IMP, ISO, IEA
CRE upregulated	GO:0007275	multicellular organism development	ENSMUSG00000042608	Stk40	IMP
CRE upregulated	GO:0007275	multicellular organism development	ENSMUSG00000025793	ENSMUSG00000025793	IEA
CRE upregulated	GO:0007275	multicellular organism development	ENSMUSG00000038591	Colec10	NAS
CRE upregulated	GO:0007275	multicellular organism development	ENSMUSG00000027692	Tnik	ISS, ISO, IBA, IEA
CRE upregulated	GO:0007275	multicellular organism development	ENSMUSG00000055044	Pdlim1	IBA
CRE upregulated	GO:0007275	multicellular organism development	ENSMUSG00000024238	Zeb1	IDA, IMP, IGI, IEA
CRE upregulated	GO:0007275	multicellular organism development	ENSMUSG00000026078	Pdcl3	IMP, ISO, IBA, IEA
CRE upregulated	GO:0007275	multicellular organism development	ENSMUSG00000024947	Men1	IMP, ISO
CRE upregulated	GO:0007275	multicellular organism development	ENSMUSG00000067006	ENSMUSG00000067006	IMP
CRE upregulated	GO:0007275	multicellular organism development	ENSMUSG00000029071	ENSMUSG00000029071	IDA, IMP, IGI, ISO, IEA
CRE upregulated	GO:0007275	multicellular organism development	ENSMUSG00000022125	Cln5	ISS, IEA
CRE upregulated	GO:0007275	multicellular organism development	ENSMUSG00000037514	Pank2	IEA
CRE upregulated	GO:0007275	multicellular organism development	ENSMUSG00000064210	ENSMUSG00000064210	IMP, IEA
CRE upregulated	GO:0007275	multicellular organism development	ENSMUSG00000024777	ENSMUSG00000024777	ISO, IEA
CRE upregulated	GO:0007275	multicellular organism development	ENSMUSG00000024335	Brd2	IDA, IMP, IEA
CRE upregulated	GO:0007275	multicellular organism development	ENSMUSG00000026074	Map4k4	IEA
CRE upregulated	GO:0007275	multicellular organism development	ENSMUSG00000025485	ENSMUSG00000025485	IMP
CRE upregulated	GO:0007275	multicellular organism development	ENSMUSG00000031168	ENSMUSG00000031168	IEA
CRE upregulated	GO:0007275	multicellular organism development	ENSMUSG00000037876	Jmjd1c	IMP
CRE upregulated	GO:0007275	multicellular organism development	ENSMUSG00000025162	ENSMUSG00000025162	IGI
CRE upregulated	GO:0007275	multicellular organism development	ENSMUSG00000010660	Plcd1	IGI
CRE upregulated	GO:0007275	multicellular organism development	ENSMUSG00000052921	Arhgef15	IDA, IMP
CRE upregulated	GO:0007275	multicellular organism development	ENSMUSG00000031278	ENSMUSG00000031278	IMP, ISO, IBA
CRE upregulated	GO:0007275	multicellular organism development	ENSMUSG00000031668	ENSMUSG00000031668	IEA
CRE upregulated	GO:0007275	multicellular organism development	ENSMUSG00000053175	Bcl3	IMP
CRE upregulated	GO:0007275	multicellular organism development	ENSMUSG00000068739	ENSMUSG00000068739	ISS, IEA
CRE upregulated	GO:0007275	multicellular organism development	ENSMUSG00000030199	Etv6	IMP
CRE upregulated	GO:0007275	multicellular organism development	ENSMUSG00000037815	Ctnna1	IMP, IGI, IEA
CRE upregulated	GO:0007275	multicellular organism development	ENSMUSG00000003154	Foxj2	IEA
CRE upregulated	GO:0007275	multicellular organism development	ENSMUSG00000039108	ENSMUSG00000039108	IMP
CRE upregulated	GO:0007275	multicellular organism development	ENSMUSG00000029752	ENSMUSG00000029752	IEA
CRE upregulated	GO:0007275	multicellular organism development	ENSMUSG00000021587	Pcsk1	IEA
CRE upregulated	GO:0007275	multicellular organism development	ENSMUSG00000028599	Tnfrsf1b	IMP, IGI, IBA
CRE upregulated	GO:0007275	multicellular organism development	ENSMUSG00000004530	ENSMUSG00000004530	IMP
CRE upregulated	GO:0007275	multicellular organism development	ENSMUSG00000044147	Arf6	IMP, ISO, IBA, IEA
CRE upregulated	GO:0007275	multicellular organism development	ENSMUSG00000036180	ENSMUSG00000036180	IMP
CRE upregulated	GO:0007275	multicellular organism development	ENSMUSG00000011877	Git1	IMP, ISO, IBA, IEA
CRE upregulated	GO:0007275	multicellular organism development	ENSMUSG00000031937	ENSMUSG00000031937	IMP, IEP, IBA
CRE upregulated	GO:0007275	multicellular organism development	ENSMUSG00000052512	ENSMUSG00000052512	IMP, ISO, IEA
CRE upregulated	GO:0007275	multicellular organism development	ENSMUSG00000009566	Fpgs	IEA
CRE upregulated	GO:0007275	multicellular organism development	ENSMUSG00000008435	Rdh13	IMP
CRE upregulated	GO:0007275	multicellular organism development	ENSMUSG00000062234	ENSMUSG00000062234	IEA
CRE upregulated	GO:0007275	multicellular organism development	ENSMUSG00000052837	ENSMUSG00000052837	IDA, IMP
CRE upregulated	GO:0007275	multicellular organism development	ENSMUSG00000047281	ENSMUSG00000047281	IMP
CRE upregulated	GO:0007275	multicellular organism development	ENSMUSG00000021796	Bmpr1a	IDA, IMP, IGI, IBA, IEA
CRE upregulated	GO:0007275	multicellular organism development	ENSMUSG00000019842	ENSMUSG00000019842	IDA, IMP
CRE upregulated	GO:0007275	multicellular organism development	ENSMUSG00000024750	ENSMUSG00000024750	IMP
CRE upregulated	GO:0007275	multicellular organism development	ENSMUSG00000027465	Tbc1d20	IMP
CRE upregulated	GO:0007275	multicellular organism development	ENSMUSG00000045763	ENSMUSG00000045763	IDA
CRE upregulated	GO:0007275	multicellular organism development	ENSMUSG00000037860	Aim2	IDA
CRE upregulated	GO:0007275	multicellular organism development	ENSMUSG00000020250	ENSMUSG00000020250	IMP
CRE upregulated	GO:0007275	multicellular organism development	ENSMUSG00000039191	Rbpj	IMP, IGI, TAS, IEA
CRE upregulated	GO:0007275	multicellular organism development	ENSMUSG00000022656	ENSMUSG00000022656	IDA, IMP
CRE upregulated	GO:0007275	multicellular organism development	ENSMUSG00000039844	ENSMUSG00000039844	IMP, ISO, IEA
CRE upregulated	GO:0007275	multicellular organism development	ENSMUSG00000035725	ENSMUSG00000035725	IMP, ISS, IEA
CRE upregulated	GO:0007275	multicellular organism development	ENSMUSG00000001552	ENSMUSG00000001552	IEA
CRE upregulated	GO:0007275	multicellular organism development	ENSMUSG00000040010	Slc7a5	ISO, IEA
CRE upregulated	GO:0007275	multicellular organism development	ENSMUSG00000020671	ENSMUSG00000020671	ISS, ISO
CRE upregulated	GO:0007275	multicellular organism development	ENSMUSG00000004099	ENSMUSG00000004099	IEA
CRE upregulated	GO:0007275	multicellular organism development	ENSMUSG00000022858	ENSMUSG00000022858	IMP
CRE upregulated	GO:0007275	multicellular organism development	ENSMUSG00000027997	Casp6	ISO
CRE upregulated	GO:0007275	multicellular organism development	ENSMUSG00000061947	ENSMUSG00000061947	IEA
CRE upregulated	GO:0007275	multicellular organism development	ENSMUSG00000020594	ENSMUSG00000020594	IDA, ISO, IEA
CRE upregulated	GO:0007275	multicellular organism development	ENSMUSG00000011256	ENSMUSG00000011256	IMP
CRE upregulated	GO:0007275	multicellular organism development	ENSMUSG00000008859	ENSMUSG00000008859	IMP
CRE upregulated	GO:0007275	multicellular organism development	ENSMUSG00000008730	Hipk1	IMP, IGI
CRE upregulated	GO:0007275	multicellular organism development	ENSMUSG00000022094	ENSMUSG00000022094	IMP
CRE upregulated	GO:0007275	multicellular organism development	ENSMUSG00000038676	Ucn	ISO, IEA
CRE upregulated	GO:0007275	multicellular organism development	ENSMUSG00000059743	ENSMUSG00000059743	ISO
CRE upregulated	GO:0007275	multicellular organism development	ENSMUSG00000066595	ENSMUSG00000066595	IMP
CRE upregulated	GO:0007275	multicellular organism development	ENSMUSG00000020097	ENSMUSG00000020097	IMP
CRE upregulated	GO:0007275	multicellular organism development	ENSMUSG00000042185	ENSMUSG00000042185	IMP
CRE upregulated	GO:0007275	multicellular organism development	ENSMUSG00000028826	ENSMUSG00000028826	IEP
CRE upregulated	GO:0007275	multicellular organism development	ENSMUSG00000032508	Myd88	IMP
CRE upregulated	GO:0007275	multicellular organism development	ENSMUSG00000026864	ENSMUSG00000026864	IMP, ISO, TAS
CRE upregulated	GO:0007275	multicellular organism development	ENSMUSG00000002633	Shh	IDA, IMP, IGI, ISO, IBA, TAS, IEA
CRE upregulated	GO:0007275	multicellular organism development	ENSMUSG00000032462	ENSMUSG00000032462	IMP, IEA
CRE upregulated	GO:0007275	multicellular organism development	ENSMUSG00000027944	Hax1	IEA
CRE upregulated	GO:0007275	multicellular organism development	ENSMUSG00000039671	ENSMUSG00000039671	ISO, IEA
CRE upregulated	GO:0007275	multicellular organism development	ENSMUSG00000005089	Slc1a2	IMP
CRE upregulated	GO:0007275	multicellular organism development	ENSMUSG00000029145	ENSMUSG00000029145	ISS, IEA
CRE upregulated	GO:0007275	multicellular organism development	ENSMUSG00000067586	ENSMUSG00000067586	IEA
CRE upregulated	GO:0007275	multicellular organism development	ENSMUSG00000056050	ENSMUSG00000056050	IEA
CRE upregulated	GO:0007275	multicellular organism development	ENSMUSG00000063952	Brpf3	NAS
CRE upregulated	GO:0007275	multicellular organism development	ENSMUSG00000028291	ENSMUSG00000028291	IMP
CRE upregulated	GO:0007275	multicellular organism development	ENSMUSG00000037411	Serpine1	IEA
CRE upregulated	GO:0007275	multicellular organism development	ENSMUSG00000020340	ENSMUSG00000020340	IMP, IBA, IEA
CRE upregulated	GO:0007275	multicellular organism development	ENSMUSG00000037465	Klf10	IMP
CRE upregulated	GO:0007275	multicellular organism development	ENSMUSG00000024613	ENSMUSG00000024613	ISS, IEA
CRE upregulated	GO:0007275	multicellular organism development	ENSMUSG00000023277	ENSMUSG00000023277	IBA, IEA
CRE upregulated	GO:0007275	multicellular organism development	ENSMUSG00000019843	ENSMUSG00000019843	IMP, IGI, TAS
CRE upregulated	GO:0007275	multicellular organism development	ENSMUSG00000027646	ENSMUSG00000027646	IDA, IMP, IGI, ISO, IEA
CRE upregulated	GO:0007275	multicellular organism development	ENSMUSG00000021340	ENSMUSG00000021340	IEA
CRE upregulated	GO:0007275	multicellular organism development	ENSMUSG00000004698	ENSMUSG00000004698	IEA
CRE upregulated	GO:0007275	multicellular organism development	ENSMUSG00000032501	Trib1	IMP
CRE upregulated	GO:0007275	multicellular organism development	ENSMUSG00000053825	ENSMUSG00000053825	IEA
CRE upregulated	GO:0007275	multicellular organism development	ENSMUSG00000047261	ENSMUSG00000047261	IMP, ISO, IBA, IEA
CRE upregulated	GO:0007275	multicellular organism development	ENSMUSG00000031073	Fgf15	IMP
CRE upregulated	GO:0007275	multicellular organism development	ENSMUSG00000027433	ENSMUSG00000027433	IEA
CRE upregulated	GO:0007275	multicellular organism development	ENSMUSG00000015839	Nfe2l2	IGI, ISO, IEA
CRE upregulated	GO:0007275	multicellular organism development	ENSMUSG00000049550	ENSMUSG00000049550	ISO
CRE upregulated	GO:0007275	multicellular organism development	ENSMUSG00000021477	ENSMUSG00000021477	ISS
CRE upregulated	GO:0007275	multicellular organism development	ENSMUSG00000000627	ENSMUSG00000000627	ISO, IBA, IEA
CRE upregulated	GO:0007275	multicellular organism development	ENSMUSG00000074656	Eif2s2	IMP
CRE upregulated	GO:0007275	multicellular organism development	ENSMUSG00000034390	ENSMUSG00000034390	IMP
CRE upregulated	GO:0007275	multicellular organism development	ENSMUSG00000024907	Gal	IMP, IEA
CRE upregulated	GO:0007275	multicellular organism development	ENSMUSG00000069227	ENSMUSG00000069227	IDA, IBA
CRE upregulated	GO:0007275	multicellular organism development	ENSMUSG00000054204	ENSMUSG00000054204	ISS, IEA
CRE upregulated	GO:0007275	multicellular organism development	ENSMUSG00000029475	ENSMUSG00000029475	IMP
CRE upregulated	GO:0050789	regulation of biological process	ENSMUSG00000026628	Atf3	IDA, IMP, IGI, ISO, IBA, IEA
CRE upregulated	GO:0050789	regulation of biological process	ENSMUSG00000036390	Gadd45a	IDA, IMP, IBA, IEA
CRE upregulated	GO:0050789	regulation of biological process	ENSMUSG00000051379	Flrt3	IDA, IMP
CRE upregulated	GO:0050789	regulation of biological process	ENSMUSG00000052684	Jun	IDA, IMP, IGI, ISS, ISO, IBA, NAS, IEA
CRE upregulated	GO:0050789	regulation of biological process	ENSMUSG00000063632	Sox11	IDA, IMP, ISS, ISO, IBA, IEA
CRE upregulated	GO:0050789	regulation of biological process	ENSMUSG00000019647	Sema6a	IDA, IMP, IBA, IEA
CRE upregulated	GO:0050789	regulation of biological process	ENSMUSG00000073680	Tmem88b	IBA
CRE upregulated	GO:0050789	regulation of biological process	ENSMUSG00000037428	Vgf	IGI, ISO, IBA, IEA
CRE upregulated	GO:0050789	regulation of biological process	ENSMUSG00000042816	Gpr151	EXP, IDA, IMP, ISS, IBA, IEA
CRE upregulated	GO:0050789	regulation of biological process	ENSMUSG00000046223	Plaur	ISO, NAS, IEA
CRE upregulated	GO:0050789	regulation of biological process	ENSMUSG00000031574	Star	IDA, ISO, IBA, IEA
CRE upregulated	GO:0050789	regulation of biological process	ENSMUSG00000039328	Rnf122	ISS, IEA
CRE upregulated	GO:0050789	regulation of biological process	ENSMUSG00000004951	Hspb1	IDA, ISO, IBA, IEA
CRE upregulated	GO:0050789	regulation of biological process	ENSMUSG00000046688	Tifa	IDA, IPI, ISS, IBA, IEA
CRE upregulated	GO:0050789	regulation of biological process	ENSMUSG00000025473	Adam8	IDA, IMP, ISS, IBA, NAS, IEA
CRE upregulated	GO:0050789	regulation of biological process	ENSMUSG00000050164	Mchr1	ISO, IBA, TAS, IEA
CRE upregulated	GO:0050789	regulation of biological process	ENSMUSG00000022044	Stmn4	IBA, IEA
CRE upregulated	GO:0050789	regulation of biological process	ENSMUSG00000028494	Plin2	IBA
CRE upregulated	GO:0050789	regulation of biological process	ENSMUSG00000030898	Cckbr	ISS, ISO, IBA, IEA
CRE upregulated	GO:0050789	regulation of biological process	ENSMUSG00000046731	Kctd11	IDA, IBA
CRE upregulated	GO:0050789	regulation of biological process	ENSMUSG00000056749	Nfil3	IDA, IMP, IBA, IEA
CRE upregulated	GO:0050789	regulation of biological process	ENSMUSG00000024143	Rhoq	IDA, IBA, IC, IEA
CRE upregulated	GO:0050789	regulation of biological process	ENSMUSG00000022895	Ets2	ISO, IBA, IEA
CRE upregulated	GO:0050789	regulation of biological process	ENSMUSG00000019876	Pkib	IEA
CRE upregulated	GO:0050789	regulation of biological process	ENSMUSG00000037447	Arid5a	IDA, IMP, IGI, ISS, IBA, IEA
CRE upregulated	GO:0050789	regulation of biological process	ENSMUSG00000033902	Mapkbp1	IEA
CRE upregulated	GO:0050789	regulation of biological process	ENSMUSG00000030748	Il4ra	IMP, IGI, ISO, IBA, IEA
CRE upregulated	GO:0050789	regulation of biological process	ENSMUSG00000023905	Tnfrsf12a	IDA, IBA, IEA
CRE upregulated	GO:0050789	regulation of biological process	ENSMUSG00000030102	Itpr1	IMP, IGI, ISS, ISO, IBA, IEA
CRE upregulated	GO:0050789	regulation of biological process	ENSMUSG00000032515	Csrnp1	IDA, IMP, IBA
CRE upregulated	GO:0050789	regulation of biological process	ENSMUSG00000025089	Gfra1	ISS, ISO, TAS, IEA
CRE upregulated	GO:0050789	regulation of biological process	ENSMUSG00000021765	Fst	IMP, IGI, ISO, IBA, IEA
CRE upregulated	GO:0050789	regulation of biological process	ENSMUSG00000025348	Itga7	IEA
CRE upregulated	GO:0050789	regulation of biological process	ENSMUSG00000030256	Bhlhe41	IDA, IMP, IBA, TAS, IEA
CRE upregulated	GO:0050789	regulation of biological process	ENSMUSG00000014599	Csf1	IDA, IMP, IGI, ISO, IBA, IEA
CRE upregulated	GO:0050789	regulation of biological process	ENSMUSG00000025612	Bach1	IDA, ISS, IBA, IEA
CRE upregulated	GO:0050789	regulation of biological process	ENSMUSG00000020427	Igfbp3	IGI, ISS, ISO, IBA, IEA
CRE upregulated	GO:0050789	regulation of biological process	ENSMUSG00000023067	Cdkn1a	IDA, IMP, IGI, ISS, ISO, IBA, IEA
CRE upregulated	GO:0050789	regulation of biological process	ENSMUSG00000024404	Riok3	IEA
CRE upregulated	GO:0050789	regulation of biological process	ENSMUSG00000000078	Klf6	IEA
CRE upregulated	GO:0050789	regulation of biological process	ENSMUSG00000030681	Mvp	IEA
CRE upregulated	GO:0050789	regulation of biological process	ENSMUSG00000006304	Arpc2	IDA, IMP, ISO, IEA
CRE upregulated	GO:0050789	regulation of biological process	ENSMUSG00000038650	Rnh1	IBA, IEA
CRE upregulated	GO:0050789	regulation of biological process	ENSMUSG00000058093	Zfp729b	IBA, IEA
CRE upregulated	GO:0050789	regulation of biological process	ENSMUSG00000109901	Chmp1b	ISO, IEA
CRE upregulated	GO:0050789	regulation of biological process	ENSMUSG00000027495	Fam210b	ISS, IEA
CRE upregulated	GO:0050789	regulation of biological process	ENSMUSG00000044934	Zfp367	ISO, IBA, IEA
CRE upregulated	GO:0050789	regulation of biological process	ENSMUSG00000031074	Fgf3	IEA
CRE upregulated	GO:0050789	regulation of biological process	ENSMUSG00000030272	Camk1	IDA, ISS, ISO, IEA
CRE upregulated	GO:0050789	regulation of biological process	ENSMUSG00000035621	Midn	ISO, IEA
CRE upregulated	GO:0050789	regulation of biological process	ENSMUSG00000020205	Phlda1	ISO, IBA, IEA
CRE upregulated	GO:0050789	regulation of biological process	ENSMUSG00000001542	Ell2	ISO, IBA
CRE upregulated	GO:0050789	regulation of biological process	ENSMUSG00000031681	Smad1	IDA, IMP, IGI, ISS, ISO, IBA, TAS, IEA
CRE upregulated	GO:0050789	regulation of biological process	ENSMUSG00000050989	Selenon	IDA, IMP, ISS, IEA
CRE upregulated	GO:0050789	regulation of biological process	ENSMUSG00000048216	Gpr85	IEA
CRE upregulated	GO:0050789	regulation of biological process	ENSMUSG00000035673	Sbno2	IMP, IBA, IEA
CRE upregulated	GO:0050789	regulation of biological process	ENSMUSG00000058153	Sez6l	IGI, IBA
CRE upregulated	GO:0050789	regulation of biological process	ENSMUSG00000024261	Syt4	EXP, IDA, IMP, ISO, IBA, TAS, IEA
CRE upregulated	GO:0050789	regulation of biological process	ENSMUSG00000032939	Nup93	IDA, IEA
CRE upregulated	GO:0050789	regulation of biological process	ENSMUSG00000033060	Lmo7	IDA, ISS, ISO, IEA
CRE upregulated	GO:0050789	regulation of biological process	ENSMUSG00000003644	Rps6ka1	ISS, ISO, IBA, IEA
CRE upregulated	GO:0050789	regulation of biological process	ENSMUSG00000029378	Areg	IDA, IGI, ISO, IBA, IEA
CRE upregulated	GO:0050789	regulation of biological process	ENSMUSG00000042688	Mapk6	IGI, IBA, IEA
CRE upregulated	GO:0050789	regulation of biological process	ENSMUSG00000005087	Cd44	IEA
CRE upregulated	GO:0050789	regulation of biological process	ENSMUSG00000026836	Acvr1	IDA, IMP, ISO, IBA, TAS, IEA
CRE upregulated	GO:0050789	regulation of biological process	ENSMUSG00000027611	Procr	IBA, TAS, IEA
CRE upregulated	GO:0050789	regulation of biological process	ENSMUSG00000026670	Uap1	IEA
CRE upregulated	GO:0050789	regulation of biological process	ENSMUSG00000021400	Wrnip1	ISS, IEA
CRE upregulated	GO:0050789	regulation of biological process	ENSMUSG00000003153	Slc2a3	ISO
CRE upregulated	GO:0050789	regulation of biological process	ENSMUSG00000021453	Gadd45g	IEA
CRE upregulated	GO:0050789	regulation of biological process	ENSMUSG00000038943	Prc1	ISS, IEA
CRE upregulated	GO:0050789	regulation of biological process	ENSMUSG00000028896	Rcc1	IEA
CRE upregulated	GO:0050789	regulation of biological process	ENSMUSG00000002459	Rgs20	TAS, IEA
CRE upregulated	GO:0050789	regulation of biological process	ENSMUSG00000068566	Myadm	IBA, IEA
CRE upregulated	GO:0050789	regulation of biological process	ENSMUSG00000048482	Bdnf	EXP, IDA, IMP, IGI, ISO, IBA, IEA
CRE upregulated	GO:0050789	regulation of biological process	ENSMUSG00000024256	Adcyap1	IDA, IMP, ISS, ISO, IBA, TAS, IEA
CRE upregulated	GO:0050789	regulation of biological process	ENSMUSG00000015745	Plekho1	IDA, IMP, IBA
CRE upregulated	GO:0050789	regulation of biological process	ENSMUSG00000034832	Tet3	IMP, ISS, IBA, IEA
CRE upregulated	GO:0050789	regulation of biological process	ENSMUSG00000056076	Eif3b	IEA
CRE upregulated	GO:0050789	regulation of biological process	ENSMUSG00000037458	Azin1	IDA, ISS, ISO, IBA, IEA
CRE upregulated	GO:0050789	regulation of biological process	ENSMUSG00000021070	Bdkrb2	IMP, IGI, ISO, IBA, IEA
CRE upregulated	GO:0050789	regulation of biological process	ENSMUSG00000018736	Ndel1	IDA, IMP, ISO, IBA, IEA
CRE upregulated	GO:0050789	regulation of biological process	ENSMUSG00000042804	Gpr153	IEA
CRE upregulated	GO:0050789	regulation of biological process	ENSMUSG00000002250	Ppard	IDA, IMP, IGI, ISS, ISO, IBA, NAS, IEA
CRE upregulated	GO:0050789	regulation of biological process	ENSMUSG00000032641	Gpr19	IBA, IEA
CRE upregulated	GO:0050789	regulation of biological process	ENSMUSG00000044734	Serpinb1a	IDA, IPI, IMP, IBA
CRE upregulated	GO:0050789	regulation of biological process	ENSMUSG00000018507	Trpv2	IMP, ISO
CRE upregulated	GO:0050789	regulation of biological process	ENSMUSG00000078532	Nkain1	IBA, IEA
CRE upregulated	GO:0050789	regulation of biological process	ENSMUSG00000037638	Zbtb42	IDA, IBA
CRE upregulated	GO:0050789	regulation of biological process	ENSMUSG00000021501	Caml	IDA, ISS, IEA
CRE upregulated	GO:0050789	regulation of biological process	ENSMUSG00000041870	Ankrd13a	ISS, IEA
CRE upregulated	GO:0050789	regulation of biological process	ENSMUSG00000038894	Irs2	IDA, IMP, IGI, ISO, IBA, IEA
CRE upregulated	GO:0050789	regulation of biological process	ENSMUSG00000037568	Vash2	IMP, ISO, IBA, IEA
CRE upregulated	GO:0050789	regulation of biological process	ENSMUSG00000066838	Zfp772	IBA, IEA
CRE upregulated	GO:0050789	regulation of biological process	ENSMUSG00000024883	Rin1	IMP, IEA
CRE upregulated	GO:0050789	regulation of biological process	ENSMUSG00000035828	Pim3	IMP, ISS, IBA, IEA
CRE upregulated	GO:0050789	regulation of biological process	ENSMUSG00000032578	Cish	IEA
CRE upregulated	GO:0050789	regulation of biological process	ENSMUSG00000007812	Zfp655	ISS, IBA, IEA
CRE upregulated	GO:0050789	regulation of biological process	ENSMUSG00000031545	Gpat4	IMP
CRE upregulated	GO:0050789	regulation of biological process	ENSMUSG00000007041	Clic1	IDA
CRE upregulated	GO:0050789	regulation of biological process	ENSMUSG00000005069	Pex5	IMP, IEA
CRE upregulated	GO:0050789	regulation of biological process	ENSMUSG00000029518	Rab35	IEA
CRE upregulated	GO:0050789	regulation of biological process	ENSMUSG00000045136	Tubb2b	IDA, IMP, ISS, IEA
CRE upregulated	GO:0050789	regulation of biological process	ENSMUSG00000054855	Rnd1	IBA, IEA
CRE upregulated	GO:0050789	regulation of biological process	ENSMUSG00000042507	Mideas	IBA
CRE upregulated	GO:0050789	regulation of biological process	ENSMUSG00000027313	Chac1	ISS, IEA
CRE upregulated	GO:0050789	regulation of biological process	ENSMUSG00000028789	Azin2	IDA, IBA, IEA
CRE upregulated	GO:0050789	regulation of biological process	ENSMUSG00000026796	Niban2	IEA
CRE upregulated	GO:0050789	regulation of biological process	ENSMUSG00000039954	Stk32a	IBA
CRE upregulated	GO:0050789	regulation of biological process	ENSMUSG00000027540	Ptpn1	IMP, IGI, ISS, ISO, IBA, IEA
CRE upregulated	GO:0050789	regulation of biological process	ENSMUSG00000019461	Plscr3	ISS, IEA
CRE upregulated	GO:0050789	regulation of biological process	ENSMUSG00000043895	S1pr2	EXP, IDA, IMP, ISO, IBA, IEA
CRE upregulated	GO:0050789	regulation of biological process	ENSMUSG00000022661	Cd200	IEA
CRE upregulated	GO:0050789	regulation of biological process	ENSMUSG00000011179	Odc1	IDA, IMP
CRE upregulated	GO:0050789	regulation of biological process	ENSMUSG00000027035	Cers6	ISO, IEA
CRE upregulated	GO:0050789	regulation of biological process	ENSMUSG00000027583	Zbtb46	IDA, IMP, IBA, IEA
CRE upregulated	GO:0050789	regulation of biological process	ENSMUSG00000028063	Lmna	IMP, ISO, IBA, IEA
CRE upregulated	GO:0050789	regulation of biological process	ENSMUSG00000041548	Hspb8	IEA
CRE upregulated	GO:0050789	regulation of biological process	ENSMUSG00000051343	Rab11fip5	IMP
CRE upregulated	GO:0050789	regulation of biological process	ENSMUSG00000034226	Rhov	IBA, IEA
CRE upregulated	GO:0050789	regulation of biological process	ENSMUSG00000001420	Tmem79	IMP
CRE upregulated	GO:0050789	regulation of biological process	ENSMUSG00000026254	Eif4e2	ISS, ISO, IEA
CRE upregulated	GO:0050789	regulation of biological process	ENSMUSG00000029121	Crmp1	IDA, IGI, IEP, IEA
CRE upregulated	GO:0050789	regulation of biological process	ENSMUSG00000030678	Maz	IEA
CRE upregulated	GO:0050789	regulation of biological process	ENSMUSG00000063506	Arhgap22	IEA
CRE upregulated	GO:0050789	regulation of biological process	ENSMUSG00000053436	Mapk14	EXP, IDA, IMP, IGI, IEP, ISS, ISO, IBA, IEA
CRE upregulated	GO:0050789	regulation of biological process	ENSMUSG00000025809	Itgb1	IDA, IMP, IGI, ISS, ISO, IBA, NAS, IEA
CRE upregulated	GO:0050789	regulation of biological process	ENSMUSG00000039364	Sectm1b	IEA
CRE upregulated	GO:0050789	regulation of biological process	ENSMUSG00000040025	Ythdf2	IMP, ISS, IBA, IEA
CRE upregulated	GO:0050789	regulation of biological process	ENSMUSG00000028156	Eif4e	IDA, IMP, IEP, ISS, IEA
CRE upregulated	GO:0050789	regulation of biological process	ENSMUSG00000025239	Limd1	IMP, ISS, ISO, IBA, IEA
CRE upregulated	GO:0050789	regulation of biological process	ENSMUSG00000005370	Msh6	IMP, IEA
CRE upregulated	GO:0050789	regulation of biological process	ENSMUSG00000018362	Kpna2	IDA, IMP, ISO
CRE upregulated	GO:0050789	regulation of biological process	ENSMUSG00000022043	Trim35	IEA
CRE upregulated	GO:0050789	regulation of biological process	ENSMUSG00000011008	Mcoln2	IMP, IEA
CRE upregulated	GO:0050789	regulation of biological process	ENSMUSG00000048490	Nrip1	IDA, IMP, IBA, IEA
CRE upregulated	GO:0050789	regulation of biological process	ENSMUSG00000015243	Abca1	IMP, IEA
CRE upregulated	GO:0050789	regulation of biological process	ENSMUSG00000022272	Myo10	IGI, ISS, IBA, IEA
CRE upregulated	GO:0050789	regulation of biological process	ENSMUSG00000022096	Hr	IDA, IBA
CRE upregulated	GO:0050789	regulation of biological process	ENSMUSG00000013089	Etv5	IDA, IMP, ISO, IBA, IEA
CRE upregulated	GO:0050789	regulation of biological process	ENSMUSG00000025139	Tollip	IDA, ISO, IEA
CRE upregulated	GO:0050789	regulation of biological process	ENSMUSG00000020592	Sdc1	IMP, IEA
CRE upregulated	GO:0050789	regulation of biological process	ENSMUSG00000025746	Il6	IDA, IMP, IGI, ISO, IBA, IEA
CRE upregulated	GO:0050789	regulation of biological process	ENSMUSG00000002233	Rhoc	IMP, IBA, IEA
CRE upregulated	GO:0050789	regulation of biological process	ENSMUSG00000032231	Anxa2	IDA, IMP, ISO, IBA, NAS, IEA
CRE upregulated	GO:0050789	regulation of biological process	ENSMUSG00000047368	Abhd17b	IMP, ISO, IBA
CRE upregulated	GO:0050789	regulation of biological process	ENSMUSG00000032280	Tle3	IMP, ISO, IBA, IEA
CRE upregulated	GO:0050789	regulation of biological process	ENSMUSG00000073563	Csnk1g3	IBA, IEA
CRE upregulated	GO:0050789	regulation of biological process	ENSMUSG00000031078	Cttn	IMP, IGI, ISS, ISO, IBA, IEA
CRE upregulated	GO:0050789	regulation of biological process	ENSMUSG00000022607	Ptk2	IDA, IMP, IGI, ISS, ISO, IBA, TAS, IEA
CRE upregulated	GO:0050789	regulation of biological process	ENSMUSG00000055994	Nod2	IDA, IMP, IGI, ISS, ISO, IBA, TAS, IEA
CRE upregulated	GO:0050789	regulation of biological process	ENSMUSG00000024014	Pim1	IDA, IMP, ISS, IEA
CRE upregulated	GO:0050789	regulation of biological process	ENSMUSG00000037062	Sh3glb1	IDA, IMP, ISO, IEA
CRE upregulated	GO:0050789	regulation of biological process	ENSMUSG00000034247	Plekhm1	IMP
CRE upregulated	GO:0050789	regulation of biological process	ENSMUSG00000024772	Ehd1	IMP, ISO, IEA
CRE upregulated	GO:0050789	regulation of biological process	ENSMUSG00000023169	Slc38a1	IMP, ISS, ISO, IEA
CRE upregulated	GO:0050789	regulation of biological process	ENSMUSG00000027293	Ehd4	ISO, IEA
CRE upregulated	GO:0050789	regulation of biological process	ENSMUSG00000020580	Rock2	IEA
CRE upregulated	GO:0050789	regulation of biological process	ENSMUSG00000063889	Crem	IGI, IBA, IEA
CRE upregulated	GO:0050789	regulation of biological process	ENSMUSG00000021990	Spata13	IEA
CRE upregulated	GO:0050789	regulation of biological process	ENSMUSG00000069094	Pde7a	IDA, IBA, IEA
CRE upregulated	GO:0050789	regulation of biological process	ENSMUSG00000027560	Dok5	IDA, IPI, ISO, IBA, IEA
CRE upregulated	GO:0050789	regulation of biological process	ENSMUSG00000027613	Eif6	IMP, ISS, IEA
CRE upregulated	GO:0050789	regulation of biological process	ENSMUSG00000059923	Grb2	IDA, IGI, ISO, IBA, TAS, IEA
CRE upregulated	GO:0050789	regulation of biological process	ENSMUSG00000049303	Syt12	IDA, IMP, ISO, IEA
CRE upregulated	GO:0050789	regulation of biological process	ENSMUSG00000042406	Atf4	IDA, IMP, IGI, ISS, ISO, IBA, IEA
CRE upregulated	GO:0050789	regulation of biological process	ENSMUSG00000079049	Serpinb1c	IMP, IBA
CRE upregulated	GO:0050789	regulation of biological process	ENSMUSG00000055078	Gabra5	ISO, IBA, IEA
CRE upregulated	GO:0050789	regulation of biological process	ENSMUSG00000023079	Gtf2ird1	IDA, IEA
CRE upregulated	GO:0050789	regulation of biological process	ENSMUSG00000042726	Trafd1	IMP, IBA
CRE upregulated	GO:0050789	regulation of biological process	ENSMUSG00000017929	B4galt5	IMP
CRE upregulated	GO:0050789	regulation of biological process	ENSMUSG00000020271	Fbxw11	IMP, ISS, IEA
CRE upregulated	GO:0050789	regulation of biological process	ENSMUSG00000005950	P2rx5	IEA
CRE upregulated	GO:0050789	regulation of biological process	ENSMUSG00000020838	Slc6a4	IMP, ISO, IEA
CRE upregulated	GO:0050789	regulation of biological process	ENSMUSG00000046854	Pip5kl1	ISS, IEA
CRE upregulated	GO:0050789	regulation of biological process	ENSMUSG00000029641	Rasl11a	IDA
CRE upregulated	GO:0050789	regulation of biological process	ENSMUSG00000001507	Itga3	IGI, ISS, ISO, IBA, IEA
CRE upregulated	GO:0050789	regulation of biological process	ENSMUSG00000055723	Rras2	IDA, IGI, IEA
CRE upregulated	GO:0050789	regulation of biological process	ENSMUSG00000031628	Casp3	IDA, IMP, ISS, ISO, IBA, NAS, IEA
CRE upregulated	GO:0050789	regulation of biological process	ENSMUSG00000025408	Ddit3	IDA, IMP, IGI, ISS, ISO, IBA, NAS, IEA
CRE upregulated	GO:0050789	regulation of biological process	ENSMUSG00000039879	Heca	IEA
CRE upregulated	GO:0050789	regulation of biological process	ENSMUSG00000040435	Ppp1r15a	IDA, IMP, ISO, IEA
CRE upregulated	GO:0050789	regulation of biological process	ENSMUSG00000032078	Zpr1	IMP, ISS, IBA, IEA
CRE upregulated	GO:0050789	regulation of biological process	ENSMUSG00000035199	Arl6ip5	IDA, ISO, IBA, IEA
CRE upregulated	GO:0050789	regulation of biological process	ENSMUSG00000055407	Map6	ISO, IBA
CRE upregulated	GO:0050789	regulation of biological process	ENSMUSG00000001847	Rac1	IDA, IMP, IGI, ISS, ISO, IBA, IEA
CRE upregulated	GO:0050789	regulation of biological process	ENSMUSG00000042121	Ssh1	ISO, IBA, IEA
CRE upregulated	GO:0050789	regulation of biological process	ENSMUSG00000050271	Prag1	IMP, ISS, ISO, IEA
CRE upregulated	GO:0050789	regulation of biological process	ENSMUSG00000030077	Chl1	IDA
CRE upregulated	GO:0050789	regulation of biological process	ENSMUSG00000018909	Arrb1	IMP, ISS, ISO, IBA, IEA
CRE upregulated	GO:0050789	regulation of biological process	ENSMUSG00000020248	Nfyb	IDA, ISO, IBA, IEA
CRE upregulated	GO:0050789	regulation of biological process	ENSMUSG00000050410	Tcf19	IEA
CRE upregulated	GO:0050789	regulation of biological process	ENSMUSG00000024349	Sting1	IDA, IMP, IGI, ISS, ISO, IBA, IEA
CRE upregulated	GO:0050789	regulation of biological process	ENSMUSG00000030057	Cnbp	IDA, IBA, IEA
CRE upregulated	GO:0050789	regulation of biological process	ENSMUSG00000020064	Herc4	IEA
CRE upregulated	GO:0050789	regulation of biological process	ENSMUSG00000024521	Pmaip1	IDA, IMP, ISO, RCA, IEA
CRE upregulated	GO:0050789	regulation of biological process	ENSMUSG00000026317	Cln8	IMP
CRE upregulated	GO:0050789	regulation of biological process	ENSMUSG00000026821	Ralgds	IBA, IEA
CRE upregulated	GO:0050789	regulation of biological process	ENSMUSG00000061039	Or8b53	ISA, IBA, IEA
CRE upregulated	GO:0050789	regulation of biological process	ENSMUSG00000044667	Plppr4	IDA, IMP, IBA
CRE upregulated	GO:0050789	regulation of biological process	ENSMUSG00000033955	Tnks1bp1	IEA
CRE upregulated	GO:0050789	regulation of biological process	ENSMUSG00000028145	Them4	ISS, IEA
CRE upregulated	GO:0050789	regulation of biological process	ENSMUSG00000026107	Nabp1	ISS, ISO, IEA
CRE upregulated	GO:0050789	regulation of biological process	ENSMUSG00000024360	Etf1	IEA
CRE upregulated	GO:0050789	regulation of biological process	ENSMUSG00000027455	Nsfl1c	IEA
CRE upregulated	GO:0050789	regulation of biological process	ENSMUSG00000054008	Ndst1	IMP, IGI
CRE upregulated	GO:0050789	regulation of biological process	ENSMUSG00000057531	Dtnbp1	IDA, IMP, ISS, ISO, IBA, IEA
CRE upregulated	GO:0050789	regulation of biological process	ENSMUSG00000038552	Fndc4	IDA, IBA, IEA
CRE upregulated	GO:0050789	regulation of biological process	ENSMUSG00000058355	Abce1	IEA
CRE upregulated	GO:0050789	regulation of biological process	ENSMUSG00000000134	Tfe3	IDA, IMP, IGI, ISS, IBA, IEA
CRE upregulated	GO:0050789	regulation of biological process	ENSMUSG00000008393	Carhsp1	IMP, IBA, IEA
CRE upregulated	GO:0050789	regulation of biological process	ENSMUSG00000004768	Rab23	IEA
CRE upregulated	GO:0050789	regulation of biological process	ENSMUSG00000015837	Sqstm1	IDA, IMP, ISS, ISO, IEA
CRE upregulated	GO:0050789	regulation of biological process	ENSMUSG00000022951	Rcan1	IMP, IGI, ISS, ISO, IBA, IEA
CRE upregulated	GO:0050789	regulation of biological process	ENSMUSG00000028901	Gmeb1	IDA, IBA
CRE upregulated	GO:0050789	regulation of biological process	ENSMUSG00000030309	Caprin2	IMP, ISS, IBA, IEA
CRE upregulated	GO:0050789	regulation of biological process	ENSMUSG00000029131	Dnajb6	IDA, IEA
CRE upregulated	GO:0050789	regulation of biological process	ENSMUSG00000036737	Oxsr1	IMP, IGI, ISS, IBA, IEA
CRE upregulated	GO:0050789	regulation of biological process	ENSMUSG00000037580	Gch1	IMP, ISO, NAS, IEA
CRE upregulated	GO:0050789	regulation of biological process	ENSMUSG00000023087	Noct	IMP, IGI
CRE upregulated	GO:0050789	regulation of biological process	ENSMUSG00000031955	Bcar1	IDA, ISS, ISO, IBA, IEA
CRE upregulated	GO:0050789	regulation of biological process	ENSMUSG00000001627	Ifrd1	IGI, ISO
CRE upregulated	GO:0050789	regulation of biological process	ENSMUSG00000036057	Ptpn23	IEA
CRE upregulated	GO:0050789	regulation of biological process	ENSMUSG00000015316	Slamf1	IDA, IMP, IBA, IEA
CRE upregulated	GO:0050789	regulation of biological process	ENSMUSG00000032502	Stac	IMP, IBA
CRE upregulated	GO:0050789	regulation of biological process	ENSMUSG00000029765	Plxna4	IMP, IGI, IBA, IEA
CRE upregulated	GO:0050789	regulation of biological process	ENSMUSG00000020015	Cdk17	IEA
CRE upregulated	GO:0050789	regulation of biological process	ENSMUSG00000022433	Csnk1e	IMP, IGI, ISO, IBA, IEA
CRE upregulated	GO:0050789	regulation of biological process	ENSMUSG00000022346	Myc	IDA, IMP, IGI, ISS, ISO, IBA, IEA
CRE upregulated	GO:0050789	regulation of biological process	ENSMUSG00000036478	Btg1	IDA, ISS, ISO, IBA, IEA
CRE upregulated	GO:0050789	regulation of biological process	ENSMUSG00000053113	Socs3	IDA, IGI, ISO, IEA
CRE upregulated	GO:0050789	regulation of biological process	ENSMUSG00000036437	Npy1r	IMP, ISO, IEA
CRE upregulated	GO:0050789	regulation of biological process	ENSMUSG00000030616	Sytl2	IMP
CRE upregulated	GO:0050789	regulation of biological process	ENSMUSG00000047604	Frat2	IGI, ISS
CRE upregulated	GO:0050789	regulation of biological process	ENSMUSG00000026072	Il1r1	IDA, IMP, ISS, ISO, IBA, IEA
CRE upregulated	GO:0050789	regulation of biological process	ENSMUSG00000027954	Efna1	IDA, IMP, IBA, IEA
CRE upregulated	GO:0050789	regulation of biological process	ENSMUSG00000026247	Ecel1	ISO
CRE upregulated	GO:0050789	regulation of biological process	ENSMUSG00000023032	Slc4a8	EXP, IDA, IMP
CRE upregulated	GO:0050789	regulation of biological process	ENSMUSG00000024789	Jak2	IDA, IMP, IGI, ISS, ISO, IBA, TAS, NAS, IEA
CRE upregulated	GO:0050789	regulation of biological process	ENSMUSG00000038949	Cnst	ISS, IBA, IEA
CRE upregulated	GO:0050789	regulation of biological process	ENSMUSG00000004040	ENSMUSG00000004040	IDA, IMP, IGI, ISS, ISO, IBA, TAS, NAS, IEA
CRE upregulated	GO:0050789	regulation of biological process	ENSMUSG00000042292	Mrtfa	IDA, ISS, ISO, IBA, IEA
CRE upregulated	GO:0050789	regulation of biological process	ENSMUSG00000061589	Dot1l	ISO, IBA, IEA
CRE upregulated	GO:0050789	regulation of biological process	ENSMUSG00000003269	Cyth2	IEA
CRE upregulated	GO:0050789	regulation of biological process	ENSMUSG00000022602	Arc	IDA, IMP, ISS, ISO, IBA, IEA
CRE upregulated	GO:0050789	regulation of biological process	ENSMUSG00000022555	Dgat1	ISO, IEA
CRE upregulated	GO:0050789	regulation of biological process	ENSMUSG00000020027	Socs2	IDA, IMP, IGI, IEA
CRE upregulated	GO:0050789	regulation of biological process	ENSMUSG00000109511	Nup62	IMP, ISS, ISO, IEA
CRE upregulated	GO:0050789	regulation of biological process	ENSMUSG00000029135	Fosl2	IDA, IMP, ISO, IBA, IEA
CRE upregulated	GO:0050789	regulation of biological process	ENSMUSG00000054136	Adm2	ISO, IBA, IEA
CRE upregulated	GO:0050789	regulation of biological process	ENSMUSG00000020395	Itk	IMP, IBA, IEA
CRE upregulated	GO:0050789	regulation of biological process	ENSMUSG00000036990	Otud4	IDA, ISS, IBA, IEA
CRE upregulated	GO:0050789	regulation of biological process	ENSMUSG00000029860	Zyx	IMP, IBA, IEA
CRE upregulated	GO:0050789	regulation of biological process	ENSMUSG00000044017	Adgrd1	ISS, IBA, IEA
CRE upregulated	GO:0050789	regulation of biological process	ENSMUSG00000004347	ENSMUSG00000004347	ISO, IBA, IEA
CRE upregulated	GO:0050789	regulation of biological process	ENSMUSG00000031310	ENSMUSG00000031310	ISS, IEA
CRE upregulated	GO:0050789	regulation of biological process	ENSMUSG00000018143	Mafk	IDA, IBA, IEA
CRE upregulated	GO:0050789	regulation of biological process	ENSMUSG00000029826	Zc3hav1	IDA, ISS, ISO, IBA, TAS, IEA
CRE upregulated	GO:0050789	regulation of biological process	ENSMUSG00000050335	Lgals3	IEA
CRE upregulated	GO:0050789	regulation of biological process	ENSMUSG00000024190	Dusp1	IMP, ISS, ISO, IBA, IEA
CRE upregulated	GO:0050789	regulation of biological process	ENSMUSG00000063919	Srrm4	IDA, IMP, ISS, IBA, IEA
CRE upregulated	GO:0050789	regulation of biological process	ENSMUSG00000030223	ENSMUSG00000030223	IDA, IMP, ISS, ISO, IBA, IEA
CRE upregulated	GO:0050789	regulation of biological process	ENSMUSG00000035236	Scai	IDA, IGI, IEA
CRE upregulated	GO:0050789	regulation of biological process	ENSMUSG00000027797	Dclk1	IDA, IMP, IEA
CRE upregulated	GO:0050789	regulation of biological process	ENSMUSG00000031960	Aars1	IMP, ISS, IEA
CRE upregulated	GO:0050789	regulation of biological process	ENSMUSG00000020358	Hnrnpab	IDA, IGI, ISO, IBA, IEA
CRE upregulated	GO:0050789	regulation of biological process	ENSMUSG00000059866	Tnip2	IDA, IMP, ISS, IBA, IEA
CRE upregulated	GO:0050789	regulation of biological process	ENSMUSG00000004865	ENSMUSG00000004865	IDA, IBA, IEA
CRE upregulated	GO:0050789	regulation of biological process	ENSMUSG00000036882	ENSMUSG00000036882	IDA, IMP, ISO, IBA, IEA
CRE upregulated	GO:0050789	regulation of biological process	ENSMUSG00000041594	ENSMUSG00000041594	IMP, IBA
CRE upregulated	GO:0050789	regulation of biological process	ENSMUSG00000027806	Tsc22d2	ISS, IEA
CRE upregulated	GO:0050789	regulation of biological process	ENSMUSG00000017615	Tnfaip1	ISS, ISO, IBA, IEA
CRE upregulated	GO:0050789	regulation of biological process	ENSMUSG00000033545	Znrf1	IEA
CRE upregulated	GO:0050789	regulation of biological process	ENSMUSG00000026930	Gpsm1	ISO
CRE upregulated	GO:0050789	regulation of biological process	ENSMUSG00000040033	ENSMUSG00000040033	IEA
CRE upregulated	GO:0050789	regulation of biological process	ENSMUSG00000021360	ENSMUSG00000021360	IMP, IBA, IEA
CRE upregulated	GO:0050789	regulation of biological process	ENSMUSG00000059316	Slc27a4	IDA, IEA
CRE upregulated	GO:0050789	regulation of biological process	ENSMUSG00000024803	Ankrd1	IDA, IGI, ISO, IBA, IEA
CRE upregulated	GO:0050789	regulation of biological process	ENSMUSG00000031934	ENSMUSG00000031934	IMP, ISO, IBA, IEA
CRE upregulated	GO:0050789	regulation of biological process	ENSMUSG00000018565	Elp5	IMP
CRE upregulated	GO:0050789	regulation of biological process	ENSMUSG00000021306	Gpr137b	IEA
CRE upregulated	GO:0050789	regulation of biological process	ENSMUSG00000032497	Lrrfip2	IEA
CRE upregulated	GO:0050789	regulation of biological process	ENSMUSG00000023915	Tnfrsf21	IMP, IBA, IEA
CRE upregulated	GO:0050789	regulation of biological process	ENSMUSG00000024912	Fosl1	IMP, ISO, IBA, IEA
CRE upregulated	GO:0050789	regulation of biological process	ENSMUSG00000024927	Rela	IDA, IMP, ISS, ISO, IBA, TAS, IEA
CRE upregulated	GO:0050789	regulation of biological process	ENSMUSG00000029458	ENSMUSG00000029458	ISO, IBA, IEA
CRE upregulated	GO:0050789	regulation of biological process	ENSMUSG00000042608	Stk40	IMP
CRE upregulated	GO:0050789	regulation of biological process	ENSMUSG00000053716	Dusp7	IBA
CRE upregulated	GO:0050789	regulation of biological process	ENSMUSG00000036206	Sh3bp4	ISS, IEA
CRE upregulated	GO:0050789	regulation of biological process	ENSMUSG00000025793	ENSMUSG00000025793	IEA
CRE upregulated	GO:0050789	regulation of biological process	ENSMUSG00000038591	Colec10	IEA
CRE upregulated	GO:0050789	regulation of biological process	ENSMUSG00000027692	Tnik	IDA, IMP, ISS, ISO, IBA, IEA
CRE upregulated	GO:0050789	regulation of biological process	ENSMUSG00000003435	ENSMUSG00000003435	ISO, IEA
CRE upregulated	GO:0050789	regulation of biological process	ENSMUSG00000050730	Arhgap42	IMP, IEA
CRE upregulated	GO:0050789	regulation of biological process	ENSMUSG00000055044	Pdlim1	IDA, IEA
CRE upregulated	GO:0050789	regulation of biological process	ENSMUSG00000024238	Zeb1	IDA, IMP, IGI, ISS, ISO, IBA, IEA
CRE upregulated	GO:0050789	regulation of biological process	ENSMUSG00000026718	ENSMUSG00000026718	IEA
CRE upregulated	GO:0050789	regulation of biological process	ENSMUSG00000026078	Pdcl3	IMP, ISO, IBA, IEA
CRE upregulated	GO:0050789	regulation of biological process	ENSMUSG00000028893	Sesn2	IDA, IMP, ISS, ISO, IBA, IEA
CRE upregulated	GO:0050789	regulation of biological process	ENSMUSG00000025279	ENSMUSG00000025279	IDA
CRE upregulated	GO:0050789	regulation of biological process	ENSMUSG00000038861	Pi4kb	IBA
CRE upregulated	GO:0050789	regulation of biological process	ENSMUSG00000024947	Men1	IDA, IMP, IGI, ISO, IBA, IEA
CRE upregulated	GO:0050789	regulation of biological process	ENSMUSG00000067006	ENSMUSG00000067006	IMP
CRE upregulated	GO:0050789	regulation of biological process	ENSMUSG00000029071	ENSMUSG00000029071	IDA, IMP, IGI, ISO, IBA, TAS, IEA
CRE upregulated	GO:0050789	regulation of biological process	ENSMUSG00000036894	Rap2b	IDA, IBA, IEA
CRE upregulated	GO:0050789	regulation of biological process	ENSMUSG00000040433	Zbtb38	ISO, IBA, IEA
CRE upregulated	GO:0050789	regulation of biological process	ENSMUSG00000044453	Ffar1	IDA, IMP, ISO, IBA, IEA
CRE upregulated	GO:0050789	regulation of biological process	ENSMUSG00000037514	Pank2	IEA
CRE upregulated	GO:0050789	regulation of biological process	ENSMUSG00000064210	ENSMUSG00000064210	IMP, ISS, ISO, IEA
CRE upregulated	GO:0050789	regulation of biological process	ENSMUSG00000032902	Slc16a1	IMP
CRE upregulated	GO:0050789	regulation of biological process	ENSMUSG00000032715	Trib3	IDA, IMP, ISS, ISO, IBA, TAS, IC, IEA
CRE upregulated	GO:0050789	regulation of biological process	ENSMUSG00000024777	ENSMUSG00000024777	ISO, IEA
CRE upregulated	GO:0050789	regulation of biological process	ENSMUSG00000035594	Chrna5	IDA, IMP, ISO, IBA, IEA
CRE upregulated	GO:0050789	regulation of biological process	ENSMUSG00000024335	Brd2	IDA, IMP, ISS, IBA, IEA
CRE upregulated	GO:0050789	regulation of biological process	ENSMUSG00000026074	Map4k4	IEA
CRE upregulated	GO:0050789	regulation of biological process	ENSMUSG00000040365	Trim41	ISS, IEA
CRE upregulated	GO:0050789	regulation of biological process	ENSMUSG00000048047	Zbtb33	ISS, IBA, IEA
CRE upregulated	GO:0050789	regulation of biological process	ENSMUSG00000020547	Bzw2	ISS, IEA
CRE upregulated	GO:0050789	regulation of biological process	ENSMUSG00000025485	ENSMUSG00000025485	IDA, ISO, IBA
CRE upregulated	GO:0050789	regulation of biological process	ENSMUSG00000020694	ENSMUSG00000020694	ISS, IBA, IEA
CRE upregulated	GO:0050789	regulation of biological process	ENSMUSG00000028466	Creb3	IEA
CRE upregulated	GO:0050789	regulation of biological process	ENSMUSG00000037876	Jmjd1c	IBA
CRE upregulated	GO:0050789	regulation of biological process	ENSMUSG00000022526	Zfp251	IBA, IEA
CRE upregulated	GO:0050789	regulation of biological process	ENSMUSG00000029175	Slc35f6	ISS, IEA
CRE upregulated	GO:0050789	regulation of biological process	ENSMUSG00000071637	Cebpd	IDA, ISO, IBA, IEA
CRE upregulated	GO:0050789	regulation of biological process	ENSMUSG00000025162	ENSMUSG00000025162	IMP, IGI, IBA, IEA
CRE upregulated	GO:0050789	regulation of biological process	ENSMUSG00000010660	Plcd1	IGI, ISO, IBA, IEA
CRE upregulated	GO:0050789	regulation of biological process	ENSMUSG00000052921	Arhgef15	IDA, IMP, ISS, ISO
CRE upregulated	GO:0050789	regulation of biological process	ENSMUSG00000015776	Med22	NAS, IEA
CRE upregulated	GO:0050789	regulation of biological process	ENSMUSG00000031278	ENSMUSG00000031278	ISS, ISO, TAS
CRE upregulated	GO:0050789	regulation of biological process	ENSMUSG00000090291	Lrrc10b	IBA
CRE upregulated	GO:0050789	regulation of biological process	ENSMUSG00000031668	ENSMUSG00000031668	IEA
CRE upregulated	GO:0050789	regulation of biological process	ENSMUSG00000053175	Bcl3	IDA, IMP, IGI, ISO, IBA, IEA
CRE upregulated	GO:0050789	regulation of biological process	ENSMUSG00000068739	ENSMUSG00000068739	ISS, IEA
CRE upregulated	GO:0050789	regulation of biological process	ENSMUSG00000059796	Eif4a1	ISS, IEA
CRE upregulated	GO:0050789	regulation of biological process	ENSMUSG00000032599	ENSMUSG00000032599	IMP, IEA
CRE upregulated	GO:0050789	regulation of biological process	ENSMUSG00000040640	ENSMUSG00000040640	IDA, IMP, IBA
CRE upregulated	GO:0050789	regulation of biological process	ENSMUSG00000030199	Etv6	IDA, IBA, IEA
CRE upregulated	GO:0050789	regulation of biological process	ENSMUSG00000037815	Ctnna1	IMP, IGI
CRE upregulated	GO:0050789	regulation of biological process	ENSMUSG00000003154	Foxj2	IBA, IEA
CRE upregulated	GO:0050789	regulation of biological process	ENSMUSG00000040857	Erf	IEA
CRE upregulated	GO:0050789	regulation of biological process	ENSMUSG00000020349	ENSMUSG00000020349	IMP, ISS, ISO, TAS, IEA
CRE upregulated	GO:0050789	regulation of biological process	ENSMUSG00000024517	Grp	IDA, IMP, ISS, ISO, IBA, IEA
CRE upregulated	GO:0050789	regulation of biological process	ENSMUSG00000040118	ENSMUSG00000040118	IMP, ISS, ISO, IEA
CRE upregulated	GO:0050789	regulation of biological process	ENSMUSG00000023307	Marchf5	ISS, IBA, IEA
CRE upregulated	GO:0050789	regulation of biological process	ENSMUSG00000025340	Rabgef1	IDA, IMP
CRE upregulated	GO:0050789	regulation of biological process	ENSMUSG00000039108	ENSMUSG00000039108	IMP, IEA
CRE upregulated	GO:0050789	regulation of biological process	ENSMUSG00000085007	ENSMUSG00000085007	IMP
CRE upregulated	GO:0050789	regulation of biological process	ENSMUSG00000029752	ENSMUSG00000029752	IEA
CRE upregulated	GO:0050789	regulation of biological process	ENSMUSG00000021587	Pcsk1	ISO, IEA
CRE upregulated	GO:0050789	regulation of biological process	ENSMUSG00000033159	ENSMUSG00000033159	IEA
CRE upregulated	GO:0050789	regulation of biological process	ENSMUSG00000028599	Tnfrsf1b	IMP, IGI, IBA, IEA
CRE upregulated	GO:0050789	regulation of biological process	ENSMUSG00000033350	Chst2	IMP
CRE upregulated	GO:0050789	regulation of biological process	ENSMUSG00000004530	ENSMUSG00000004530	IMP, IGI, IEA
CRE upregulated	GO:0050789	regulation of biological process	ENSMUSG00000044147	Arf6	IDA, IMP, ISO, IBA, NAS, IEA
CRE upregulated	GO:0050789	regulation of biological process	ENSMUSG00000027605	Acss2	IEA
CRE upregulated	GO:0050789	regulation of biological process	ENSMUSG00000031532	Saraf	ISS, IBA, IEA
CRE upregulated	GO:0050789	regulation of biological process	ENSMUSG00000052298	Cdc42se2	ISS, IEA
CRE upregulated	GO:0050789	regulation of biological process	ENSMUSG00000030662	ENSMUSG00000030662	IMP, IEA
CRE upregulated	GO:0050789	regulation of biological process	ENSMUSG00000036180	ENSMUSG00000036180	ISS, IBA, NAS, IEA
CRE upregulated	GO:0050789	regulation of biological process	ENSMUSG00000011877	Git1	IDA, IMP, ISS, ISO, IBA, IEA
CRE upregulated	GO:0050789	regulation of biological process	ENSMUSG00000024270	ENSMUSG00000024270	ISS, IEA
CRE upregulated	GO:0050789	regulation of biological process	ENSMUSG00000040046	Tph1	IMP, ISO, IEA
CRE upregulated	GO:0050789	regulation of biological process	ENSMUSG00000039985	Sinhcaf	IMP, ISS, IBA, NAS, IEA
CRE upregulated	GO:0050789	regulation of biological process	ENSMUSG00000031937	ENSMUSG00000031937	IMP, IBA
CRE upregulated	GO:0050789	regulation of biological process	ENSMUSG00000025060	ENSMUSG00000025060	IMP, ISS, ISO, IBA, IEA
CRE upregulated	GO:0050789	regulation of biological process	ENSMUSG00000028602	Tnfrsf8	IEA
CRE upregulated	GO:0050789	regulation of biological process	ENSMUSG00000055491	ENSMUSG00000055491	IBA
CRE upregulated	GO:0050789	regulation of biological process	ENSMUSG00000062234	ENSMUSG00000062234	IEA
CRE upregulated	GO:0050789	regulation of biological process	ENSMUSG00000052837	ENSMUSG00000052837	IDA, IMP, IBA, IEA
CRE upregulated	GO:0050789	regulation of biological process	ENSMUSG00000007411	ENSMUSG00000007411	ISS, IBA, IEA
CRE upregulated	GO:0050789	regulation of biological process	ENSMUSG00000013483	Card14	ISS, IEA
CRE upregulated	GO:0050789	regulation of biological process	ENSMUSG00000028840	Zfp593	IEA
CRE upregulated	GO:0050789	regulation of biological process	ENSMUSG00000047281	ENSMUSG00000047281	IDA, IMP, IGI, ISS, IBA, IEA
CRE upregulated	GO:0050789	regulation of biological process	ENSMUSG00000025351	Cd63	IMP, ISS, ISO, IBA, IEA
CRE upregulated	GO:0050789	regulation of biological process	ENSMUSG00000021796	Bmpr1a	IDA, IMP, IGI, IBA, IEA
CRE upregulated	GO:0050789	regulation of biological process	ENSMUSG00000031383	Dusp9	IDA, IBA
CRE upregulated	GO:0050789	regulation of biological process	ENSMUSG00000049649	Gpr3	IMP, ISO, IBA, IEA
CRE upregulated	GO:0050789	regulation of biological process	ENSMUSG00000019842	ENSMUSG00000019842	IDA, IMP, IGI, ISO, IBA, IEA
CRE upregulated	GO:0050789	regulation of biological process	ENSMUSG00000024750	ENSMUSG00000024750	IMP
CRE upregulated	GO:0050789	regulation of biological process	ENSMUSG00000070056	ENSMUSG00000070056	IMP, ISS, IBA, IEA
CRE upregulated	GO:0050789	regulation of biological process	ENSMUSG00000034543	ENSMUSG00000034543	IMP, ISS
CRE upregulated	GO:0050789	regulation of biological process	ENSMUSG00000029110	ENSMUSG00000029110	IDA, ISS, ISO, IBA, IEA
CRE upregulated	GO:0050789	regulation of biological process	ENSMUSG00000021890	ENSMUSG00000021890	ISO, IEA
CRE upregulated	GO:0050789	regulation of biological process	ENSMUSG00000041598	Cdc42ep4	IDA, IBA, IEA
CRE upregulated	GO:0050789	regulation of biological process	ENSMUSG00000045664	Cdc42ep2	IBA, IEA
CRE upregulated	GO:0050789	regulation of biological process	ENSMUSG00000027465	Tbc1d20	IEA
CRE upregulated	GO:0050789	regulation of biological process	ENSMUSG00000045763	ENSMUSG00000045763	ISS, IBA, IEA
CRE upregulated	GO:0050789	regulation of biological process	ENSMUSG00000037860	Aim2	IDA, IMP, IGI, ISO, IBA, NAS, IEA
CRE upregulated	GO:0050789	regulation of biological process	ENSMUSG00000020250	ENSMUSG00000020250	ISO
CRE upregulated	GO:0050789	regulation of biological process	ENSMUSG00000028434	Epb41l4b	IEA
CRE upregulated	GO:0050789	regulation of biological process	ENSMUSG00000109336	ENSMUSG00000109336	IEA
CRE upregulated	GO:0050789	regulation of biological process	ENSMUSG00000039191	Rbpj	IDA, IMP, IGI, ISS, ISO, IBA, TAS, IEA
CRE upregulated	GO:0050789	regulation of biological process	ENSMUSG00000000001	ENSMUSG00000000001	ISS, ISO, IBA, TAS, IEA
CRE upregulated	GO:0050789	regulation of biological process	ENSMUSG00000022270	ENSMUSG00000022270	IMP, IBA, IEA
CRE upregulated	GO:0050789	regulation of biological process	ENSMUSG00000048668	Rhno1	IEA
CRE upregulated	GO:0050789	regulation of biological process	ENSMUSG00000019256	ENSMUSG00000019256	IEA
CRE upregulated	GO:0050789	regulation of biological process	ENSMUSG00000022656	ENSMUSG00000022656	IDA, IMP
CRE upregulated	GO:0050789	regulation of biological process	ENSMUSG00000039844	ENSMUSG00000039844	IMP, IGI, ISO, IBA, IEA
CRE upregulated	GO:0050789	regulation of biological process	ENSMUSG00000035725	ENSMUSG00000035725	ISS, IBA, IEA
CRE upregulated	GO:0050789	regulation of biological process	ENSMUSG00000046962	ENSMUSG00000046962	IBA, IEA
CRE upregulated	GO:0050789	regulation of biological process	ENSMUSG00000019763	ENSMUSG00000019763	ISS, IBA, IEA
CRE upregulated	GO:0050789	regulation of biological process	ENSMUSG00000051316	Taf7	IDA, ISS, ISO, IBA, NAS, IEA
CRE upregulated	GO:0050789	regulation of biological process	ENSMUSG00000001552	ENSMUSG00000001552	IBA, IEA
CRE upregulated	GO:0050789	regulation of biological process	ENSMUSG00000040010	Slc7a5	ISO, IEA
CRE upregulated	GO:0050789	regulation of biological process	ENSMUSG00000017677	Wsb1	IEA
CRE upregulated	GO:0050789	regulation of biological process	ENSMUSG00000040463	ENSMUSG00000040463	IDA, ISO, NAS, IEA
CRE upregulated	GO:0050789	regulation of biological process	ENSMUSG00000004099	ENSMUSG00000004099	IDA, IMP, IGI, ISO, IBA, IEA
CRE upregulated	GO:0050789	regulation of biological process	ENSMUSG00000022858	ENSMUSG00000022858	IMP, ISS, IBA, IEA
CRE upregulated	GO:0050789	regulation of biological process	ENSMUSG00000027997	Casp6	ISS, ISO, IBA, RCA, IEA
CRE upregulated	GO:0050789	regulation of biological process	ENSMUSG00000058354	Krt6a	IDA
CRE upregulated	GO:0050789	regulation of biological process	ENSMUSG00000053007	Creb5	IEA
CRE upregulated	GO:0050789	regulation of biological process	ENSMUSG00000023952	ENSMUSG00000023952	IMP
CRE upregulated	GO:0050789	regulation of biological process	ENSMUSG00000020594	ENSMUSG00000020594	IMP, ISS, ISO, IBA, IEA
CRE upregulated	GO:0050789	regulation of biological process	ENSMUSG00000011256	ENSMUSG00000011256	ISS
CRE upregulated	GO:0050789	regulation of biological process	ENSMUSG00000020448	Rnf185	ISS, IEA
CRE upregulated	GO:0050789	regulation of biological process	ENSMUSG00000000787	ENSMUSG00000000787	IDA, IMP, ISS, IBA, IEA
CRE upregulated	GO:0050789	regulation of biological process	ENSMUSG00000008859	ENSMUSG00000008859	IDA, ISS, ISO, IBA, IEA
CRE upregulated	GO:0050789	regulation of biological process	ENSMUSG00000008730	Hipk1	IGI, ISS, IBA, IEA
CRE upregulated	GO:0050789	regulation of biological process	ENSMUSG00000059288	ENSMUSG00000059288	IDA, IEA
CRE upregulated	GO:0050789	regulation of biological process	ENSMUSG00000022948	Setd4	IDA, IMP, IBA
CRE upregulated	GO:0050789	regulation of biological process	ENSMUSG00000046722	ENSMUSG00000046722	ISS, IEA
CRE upregulated	GO:0050789	regulation of biological process	ENSMUSG00000022094	ENSMUSG00000022094	IMP
CRE upregulated	GO:0050789	regulation of biological process	ENSMUSG00000038676	Ucn	IMP, ISO, IBA, IEA
CRE upregulated	GO:0050789	regulation of biological process	ENSMUSG00000059743	ENSMUSG00000059743	ISO
CRE upregulated	GO:0050789	regulation of biological process	ENSMUSG00000038467	ENSMUSG00000038467	IMP, ISO, IEA
CRE upregulated	GO:0050789	regulation of biological process	ENSMUSG00000052681	Rap1b	IDA, IGI, ISS, IBA, IEA
CRE upregulated	GO:0050789	regulation of biological process	ENSMUSG00000066595	ENSMUSG00000066595	IMP
CRE upregulated	GO:0050789	regulation of biological process	ENSMUSG00000037553	ENSMUSG00000037553	ISS, IEA
CRE upregulated	GO:0050789	regulation of biological process	ENSMUSG00000020097	ENSMUSG00000020097	IMP, ISS, IEA
CRE upregulated	GO:0050789	regulation of biological process	ENSMUSG00000042185	ENSMUSG00000042185	IDA, IMP, ISO, IEA
CRE upregulated	GO:0050789	regulation of biological process	ENSMUSG00000025403	ENSMUSG00000025403	IMP, ISO, IEA
CRE upregulated	GO:0050789	regulation of biological process	ENSMUSG00000028826	ENSMUSG00000028826	ISS, IBA, IEA
CRE upregulated	GO:0050789	regulation of biological process	ENSMUSG00000032508	Myd88	IDA, IMP, IGI, ISS, ISO, IBA, TAS, IEA
CRE upregulated	GO:0050789	regulation of biological process	ENSMUSG00000028370	Pappa	IBA
CRE upregulated	GO:0050789	regulation of biological process	ENSMUSG00000026864	ENSMUSG00000026864	IDA, IMP, IGI, ISS, ISO, IBA, TAS, IEA
CRE upregulated	GO:0050789	regulation of biological process	ENSMUSG00000021072	Tmx1	IMP, ISS, IEA
CRE upregulated	GO:0050789	regulation of biological process	ENSMUSG00000002633	Shh	IDA, IMP, IGI, ISS, ISO, IBA, TAS, IEA
CRE upregulated	GO:0050789	regulation of biological process	ENSMUSG00000008384	Sertad1	IDA, IGI, ISO, IEA
CRE upregulated	GO:0050789	regulation of biological process	ENSMUSG00000032540	ENSMUSG00000032540	IDA, IMP, IBA, IEA
CRE upregulated	GO:0050789	regulation of biological process	ENSMUSG00000028680	ENSMUSG00000028680	IEA
CRE upregulated	GO:0050789	regulation of biological process	ENSMUSG00000053581	ENSMUSG00000053581	IMP
CRE upregulated	GO:0050789	regulation of biological process	ENSMUSG00000032462	ENSMUSG00000032462	IMP, IGI, ISO, IBA, IEA
CRE upregulated	GO:0050789	regulation of biological process	ENSMUSG00000025198	ENSMUSG00000025198	IBA, IEA
CRE upregulated	GO:0050789	regulation of biological process	ENSMUSG00000049807	Arhgap23	IEA
CRE upregulated	GO:0050789	regulation of biological process	ENSMUSG00000004270	ENSMUSG00000004270	IDA, IMP
CRE upregulated	GO:0050789	regulation of biological process	ENSMUSG00000027944	Hax1	IBA, TAS, IEA
CRE upregulated	GO:0050789	regulation of biological process	ENSMUSG00000039671	ENSMUSG00000039671	ISO, IEA
CRE upregulated	GO:0050789	regulation of biological process	ENSMUSG00000005089	Slc1a2	IMP
CRE upregulated	GO:0050789	regulation of biological process	ENSMUSG00000037907	ENSMUSG00000037907	ISS, IEA
CRE upregulated	GO:0050789	regulation of biological process	ENSMUSG00000045174	ENSMUSG00000045174	IBA, IEA
CRE upregulated	GO:0050789	regulation of biological process	ENSMUSG00000029145	ENSMUSG00000029145	ISS, IEA
CRE upregulated	GO:0050789	regulation of biological process	ENSMUSG00000067586	ENSMUSG00000067586	IDA, IMP, IBA, IEA
CRE upregulated	GO:0050789	regulation of biological process	ENSMUSG00000038250	ENSMUSG00000038250	IEA
CRE upregulated	GO:0050789	regulation of biological process	ENSMUSG00000056050	ENSMUSG00000056050	IEA
CRE upregulated	GO:0050789	regulation of biological process	ENSMUSG00000063952	Brpf3	ISS, IBA, NAS, IEA
CRE upregulated	GO:0050789	regulation of biological process	ENSMUSG00000040652	ENSMUSG00000040652	IDA, IBA
CRE upregulated	GO:0050789	regulation of biological process	ENSMUSG00000048027	ENSMUSG00000048027	IDA, IBA
CRE upregulated	GO:0050789	regulation of biological process	ENSMUSG00000028291	ENSMUSG00000028291	IDA, IMP, ISO, IBA, IEA
CRE upregulated	GO:0050789	regulation of biological process	ENSMUSG00000037411	Serpine1	IEA
CRE upregulated	GO:0050789	regulation of biological process	ENSMUSG00000078676	ENSMUSG00000078676	ISS, ISO, IEA
CRE upregulated	GO:0050789	regulation of biological process	ENSMUSG00000020340	ENSMUSG00000020340	IMP, IEA
CRE upregulated	GO:0050789	regulation of biological process	ENSMUSG00000028382	ENSMUSG00000028382	IMP, ISO, IBA, IEA
CRE upregulated	GO:0050789	regulation of biological process	ENSMUSG00000037465	Klf10	IDA, IMP, ISS, ISO, IBA, IEA
CRE upregulated	GO:0050789	regulation of biological process	ENSMUSG00000024613	ENSMUSG00000024613	ISS, IEA
CRE upregulated	GO:0050789	regulation of biological process	ENSMUSG00000023277	ENSMUSG00000023277	IDA, ISO, IBA, IC, IEA
CRE upregulated	GO:0050789	regulation of biological process	ENSMUSG00000051209	ENSMUSG00000051209	IDA, IBA, IEA
CRE upregulated	GO:0050789	regulation of biological process	ENSMUSG00000019843	ENSMUSG00000019843	IDA, IMP, IGI, ISO, IBA, IEA
CRE upregulated	GO:0050789	regulation of biological process	ENSMUSG00000020755	ENSMUSG00000020755	IEA
CRE upregulated	GO:0050789	regulation of biological process	ENSMUSG00000024493	ENSMUSG00000024493	IEA
CRE upregulated	GO:0050789	regulation of biological process	ENSMUSG00000027646	ENSMUSG00000027646	IDA, IMP, IGI, ISO, IBA, IEA
CRE upregulated	GO:0050789	regulation of biological process	ENSMUSG00000052316	ENSMUSG00000052316	IEA
CRE upregulated	GO:0050789	regulation of biological process	ENSMUSG00000020680	ENSMUSG00000020680	ISO, IEA
CRE upregulated	GO:0050789	regulation of biological process	ENSMUSG00000021340	ENSMUSG00000021340	IEA
CRE upregulated	GO:0050789	regulation of biological process	ENSMUSG00000033991	ENSMUSG00000033991	ISS, IBA, IEA
CRE upregulated	GO:0050789	regulation of biological process	ENSMUSG00000029313	Aff1	IEA
CRE upregulated	GO:0050789	regulation of biological process	ENSMUSG00000004698	ENSMUSG00000004698	IEA
CRE upregulated	GO:0050789	regulation of biological process	ENSMUSG00000046761	ENSMUSG00000046761	ISS, IBA, IEA
CRE upregulated	GO:0050789	regulation of biological process	ENSMUSG00000032501	Trib1	IDA, IMP, ISS, IBA, IC, IEA
CRE upregulated	GO:0050789	regulation of biological process	ENSMUSG00000003119	ENSMUSG00000003119	IMP, ISS, ISO, IBA, IEA
CRE upregulated	GO:0050789	regulation of biological process	ENSMUSG00000025027	Xpnpep1	ISS, IEA
CRE upregulated	GO:0050789	regulation of biological process	ENSMUSG00000053825	ENSMUSG00000053825	IEA
CRE upregulated	GO:0050789	regulation of biological process	ENSMUSG00000031642	Sh3rf1	IEA
CRE upregulated	GO:0050789	regulation of biological process	ENSMUSG00000042197	ENSMUSG00000042197	ISS, IBA, IEA
CRE upregulated	GO:0050789	regulation of biological process	ENSMUSG00000055067	ENSMUSG00000055067	IMP
CRE upregulated	GO:0050789	regulation of biological process	ENSMUSG00000047261	ENSMUSG00000047261	ISO, IEA
CRE upregulated	GO:0050789	regulation of biological process	ENSMUSG00000074886	ENSMUSG00000074886	ISO, IBA, IEA
CRE upregulated	GO:0050789	regulation of biological process	ENSMUSG00000021282	ENSMUSG00000021282	IEA
CRE upregulated	GO:0050789	regulation of biological process	ENSMUSG00000031073	Fgf15	IGI, ISO, IBA, IEA
CRE upregulated	GO:0050789	regulation of biological process	ENSMUSG00000027433	ENSMUSG00000027433	IBA
CRE upregulated	GO:0050789	regulation of biological process	ENSMUSG00000002797	Ggct	ISS, IEA
CRE upregulated	GO:0050789	regulation of biological process	ENSMUSG00000038205	ENSMUSG00000038205	IGI, IBA
CRE upregulated	GO:0050789	regulation of biological process	ENSMUSG00000036667	ENSMUSG00000036667	IBA, IEA
CRE upregulated	GO:0050789	regulation of biological process	ENSMUSG00000015839	Nfe2l2	IDA, IMP, IGI, ISS, ISO, IBA, IEA
CRE upregulated	GO:0050789	regulation of biological process	ENSMUSG00000049550	ENSMUSG00000049550	ISS, ISO, IBA, IEA
CRE upregulated	GO:0050789	regulation of biological process	ENSMUSG00000021477	ENSMUSG00000021477	IMP, IBA
CRE upregulated	GO:0050789	regulation of biological process	ENSMUSG00000000627	ENSMUSG00000000627	ISO, IBA, IEA
CRE upregulated	GO:0050789	regulation of biological process	ENSMUSG00000022332	ENSMUSG00000022332	IDA, ISO, IBA, IEA
CRE upregulated	GO:0050789	regulation of biological process	ENSMUSG00000040843	ENSMUSG00000040843	IBA, IEA
CRE upregulated	GO:0050789	regulation of biological process	ENSMUSG00000019998	ENSMUSG00000019998	IEA
CRE upregulated	GO:0050789	regulation of biological process	ENSMUSG00000054499	ENSMUSG00000054499	IBA, RCA, IEA
CRE upregulated	GO:0050789	regulation of biological process	ENSMUSG00000024907	Gal	IMP, ISS, ISO, IBA, IEA
CRE upregulated	GO:0050789	regulation of biological process	ENSMUSG00000031751	ENSMUSG00000031751	IMP, IBA, IEA
CRE upregulated	GO:0050789	regulation of biological process	ENSMUSG00000054204	ENSMUSG00000054204	ISS, IBA, IEA
CRE upregulated	GO:0050789	regulation of biological process	ENSMUSG00000046707	ENSMUSG00000046707	IDA, ISS, IBA, IEA
CRE upregulated	GO:0050789	regulation of biological process	ENSMUSG00000053797	ENSMUSG00000053797	IEA
CRE upregulated	GO:0050789	regulation of biological process	ENSMUSG00000003541	ENSMUSG00000003541	IDA, IMP, IEA
CRE upregulated	GO:0050789	regulation of biological process	ENSMUSG00000024287	ENSMUSG00000024287	RCA, IEA
CRE upregulated	GO:0050789	regulation of biological process	ENSMUSG00000024026	ENSMUSG00000024026	IDA, ISS, IEA
CRE upregulated	GO:0050789	regulation of biological process	ENSMUSG00000029475	ENSMUSG00000029475	IDA, IMP, IBA
CRE upregulated	GO:0006950	response to stress	ENSMUSG00000026628	Atf3	IMP, IEA
CRE upregulated	GO:0006950	response to stress	ENSMUSG00000036390	Gadd45a	IEA
CRE upregulated	GO:0006950	response to stress	ENSMUSG00000051379	Flrt3	ISS, ISO, IEA
CRE upregulated	GO:0006950	response to stress	ENSMUSG00000052684	Jun	IMP, IEP, ISO
CRE upregulated	GO:0006950	response to stress	ENSMUSG00000037428	Vgf	IDA, IEA
CRE upregulated	GO:0006950	response to stress	ENSMUSG00000046223	Plaur	NAS
CRE upregulated	GO:0006950	response to stress	ENSMUSG00000031574	Star	IEA
CRE upregulated	GO:0006950	response to stress	ENSMUSG00000004951	Hspb1	ISO, IBA, NAS, IEA
CRE upregulated	GO:0006950	response to stress	ENSMUSG00000046688	Tifa	ISS, IBA, IEA
CRE upregulated	GO:0006950	response to stress	ENSMUSG00000025473	Adam8	IDA, IMP, ISS, IBA, IEA
CRE upregulated	GO:0006950	response to stress	ENSMUSG00000028494	Plin2	ISS, IEA
CRE upregulated	GO:0006950	response to stress	ENSMUSG00000030898	Cckbr	ISO
CRE upregulated	GO:0006950	response to stress	ENSMUSG00000037447	Arid5a	IEA
CRE upregulated	GO:0006950	response to stress	ENSMUSG00000033902	Mapkbp1	IEA
CRE upregulated	GO:0006950	response to stress	ENSMUSG00000030748	Il4ra	IMP, IEA
CRE upregulated	GO:0006950	response to stress	ENSMUSG00000030102	Itpr1	IDA, IMP, IEA
CRE upregulated	GO:0006950	response to stress	ENSMUSG00000032802	Srxn1	IEA
CRE upregulated	GO:0006950	response to stress	ENSMUSG00000014599	Csf1	IEA
CRE upregulated	GO:0006950	response to stress	ENSMUSG00000025612	Bach1	IEA
CRE upregulated	GO:0006950	response to stress	ENSMUSG00000023067	Cdkn1a	IMP, IGI, ISS, IBA, IEA
CRE upregulated	GO:0006950	response to stress	ENSMUSG00000024404	Riok3	IEA
CRE upregulated	GO:0006950	response to stress	ENSMUSG00000109901	Chmp1b	ISO, IEA
CRE upregulated	GO:0006950	response to stress	ENSMUSG00000031681	Smad1	IEP, ISO
CRE upregulated	GO:0006950	response to stress	ENSMUSG00000050989	Selenon	IMP, IGI, ISS, IEA
CRE upregulated	GO:0006950	response to stress	ENSMUSG00000035673	Sbno2	IMP, IBA, IEA
CRE upregulated	GO:0006950	response to stress	ENSMUSG00000030095	Tmem43	IEA
CRE upregulated	GO:0006950	response to stress	ENSMUSG00000028793	Rnf19b	IMP
CRE upregulated	GO:0006950	response to stress	ENSMUSG00000024691	Fam111a	ISS, IEA
CRE upregulated	GO:0006950	response to stress	ENSMUSG00000029378	Areg	IEA
CRE upregulated	GO:0006950	response to stress	ENSMUSG00000005087	Cd44	IEA
CRE upregulated	GO:0006950	response to stress	ENSMUSG00000026836	Acvr1	IEP
CRE upregulated	GO:0006950	response to stress	ENSMUSG00000027611	Procr	IEA
CRE upregulated	GO:0006950	response to stress	ENSMUSG00000026670	Uap1	IEA
CRE upregulated	GO:0006950	response to stress	ENSMUSG00000021400	Wrnip1	ISS, IBA, IEA
CRE upregulated	GO:0006950	response to stress	ENSMUSG00000048482	Bdnf	IMP
CRE upregulated	GO:0006950	response to stress	ENSMUSG00000024256	Adcyap1	ISO, IEA
CRE upregulated	GO:0006950	response to stress	ENSMUSG00000021070	Bdkrb2	IMP, IGI, ISO
CRE upregulated	GO:0006950	response to stress	ENSMUSG00000018736	Ndel1	ISO
CRE upregulated	GO:0006950	response to stress	ENSMUSG00000002250	Ppard	IMP, IGI, IBA, IEA
CRE upregulated	GO:0006950	response to stress	ENSMUSG00000044734	Serpinb1a	IDA
CRE upregulated	GO:0006950	response to stress	ENSMUSG00000005069	Pex5	IEA
CRE upregulated	GO:0006950	response to stress	ENSMUSG00000027313	Chac1	ISS, IEA
CRE upregulated	GO:0006950	response to stress	ENSMUSG00000027540	Ptpn1	IMP, ISS, IBA, IEA
CRE upregulated	GO:0006950	response to stress	ENSMUSG00000027035	Cers6	IEA
CRE upregulated	GO:0006950	response to stress	ENSMUSG00000028063	Lmna	IMP, ISS, IEA
CRE upregulated	GO:0006950	response to stress	ENSMUSG00000041548	Hspb8	IBA, IEA
CRE upregulated	GO:0006950	response to stress	ENSMUSG00000051343	Rab11fip5	IDA
CRE upregulated	GO:0006950	response to stress	ENSMUSG00000026254	Eif4e2	IEA
CRE upregulated	GO:0006950	response to stress	ENSMUSG00000028645	Slc2a1	IDA, IEA
CRE upregulated	GO:0006950	response to stress	ENSMUSG00000027597	Ahcy	ISO
CRE upregulated	GO:0006950	response to stress	ENSMUSG00000053436	Mapk14	IDA, IMP, ISO, IEA
CRE upregulated	GO:0006950	response to stress	ENSMUSG00000025809	Itgb1	IMP, IEA
CRE upregulated	GO:0006950	response to stress	ENSMUSG00000040025	Ythdf2	ISS, IEA
CRE upregulated	GO:0006950	response to stress	ENSMUSG00000028156	Eif4e	IGI
CRE upregulated	GO:0006950	response to stress	ENSMUSG00000025239	Limd1	ISS, IBA, IEA
CRE upregulated	GO:0006950	response to stress	ENSMUSG00000005370	Msh6	IMP, IGI, ISO, IBA, IEA
CRE upregulated	GO:0006950	response to stress	ENSMUSG00000022043	Trim35	IEA
CRE upregulated	GO:0006950	response to stress	ENSMUSG00000011008	Mcoln2	IEA
CRE upregulated	GO:0006950	response to stress	ENSMUSG00000015243	Abca1	IEA
CRE upregulated	GO:0006950	response to stress	ENSMUSG00000013089	Etv5	ISS, IEA
CRE upregulated	GO:0006950	response to stress	ENSMUSG00000025139	Tollip	IEA
CRE upregulated	GO:0006950	response to stress	ENSMUSG00000020592	Sdc1	IEA
CRE upregulated	GO:0006950	response to stress	ENSMUSG00000025746	Il6	IDA, IMP, IEA
CRE upregulated	GO:0006950	response to stress	ENSMUSG00000002233	Rhoc	ISS
CRE upregulated	GO:0006950	response to stress	ENSMUSG00000032231	Anxa2	IMP, NAS
CRE upregulated	GO:0006950	response to stress	ENSMUSG00000055994	Nod2	IDA, IMP, IGI, ISS, ISO, IBA, TAS, IEA
CRE upregulated	GO:0006950	response to stress	ENSMUSG00000024014	Pim1	ISS, IEA
CRE upregulated	GO:0006950	response to stress	ENSMUSG00000037062	Sh3glb1	IEA
CRE upregulated	GO:0006950	response to stress	ENSMUSG00000021133	Susd6	ISS, IBA, IEA
CRE upregulated	GO:0006950	response to stress	ENSMUSG00000059923	Grb2	IEA
CRE upregulated	GO:0006950	response to stress	ENSMUSG00000042406	Atf4	IDA, IMP, ISS, ISO, IEA
CRE upregulated	GO:0006950	response to stress	ENSMUSG00000055078	Gabra5	IMP
CRE upregulated	GO:0006950	response to stress	ENSMUSG00000040322	Slc25a24	IEA
CRE upregulated	GO:0006950	response to stress	ENSMUSG00000042726	Trafd1	IMP, IBA
CRE upregulated	GO:0006950	response to stress	ENSMUSG00000020838	Slc6a4	IMP, IEA
CRE upregulated	GO:0006950	response to stress	ENSMUSG00000031628	Casp3	IDA, ISO, NAS, IEA
CRE upregulated	GO:0006950	response to stress	ENSMUSG00000025408	Ddit3	IDA, IMP, ISO, IBA, IEA
CRE upregulated	GO:0006950	response to stress	ENSMUSG00000040435	Ppp1r15a	IDA, IMP, IBA
CRE upregulated	GO:0006950	response to stress	ENSMUSG00000035199	Arl6ip5	IMP, IEA
CRE upregulated	GO:0006950	response to stress	ENSMUSG00000001847	Rac1	IDA
CRE upregulated	GO:0006950	response to stress	ENSMUSG00000030077	Chl1	IEA
CRE upregulated	GO:0006950	response to stress	ENSMUSG00000024349	Sting1	IDA, IMP, IGI, ISS, ISO, IBA, IEA
CRE upregulated	GO:0006950	response to stress	ENSMUSG00000024521	Pmaip1	IDA, IMP, IEA
CRE upregulated	GO:0006950	response to stress	ENSMUSG00000074115	Saa1	IEA
CRE upregulated	GO:0006950	response to stress	ENSMUSG00000033955	Tnks1bp1	IBA, IEA
CRE upregulated	GO:0006950	response to stress	ENSMUSG00000026107	Nabp1	ISS, ISO, IBA, IEA
CRE upregulated	GO:0006950	response to stress	ENSMUSG00000054008	Ndst1	IEA
CRE upregulated	GO:0006950	response to stress	ENSMUSG00000057531	Dtnbp1	IMP
CRE upregulated	GO:0006950	response to stress	ENSMUSG00000038552	Fndc4	IDA, IBA, IEA
CRE upregulated	GO:0006950	response to stress	ENSMUSG00000004768	Rab23	IEA
CRE upregulated	GO:0006950	response to stress	ENSMUSG00000015837	Sqstm1	IEA
CRE upregulated	GO:0006950	response to stress	ENSMUSG00000022951	Rcan1	IMP, IGI
CRE upregulated	GO:0006950	response to stress	ENSMUSG00000034783	Cd207	IEA
CRE upregulated	GO:0006950	response to stress	ENSMUSG00000030677	Kif22	IEA
CRE upregulated	GO:0006950	response to stress	ENSMUSG00000036737	Oxsr1	IDA, IGI, IEA
CRE upregulated	GO:0006950	response to stress	ENSMUSG00000037580	Gch1	ISS, ISO, IEA
CRE upregulated	GO:0006950	response to stress	ENSMUSG00000023286	Ube2j2	IBA, IEA
CRE upregulated	GO:0006950	response to stress	ENSMUSG00000015316	Slamf1	IMP, IEA
CRE upregulated	GO:0006950	response to stress	ENSMUSG00000032502	Stac	IDA
CRE upregulated	GO:0006950	response to stress	ENSMUSG00000000811	Txnrd3	IEA
CRE upregulated	GO:0006950	response to stress	ENSMUSG00000022346	Myc	IDA, IMP, ISS, IEA
CRE upregulated	GO:0006950	response to stress	ENSMUSG00000036478	Btg1	IEA
CRE upregulated	GO:0006950	response to stress	ENSMUSG00000053113	Socs3	IGI
CRE upregulated	GO:0006950	response to stress	ENSMUSG00000026072	Il1r1	IMP, ISO, IBA, IEA
CRE upregulated	GO:0006950	response to stress	ENSMUSG00000024789	Jak2	IDA, IGI, ISS, ISO, IEA
CRE upregulated	GO:0006950	response to stress	ENSMUSG00000004040	ENSMUSG00000004040	IDA, IMP, ISO, IBA, IEA
CRE upregulated	GO:0006950	response to stress	ENSMUSG00000061589	Dot1l	IBA, IEA
CRE upregulated	GO:0006950	response to stress	ENSMUSG00000029578	Wipi2	IPI, ISS, IEA
CRE upregulated	GO:0006950	response to stress	ENSMUSG00000109511	Nup62	IDA
CRE upregulated	GO:0006950	response to stress	ENSMUSG00000029135	Fosl2	IDA, IMP, ISO
CRE upregulated	GO:0006950	response to stress	ENSMUSG00000036990	Otud4	IDA, ISS, IBA, IEA
CRE upregulated	GO:0006950	response to stress	ENSMUSG00000029860	Zyx	IDA
CRE upregulated	GO:0006950	response to stress	ENSMUSG00000029826	Zc3hav1	ISO, TAS, IEA
CRE upregulated	GO:0006950	response to stress	ENSMUSG00000028255	Clca1	IEA
CRE upregulated	GO:0006950	response to stress	ENSMUSG00000059866	Tnip2	IMP, IBA, IEA
CRE upregulated	GO:0006950	response to stress	ENSMUSG00000041594	ENSMUSG00000041594	IMP, IBA
CRE upregulated	GO:0006950	response to stress	ENSMUSG00000027806	Tsc22d2	IDA
CRE upregulated	GO:0006950	response to stress	ENSMUSG00000033545	Znrf1	IEA
CRE upregulated	GO:0006950	response to stress	ENSMUSG00000040033	ENSMUSG00000040033	IEA
CRE upregulated	GO:0006950	response to stress	ENSMUSG00000024803	Ankrd1	IEA
CRE upregulated	GO:0006950	response to stress	ENSMUSG00000031934	ENSMUSG00000031934	IGI
CRE upregulated	GO:0006950	response to stress	ENSMUSG00000019188	ENSMUSG00000019188	IEA
CRE upregulated	GO:0006950	response to stress	ENSMUSG00000024912	Fosl1	IMP, IEA
CRE upregulated	GO:0006950	response to stress	ENSMUSG00000024927	Rela	IDA, IMP, ISS, ISO, IBA, IEA
CRE upregulated	GO:0006950	response to stress	ENSMUSG00000038591	Colec10	NAS, IEA
CRE upregulated	GO:0006950	response to stress	ENSMUSG00000055044	Pdlim1	IEA
CRE upregulated	GO:0006950	response to stress	ENSMUSG00000026078	Pdcl3	ISO
CRE upregulated	GO:0006950	response to stress	ENSMUSG00000028893	Sesn2	IMP, ISS, IBA, IEA
CRE upregulated	GO:0006950	response to stress	ENSMUSG00000025279	ENSMUSG00000025279	IDA
CRE upregulated	GO:0006950	response to stress	ENSMUSG00000024947	Men1	IEA
CRE upregulated	GO:0006950	response to stress	ENSMUSG00000036894	Rap2b	IEA
CRE upregulated	GO:0006950	response to stress	ENSMUSG00000040433	Zbtb38	IEA
CRE upregulated	GO:0006950	response to stress	ENSMUSG00000064210	ENSMUSG00000064210	IMP, IEA
CRE upregulated	GO:0006950	response to stress	ENSMUSG00000032715	Trib3	ISS, IEA
CRE upregulated	GO:0006950	response to stress	ENSMUSG00000026074	Map4k4	IEA
CRE upregulated	GO:0006950	response to stress	ENSMUSG00000040365	Trim41	ISS, IEA
CRE upregulated	GO:0006950	response to stress	ENSMUSG00000020694	ENSMUSG00000020694	IEA
CRE upregulated	GO:0006950	response to stress	ENSMUSG00000028466	Creb3	IEA
CRE upregulated	GO:0006950	response to stress	ENSMUSG00000028811	ENSMUSG00000028811	IEA
CRE upregulated	GO:0006950	response to stress	ENSMUSG00000031668	ENSMUSG00000031668	IEA
CRE upregulated	GO:0006950	response to stress	ENSMUSG00000053175	Bcl3	IMP, ISO, IEA
CRE upregulated	GO:0006950	response to stress	ENSMUSG00000037815	Ctnna1	IEA
CRE upregulated	GO:0006950	response to stress	ENSMUSG00000020349	ENSMUSG00000020349	IMP
CRE upregulated	GO:0006950	response to stress	ENSMUSG00000024517	Grp	IMP
CRE upregulated	GO:0006950	response to stress	ENSMUSG00000025340	Rabgef1	IMP
CRE upregulated	GO:0006950	response to stress	ENSMUSG00000029752	ENSMUSG00000029752	IEA
CRE upregulated	GO:0006950	response to stress	ENSMUSG00000021587	Pcsk1	IEA
CRE upregulated	GO:0006950	response to stress	ENSMUSG00000028599	Tnfrsf1b	IMP, IGI, IBA, IEA
CRE upregulated	GO:0006950	response to stress	ENSMUSG00000033350	Chst2	IEA
CRE upregulated	GO:0006950	response to stress	ENSMUSG00000044147	Arf6	NAS
CRE upregulated	GO:0006950	response to stress	ENSMUSG00000030662	ENSMUSG00000030662	IEA
CRE upregulated	GO:0006950	response to stress	ENSMUSG00000011877	Git1	IMP
CRE upregulated	GO:0006950	response to stress	ENSMUSG00000040046	Tph1	IEA
CRE upregulated	GO:0006950	response to stress	ENSMUSG00000025060	ENSMUSG00000025060	ISO
CRE upregulated	GO:0006950	response to stress	ENSMUSG00000047281	ENSMUSG00000047281	ISS, IEA
CRE upregulated	GO:0006950	response to stress	ENSMUSG00000021796	Bmpr1a	IGI
CRE upregulated	GO:0006950	response to stress	ENSMUSG00000019842	ENSMUSG00000019842	IDA, IMP, ISO, IEA
CRE upregulated	GO:0006950	response to stress	ENSMUSG00000016534	ENSMUSG00000016534	IMP, IBA
CRE upregulated	GO:0006950	response to stress	ENSMUSG00000070056	ENSMUSG00000070056	IMP, ISS, IEA
CRE upregulated	GO:0006950	response to stress	ENSMUSG00000034543	ENSMUSG00000034543	ISS
CRE upregulated	GO:0006950	response to stress	ENSMUSG00000041598	Cdc42ep4	IDA
CRE upregulated	GO:0006950	response to stress	ENSMUSG00000045664	Cdc42ep2	IDA
CRE upregulated	GO:0006950	response to stress	ENSMUSG00000037860	Aim2	IDA, IMP, IBA, NAS, IEA
CRE upregulated	GO:0006950	response to stress	ENSMUSG00000020250	ENSMUSG00000020250	ISO
CRE upregulated	GO:0006950	response to stress	ENSMUSG00000028434	Epb41l4b	IEA
CRE upregulated	GO:0006950	response to stress	ENSMUSG00000039191	Rbpj	IMP
CRE upregulated	GO:0006950	response to stress	ENSMUSG00000048668	Rhno1	IEA
CRE upregulated	GO:0006950	response to stress	ENSMUSG00000019256	ENSMUSG00000019256	IEA
CRE upregulated	GO:0006950	response to stress	ENSMUSG00000051316	Taf7	NAS
CRE upregulated	GO:0006950	response to stress	ENSMUSG00000040010	Slc7a5	IEA
CRE upregulated	GO:0006950	response to stress	ENSMUSG00000076434	ENSMUSG00000076434	IBA
CRE upregulated	GO:0006950	response to stress	ENSMUSG00000040463	ENSMUSG00000040463	IEA
CRE upregulated	GO:0006950	response to stress	ENSMUSG00000027997	Casp6	ISS, ISO, IEA
CRE upregulated	GO:0006950	response to stress	ENSMUSG00000058354	Krt6a	IMP
CRE upregulated	GO:0006950	response to stress	ENSMUSG00000061947	ENSMUSG00000061947	IEA
CRE upregulated	GO:0006950	response to stress	ENSMUSG00000020594	ENSMUSG00000020594	ISO, IEA
CRE upregulated	GO:0006950	response to stress	ENSMUSG00000020448	Rnf185	ISS, IBA, IEA
CRE upregulated	GO:0006950	response to stress	ENSMUSG00000000787	ENSMUSG00000000787	IDA, ISS, IEA
CRE upregulated	GO:0006950	response to stress	ENSMUSG00000008730	Hipk1	IGI, IBA
CRE upregulated	GO:0006950	response to stress	ENSMUSG00000022948	Setd4	IDA, IEA
CRE upregulated	GO:0006950	response to stress	ENSMUSG00000038676	Ucn	ISO, IEA
CRE upregulated	GO:0006950	response to stress	ENSMUSG00000038467	ENSMUSG00000038467	ISO, IEA
CRE upregulated	GO:0006950	response to stress	ENSMUSG00000037553	ENSMUSG00000037553	ISS, IEA
CRE upregulated	GO:0006950	response to stress	ENSMUSG00000042185	ENSMUSG00000042185	IDA, IMP, IEA
CRE upregulated	GO:0006950	response to stress	ENSMUSG00000025403	ENSMUSG00000025403	IEA
CRE upregulated	GO:0006950	response to stress	ENSMUSG00000032508	Myd88	IMP, IGI, ISS, IBA, IEA
CRE upregulated	GO:0006950	response to stress	ENSMUSG00000026864	ENSMUSG00000026864	IDA, IMP, ISS, ISO, IBA, IEA
CRE upregulated	GO:0006950	response to stress	ENSMUSG00000021072	Tmx1	IMP, ISS, IEA
CRE upregulated	GO:0006950	response to stress	ENSMUSG00000002633	Shh	IMP, ISO
CRE upregulated	GO:0006950	response to stress	ENSMUSG00000028680	ENSMUSG00000028680	IEA
CRE upregulated	GO:0006950	response to stress	ENSMUSG00000057465	Saa2	IEA
CRE upregulated	GO:0006950	response to stress	ENSMUSG00000006344	ENSMUSG00000006344	IMP, IBA
CRE upregulated	GO:0006950	response to stress	ENSMUSG00000032462	ENSMUSG00000032462	IMP
CRE upregulated	GO:0006950	response to stress	ENSMUSG00000025198	ENSMUSG00000025198	IBA, IEA
CRE upregulated	GO:0006950	response to stress	ENSMUSG00000004270	ENSMUSG00000004270	IDA, IMP
CRE upregulated	GO:0006950	response to stress	ENSMUSG00000039671	ENSMUSG00000039671	IEA
CRE upregulated	GO:0006950	response to stress	ENSMUSG00000005089	Slc1a2	IMP
CRE upregulated	GO:0006950	response to stress	ENSMUSG00000029145	ENSMUSG00000029145	ISO
CRE upregulated	GO:0006950	response to stress	ENSMUSG00000067586	ENSMUSG00000067586	IMP
CRE upregulated	GO:0006950	response to stress	ENSMUSG00000038250	ENSMUSG00000038250	IEA
CRE upregulated	GO:0006950	response to stress	ENSMUSG00000056050	ENSMUSG00000056050	IEA
CRE upregulated	GO:0006950	response to stress	ENSMUSG00000028291	ENSMUSG00000028291	IMP, ISS, IBA, IEA
CRE upregulated	GO:0006950	response to stress	ENSMUSG00000050108	Bpifc	IEA
CRE upregulated	GO:0006950	response to stress	ENSMUSG00000037411	Serpine1	IEA
CRE upregulated	GO:0006950	response to stress	ENSMUSG00000037465	Klf10	IDA
CRE upregulated	GO:0006950	response to stress	ENSMUSG00000019843	ENSMUSG00000019843	ISO, IBA
CRE upregulated	GO:0006950	response to stress	ENSMUSG00000024493	ENSMUSG00000024493	IEA
CRE upregulated	GO:0006950	response to stress	ENSMUSG00000027646	ENSMUSG00000027646	IDA, IMP, IBA, IEA
CRE upregulated	GO:0006950	response to stress	ENSMUSG00000024843	ENSMUSG00000024843	ISS
CRE upregulated	GO:0006950	response to stress	ENSMUSG00000052316	ENSMUSG00000052316	IEA
CRE upregulated	GO:0006950	response to stress	ENSMUSG00000019726	ENSMUSG00000019726	IEA
CRE upregulated	GO:0006950	response to stress	ENSMUSG00000047261	ENSMUSG00000047261	IBA
CRE upregulated	GO:0006950	response to stress	ENSMUSG00000027433	ENSMUSG00000027433	NAS
CRE upregulated	GO:0006950	response to stress	ENSMUSG00000015839	Nfe2l2	IDA, IMP, ISS, ISO, IBA, IEA
CRE upregulated	GO:0006950	response to stress	ENSMUSG00000021477	ENSMUSG00000021477	ISS
CRE upregulated	GO:0006950	response to stress	ENSMUSG00000040843	ENSMUSG00000040843	IEA
CRE upregulated	GO:0006950	response to stress	ENSMUSG00000105987	ENSMUSG00000105987	IEP
CRE upregulated	GO:0006950	response to stress	ENSMUSG00000031751	ENSMUSG00000031751	IMP, ISS, IBA, IEA
CRE upregulated	GO:0006950	response to stress	ENSMUSG00000046707	ENSMUSG00000046707	ISS, IEA
CRE upregulated	GO:0006950	response to stress	ENSMUSG00000053797	ENSMUSG00000053797	IMP, IEA
CRE upregulated	GO:0006950	response to stress	ENSMUSG00000003541	ENSMUSG00000003541	IDA, IMP, ISO, IBA, IEA
CRE upregulated	GO:0050794	regulation of cellular process	ENSMUSG00000026628	Atf3	IDA, IMP, IGI, ISO, IBA, IEA
CRE upregulated	GO:0050794	regulation of cellular process	ENSMUSG00000036390	Gadd45a	IDA, IMP, IBA, IEA
CRE upregulated	GO:0050794	regulation of cellular process	ENSMUSG00000051379	Flrt3	IDA, IMP
CRE upregulated	GO:0050794	regulation of cellular process	ENSMUSG00000052684	Jun	IDA, IMP, IGI, ISS, ISO, IBA, NAS, IEA
CRE upregulated	GO:0050794	regulation of cellular process	ENSMUSG00000063632	Sox11	IDA, IMP, ISS, ISO, IBA, IEA
CRE upregulated	GO:0050794	regulation of cellular process	ENSMUSG00000019647	Sema6a	IDA, IMP, IBA, IEA
CRE upregulated	GO:0050794	regulation of cellular process	ENSMUSG00000073680	Tmem88b	IBA
CRE upregulated	GO:0050794	regulation of cellular process	ENSMUSG00000037428	Vgf	ISO, IBA, IEA
CRE upregulated	GO:0050794	regulation of cellular process	ENSMUSG00000042816	Gpr151	EXP, IDA, IMP, ISS, IBA, IEA
CRE upregulated	GO:0050794	regulation of cellular process	ENSMUSG00000046223	Plaur	ISO, NAS, IEA
CRE upregulated	GO:0050794	regulation of cellular process	ENSMUSG00000031574	Star	IDA, ISO, IBA, IEA
CRE upregulated	GO:0050794	regulation of cellular process	ENSMUSG00000039328	Rnf122	ISS, IEA
CRE upregulated	GO:0050794	regulation of cellular process	ENSMUSG00000004951	Hspb1	IDA, ISO, IBA, IEA
CRE upregulated	GO:0050794	regulation of cellular process	ENSMUSG00000046688	Tifa	IDA, IPI, ISS, IBA, IEA
CRE upregulated	GO:0050794	regulation of cellular process	ENSMUSG00000025473	Adam8	IDA, IMP, ISS, IBA, NAS, IEA
CRE upregulated	GO:0050794	regulation of cellular process	ENSMUSG00000050164	Mchr1	ISO, IBA, IEA
CRE upregulated	GO:0050794	regulation of cellular process	ENSMUSG00000022044	Stmn4	IBA, IEA
CRE upregulated	GO:0050794	regulation of cellular process	ENSMUSG00000028494	Plin2	IBA
CRE upregulated	GO:0050794	regulation of cellular process	ENSMUSG00000030898	Cckbr	ISS, ISO, IBA, IEA
CRE upregulated	GO:0050794	regulation of cellular process	ENSMUSG00000046731	Kctd11	IDA, IBA
CRE upregulated	GO:0050794	regulation of cellular process	ENSMUSG00000056749	Nfil3	IDA, IMP, IBA, IEA
CRE upregulated	GO:0050794	regulation of cellular process	ENSMUSG00000024143	Rhoq	IDA, IBA, IC, IEA
CRE upregulated	GO:0050794	regulation of cellular process	ENSMUSG00000022895	Ets2	ISO, IBA, IEA
CRE upregulated	GO:0050794	regulation of cellular process	ENSMUSG00000019876	Pkib	IEA
CRE upregulated	GO:0050794	regulation of cellular process	ENSMUSG00000037447	Arid5a	IDA, IMP, IGI, ISS, IBA, IEA
CRE upregulated	GO:0050794	regulation of cellular process	ENSMUSG00000033902	Mapkbp1	IEA
CRE upregulated	GO:0050794	regulation of cellular process	ENSMUSG00000030748	Il4ra	IMP, IGI, ISO, IBA, IEA
CRE upregulated	GO:0050794	regulation of cellular process	ENSMUSG00000023905	Tnfrsf12a	IDA, IBA, IEA
CRE upregulated	GO:0050794	regulation of cellular process	ENSMUSG00000030102	Itpr1	IMP, IGI, ISS, ISO, IBA, IEA
CRE upregulated	GO:0050794	regulation of cellular process	ENSMUSG00000032515	Csrnp1	IDA, IMP, IBA
CRE upregulated	GO:0050794	regulation of cellular process	ENSMUSG00000025089	Gfra1	ISS, ISO, TAS, IEA
CRE upregulated	GO:0050794	regulation of cellular process	ENSMUSG00000021765	Fst	IMP, IGI, IBA, IEA
CRE upregulated	GO:0050794	regulation of cellular process	ENSMUSG00000025348	Itga7	IEA
CRE upregulated	GO:0050794	regulation of cellular process	ENSMUSG00000030256	Bhlhe41	IDA, IMP, IBA, TAS, IEA
CRE upregulated	GO:0050794	regulation of cellular process	ENSMUSG00000014599	Csf1	IDA, IMP, IGI, ISO, IBA, IEA
CRE upregulated	GO:0050794	regulation of cellular process	ENSMUSG00000025612	Bach1	IDA, ISS, IBA, IEA
CRE upregulated	GO:0050794	regulation of cellular process	ENSMUSG00000020427	Igfbp3	IGI, ISS, ISO, IBA, IEA
CRE upregulated	GO:0050794	regulation of cellular process	ENSMUSG00000023067	Cdkn1a	IDA, IMP, IGI, ISS, ISO, IBA, IEA
CRE upregulated	GO:0050794	regulation of cellular process	ENSMUSG00000024404	Riok3	IEA
CRE upregulated	GO:0050794	regulation of cellular process	ENSMUSG00000000078	Klf6	IEA
CRE upregulated	GO:0050794	regulation of cellular process	ENSMUSG00000030681	Mvp	IEA
CRE upregulated	GO:0050794	regulation of cellular process	ENSMUSG00000006304	Arpc2	IDA, IMP, ISO, IEA
CRE upregulated	GO:0050794	regulation of cellular process	ENSMUSG00000038650	Rnh1	IBA
CRE upregulated	GO:0050794	regulation of cellular process	ENSMUSG00000058093	Zfp729b	IBA, IEA
CRE upregulated	GO:0050794	regulation of cellular process	ENSMUSG00000109901	Chmp1b	ISO, IEA
CRE upregulated	GO:0050794	regulation of cellular process	ENSMUSG00000027495	Fam210b	ISS, IEA
CRE upregulated	GO:0050794	regulation of cellular process	ENSMUSG00000044934	Zfp367	ISO, IBA, IEA
CRE upregulated	GO:0050794	regulation of cellular process	ENSMUSG00000031074	Fgf3	IEA
CRE upregulated	GO:0050794	regulation of cellular process	ENSMUSG00000030272	Camk1	IDA, ISS, ISO, IEA
CRE upregulated	GO:0050794	regulation of cellular process	ENSMUSG00000035621	Midn	ISO, IEA
CRE upregulated	GO:0050794	regulation of cellular process	ENSMUSG00000020205	Phlda1	ISO, IBA, IEA
CRE upregulated	GO:0050794	regulation of cellular process	ENSMUSG00000001542	Ell2	ISO, IBA
CRE upregulated	GO:0050794	regulation of cellular process	ENSMUSG00000031681	Smad1	IDA, IMP, IGI, ISS, ISO, IBA, TAS, IEA
CRE upregulated	GO:0050794	regulation of cellular process	ENSMUSG00000050989	Selenon	IDA, IMP, ISS
CRE upregulated	GO:0050794	regulation of cellular process	ENSMUSG00000048216	Gpr85	IEA
CRE upregulated	GO:0050794	regulation of cellular process	ENSMUSG00000035673	Sbno2	IMP, IBA, IEA
CRE upregulated	GO:0050794	regulation of cellular process	ENSMUSG00000058153	Sez6l	IGI, IBA
CRE upregulated	GO:0050794	regulation of cellular process	ENSMUSG00000024261	Syt4	EXP, IDA, IMP, ISO, TAS, IEA
CRE upregulated	GO:0050794	regulation of cellular process	ENSMUSG00000032939	Nup93	IDA, IEA
CRE upregulated	GO:0050794	regulation of cellular process	ENSMUSG00000033060	Lmo7	IDA, ISS, ISO, IEA
CRE upregulated	GO:0050794	regulation of cellular process	ENSMUSG00000003644	Rps6ka1	ISS, ISO, IBA, IEA
CRE upregulated	GO:0050794	regulation of cellular process	ENSMUSG00000029378	Areg	IDA, IGI, ISO, IBA, IEA
CRE upregulated	GO:0050794	regulation of cellular process	ENSMUSG00000042688	Mapk6	IBA, IEA
CRE upregulated	GO:0050794	regulation of cellular process	ENSMUSG00000005087	Cd44	IEA
CRE upregulated	GO:0050794	regulation of cellular process	ENSMUSG00000026836	Acvr1	IDA, IMP, ISO, IBA, TAS, IEA
CRE upregulated	GO:0050794	regulation of cellular process	ENSMUSG00000026670	Uap1	IEA
CRE upregulated	GO:0050794	regulation of cellular process	ENSMUSG00000021400	Wrnip1	ISS, IEA
CRE upregulated	GO:0050794	regulation of cellular process	ENSMUSG00000003153	Slc2a3	ISO
CRE upregulated	GO:0050794	regulation of cellular process	ENSMUSG00000021453	Gadd45g	IEA
CRE upregulated	GO:0050794	regulation of cellular process	ENSMUSG00000038943	Prc1	ISS, IEA
CRE upregulated	GO:0050794	regulation of cellular process	ENSMUSG00000028896	Rcc1	IEA
CRE upregulated	GO:0050794	regulation of cellular process	ENSMUSG00000002459	Rgs20	TAS, IEA
CRE upregulated	GO:0050794	regulation of cellular process	ENSMUSG00000068566	Myadm	IBA, IEA
CRE upregulated	GO:0050794	regulation of cellular process	ENSMUSG00000048482	Bdnf	EXP, IDA, IMP, IGI, ISO, IBA, IEA
CRE upregulated	GO:0050794	regulation of cellular process	ENSMUSG00000024256	Adcyap1	IDA, IMP, ISS, ISO, IBA, TAS, IEA
CRE upregulated	GO:0050794	regulation of cellular process	ENSMUSG00000015745	Plekho1	IBA
CRE upregulated	GO:0050794	regulation of cellular process	ENSMUSG00000034832	Tet3	IMP, ISS, IBA, IEA
CRE upregulated	GO:0050794	regulation of cellular process	ENSMUSG00000056076	Eif3b	IEA
CRE upregulated	GO:0050794	regulation of cellular process	ENSMUSG00000037458	Azin1	IDA, ISS, ISO, IBA, IEA
CRE upregulated	GO:0050794	regulation of cellular process	ENSMUSG00000021070	Bdkrb2	IMP, IGI, ISO, IBA, IEA
CRE upregulated	GO:0050794	regulation of cellular process	ENSMUSG00000018736	Ndel1	IDA, IMP, ISO, IBA, IEA
CRE upregulated	GO:0050794	regulation of cellular process	ENSMUSG00000042804	Gpr153	IEA
CRE upregulated	GO:0050794	regulation of cellular process	ENSMUSG00000002250	Ppard	IDA, IMP, IGI, ISS, ISO, IBA, NAS, IEA
CRE upregulated	GO:0050794	regulation of cellular process	ENSMUSG00000032641	Gpr19	IBA, IEA
CRE upregulated	GO:0050794	regulation of cellular process	ENSMUSG00000044734	Serpinb1a	IPI, IMP, IBA
CRE upregulated	GO:0050794	regulation of cellular process	ENSMUSG00000018507	Trpv2	IMP, ISO
CRE upregulated	GO:0050794	regulation of cellular process	ENSMUSG00000037638	Zbtb42	IDA, IBA
CRE upregulated	GO:0050794	regulation of cellular process	ENSMUSG00000021501	Caml	IDA, ISS, IEA
CRE upregulated	GO:0050794	regulation of cellular process	ENSMUSG00000041870	Ankrd13a	ISS, IEA
CRE upregulated	GO:0050794	regulation of cellular process	ENSMUSG00000038894	Irs2	IDA, IMP, IGI, ISO, IBA, IEA
CRE upregulated	GO:0050794	regulation of cellular process	ENSMUSG00000037568	Vash2	ISO, IEA
CRE upregulated	GO:0050794	regulation of cellular process	ENSMUSG00000066838	Zfp772	IBA, IEA
CRE upregulated	GO:0050794	regulation of cellular process	ENSMUSG00000024883	Rin1	IMP, IEA
CRE upregulated	GO:0050794	regulation of cellular process	ENSMUSG00000035828	Pim3	IMP, ISS, IBA, IEA
CRE upregulated	GO:0050794	regulation of cellular process	ENSMUSG00000032578	Cish	IEA
CRE upregulated	GO:0050794	regulation of cellular process	ENSMUSG00000007812	Zfp655	ISS, IBA, IEA
CRE upregulated	GO:0050794	regulation of cellular process	ENSMUSG00000007041	Clic1	IDA
CRE upregulated	GO:0050794	regulation of cellular process	ENSMUSG00000005069	Pex5	IEA
CRE upregulated	GO:0050794	regulation of cellular process	ENSMUSG00000029518	Rab35	IEA
CRE upregulated	GO:0050794	regulation of cellular process	ENSMUSG00000045136	Tubb2b	IDA, IMP, ISS, IEA
CRE upregulated	GO:0050794	regulation of cellular process	ENSMUSG00000054855	Rnd1	IBA, IEA
CRE upregulated	GO:0050794	regulation of cellular process	ENSMUSG00000042507	Mideas	IBA
CRE upregulated	GO:0050794	regulation of cellular process	ENSMUSG00000027313	Chac1	ISS, IEA
CRE upregulated	GO:0050794	regulation of cellular process	ENSMUSG00000028789	Azin2	IDA, IBA, IEA
CRE upregulated	GO:0050794	regulation of cellular process	ENSMUSG00000026796	Niban2	IEA
CRE upregulated	GO:0050794	regulation of cellular process	ENSMUSG00000039954	Stk32a	IBA
CRE upregulated	GO:0050794	regulation of cellular process	ENSMUSG00000027540	Ptpn1	IMP, IGI, ISS, ISO, IBA, IEA
CRE upregulated	GO:0050794	regulation of cellular process	ENSMUSG00000019461	Plscr3	ISS, IEA
CRE upregulated	GO:0050794	regulation of cellular process	ENSMUSG00000043895	S1pr2	EXP, IDA, IMP, ISO, IBA, IEA
CRE upregulated	GO:0050794	regulation of cellular process	ENSMUSG00000022661	Cd200	IEA
CRE upregulated	GO:0050794	regulation of cellular process	ENSMUSG00000011179	Odc1	IDA, IMP
CRE upregulated	GO:0050794	regulation of cellular process	ENSMUSG00000027035	Cers6	ISO, IEA
CRE upregulated	GO:0050794	regulation of cellular process	ENSMUSG00000027583	Zbtb46	IDA, IMP, IBA, IEA
CRE upregulated	GO:0050794	regulation of cellular process	ENSMUSG00000028063	Lmna	IMP, ISO, IBA, IEA
CRE upregulated	GO:0050794	regulation of cellular process	ENSMUSG00000041548	Hspb8	IEA
CRE upregulated	GO:0050794	regulation of cellular process	ENSMUSG00000034226	Rhov	IBA, IEA
CRE upregulated	GO:0050794	regulation of cellular process	ENSMUSG00000026254	Eif4e2	ISS, ISO, IEA
CRE upregulated	GO:0050794	regulation of cellular process	ENSMUSG00000029121	Crmp1	IDA, IGI, IEP, IEA
CRE upregulated	GO:0050794	regulation of cellular process	ENSMUSG00000030678	Maz	IEA
CRE upregulated	GO:0050794	regulation of cellular process	ENSMUSG00000063506	Arhgap22	IEA
CRE upregulated	GO:0050794	regulation of cellular process	ENSMUSG00000053436	Mapk14	EXP, IDA, IMP, IGI, IEP, ISS, ISO, IBA, IEA
CRE upregulated	GO:0050794	regulation of cellular process	ENSMUSG00000025809	Itgb1	IDA, IMP, IGI, ISS, ISO, IBA, NAS, IEA
CRE upregulated	GO:0050794	regulation of cellular process	ENSMUSG00000039364	Sectm1b	IEA
CRE upregulated	GO:0050794	regulation of cellular process	ENSMUSG00000040025	Ythdf2	IMP, ISS, IBA, IEA
CRE upregulated	GO:0050794	regulation of cellular process	ENSMUSG00000028156	Eif4e	IDA, IMP, IEP, ISS, IEA
CRE upregulated	GO:0050794	regulation of cellular process	ENSMUSG00000025239	Limd1	IMP, ISS, ISO, IBA, IEA
CRE upregulated	GO:0050794	regulation of cellular process	ENSMUSG00000005370	Msh6	IMP, IEA
CRE upregulated	GO:0050794	regulation of cellular process	ENSMUSG00000018362	Kpna2	IDA, IMP
CRE upregulated	GO:0050794	regulation of cellular process	ENSMUSG00000022043	Trim35	IEA
CRE upregulated	GO:0050794	regulation of cellular process	ENSMUSG00000011008	Mcoln2	IMP, IEA
CRE upregulated	GO:0050794	regulation of cellular process	ENSMUSG00000048490	Nrip1	IDA, IMP, IBA, IEA
CRE upregulated	GO:0050794	regulation of cellular process	ENSMUSG00000015243	Abca1	IMP, IEA
CRE upregulated	GO:0050794	regulation of cellular process	ENSMUSG00000022272	Myo10	IGI, ISS, IBA, IEA
CRE upregulated	GO:0050794	regulation of cellular process	ENSMUSG00000022096	Hr	IDA, IBA
CRE upregulated	GO:0050794	regulation of cellular process	ENSMUSG00000013089	Etv5	IDA, IMP, ISO, IBA, IEA
CRE upregulated	GO:0050794	regulation of cellular process	ENSMUSG00000025139	Tollip	IDA, ISO, IEA
CRE upregulated	GO:0050794	regulation of cellular process	ENSMUSG00000020592	Sdc1	IMP, IEA
CRE upregulated	GO:0050794	regulation of cellular process	ENSMUSG00000025746	Il6	IDA, IMP, IGI, ISO, IBA, IEA
CRE upregulated	GO:0050794	regulation of cellular process	ENSMUSG00000002233	Rhoc	IMP, IBA, IEA
CRE upregulated	GO:0050794	regulation of cellular process	ENSMUSG00000032231	Anxa2	IDA, IMP, ISO, IBA, NAS, IEA
CRE upregulated	GO:0050794	regulation of cellular process	ENSMUSG00000047368	Abhd17b	IMP, ISO, IBA
CRE upregulated	GO:0050794	regulation of cellular process	ENSMUSG00000032280	Tle3	IMP, ISO, IBA, IEA
CRE upregulated	GO:0050794	regulation of cellular process	ENSMUSG00000073563	Csnk1g3	IBA, IEA
CRE upregulated	GO:0050794	regulation of cellular process	ENSMUSG00000031078	Cttn	IMP, IGI, ISS, ISO, IBA, IEA
CRE upregulated	GO:0050794	regulation of cellular process	ENSMUSG00000022607	Ptk2	IDA, IMP, ISS, ISO, IBA, TAS, IEA
CRE upregulated	GO:0050794	regulation of cellular process	ENSMUSG00000055994	Nod2	IDA, IMP, IGI, ISS, ISO, IBA, TAS, IEA
CRE upregulated	GO:0050794	regulation of cellular process	ENSMUSG00000024014	Pim1	IDA, IMP, ISS, IEA
CRE upregulated	GO:0050794	regulation of cellular process	ENSMUSG00000037062	Sh3glb1	IDA, IMP, ISO, IEA
CRE upregulated	GO:0050794	regulation of cellular process	ENSMUSG00000034247	Plekhm1	IMP
CRE upregulated	GO:0050794	regulation of cellular process	ENSMUSG00000024772	Ehd1	IMP, ISO, IEA
CRE upregulated	GO:0050794	regulation of cellular process	ENSMUSG00000023169	Slc38a1	IMP, ISS, ISO, IEA
CRE upregulated	GO:0050794	regulation of cellular process	ENSMUSG00000027293	Ehd4	ISO, IEA
CRE upregulated	GO:0050794	regulation of cellular process	ENSMUSG00000020580	Rock2	IEA
CRE upregulated	GO:0050794	regulation of cellular process	ENSMUSG00000063889	Crem	IGI, IBA, IEA
CRE upregulated	GO:0050794	regulation of cellular process	ENSMUSG00000021990	Spata13	IEA
CRE upregulated	GO:0050794	regulation of cellular process	ENSMUSG00000069094	Pde7a	IDA, IBA, IEA
CRE upregulated	GO:0050794	regulation of cellular process	ENSMUSG00000027560	Dok5	IDA, IPI, ISO, IBA, IEA
CRE upregulated	GO:0050794	regulation of cellular process	ENSMUSG00000027613	Eif6	IMP, ISS, IEA
CRE upregulated	GO:0050794	regulation of cellular process	ENSMUSG00000059923	Grb2	IDA, IGI, ISO, IBA, TAS, IEA
CRE upregulated	GO:0050794	regulation of cellular process	ENSMUSG00000049303	Syt12	IDA, IMP
CRE upregulated	GO:0050794	regulation of cellular process	ENSMUSG00000042406	Atf4	IDA, IMP, IGI, ISS, ISO, IBA, IEA
CRE upregulated	GO:0050794	regulation of cellular process	ENSMUSG00000079049	Serpinb1c	IMP, IBA
CRE upregulated	GO:0050794	regulation of cellular process	ENSMUSG00000023079	Gtf2ird1	IEA
CRE upregulated	GO:0050794	regulation of cellular process	ENSMUSG00000020271	Fbxw11	IMP, ISS, IEA
CRE upregulated	GO:0050794	regulation of cellular process	ENSMUSG00000005950	P2rx5	IEA
CRE upregulated	GO:0050794	regulation of cellular process	ENSMUSG00000020838	Slc6a4	IMP, ISO, IEA
CRE upregulated	GO:0050794	regulation of cellular process	ENSMUSG00000046854	Pip5kl1	ISS, IEA
CRE upregulated	GO:0050794	regulation of cellular process	ENSMUSG00000029641	Rasl11a	IDA
CRE upregulated	GO:0050794	regulation of cellular process	ENSMUSG00000001507	Itga3	IGI, ISS, ISO, IBA, IEA
CRE upregulated	GO:0050794	regulation of cellular process	ENSMUSG00000055723	Rras2	IDA, IGI, IEA
CRE upregulated	GO:0050794	regulation of cellular process	ENSMUSG00000031628	Casp3	IDA, IMP, ISS, ISO, IBA, NAS, IEA
CRE upregulated	GO:0050794	regulation of cellular process	ENSMUSG00000025408	Ddit3	IDA, IMP, IGI, ISS, ISO, IBA, NAS, IEA
CRE upregulated	GO:0050794	regulation of cellular process	ENSMUSG00000039879	Heca	IEA
CRE upregulated	GO:0050794	regulation of cellular process	ENSMUSG00000040435	Ppp1r15a	IDA, IMP, ISO, IEA
CRE upregulated	GO:0050794	regulation of cellular process	ENSMUSG00000032078	Zpr1	IMP, ISS, IBA, IEA
CRE upregulated	GO:0050794	regulation of cellular process	ENSMUSG00000035199	Arl6ip5	IDA, IEA
CRE upregulated	GO:0050794	regulation of cellular process	ENSMUSG00000055407	Map6	ISO, IBA
CRE upregulated	GO:0050794	regulation of cellular process	ENSMUSG00000001847	Rac1	IDA, IMP, IGI, ISS, ISO, IBA, IEA
CRE upregulated	GO:0050794	regulation of cellular process	ENSMUSG00000042121	Ssh1	ISO, IBA, IEA
CRE upregulated	GO:0050794	regulation of cellular process	ENSMUSG00000050271	Prag1	IMP, ISS, ISO, IEA
CRE upregulated	GO:0050794	regulation of cellular process	ENSMUSG00000030077	Chl1	IDA
CRE upregulated	GO:0050794	regulation of cellular process	ENSMUSG00000018909	Arrb1	IMP, ISS, ISO, IBA, IEA
CRE upregulated	GO:0050794	regulation of cellular process	ENSMUSG00000020248	Nfyb	IDA, ISO, IBA, IEA
CRE upregulated	GO:0050794	regulation of cellular process	ENSMUSG00000050410	Tcf19	IEA
CRE upregulated	GO:0050794	regulation of cellular process	ENSMUSG00000024349	Sting1	IDA, IMP, IGI, ISS, ISO, IBA, IEA
CRE upregulated	GO:0050794	regulation of cellular process	ENSMUSG00000030057	Cnbp	IDA, IBA, IEA
CRE upregulated	GO:0050794	regulation of cellular process	ENSMUSG00000020064	Herc4	IEA
CRE upregulated	GO:0050794	regulation of cellular process	ENSMUSG00000024521	Pmaip1	IDA, IMP, ISO, RCA, IEA
CRE upregulated	GO:0050794	regulation of cellular process	ENSMUSG00000026317	Cln8	IMP
CRE upregulated	GO:0050794	regulation of cellular process	ENSMUSG00000026821	Ralgds	IBA, IEA
CRE upregulated	GO:0050794	regulation of cellular process	ENSMUSG00000061039	Or8b53	ISA, IBA, IEA
CRE upregulated	GO:0050794	regulation of cellular process	ENSMUSG00000044667	Plppr4	IDA, IMP, IBA
CRE upregulated	GO:0050794	regulation of cellular process	ENSMUSG00000033955	Tnks1bp1	IEA
CRE upregulated	GO:0050794	regulation of cellular process	ENSMUSG00000028145	Them4	ISS, IEA
CRE upregulated	GO:0050794	regulation of cellular process	ENSMUSG00000026107	Nabp1	ISS, ISO, IEA
CRE upregulated	GO:0050794	regulation of cellular process	ENSMUSG00000024360	Etf1	IEA
CRE upregulated	GO:0050794	regulation of cellular process	ENSMUSG00000027455	Nsfl1c	IEA
CRE upregulated	GO:0050794	regulation of cellular process	ENSMUSG00000054008	Ndst1	IMP, IGI
CRE upregulated	GO:0050794	regulation of cellular process	ENSMUSG00000057531	Dtnbp1	IDA, IMP, ISS, ISO, IBA, IEA
CRE upregulated	GO:0050794	regulation of cellular process	ENSMUSG00000058355	Abce1	IEA
CRE upregulated	GO:0050794	regulation of cellular process	ENSMUSG00000000134	Tfe3	IDA, IMP, IGI, ISS, IBA, IEA
CRE upregulated	GO:0050794	regulation of cellular process	ENSMUSG00000008393	Carhsp1	IMP, IBA, IEA
CRE upregulated	GO:0050794	regulation of cellular process	ENSMUSG00000004768	Rab23	IEA
CRE upregulated	GO:0050794	regulation of cellular process	ENSMUSG00000015837	Sqstm1	IDA, IMP, ISS, ISO, IEA
CRE upregulated	GO:0050794	regulation of cellular process	ENSMUSG00000022951	Rcan1	IMP, IGI, ISS, ISO, IBA, IEA
CRE upregulated	GO:0050794	regulation of cellular process	ENSMUSG00000028901	Gmeb1	IDA, IBA
CRE upregulated	GO:0050794	regulation of cellular process	ENSMUSG00000030309	Caprin2	IMP, ISS, IBA, IEA
CRE upregulated	GO:0050794	regulation of cellular process	ENSMUSG00000029131	Dnajb6	IDA, IEA
CRE upregulated	GO:0050794	regulation of cellular process	ENSMUSG00000036737	Oxsr1	IMP, IGI, ISS, IBA, IEA
CRE upregulated	GO:0050794	regulation of cellular process	ENSMUSG00000037580	Gch1	ISO, NAS, IEA
CRE upregulated	GO:0050794	regulation of cellular process	ENSMUSG00000023087	Noct	IMP, IGI
CRE upregulated	GO:0050794	regulation of cellular process	ENSMUSG00000031955	Bcar1	IDA, ISS, ISO, IBA, IEA
CRE upregulated	GO:0050794	regulation of cellular process	ENSMUSG00000001627	Ifrd1	IGI, ISO
CRE upregulated	GO:0050794	regulation of cellular process	ENSMUSG00000036057	Ptpn23	IEA
CRE upregulated	GO:0050794	regulation of cellular process	ENSMUSG00000015316	Slamf1	IDA, IMP, IBA, IEA
CRE upregulated	GO:0050794	regulation of cellular process	ENSMUSG00000032502	Stac	IMP, IBA
CRE upregulated	GO:0050794	regulation of cellular process	ENSMUSG00000029765	Plxna4	IMP, IGI, IBA, IEA
CRE upregulated	GO:0050794	regulation of cellular process	ENSMUSG00000020015	Cdk17	IEA
CRE upregulated	GO:0050794	regulation of cellular process	ENSMUSG00000022433	Csnk1e	IMP, IGI, ISO, IBA, IEA
CRE upregulated	GO:0050794	regulation of cellular process	ENSMUSG00000022346	Myc	IDA, IMP, IGI, ISS, ISO, IBA, IEA
CRE upregulated	GO:0050794	regulation of cellular process	ENSMUSG00000036478	Btg1	IDA, ISS, ISO, IBA, IEA
CRE upregulated	GO:0050794	regulation of cellular process	ENSMUSG00000053113	Socs3	IDA, IGI, ISO, IEA
CRE upregulated	GO:0050794	regulation of cellular process	ENSMUSG00000036437	Npy1r	ISO, IEA
CRE upregulated	GO:0050794	regulation of cellular process	ENSMUSG00000047604	Frat2	IGI, ISS
CRE upregulated	GO:0050794	regulation of cellular process	ENSMUSG00000026072	Il1r1	IDA, IMP, ISS, ISO, IBA, IEA
CRE upregulated	GO:0050794	regulation of cellular process	ENSMUSG00000027954	Efna1	IDA, IMP, IBA, IEA
CRE upregulated	GO:0050794	regulation of cellular process	ENSMUSG00000026247	Ecel1	ISO
CRE upregulated	GO:0050794	regulation of cellular process	ENSMUSG00000023032	Slc4a8	EXP, IDA, IMP
CRE upregulated	GO:0050794	regulation of cellular process	ENSMUSG00000024789	Jak2	IDA, IMP, IGI, ISS, ISO, IBA, TAS, NAS, IEA
CRE upregulated	GO:0050794	regulation of cellular process	ENSMUSG00000038949	Cnst	ISS, IBA, IEA
CRE upregulated	GO:0050794	regulation of cellular process	ENSMUSG00000004040	ENSMUSG00000004040	IDA, IMP, IGI, ISS, ISO, IBA, TAS, NAS, IEA
CRE upregulated	GO:0050794	regulation of cellular process	ENSMUSG00000042292	Mrtfa	IDA, ISS, ISO, IBA, IEA
CRE upregulated	GO:0050794	regulation of cellular process	ENSMUSG00000061589	Dot1l	ISO, IBA, IEA
CRE upregulated	GO:0050794	regulation of cellular process	ENSMUSG00000003269	Cyth2	IEA
CRE upregulated	GO:0050794	regulation of cellular process	ENSMUSG00000022602	Arc	IDA, IMP, ISS, ISO, IBA, IEA
CRE upregulated	GO:0050794	regulation of cellular process	ENSMUSG00000022555	Dgat1	ISO
CRE upregulated	GO:0050794	regulation of cellular process	ENSMUSG00000020027	Socs2	IDA, IMP, IGI, IEA
CRE upregulated	GO:0050794	regulation of cellular process	ENSMUSG00000109511	Nup62	IMP, ISS, ISO, IEA
CRE upregulated	GO:0050794	regulation of cellular process	ENSMUSG00000029135	Fosl2	IDA, IMP, ISO, IBA, IEA
CRE upregulated	GO:0050794	regulation of cellular process	ENSMUSG00000054136	Adm2	ISO, IBA, IEA
CRE upregulated	GO:0050794	regulation of cellular process	ENSMUSG00000020395	Itk	IMP, IBA, IEA
CRE upregulated	GO:0050794	regulation of cellular process	ENSMUSG00000036990	Otud4	IDA, ISS, IBA, IEA
CRE upregulated	GO:0050794	regulation of cellular process	ENSMUSG00000029860	Zyx	IMP, IBA, IEA
CRE upregulated	GO:0050794	regulation of cellular process	ENSMUSG00000044017	Adgrd1	ISS, IBA, IEA
CRE upregulated	GO:0050794	regulation of cellular process	ENSMUSG00000004347	ENSMUSG00000004347	ISO, IBA, IEA
CRE upregulated	GO:0050794	regulation of cellular process	ENSMUSG00000018143	Mafk	IDA, IBA, IEA
CRE upregulated	GO:0050794	regulation of cellular process	ENSMUSG00000029826	Zc3hav1	IDA, ISS, ISO, IBA, TAS, IEA
CRE upregulated	GO:0050794	regulation of cellular process	ENSMUSG00000050335	Lgals3	IEA
CRE upregulated	GO:0050794	regulation of cellular process	ENSMUSG00000024190	Dusp1	IMP, ISS, ISO, IBA, IEA
CRE upregulated	GO:0050794	regulation of cellular process	ENSMUSG00000063919	Srrm4	IDA, IMP, ISS, IBA, IEA
CRE upregulated	GO:0050794	regulation of cellular process	ENSMUSG00000030223	ENSMUSG00000030223	IDA, IMP, IBA
CRE upregulated	GO:0050794	regulation of cellular process	ENSMUSG00000035236	Scai	IDA, IGI, IEA
CRE upregulated	GO:0050794	regulation of cellular process	ENSMUSG00000027797	Dclk1	IDA, IMP, IEA
CRE upregulated	GO:0050794	regulation of cellular process	ENSMUSG00000031960	Aars1	IMP, ISS, IEA
CRE upregulated	GO:0050794	regulation of cellular process	ENSMUSG00000020358	Hnrnpab	IDA, IGI, ISO, IBA, IEA
CRE upregulated	GO:0050794	regulation of cellular process	ENSMUSG00000059866	Tnip2	IDA, IMP, ISS, IBA, IEA
CRE upregulated	GO:0050794	regulation of cellular process	ENSMUSG00000004865	ENSMUSG00000004865	IDA, IBA, IEA
CRE upregulated	GO:0050794	regulation of cellular process	ENSMUSG00000036882	ENSMUSG00000036882	IDA, IMP, ISO, IBA, IEA
CRE upregulated	GO:0050794	regulation of cellular process	ENSMUSG00000041594	ENSMUSG00000041594	IMP, IBA
CRE upregulated	GO:0050794	regulation of cellular process	ENSMUSG00000027806	Tsc22d2	ISS, IEA
CRE upregulated	GO:0050794	regulation of cellular process	ENSMUSG00000017615	Tnfaip1	ISS, ISO, IBA, IEA
CRE upregulated	GO:0050794	regulation of cellular process	ENSMUSG00000033545	Znrf1	IEA
CRE upregulated	GO:0050794	regulation of cellular process	ENSMUSG00000026930	Gpsm1	ISO
CRE upregulated	GO:0050794	regulation of cellular process	ENSMUSG00000040033	ENSMUSG00000040033	IEA
CRE upregulated	GO:0050794	regulation of cellular process	ENSMUSG00000021360	ENSMUSG00000021360	IMP, IBA, IEA
CRE upregulated	GO:0050794	regulation of cellular process	ENSMUSG00000059316	Slc27a4	IDA, IEA
CRE upregulated	GO:0050794	regulation of cellular process	ENSMUSG00000024803	Ankrd1	IDA, IGI, ISO, IBA, IEA
CRE upregulated	GO:0050794	regulation of cellular process	ENSMUSG00000031934	ENSMUSG00000031934	IMP, IEA
CRE upregulated	GO:0050794	regulation of cellular process	ENSMUSG00000018565	Elp5	IMP
CRE upregulated	GO:0050794	regulation of cellular process	ENSMUSG00000021306	Gpr137b	IEA
CRE upregulated	GO:0050794	regulation of cellular process	ENSMUSG00000032497	Lrrfip2	IEA
CRE upregulated	GO:0050794	regulation of cellular process	ENSMUSG00000023915	Tnfrsf21	IMP, IBA, IEA
CRE upregulated	GO:0050794	regulation of cellular process	ENSMUSG00000024912	Fosl1	IMP, ISO, IBA, IEA
CRE upregulated	GO:0050794	regulation of cellular process	ENSMUSG00000024927	Rela	IDA, IMP, ISS, ISO, IBA, TAS, IEA
CRE upregulated	GO:0050794	regulation of cellular process	ENSMUSG00000029458	ENSMUSG00000029458	ISO, IBA, IEA
CRE upregulated	GO:0050794	regulation of cellular process	ENSMUSG00000042608	Stk40	IMP
CRE upregulated	GO:0050794	regulation of cellular process	ENSMUSG00000053716	Dusp7	IBA
CRE upregulated	GO:0050794	regulation of cellular process	ENSMUSG00000036206	Sh3bp4	ISS, IEA
CRE upregulated	GO:0050794	regulation of cellular process	ENSMUSG00000025793	ENSMUSG00000025793	IEA
CRE upregulated	GO:0050794	regulation of cellular process	ENSMUSG00000038591	Colec10	IEA
CRE upregulated	GO:0050794	regulation of cellular process	ENSMUSG00000027692	Tnik	IDA, IMP, ISS, ISO, IBA, IEA
CRE upregulated	GO:0050794	regulation of cellular process	ENSMUSG00000003435	ENSMUSG00000003435	ISO, IEA
CRE upregulated	GO:0050794	regulation of cellular process	ENSMUSG00000050730	Arhgap42	IMP, IEA
CRE upregulated	GO:0050794	regulation of cellular process	ENSMUSG00000055044	Pdlim1	IDA, IEA
CRE upregulated	GO:0050794	regulation of cellular process	ENSMUSG00000024238	Zeb1	IDA, IMP, IGI, ISS, ISO, IBA, IEA
CRE upregulated	GO:0050794	regulation of cellular process	ENSMUSG00000026718	ENSMUSG00000026718	IEA
CRE upregulated	GO:0050794	regulation of cellular process	ENSMUSG00000026078	Pdcl3	IMP, ISO, IBA, IEA
CRE upregulated	GO:0050794	regulation of cellular process	ENSMUSG00000028893	Sesn2	IDA, IMP, ISS, ISO, IBA, IEA
CRE upregulated	GO:0050794	regulation of cellular process	ENSMUSG00000025279	ENSMUSG00000025279	IDA
CRE upregulated	GO:0050794	regulation of cellular process	ENSMUSG00000038861	Pi4kb	IBA
CRE upregulated	GO:0050794	regulation of cellular process	ENSMUSG00000024947	Men1	IDA, IMP, IGI, ISO, IBA, IEA
CRE upregulated	GO:0050794	regulation of cellular process	ENSMUSG00000067006	ENSMUSG00000067006	IMP
CRE upregulated	GO:0050794	regulation of cellular process	ENSMUSG00000029071	ENSMUSG00000029071	IDA, IMP, IGI, ISO, IBA, TAS, IEA
CRE upregulated	GO:0050794	regulation of cellular process	ENSMUSG00000036894	Rap2b	IDA, IBA, IEA
CRE upregulated	GO:0050794	regulation of cellular process	ENSMUSG00000040433	Zbtb38	ISO, IBA, IEA
CRE upregulated	GO:0050794	regulation of cellular process	ENSMUSG00000044453	Ffar1	IDA, IMP, ISO, IBA, IEA
CRE upregulated	GO:0050794	regulation of cellular process	ENSMUSG00000037514	Pank2	IEA
CRE upregulated	GO:0050794	regulation of cellular process	ENSMUSG00000064210	ENSMUSG00000064210	IMP, ISS, ISO, IEA
CRE upregulated	GO:0050794	regulation of cellular process	ENSMUSG00000032902	Slc16a1	IMP
CRE upregulated	GO:0050794	regulation of cellular process	ENSMUSG00000032715	Trib3	IDA, IMP, ISS, ISO, IBA, TAS, IC, IEA
CRE upregulated	GO:0050794	regulation of cellular process	ENSMUSG00000024777	ENSMUSG00000024777	ISO, IEA
CRE upregulated	GO:0050794	regulation of cellular process	ENSMUSG00000035594	Chrna5	IDA, IMP, ISO, IBA, IEA
CRE upregulated	GO:0050794	regulation of cellular process	ENSMUSG00000024335	Brd2	IDA, IMP, ISS, IBA, IEA
CRE upregulated	GO:0050794	regulation of cellular process	ENSMUSG00000026074	Map4k4	IEA
CRE upregulated	GO:0050794	regulation of cellular process	ENSMUSG00000040365	Trim41	ISS, IEA
CRE upregulated	GO:0050794	regulation of cellular process	ENSMUSG00000048047	Zbtb33	ISS, IBA, IEA
CRE upregulated	GO:0050794	regulation of cellular process	ENSMUSG00000020547	Bzw2	ISS, IEA
CRE upregulated	GO:0050794	regulation of cellular process	ENSMUSG00000025485	ENSMUSG00000025485	IDA, ISO, IBA
CRE upregulated	GO:0050794	regulation of cellular process	ENSMUSG00000020694	ENSMUSG00000020694	ISS, IBA, IEA
CRE upregulated	GO:0050794	regulation of cellular process	ENSMUSG00000028466	Creb3	IEA
CRE upregulated	GO:0050794	regulation of cellular process	ENSMUSG00000037876	Jmjd1c	IBA
CRE upregulated	GO:0050794	regulation of cellular process	ENSMUSG00000022526	Zfp251	IBA, IEA
CRE upregulated	GO:0050794	regulation of cellular process	ENSMUSG00000029175	Slc35f6	ISS, IEA
CRE upregulated	GO:0050794	regulation of cellular process	ENSMUSG00000071637	Cebpd	IDA, ISO, IBA, IEA
CRE upregulated	GO:0050794	regulation of cellular process	ENSMUSG00000025162	ENSMUSG00000025162	IMP, IGI, IBA, IEA
CRE upregulated	GO:0050794	regulation of cellular process	ENSMUSG00000010660	Plcd1	IGI, ISO, IBA, IEA
CRE upregulated	GO:0050794	regulation of cellular process	ENSMUSG00000052921	Arhgef15	IDA, IMP, ISS, ISO
CRE upregulated	GO:0050794	regulation of cellular process	ENSMUSG00000015776	Med22	NAS, IEA
CRE upregulated	GO:0050794	regulation of cellular process	ENSMUSG00000031278	ENSMUSG00000031278	ISS, ISO, TAS
CRE upregulated	GO:0050794	regulation of cellular process	ENSMUSG00000090291	Lrrc10b	IBA
CRE upregulated	GO:0050794	regulation of cellular process	ENSMUSG00000031668	ENSMUSG00000031668	IEA
CRE upregulated	GO:0050794	regulation of cellular process	ENSMUSG00000053175	Bcl3	IDA, IMP, IGI, ISO, IBA, IEA
CRE upregulated	GO:0050794	regulation of cellular process	ENSMUSG00000068739	ENSMUSG00000068739	ISS, IEA
CRE upregulated	GO:0050794	regulation of cellular process	ENSMUSG00000059796	Eif4a1	ISS, IEA
CRE upregulated	GO:0050794	regulation of cellular process	ENSMUSG00000032599	ENSMUSG00000032599	IMP, IEA
CRE upregulated	GO:0050794	regulation of cellular process	ENSMUSG00000040640	ENSMUSG00000040640	IDA, IMP, IBA
CRE upregulated	GO:0050794	regulation of cellular process	ENSMUSG00000030199	Etv6	IDA, IBA, IEA
CRE upregulated	GO:0050794	regulation of cellular process	ENSMUSG00000037815	Ctnna1	IMP, IGI
CRE upregulated	GO:0050794	regulation of cellular process	ENSMUSG00000003154	Foxj2	IBA, IEA
CRE upregulated	GO:0050794	regulation of cellular process	ENSMUSG00000040857	Erf	IEA
CRE upregulated	GO:0050794	regulation of cellular process	ENSMUSG00000020349	ENSMUSG00000020349	IMP, ISS, ISO, TAS, IEA
CRE upregulated	GO:0050794	regulation of cellular process	ENSMUSG00000024517	Grp	IMP, ISS, ISO, IBA, IEA
CRE upregulated	GO:0050794	regulation of cellular process	ENSMUSG00000040118	ENSMUSG00000040118	IEA
CRE upregulated	GO:0050794	regulation of cellular process	ENSMUSG00000023307	Marchf5	ISS, IBA, IEA
CRE upregulated	GO:0050794	regulation of cellular process	ENSMUSG00000025340	Rabgef1	IDA, IMP
CRE upregulated	GO:0050794	regulation of cellular process	ENSMUSG00000039108	ENSMUSG00000039108	IMP, IEA
CRE upregulated	GO:0050794	regulation of cellular process	ENSMUSG00000085007	ENSMUSG00000085007	IMP
CRE upregulated	GO:0050794	regulation of cellular process	ENSMUSG00000029752	ENSMUSG00000029752	IEA
CRE upregulated	GO:0050794	regulation of cellular process	ENSMUSG00000021587	Pcsk1	ISO, IEA
CRE upregulated	GO:0050794	regulation of cellular process	ENSMUSG00000033159	ENSMUSG00000033159	IEA
CRE upregulated	GO:0050794	regulation of cellular process	ENSMUSG00000028599	Tnfrsf1b	IMP, IGI, IBA, IEA
CRE upregulated	GO:0050794	regulation of cellular process	ENSMUSG00000033350	Chst2	IMP
CRE upregulated	GO:0050794	regulation of cellular process	ENSMUSG00000004530	ENSMUSG00000004530	IMP, IGI, IEA
CRE upregulated	GO:0050794	regulation of cellular process	ENSMUSG00000044147	Arf6	IDA, IMP, ISO, NAS, IEA
CRE upregulated	GO:0050794	regulation of cellular process	ENSMUSG00000027605	Acss2	IEA
CRE upregulated	GO:0050794	regulation of cellular process	ENSMUSG00000052298	Cdc42se2	ISS, IEA
CRE upregulated	GO:0050794	regulation of cellular process	ENSMUSG00000030662	ENSMUSG00000030662	IMP, IEA
CRE upregulated	GO:0050794	regulation of cellular process	ENSMUSG00000036180	ENSMUSG00000036180	ISS, IBA, NAS, IEA
CRE upregulated	GO:0050794	regulation of cellular process	ENSMUSG00000011877	Git1	IDA, IMP, ISS, ISO, IBA, IEA
CRE upregulated	GO:0050794	regulation of cellular process	ENSMUSG00000024270	ENSMUSG00000024270	ISS, IEA
CRE upregulated	GO:0050794	regulation of cellular process	ENSMUSG00000040046	Tph1	IMP
CRE upregulated	GO:0050794	regulation of cellular process	ENSMUSG00000039985	Sinhcaf	IMP, ISS, IBA, NAS, IEA
CRE upregulated	GO:0050794	regulation of cellular process	ENSMUSG00000031937	ENSMUSG00000031937	IMP, IBA
CRE upregulated	GO:0050794	regulation of cellular process	ENSMUSG00000025060	ENSMUSG00000025060	IMP, ISS, ISO, IBA, IEA
CRE upregulated	GO:0050794	regulation of cellular process	ENSMUSG00000028602	Tnfrsf8	IEA
CRE upregulated	GO:0050794	regulation of cellular process	ENSMUSG00000055491	ENSMUSG00000055491	IBA
CRE upregulated	GO:0050794	regulation of cellular process	ENSMUSG00000062234	ENSMUSG00000062234	IEA
CRE upregulated	GO:0050794	regulation of cellular process	ENSMUSG00000052837	ENSMUSG00000052837	IDA, IMP, IBA, IEA
CRE upregulated	GO:0050794	regulation of cellular process	ENSMUSG00000007411	ENSMUSG00000007411	ISS, IBA, IEA
CRE upregulated	GO:0050794	regulation of cellular process	ENSMUSG00000013483	Card14	ISS, IEA
CRE upregulated	GO:0050794	regulation of cellular process	ENSMUSG00000028840	Zfp593	IEA
CRE upregulated	GO:0050794	regulation of cellular process	ENSMUSG00000047281	ENSMUSG00000047281	IDA, IMP, IGI, ISS, IBA, IEA
CRE upregulated	GO:0050794	regulation of cellular process	ENSMUSG00000025351	Cd63	IMP, ISS, ISO, IBA, IEA
CRE upregulated	GO:0050794	regulation of cellular process	ENSMUSG00000021796	Bmpr1a	IDA, IMP, IGI, IBA, IEA
CRE upregulated	GO:0050794	regulation of cellular process	ENSMUSG00000031383	Dusp9	IDA, IBA
CRE upregulated	GO:0050794	regulation of cellular process	ENSMUSG00000049649	Gpr3	IMP, ISO, IBA, IEA
CRE upregulated	GO:0050794	regulation of cellular process	ENSMUSG00000019842	ENSMUSG00000019842	IDA, IMP, IGI, ISO, IBA, IEA
CRE upregulated	GO:0050794	regulation of cellular process	ENSMUSG00000024750	ENSMUSG00000024750	IMP
CRE upregulated	GO:0050794	regulation of cellular process	ENSMUSG00000070056	ENSMUSG00000070056	IMP, ISS, IBA, IEA
CRE upregulated	GO:0050794	regulation of cellular process	ENSMUSG00000034543	ENSMUSG00000034543	IMP, ISS
CRE upregulated	GO:0050794	regulation of cellular process	ENSMUSG00000029110	ENSMUSG00000029110	IDA, ISS, ISO, IBA, IEA
CRE upregulated	GO:0050794	regulation of cellular process	ENSMUSG00000021890	ENSMUSG00000021890	ISO, IEA
CRE upregulated	GO:0050794	regulation of cellular process	ENSMUSG00000041598	Cdc42ep4	IDA, IBA, IEA
CRE upregulated	GO:0050794	regulation of cellular process	ENSMUSG00000045664	Cdc42ep2	IBA, IEA
CRE upregulated	GO:0050794	regulation of cellular process	ENSMUSG00000027465	Tbc1d20	IEA
CRE upregulated	GO:0050794	regulation of cellular process	ENSMUSG00000045763	ENSMUSG00000045763	ISS, IBA, IEA
CRE upregulated	GO:0050794	regulation of cellular process	ENSMUSG00000037860	Aim2	IDA, IMP, IGI, ISO, NAS, IEA
CRE upregulated	GO:0050794	regulation of cellular process	ENSMUSG00000020250	ENSMUSG00000020250	ISO
CRE upregulated	GO:0050794	regulation of cellular process	ENSMUSG00000028434	Epb41l4b	IEA
CRE upregulated	GO:0050794	regulation of cellular process	ENSMUSG00000109336	ENSMUSG00000109336	IEA
CRE upregulated	GO:0050794	regulation of cellular process	ENSMUSG00000039191	Rbpj	IDA, IMP, IGI, ISS, ISO, IBA, TAS, IEA
CRE upregulated	GO:0050794	regulation of cellular process	ENSMUSG00000000001	ENSMUSG00000000001	ISS, ISO, IBA, TAS, IEA
CRE upregulated	GO:0050794	regulation of cellular process	ENSMUSG00000022270	ENSMUSG00000022270	IMP, IBA, IEA
CRE upregulated	GO:0050794	regulation of cellular process	ENSMUSG00000048668	Rhno1	IEA
CRE upregulated	GO:0050794	regulation of cellular process	ENSMUSG00000019256	ENSMUSG00000019256	IEA
CRE upregulated	GO:0050794	regulation of cellular process	ENSMUSG00000022656	ENSMUSG00000022656	IDA, IMP
CRE upregulated	GO:0050794	regulation of cellular process	ENSMUSG00000039844	ENSMUSG00000039844	IMP, IGI, ISO, IBA, IEA
CRE upregulated	GO:0050794	regulation of cellular process	ENSMUSG00000035725	ENSMUSG00000035725	ISS, IBA, IEA
CRE upregulated	GO:0050794	regulation of cellular process	ENSMUSG00000046962	ENSMUSG00000046962	IBA, IEA
CRE upregulated	GO:0050794	regulation of cellular process	ENSMUSG00000019763	ENSMUSG00000019763	ISS, IBA, IEA
CRE upregulated	GO:0050794	regulation of cellular process	ENSMUSG00000051316	Taf7	IDA, ISS, ISO, IBA, NAS, IEA
CRE upregulated	GO:0050794	regulation of cellular process	ENSMUSG00000001552	ENSMUSG00000001552	IBA, IEA
CRE upregulated	GO:0050794	regulation of cellular process	ENSMUSG00000040010	Slc7a5	ISO, IEA
CRE upregulated	GO:0050794	regulation of cellular process	ENSMUSG00000017677	Wsb1	IEA
CRE upregulated	GO:0050794	regulation of cellular process	ENSMUSG00000040463	ENSMUSG00000040463	IDA, ISO, NAS, IEA
CRE upregulated	GO:0050794	regulation of cellular process	ENSMUSG00000004099	ENSMUSG00000004099	IDA, IMP, IGI, ISO, IBA, IEA
CRE upregulated	GO:0050794	regulation of cellular process	ENSMUSG00000022858	ENSMUSG00000022858	IMP, ISS, IBA, IEA
CRE upregulated	GO:0050794	regulation of cellular process	ENSMUSG00000027997	Casp6	ISS, ISO, IBA, RCA, IEA
CRE upregulated	GO:0050794	regulation of cellular process	ENSMUSG00000058354	Krt6a	IDA
CRE upregulated	GO:0050794	regulation of cellular process	ENSMUSG00000053007	Creb5	IEA
CRE upregulated	GO:0050794	regulation of cellular process	ENSMUSG00000023952	ENSMUSG00000023952	IMP
CRE upregulated	GO:0050794	regulation of cellular process	ENSMUSG00000020594	ENSMUSG00000020594	IMP, ISS, ISO, IBA, IEA
CRE upregulated	GO:0050794	regulation of cellular process	ENSMUSG00000011256	ENSMUSG00000011256	ISS
CRE upregulated	GO:0050794	regulation of cellular process	ENSMUSG00000020448	Rnf185	ISS, IEA
CRE upregulated	GO:0050794	regulation of cellular process	ENSMUSG00000000787	ENSMUSG00000000787	IDA, IMP, ISS, IBA, IEA
CRE upregulated	GO:0050794	regulation of cellular process	ENSMUSG00000008859	ENSMUSG00000008859	IDA, ISS, ISO, IBA, IEA
CRE upregulated	GO:0050794	regulation of cellular process	ENSMUSG00000008730	Hipk1	IGI, ISS, IBA, IEA
CRE upregulated	GO:0050794	regulation of cellular process	ENSMUSG00000059288	ENSMUSG00000059288	IDA, IEA
CRE upregulated	GO:0050794	regulation of cellular process	ENSMUSG00000022948	Setd4	IDA, IMP, IBA
CRE upregulated	GO:0050794	regulation of cellular process	ENSMUSG00000046722	ENSMUSG00000046722	ISS, IEA
CRE upregulated	GO:0050794	regulation of cellular process	ENSMUSG00000022094	ENSMUSG00000022094	IMP
CRE upregulated	GO:0050794	regulation of cellular process	ENSMUSG00000038676	Ucn	IMP, ISO, IEA
CRE upregulated	GO:0050794	regulation of cellular process	ENSMUSG00000059743	ENSMUSG00000059743	ISO
CRE upregulated	GO:0050794	regulation of cellular process	ENSMUSG00000038467	ENSMUSG00000038467	IMP, ISO, IEA
CRE upregulated	GO:0050794	regulation of cellular process	ENSMUSG00000052681	Rap1b	IDA, IGI, ISS, IBA, IEA
CRE upregulated	GO:0050794	regulation of cellular process	ENSMUSG00000037553	ENSMUSG00000037553	IEA
CRE upregulated	GO:0050794	regulation of cellular process	ENSMUSG00000020097	ENSMUSG00000020097	IMP, ISS, IEA
CRE upregulated	GO:0050794	regulation of cellular process	ENSMUSG00000042185	ENSMUSG00000042185	IDA, IMP, ISO, IEA
CRE upregulated	GO:0050794	regulation of cellular process	ENSMUSG00000025403	ENSMUSG00000025403	IMP, ISO, IEA
CRE upregulated	GO:0050794	regulation of cellular process	ENSMUSG00000028826	ENSMUSG00000028826	ISS, IBA, IEA
CRE upregulated	GO:0050794	regulation of cellular process	ENSMUSG00000032508	Myd88	IDA, IMP, IGI, ISS, ISO, IBA, TAS, IEA
CRE upregulated	GO:0050794	regulation of cellular process	ENSMUSG00000028370	Pappa	IBA
CRE upregulated	GO:0050794	regulation of cellular process	ENSMUSG00000026864	ENSMUSG00000026864	IDA, IMP, IGI, ISS, ISO, IBA, IEA
CRE upregulated	GO:0050794	regulation of cellular process	ENSMUSG00000021072	Tmx1	IMP, ISS, IEA
CRE upregulated	GO:0050794	regulation of cellular process	ENSMUSG00000002633	Shh	IDA, IMP, IGI, ISS, ISO, IBA, TAS, IEA
CRE upregulated	GO:0050794	regulation of cellular process	ENSMUSG00000008384	Sertad1	IDA, IGI, ISO, IEA
CRE upregulated	GO:0050794	regulation of cellular process	ENSMUSG00000032540	ENSMUSG00000032540	IDA, IMP, IBA, IEA
CRE upregulated	GO:0050794	regulation of cellular process	ENSMUSG00000028680	ENSMUSG00000028680	IEA
CRE upregulated	GO:0050794	regulation of cellular process	ENSMUSG00000053581	ENSMUSG00000053581	IMP
CRE upregulated	GO:0050794	regulation of cellular process	ENSMUSG00000032462	ENSMUSG00000032462	IMP, IGI, ISO, IBA, IEA
CRE upregulated	GO:0050794	regulation of cellular process	ENSMUSG00000025198	ENSMUSG00000025198	IBA, IEA
CRE upregulated	GO:0050794	regulation of cellular process	ENSMUSG00000049807	Arhgap23	IEA
CRE upregulated	GO:0050794	regulation of cellular process	ENSMUSG00000004270	ENSMUSG00000004270	IDA, IMP
CRE upregulated	GO:0050794	regulation of cellular process	ENSMUSG00000027944	Hax1	IBA, TAS, IEA
CRE upregulated	GO:0050794	regulation of cellular process	ENSMUSG00000039671	ENSMUSG00000039671	ISO, IEA
CRE upregulated	GO:0050794	regulation of cellular process	ENSMUSG00000005089	Slc1a2	IMP
CRE upregulated	GO:0050794	regulation of cellular process	ENSMUSG00000037907	ENSMUSG00000037907	ISS, IEA
CRE upregulated	GO:0050794	regulation of cellular process	ENSMUSG00000045174	ENSMUSG00000045174	IBA, IEA
CRE upregulated	GO:0050794	regulation of cellular process	ENSMUSG00000029145	ENSMUSG00000029145	ISS, IEA
CRE upregulated	GO:0050794	regulation of cellular process	ENSMUSG00000067586	ENSMUSG00000067586	IDA, IMP, IBA, IEA
CRE upregulated	GO:0050794	regulation of cellular process	ENSMUSG00000038250	ENSMUSG00000038250	IEA
CRE upregulated	GO:0050794	regulation of cellular process	ENSMUSG00000056050	ENSMUSG00000056050	IEA
CRE upregulated	GO:0050794	regulation of cellular process	ENSMUSG00000063952	Brpf3	ISS, IBA, NAS, IEA
CRE upregulated	GO:0050794	regulation of cellular process	ENSMUSG00000040652	ENSMUSG00000040652	IDA, IBA
CRE upregulated	GO:0050794	regulation of cellular process	ENSMUSG00000048027	ENSMUSG00000048027	IDA, IBA
CRE upregulated	GO:0050794	regulation of cellular process	ENSMUSG00000028291	ENSMUSG00000028291	IDA, IMP, ISO, IBA, IEA
CRE upregulated	GO:0050794	regulation of cellular process	ENSMUSG00000037411	Serpine1	IEA
CRE upregulated	GO:0050794	regulation of cellular process	ENSMUSG00000078676	ENSMUSG00000078676	ISS, ISO, IEA
CRE upregulated	GO:0050794	regulation of cellular process	ENSMUSG00000020340	ENSMUSG00000020340	IMP, IEA
CRE upregulated	GO:0050794	regulation of cellular process	ENSMUSG00000028382	ENSMUSG00000028382	IMP, ISO, IBA, IEA
CRE upregulated	GO:0050794	regulation of cellular process	ENSMUSG00000037465	Klf10	IDA, IMP, IBA, IEA
CRE upregulated	GO:0050794	regulation of cellular process	ENSMUSG00000024613	ENSMUSG00000024613	ISS, IEA
CRE upregulated	GO:0050794	regulation of cellular process	ENSMUSG00000023277	ENSMUSG00000023277	IDA, ISO, IBA, IC, IEA
CRE upregulated	GO:0050794	regulation of cellular process	ENSMUSG00000051209	ENSMUSG00000051209	IBA, IEA
CRE upregulated	GO:0050794	regulation of cellular process	ENSMUSG00000019843	ENSMUSG00000019843	IDA, IMP, IGI, ISO, IBA, IEA
CRE upregulated	GO:0050794	regulation of cellular process	ENSMUSG00000020755	ENSMUSG00000020755	IEA
CRE upregulated	GO:0050794	regulation of cellular process	ENSMUSG00000024493	ENSMUSG00000024493	IEA
CRE upregulated	GO:0050794	regulation of cellular process	ENSMUSG00000027646	ENSMUSG00000027646	IDA, IMP, IGI, ISO, IBA, IEA
CRE upregulated	GO:0050794	regulation of cellular process	ENSMUSG00000052316	ENSMUSG00000052316	IEA
CRE upregulated	GO:0050794	regulation of cellular process	ENSMUSG00000020680	ENSMUSG00000020680	ISO, IEA
CRE upregulated	GO:0050794	regulation of cellular process	ENSMUSG00000021340	ENSMUSG00000021340	IEA
CRE upregulated	GO:0050794	regulation of cellular process	ENSMUSG00000033991	ENSMUSG00000033991	ISS, IBA, IEA
CRE upregulated	GO:0050794	regulation of cellular process	ENSMUSG00000029313	Aff1	IEA
CRE upregulated	GO:0050794	regulation of cellular process	ENSMUSG00000004698	ENSMUSG00000004698	IEA
CRE upregulated	GO:0050794	regulation of cellular process	ENSMUSG00000046761	ENSMUSG00000046761	ISS, IBA, IEA
CRE upregulated	GO:0050794	regulation of cellular process	ENSMUSG00000032501	Trib1	IDA, IMP, ISS, IBA, IC, IEA
CRE upregulated	GO:0050794	regulation of cellular process	ENSMUSG00000003119	ENSMUSG00000003119	IMP, ISS, ISO, IBA, IEA
CRE upregulated	GO:0050794	regulation of cellular process	ENSMUSG00000025027	Xpnpep1	ISS, IEA
CRE upregulated	GO:0050794	regulation of cellular process	ENSMUSG00000053825	ENSMUSG00000053825	IEA
CRE upregulated	GO:0050794	regulation of cellular process	ENSMUSG00000031642	Sh3rf1	IEA
CRE upregulated	GO:0050794	regulation of cellular process	ENSMUSG00000042197	ENSMUSG00000042197	ISS, IBA, IEA
CRE upregulated	GO:0050794	regulation of cellular process	ENSMUSG00000055067	ENSMUSG00000055067	IMP
CRE upregulated	GO:0050794	regulation of cellular process	ENSMUSG00000047261	ENSMUSG00000047261	ISO, IEA
CRE upregulated	GO:0050794	regulation of cellular process	ENSMUSG00000074886	ENSMUSG00000074886	ISO, IBA, IEA
CRE upregulated	GO:0050794	regulation of cellular process	ENSMUSG00000021282	ENSMUSG00000021282	IEA
CRE upregulated	GO:0050794	regulation of cellular process	ENSMUSG00000031073	Fgf15	IGI, ISO, IBA, IEA
CRE upregulated	GO:0050794	regulation of cellular process	ENSMUSG00000027433	ENSMUSG00000027433	IBA
CRE upregulated	GO:0050794	regulation of cellular process	ENSMUSG00000002797	Ggct	ISS, IEA
CRE upregulated	GO:0050794	regulation of cellular process	ENSMUSG00000038205	ENSMUSG00000038205	IGI, IBA
CRE upregulated	GO:0050794	regulation of cellular process	ENSMUSG00000036667	ENSMUSG00000036667	IBA, IEA
CRE upregulated	GO:0050794	regulation of cellular process	ENSMUSG00000015839	Nfe2l2	IDA, IMP, IGI, ISS, ISO, IBA, IEA
CRE upregulated	GO:0050794	regulation of cellular process	ENSMUSG00000049550	ENSMUSG00000049550	ISS, ISO, IBA, IEA
CRE upregulated	GO:0050794	regulation of cellular process	ENSMUSG00000021477	ENSMUSG00000021477	IMP, IBA
CRE upregulated	GO:0050794	regulation of cellular process	ENSMUSG00000000627	ENSMUSG00000000627	ISO, IBA, IEA
CRE upregulated	GO:0050794	regulation of cellular process	ENSMUSG00000022332	ENSMUSG00000022332	IDA, ISO, IBA, IEA
CRE upregulated	GO:0050794	regulation of cellular process	ENSMUSG00000040843	ENSMUSG00000040843	IBA, IEA
CRE upregulated	GO:0050794	regulation of cellular process	ENSMUSG00000019998	ENSMUSG00000019998	IEA
CRE upregulated	GO:0050794	regulation of cellular process	ENSMUSG00000054499	ENSMUSG00000054499	IBA, RCA, IEA
CRE upregulated	GO:0050794	regulation of cellular process	ENSMUSG00000024907	Gal	IMP, ISS, ISO, IBA, IEA
CRE upregulated	GO:0050794	regulation of cellular process	ENSMUSG00000031751	ENSMUSG00000031751	IMP, IBA, IEA
CRE upregulated	GO:0050794	regulation of cellular process	ENSMUSG00000054204	ENSMUSG00000054204	ISS, IBA, IEA
CRE upregulated	GO:0050794	regulation of cellular process	ENSMUSG00000046707	ENSMUSG00000046707	IDA, ISS, IBA, IEA
CRE upregulated	GO:0050794	regulation of cellular process	ENSMUSG00000053797	ENSMUSG00000053797	IEA
CRE upregulated	GO:0050794	regulation of cellular process	ENSMUSG00000003541	ENSMUSG00000003541	IDA, IMP, IEA
CRE upregulated	GO:0050794	regulation of cellular process	ENSMUSG00000024287	ENSMUSG00000024287	RCA, IEA
CRE upregulated	GO:0050794	regulation of cellular process	ENSMUSG00000024026	ENSMUSG00000024026	IDA, ISS, IEA
CRE upregulated	GO:0050794	regulation of cellular process	ENSMUSG00000029475	ENSMUSG00000029475	IDA, IMP, IBA
CRE upregulated	GO:0048583	regulation of response to stimulus	ENSMUSG00000026628	Atf3	IMP, IEA
CRE upregulated	GO:0048583	regulation of response to stimulus	ENSMUSG00000036390	Gadd45a	IMP, IEA
CRE upregulated	GO:0048583	regulation of response to stimulus	ENSMUSG00000052684	Jun	IMP
CRE upregulated	GO:0048583	regulation of response to stimulus	ENSMUSG00000063632	Sox11	IMP, IEA
CRE upregulated	GO:0048583	regulation of response to stimulus	ENSMUSG00000019647	Sema6a	IEA
CRE upregulated	GO:0048583	regulation of response to stimulus	ENSMUSG00000073680	Tmem88b	IBA
CRE upregulated	GO:0048583	regulation of response to stimulus	ENSMUSG00000046223	Plaur	NAS, IEA
CRE upregulated	GO:0048583	regulation of response to stimulus	ENSMUSG00000004951	Hspb1	IDA, ISO, IEA
CRE upregulated	GO:0048583	regulation of response to stimulus	ENSMUSG00000046688	Tifa	IDA, ISS, IBA, IEA
CRE upregulated	GO:0048583	regulation of response to stimulus	ENSMUSG00000025473	Adam8	IDA, IMP
CRE upregulated	GO:0048583	regulation of response to stimulus	ENSMUSG00000030898	Cckbr	ISO
CRE upregulated	GO:0048583	regulation of response to stimulus	ENSMUSG00000046731	Kctd11	IDA
CRE upregulated	GO:0048583	regulation of response to stimulus	ENSMUSG00000037447	Arid5a	IMP
CRE upregulated	GO:0048583	regulation of response to stimulus	ENSMUSG00000033902	Mapkbp1	IEA
CRE upregulated	GO:0048583	regulation of response to stimulus	ENSMUSG00000030748	Il4ra	IGI
CRE upregulated	GO:0048583	regulation of response to stimulus	ENSMUSG00000023905	Tnfrsf12a	IBA
CRE upregulated	GO:0048583	regulation of response to stimulus	ENSMUSG00000030102	Itpr1	IEA
CRE upregulated	GO:0048583	regulation of response to stimulus	ENSMUSG00000021765	Fst	IBA, IEA
CRE upregulated	GO:0048583	regulation of response to stimulus	ENSMUSG00000014599	Csf1	IDA, IEA
CRE upregulated	GO:0048583	regulation of response to stimulus	ENSMUSG00000020427	Igfbp3	IGI, IBA
CRE upregulated	GO:0048583	regulation of response to stimulus	ENSMUSG00000024404	Riok3	IEA
CRE upregulated	GO:0048583	regulation of response to stimulus	ENSMUSG00000030681	Mvp	IEA
CRE upregulated	GO:0048583	regulation of response to stimulus	ENSMUSG00000050989	Selenon	IMP, ISS, IEA
CRE upregulated	GO:0048583	regulation of response to stimulus	ENSMUSG00000035673	Sbno2	IMP, IBA, IEA
CRE upregulated	GO:0048583	regulation of response to stimulus	ENSMUSG00000058153	Sez6l	IGI, IBA
CRE upregulated	GO:0048583	regulation of response to stimulus	ENSMUSG00000032939	Nup93	IDA, IEA
CRE upregulated	GO:0048583	regulation of response to stimulus	ENSMUSG00000003644	Rps6ka1	IEA
CRE upregulated	GO:0048583	regulation of response to stimulus	ENSMUSG00000005087	Cd44	IEA
CRE upregulated	GO:0048583	regulation of response to stimulus	ENSMUSG00000026836	Acvr1	IMP, IEA
CRE upregulated	GO:0048583	regulation of response to stimulus	ENSMUSG00000021453	Gadd45g	IEA
CRE upregulated	GO:0048583	regulation of response to stimulus	ENSMUSG00000002459	Rgs20	IEA
CRE upregulated	GO:0048583	regulation of response to stimulus	ENSMUSG00000048482	Bdnf	IGI, ISO
CRE upregulated	GO:0048583	regulation of response to stimulus	ENSMUSG00000024256	Adcyap1	ISS, ISO, IBA, IEA
CRE upregulated	GO:0048583	regulation of response to stimulus	ENSMUSG00000021070	Bdkrb2	IMP, IGI
CRE upregulated	GO:0048583	regulation of response to stimulus	ENSMUSG00000018736	Ndel1	ISO
CRE upregulated	GO:0048583	regulation of response to stimulus	ENSMUSG00000002250	Ppard	IDA, IMP, IBA, IEA
CRE upregulated	GO:0048583	regulation of response to stimulus	ENSMUSG00000044734	Serpinb1a	IDA
CRE upregulated	GO:0048583	regulation of response to stimulus	ENSMUSG00000038894	Irs2	IMP
CRE upregulated	GO:0048583	regulation of response to stimulus	ENSMUSG00000035828	Pim3	IMP
CRE upregulated	GO:0048583	regulation of response to stimulus	ENSMUSG00000032578	Cish	IEA
CRE upregulated	GO:0048583	regulation of response to stimulus	ENSMUSG00000045136	Tubb2b	ISS, IEA
CRE upregulated	GO:0048583	regulation of response to stimulus	ENSMUSG00000027313	Chac1	ISS, IEA
CRE upregulated	GO:0048583	regulation of response to stimulus	ENSMUSG00000027540	Ptpn1	IMP, IGI, ISS, ISO, IBA, IEA
CRE upregulated	GO:0048583	regulation of response to stimulus	ENSMUSG00000043895	S1pr2	IMP
CRE upregulated	GO:0048583	regulation of response to stimulus	ENSMUSG00000022661	Cd200	IEA
CRE upregulated	GO:0048583	regulation of response to stimulus	ENSMUSG00000028063	Lmna	IMP
CRE upregulated	GO:0048583	regulation of response to stimulus	ENSMUSG00000026254	Eif4e2	IEA
CRE upregulated	GO:0048583	regulation of response to stimulus	ENSMUSG00000030678	Maz	IEA
CRE upregulated	GO:0048583	regulation of response to stimulus	ENSMUSG00000053436	Mapk14	IMP, IEA
CRE upregulated	GO:0048583	regulation of response to stimulus	ENSMUSG00000025809	Itgb1	IGI, ISO, IEA
CRE upregulated	GO:0048583	regulation of response to stimulus	ENSMUSG00000040025	Ythdf2	ISS, IEA
CRE upregulated	GO:0048583	regulation of response to stimulus	ENSMUSG00000025239	Limd1	IMP, ISS, IBA, IEA
CRE upregulated	GO:0048583	regulation of response to stimulus	ENSMUSG00000015243	Abca1	IEA
CRE upregulated	GO:0048583	regulation of response to stimulus	ENSMUSG00000025746	Il6	IDA, IMP, ISO, IBA
CRE upregulated	GO:0048583	regulation of response to stimulus	ENSMUSG00000032231	Anxa2	IMP
CRE upregulated	GO:0048583	regulation of response to stimulus	ENSMUSG00000032280	Tle3	IBA
CRE upregulated	GO:0048583	regulation of response to stimulus	ENSMUSG00000073563	Csnk1g3	IBA
CRE upregulated	GO:0048583	regulation of response to stimulus	ENSMUSG00000031078	Cttn	IGI, ISO
CRE upregulated	GO:0048583	regulation of response to stimulus	ENSMUSG00000022607	Ptk2	IDA, ISS, IEA
CRE upregulated	GO:0048583	regulation of response to stimulus	ENSMUSG00000055994	Nod2	IDA, IMP, ISS, ISO, IBA, IEA
CRE upregulated	GO:0048583	regulation of response to stimulus	ENSMUSG00000024014	Pim1	ISS, IEA
CRE upregulated	GO:0048583	regulation of response to stimulus	ENSMUSG00000037062	Sh3glb1	IDA, IMP, ISO
CRE upregulated	GO:0048583	regulation of response to stimulus	ENSMUSG00000027560	Dok5	IDA, ISO, IBA, IEA
CRE upregulated	GO:0048583	regulation of response to stimulus	ENSMUSG00000059923	Grb2	IDA, IGI, IBA, IEA
CRE upregulated	GO:0048583	regulation of response to stimulus	ENSMUSG00000042406	Atf4	ISO, IEA
CRE upregulated	GO:0048583	regulation of response to stimulus	ENSMUSG00000023079	Gtf2ird1	IDA
CRE upregulated	GO:0048583	regulation of response to stimulus	ENSMUSG00000042726	Trafd1	IMP, IBA
CRE upregulated	GO:0048583	regulation of response to stimulus	ENSMUSG00000020271	Fbxw11	IMP
CRE upregulated	GO:0048583	regulation of response to stimulus	ENSMUSG00000001507	Itga3	IGI, IEA
CRE upregulated	GO:0048583	regulation of response to stimulus	ENSMUSG00000031628	Casp3	IEA
CRE upregulated	GO:0048583	regulation of response to stimulus	ENSMUSG00000025408	Ddit3	IDA, ISS, IEA
CRE upregulated	GO:0048583	regulation of response to stimulus	ENSMUSG00000040435	Ppp1r15a	IDA
CRE upregulated	GO:0048583	regulation of response to stimulus	ENSMUSG00000035199	Arl6ip5	IEA
CRE upregulated	GO:0048583	regulation of response to stimulus	ENSMUSG00000001847	Rac1	IDA, IMP, IEA
CRE upregulated	GO:0048583	regulation of response to stimulus	ENSMUSG00000042121	Ssh1	ISO, IEA
CRE upregulated	GO:0048583	regulation of response to stimulus	ENSMUSG00000050271	Prag1	IMP, ISS, ISO, IEA
CRE upregulated	GO:0048583	regulation of response to stimulus	ENSMUSG00000018909	Arrb1	IMP, ISS, ISO, IBA, IEA
CRE upregulated	GO:0048583	regulation of response to stimulus	ENSMUSG00000024349	Sting1	IDA, IMP, IGI, ISS, IBA, IEA
CRE upregulated	GO:0048583	regulation of response to stimulus	ENSMUSG00000020064	Herc4	IEA
CRE upregulated	GO:0048583	regulation of response to stimulus	ENSMUSG00000024521	Pmaip1	IMP
CRE upregulated	GO:0048583	regulation of response to stimulus	ENSMUSG00000028145	Them4	ISS, IEA
CRE upregulated	GO:0048583	regulation of response to stimulus	ENSMUSG00000054008	Ndst1	IMP, IGI
CRE upregulated	GO:0048583	regulation of response to stimulus	ENSMUSG00000057531	Dtnbp1	ISS, ISO, IEA
CRE upregulated	GO:0048583	regulation of response to stimulus	ENSMUSG00000038552	Fndc4	IDA, IBA, IEA
CRE upregulated	GO:0048583	regulation of response to stimulus	ENSMUSG00000015837	Sqstm1	ISS, IEA
CRE upregulated	GO:0048583	regulation of response to stimulus	ENSMUSG00000022951	Rcan1	ISS, IEA
CRE upregulated	GO:0048583	regulation of response to stimulus	ENSMUSG00000030309	Caprin2	IBA
CRE upregulated	GO:0048583	regulation of response to stimulus	ENSMUSG00000036737	Oxsr1	IMP, IBA, IEA
CRE upregulated	GO:0048583	regulation of response to stimulus	ENSMUSG00000037580	Gch1	IEA
CRE upregulated	GO:0048583	regulation of response to stimulus	ENSMUSG00000031955	Bcar1	ISS, IEA
CRE upregulated	GO:0048583	regulation of response to stimulus	ENSMUSG00000015316	Slamf1	IDA, IMP, IEA
CRE upregulated	GO:0048583	regulation of response to stimulus	ENSMUSG00000029765	Plxna4	IMP
CRE upregulated	GO:0048583	regulation of response to stimulus	ENSMUSG00000022433	Csnk1e	IGI, IBA
CRE upregulated	GO:0048583	regulation of response to stimulus	ENSMUSG00000022346	Myc	IDA, IMP, IEA
CRE upregulated	GO:0048583	regulation of response to stimulus	ENSMUSG00000053113	Socs3	IDA, IGI, IEA
CRE upregulated	GO:0048583	regulation of response to stimulus	ENSMUSG00000026072	Il1r1	IMP, ISS, IBA, IEA
CRE upregulated	GO:0048583	regulation of response to stimulus	ENSMUSG00000027954	Efna1	IDA
CRE upregulated	GO:0048583	regulation of response to stimulus	ENSMUSG00000024789	Jak2	IDA, IMP, IGI, ISS, ISO, NAS, IEA
CRE upregulated	GO:0048583	regulation of response to stimulus	ENSMUSG00000004040	ENSMUSG00000004040	IDA, IMP, ISO, IEA
CRE upregulated	GO:0048583	regulation of response to stimulus	ENSMUSG00000042292	Mrtfa	IDA
CRE upregulated	GO:0048583	regulation of response to stimulus	ENSMUSG00000061589	Dot1l	IEA
CRE upregulated	GO:0048583	regulation of response to stimulus	ENSMUSG00000003269	Cyth2	IEA
CRE upregulated	GO:0048583	regulation of response to stimulus	ENSMUSG00000022602	Arc	IEA
CRE upregulated	GO:0048583	regulation of response to stimulus	ENSMUSG00000020027	Socs2	IMP, IGI, IEA
CRE upregulated	GO:0048583	regulation of response to stimulus	ENSMUSG00000109511	Nup62	IMP, ISS, IEA
CRE upregulated	GO:0048583	regulation of response to stimulus	ENSMUSG00000029135	Fosl2	IDA, IMP
CRE upregulated	GO:0048583	regulation of response to stimulus	ENSMUSG00000020395	Itk	IMP, IBA
CRE upregulated	GO:0048583	regulation of response to stimulus	ENSMUSG00000036990	Otud4	IDA, IBA, IEA
CRE upregulated	GO:0048583	regulation of response to stimulus	ENSMUSG00000004347	ENSMUSG00000004347	ISO
CRE upregulated	GO:0048583	regulation of response to stimulus	ENSMUSG00000029826	Zc3hav1	ISO, TAS
CRE upregulated	GO:0048583	regulation of response to stimulus	ENSMUSG00000050335	Lgals3	IEA
CRE upregulated	GO:0048583	regulation of response to stimulus	ENSMUSG00000024190	Dusp1	IMP, ISS, ISO, IBA, IEA
CRE upregulated	GO:0048583	regulation of response to stimulus	ENSMUSG00000030223	ENSMUSG00000030223	IDA, IBA
CRE upregulated	GO:0048583	regulation of response to stimulus	ENSMUSG00000035236	Scai	IDA, IEA
CRE upregulated	GO:0048583	regulation of response to stimulus	ENSMUSG00000031960	Aars1	ISS, IEA
CRE upregulated	GO:0048583	regulation of response to stimulus	ENSMUSG00000059866	Tnip2	IDA, IMP, ISS, IBA, IEA
CRE upregulated	GO:0048583	regulation of response to stimulus	ENSMUSG00000017615	Tnfaip1	ISS, IBA, IEA
CRE upregulated	GO:0048583	regulation of response to stimulus	ENSMUSG00000033545	Znrf1	IEA
CRE upregulated	GO:0048583	regulation of response to stimulus	ENSMUSG00000026930	Gpsm1	ISO
CRE upregulated	GO:0048583	regulation of response to stimulus	ENSMUSG00000040033	ENSMUSG00000040033	IEA
CRE upregulated	GO:0048583	regulation of response to stimulus	ENSMUSG00000021360	ENSMUSG00000021360	IMP, IEA
CRE upregulated	GO:0048583	regulation of response to stimulus	ENSMUSG00000059316	Slc27a4	IEA
CRE upregulated	GO:0048583	regulation of response to stimulus	ENSMUSG00000024803	Ankrd1	IEA
CRE upregulated	GO:0048583	regulation of response to stimulus	ENSMUSG00000021306	Gpr137b	IEA
CRE upregulated	GO:0048583	regulation of response to stimulus	ENSMUSG00000023915	Tnfrsf21	IMP
CRE upregulated	GO:0048583	regulation of response to stimulus	ENSMUSG00000024912	Fosl1	IMP
CRE upregulated	GO:0048583	regulation of response to stimulus	ENSMUSG00000024927	Rela	IDA, IMP, ISO, IEA
CRE upregulated	GO:0048583	regulation of response to stimulus	ENSMUSG00000029458	ENSMUSG00000029458	IEA
CRE upregulated	GO:0048583	regulation of response to stimulus	ENSMUSG00000042608	Stk40	IMP
CRE upregulated	GO:0048583	regulation of response to stimulus	ENSMUSG00000053716	Dusp7	IBA
CRE upregulated	GO:0048583	regulation of response to stimulus	ENSMUSG00000036206	Sh3bp4	ISS, IEA
CRE upregulated	GO:0048583	regulation of response to stimulus	ENSMUSG00000025793	ENSMUSG00000025793	IEA
CRE upregulated	GO:0048583	regulation of response to stimulus	ENSMUSG00000038591	Colec10	IEA
CRE upregulated	GO:0048583	regulation of response to stimulus	ENSMUSG00000027692	Tnik	ISS, IBA, IEA
CRE upregulated	GO:0048583	regulation of response to stimulus	ENSMUSG00000050730	Arhgap42	IMP
CRE upregulated	GO:0048583	regulation of response to stimulus	ENSMUSG00000024238	Zeb1	IGI
CRE upregulated	GO:0048583	regulation of response to stimulus	ENSMUSG00000028893	Sesn2	IMP, IBA, IEA
CRE upregulated	GO:0048583	regulation of response to stimulus	ENSMUSG00000025279	ENSMUSG00000025279	IDA
CRE upregulated	GO:0048583	regulation of response to stimulus	ENSMUSG00000024947	Men1	ISO, IEA
CRE upregulated	GO:0048583	regulation of response to stimulus	ENSMUSG00000029071	ENSMUSG00000029071	IMP, ISO, IEA
CRE upregulated	GO:0048583	regulation of response to stimulus	ENSMUSG00000064210	ENSMUSG00000064210	IMP, IEA
CRE upregulated	GO:0048583	regulation of response to stimulus	ENSMUSG00000024777	ENSMUSG00000024777	ISO, IEA
CRE upregulated	GO:0048583	regulation of response to stimulus	ENSMUSG00000024335	Brd2	IDA, IEA
CRE upregulated	GO:0048583	regulation of response to stimulus	ENSMUSG00000026074	Map4k4	IEA
CRE upregulated	GO:0048583	regulation of response to stimulus	ENSMUSG00000040365	Trim41	ISS, IEA
CRE upregulated	GO:0048583	regulation of response to stimulus	ENSMUSG00000025485	ENSMUSG00000025485	ISO
CRE upregulated	GO:0048583	regulation of response to stimulus	ENSMUSG00000028466	Creb3	IEA
CRE upregulated	GO:0048583	regulation of response to stimulus	ENSMUSG00000029175	Slc35f6	ISS, IEA
CRE upregulated	GO:0048583	regulation of response to stimulus	ENSMUSG00000025162	ENSMUSG00000025162	IGI, IBA, IEA
CRE upregulated	GO:0048583	regulation of response to stimulus	ENSMUSG00000031668	ENSMUSG00000031668	IEA
CRE upregulated	GO:0048583	regulation of response to stimulus	ENSMUSG00000053175	Bcl3	IEA
CRE upregulated	GO:0048583	regulation of response to stimulus	ENSMUSG00000037815	Ctnna1	IMP, IGI
CRE upregulated	GO:0048583	regulation of response to stimulus	ENSMUSG00000020349	ENSMUSG00000020349	IMP, ISS, IEA
CRE upregulated	GO:0048583	regulation of response to stimulus	ENSMUSG00000024517	Grp	IMP
CRE upregulated	GO:0048583	regulation of response to stimulus	ENSMUSG00000025340	Rabgef1	IDA, IMP
CRE upregulated	GO:0048583	regulation of response to stimulus	ENSMUSG00000028599	Tnfrsf1b	IMP, IGI, IBA
CRE upregulated	GO:0048583	regulation of response to stimulus	ENSMUSG00000044147	Arf6	NAS, IEA
CRE upregulated	GO:0048583	regulation of response to stimulus	ENSMUSG00000052298	Cdc42se2	ISS, IEA
CRE upregulated	GO:0048583	regulation of response to stimulus	ENSMUSG00000030662	ENSMUSG00000030662	IEA
CRE upregulated	GO:0048583	regulation of response to stimulus	ENSMUSG00000011877	Git1	IMP, ISO, IBA, IEA
CRE upregulated	GO:0048583	regulation of response to stimulus	ENSMUSG00000024270	ENSMUSG00000024270	ISS, IEA
CRE upregulated	GO:0048583	regulation of response to stimulus	ENSMUSG00000039985	Sinhcaf	NAS
CRE upregulated	GO:0048583	regulation of response to stimulus	ENSMUSG00000007411	ENSMUSG00000007411	ISS, IEA
CRE upregulated	GO:0048583	regulation of response to stimulus	ENSMUSG00000047281	ENSMUSG00000047281	ISS, IEA
CRE upregulated	GO:0048583	regulation of response to stimulus	ENSMUSG00000025351	Cd63	IMP, ISS, IBA, IEA
CRE upregulated	GO:0048583	regulation of response to stimulus	ENSMUSG00000021796	Bmpr1a	IEA
CRE upregulated	GO:0048583	regulation of response to stimulus	ENSMUSG00000031383	Dusp9	IDA, IBA
CRE upregulated	GO:0048583	regulation of response to stimulus	ENSMUSG00000049649	Gpr3	ISO, IEA
CRE upregulated	GO:0048583	regulation of response to stimulus	ENSMUSG00000019842	ENSMUSG00000019842	IBA, IEA
CRE upregulated	GO:0048583	regulation of response to stimulus	ENSMUSG00000070056	ENSMUSG00000070056	IMP, ISS, IEA
CRE upregulated	GO:0048583	regulation of response to stimulus	ENSMUSG00000037860	Aim2	IDA, IMP, IBA, NAS, IEA
CRE upregulated	GO:0048583	regulation of response to stimulus	ENSMUSG00000039191	Rbpj	IMP
CRE upregulated	GO:0048583	regulation of response to stimulus	ENSMUSG00000000001	ENSMUSG00000000001	ISO
CRE upregulated	GO:0048583	regulation of response to stimulus	ENSMUSG00000019256	ENSMUSG00000019256	IEA
CRE upregulated	GO:0048583	regulation of response to stimulus	ENSMUSG00000039844	ENSMUSG00000039844	IMP, IGI, ISO, IEA
CRE upregulated	GO:0048583	regulation of response to stimulus	ENSMUSG00000051316	Taf7	NAS
CRE upregulated	GO:0048583	regulation of response to stimulus	ENSMUSG00000027997	Casp6	ISS, IEA
CRE upregulated	GO:0048583	regulation of response to stimulus	ENSMUSG00000020594	ENSMUSG00000020594	ISO, IEA
CRE upregulated	GO:0048583	regulation of response to stimulus	ENSMUSG00000020448	Rnf185	ISS, IEA
CRE upregulated	GO:0048583	regulation of response to stimulus	ENSMUSG00000000787	ENSMUSG00000000787	IDA, ISS
CRE upregulated	GO:0048583	regulation of response to stimulus	ENSMUSG00000008859	ENSMUSG00000008859	IEA
CRE upregulated	GO:0048583	regulation of response to stimulus	ENSMUSG00000008730	Hipk1	IEA
CRE upregulated	GO:0048583	regulation of response to stimulus	ENSMUSG00000022948	Setd4	IDA
CRE upregulated	GO:0048583	regulation of response to stimulus	ENSMUSG00000046722	ENSMUSG00000046722	ISS, IEA
CRE upregulated	GO:0048583	regulation of response to stimulus	ENSMUSG00000022094	ENSMUSG00000022094	IMP
CRE upregulated	GO:0048583	regulation of response to stimulus	ENSMUSG00000038676	Ucn	ISO, IEA
CRE upregulated	GO:0048583	regulation of response to stimulus	ENSMUSG00000059743	ENSMUSG00000059743	ISO
CRE upregulated	GO:0048583	regulation of response to stimulus	ENSMUSG00000052681	Rap1b	IGI
CRE upregulated	GO:0048583	regulation of response to stimulus	ENSMUSG00000037553	ENSMUSG00000037553	ISS, IEA
CRE upregulated	GO:0048583	regulation of response to stimulus	ENSMUSG00000042185	ENSMUSG00000042185	IDA, IMP
CRE upregulated	GO:0048583	regulation of response to stimulus	ENSMUSG00000032508	Myd88	IMP, IGI, ISS, IBA, IEA
CRE upregulated	GO:0048583	regulation of response to stimulus	ENSMUSG00000026864	ENSMUSG00000026864	IGI, ISS
CRE upregulated	GO:0048583	regulation of response to stimulus	ENSMUSG00000021072	Tmx1	IMP, ISS, IEA
CRE upregulated	GO:0048583	regulation of response to stimulus	ENSMUSG00000002633	Shh	IDA, IMP, ISS, ISO, IEA
CRE upregulated	GO:0048583	regulation of response to stimulus	ENSMUSG00000032462	ENSMUSG00000032462	IMP, IGI, IEA
CRE upregulated	GO:0048583	regulation of response to stimulus	ENSMUSG00000004270	ENSMUSG00000004270	IDA, IMP
CRE upregulated	GO:0048583	regulation of response to stimulus	ENSMUSG00000027944	Hax1	IEA
CRE upregulated	GO:0048583	regulation of response to stimulus	ENSMUSG00000039671	ENSMUSG00000039671	ISO, IEA
CRE upregulated	GO:0048583	regulation of response to stimulus	ENSMUSG00000045174	ENSMUSG00000045174	IBA
CRE upregulated	GO:0048583	regulation of response to stimulus	ENSMUSG00000029145	ENSMUSG00000029145	ISS, IEA
CRE upregulated	GO:0048583	regulation of response to stimulus	ENSMUSG00000038250	ENSMUSG00000038250	IEA
CRE upregulated	GO:0048583	regulation of response to stimulus	ENSMUSG00000028291	ENSMUSG00000028291	IMP, IBA
CRE upregulated	GO:0048583	regulation of response to stimulus	ENSMUSG00000037411	Serpine1	IEA
CRE upregulated	GO:0048583	regulation of response to stimulus	ENSMUSG00000020340	ENSMUSG00000020340	IMP
CRE upregulated	GO:0048583	regulation of response to stimulus	ENSMUSG00000019843	ENSMUSG00000019843	IGI, ISO, IBA, IEA
CRE upregulated	GO:0048583	regulation of response to stimulus	ENSMUSG00000024493	ENSMUSG00000024493	IEA
CRE upregulated	GO:0048583	regulation of response to stimulus	ENSMUSG00000027646	ENSMUSG00000027646	IDA, IMP, IGI, ISO, IBA, IEA
CRE upregulated	GO:0048583	regulation of response to stimulus	ENSMUSG00000021340	ENSMUSG00000021340	IEA
CRE upregulated	GO:0048583	regulation of response to stimulus	ENSMUSG00000032501	Trib1	IEA
CRE upregulated	GO:0048583	regulation of response to stimulus	ENSMUSG00000031642	Sh3rf1	IEA
CRE upregulated	GO:0048583	regulation of response to stimulus	ENSMUSG00000042197	ENSMUSG00000042197	ISS, IEA
CRE upregulated	GO:0048583	regulation of response to stimulus	ENSMUSG00000074886	ENSMUSG00000074886	ISO, IBA
CRE upregulated	GO:0048583	regulation of response to stimulus	ENSMUSG00000031073	Fgf15	IBA
CRE upregulated	GO:0048583	regulation of response to stimulus	ENSMUSG00000015839	Nfe2l2	IMP, ISO, IEA
CRE upregulated	GO:0048583	regulation of response to stimulus	ENSMUSG00000021477	ENSMUSG00000021477	IBA
CRE upregulated	GO:0048583	regulation of response to stimulus	ENSMUSG00000019998	ENSMUSG00000019998	IEA
CRE upregulated	GO:0048583	regulation of response to stimulus	ENSMUSG00000054499	ENSMUSG00000054499	IEA
CRE upregulated	GO:0048583	regulation of response to stimulus	ENSMUSG00000031751	ENSMUSG00000031751	IMP, IEA
CRE upregulated	GO:0048583	regulation of response to stimulus	ENSMUSG00000054204	ENSMUSG00000054204	IBA, IEA
CRE upregulated	GO:0048583	regulation of response to stimulus	ENSMUSG00000003541	ENSMUSG00000003541	IDA, IMP
CRE upregulated	GO:0035556	intracellular signal transduction	ENSMUSG00000026628	Atf3	IMP
CRE upregulated	GO:0035556	intracellular signal transduction	ENSMUSG00000036390	Gadd45a	IEA
CRE upregulated	GO:0035556	intracellular signal transduction	ENSMUSG00000052684	Jun	IDA, IMP
CRE upregulated	GO:0035556	intracellular signal transduction	ENSMUSG00000063632	Sox11	IMP
CRE upregulated	GO:0035556	intracellular signal transduction	ENSMUSG00000019647	Sema6a	IEA
CRE upregulated	GO:0035556	intracellular signal transduction	ENSMUSG00000046223	Plaur	IEA
CRE upregulated	GO:0035556	intracellular signal transduction	ENSMUSG00000004951	Hspb1	IDA, IEA
CRE upregulated	GO:0035556	intracellular signal transduction	ENSMUSG00000046688	Tifa	IDA, ISS, IBA, IEA
CRE upregulated	GO:0035556	intracellular signal transduction	ENSMUSG00000025473	Adam8	IDA
CRE upregulated	GO:0035556	intracellular signal transduction	ENSMUSG00000030898	Cckbr	ISO
CRE upregulated	GO:0035556	intracellular signal transduction	ENSMUSG00000024143	Rhoq	IEA
CRE upregulated	GO:0035556	intracellular signal transduction	ENSMUSG00000033902	Mapkbp1	IEA
CRE upregulated	GO:0035556	intracellular signal transduction	ENSMUSG00000030102	Itpr1	IMP, IEA
CRE upregulated	GO:0035556	intracellular signal transduction	ENSMUSG00000014599	Csf1	IDA
CRE upregulated	GO:0035556	intracellular signal transduction	ENSMUSG00000020427	Igfbp3	IGI
CRE upregulated	GO:0035556	intracellular signal transduction	ENSMUSG00000023067	Cdkn1a	IMP, ISS, IEA
CRE upregulated	GO:0035556	intracellular signal transduction	ENSMUSG00000024404	Riok3	IEA
CRE upregulated	GO:0035556	intracellular signal transduction	ENSMUSG00000006304	Arpc2	ISO
CRE upregulated	GO:0035556	intracellular signal transduction	ENSMUSG00000030272	Camk1	IEA
CRE upregulated	GO:0035556	intracellular signal transduction	ENSMUSG00000031681	Smad1	IMP, IGI, ISO, IBA, IEA
CRE upregulated	GO:0035556	intracellular signal transduction	ENSMUSG00000058153	Sez6l	IGI, IBA
CRE upregulated	GO:0035556	intracellular signal transduction	ENSMUSG00000032939	Nup93	IDA, IEA
CRE upregulated	GO:0035556	intracellular signal transduction	ENSMUSG00000003644	Rps6ka1	IEA
CRE upregulated	GO:0035556	intracellular signal transduction	ENSMUSG00000042688	Mapk6	IBA, IEA
CRE upregulated	GO:0035556	intracellular signal transduction	ENSMUSG00000005087	Cd44	IEA
CRE upregulated	GO:0035556	intracellular signal transduction	ENSMUSG00000026836	Acvr1	IMP, IEA
CRE upregulated	GO:0035556	intracellular signal transduction	ENSMUSG00000021453	Gadd45g	IEA
CRE upregulated	GO:0035556	intracellular signal transduction	ENSMUSG00000068566	Myadm	IEA
CRE upregulated	GO:0035556	intracellular signal transduction	ENSMUSG00000048482	Bdnf	ISO
CRE upregulated	GO:0035556	intracellular signal transduction	ENSMUSG00000024256	Adcyap1	ISS, ISO, IBA, IEA
CRE upregulated	GO:0035556	intracellular signal transduction	ENSMUSG00000021070	Bdkrb2	IMP, IGI
CRE upregulated	GO:0035556	intracellular signal transduction	ENSMUSG00000002250	Ppard	IDA, IEA
CRE upregulated	GO:0035556	intracellular signal transduction	ENSMUSG00000038894	Irs2	IMP
CRE upregulated	GO:0035556	intracellular signal transduction	ENSMUSG00000032578	Cish	IEA
CRE upregulated	GO:0035556	intracellular signal transduction	ENSMUSG00000029518	Rab35	IEA
CRE upregulated	GO:0035556	intracellular signal transduction	ENSMUSG00000054855	Rnd1	IEA
CRE upregulated	GO:0035556	intracellular signal transduction	ENSMUSG00000027313	Chac1	ISS, IEA
CRE upregulated	GO:0035556	intracellular signal transduction	ENSMUSG00000039954	Stk32a	IBA
CRE upregulated	GO:0035556	intracellular signal transduction	ENSMUSG00000027540	Ptpn1	IMP, IGI, ISS, IBA, IEA
CRE upregulated	GO:0035556	intracellular signal transduction	ENSMUSG00000034226	Rhov	IBA, IEA
CRE upregulated	GO:0035556	intracellular signal transduction	ENSMUSG00000030678	Maz	IEA
CRE upregulated	GO:0035556	intracellular signal transduction	ENSMUSG00000053436	Mapk14	IDA, IMP, ISS, ISO, IBA, IEA
CRE upregulated	GO:0035556	intracellular signal transduction	ENSMUSG00000025809	Itgb1	IGI, IEA
CRE upregulated	GO:0035556	intracellular signal transduction	ENSMUSG00000025239	Limd1	ISS, IBA, IEA
CRE upregulated	GO:0035556	intracellular signal transduction	ENSMUSG00000005370	Msh6	IMP
CRE upregulated	GO:0035556	intracellular signal transduction	ENSMUSG00000011008	Mcoln2	IEA
CRE upregulated	GO:0035556	intracellular signal transduction	ENSMUSG00000015243	Abca1	IEA
CRE upregulated	GO:0035556	intracellular signal transduction	ENSMUSG00000025746	Il6	ISO
CRE upregulated	GO:0035556	intracellular signal transduction	ENSMUSG00000002233	Rhoc	IEA
CRE upregulated	GO:0035556	intracellular signal transduction	ENSMUSG00000022607	Ptk2	ISS, ISO
CRE upregulated	GO:0035556	intracellular signal transduction	ENSMUSG00000055994	Nod2	IDA, IMP, ISS, ISO, IBA, IEA
CRE upregulated	GO:0035556	intracellular signal transduction	ENSMUSG00000024014	Pim1	ISS, IEA
CRE upregulated	GO:0035556	intracellular signal transduction	ENSMUSG00000037062	Sh3glb1	IDA, IMP
CRE upregulated	GO:0035556	intracellular signal transduction	ENSMUSG00000020580	Rock2	IEA
CRE upregulated	GO:0035556	intracellular signal transduction	ENSMUSG00000021990	Spata13	IEA
CRE upregulated	GO:0035556	intracellular signal transduction	ENSMUSG00000069094	Pde7a	IDA, IBA, IEA
CRE upregulated	GO:0035556	intracellular signal transduction	ENSMUSG00000027560	Dok5	IDA, IBA
CRE upregulated	GO:0035556	intracellular signal transduction	ENSMUSG00000059923	Grb2	IGI, IBA, TAS, IEA
CRE upregulated	GO:0035556	intracellular signal transduction	ENSMUSG00000042406	Atf4	IDA, IMP, ISS, ISO, IEA
CRE upregulated	GO:0035556	intracellular signal transduction	ENSMUSG00000020271	Fbxw11	IMP
CRE upregulated	GO:0035556	intracellular signal transduction	ENSMUSG00000001507	Itga3	IGI
CRE upregulated	GO:0035556	intracellular signal transduction	ENSMUSG00000055723	Rras2	IDA, IEA
CRE upregulated	GO:0035556	intracellular signal transduction	ENSMUSG00000031628	Casp3	IDA, ISO, NAS, IEA
CRE upregulated	GO:0035556	intracellular signal transduction	ENSMUSG00000025408	Ddit3	IDA, IMP, ISS, ISO, IBA, IEA
CRE upregulated	GO:0035556	intracellular signal transduction	ENSMUSG00000040435	Ppp1r15a	IMP
CRE upregulated	GO:0035556	intracellular signal transduction	ENSMUSG00000035199	Arl6ip5	IEA
CRE upregulated	GO:0035556	intracellular signal transduction	ENSMUSG00000001847	Rac1	IDA, IMP, IGI, ISO, IBA, IEA
CRE upregulated	GO:0035556	intracellular signal transduction	ENSMUSG00000050271	Prag1	ISS, ISO, IEA
CRE upregulated	GO:0035556	intracellular signal transduction	ENSMUSG00000018909	Arrb1	IMP, ISO, IBA, IEA
CRE upregulated	GO:0035556	intracellular signal transduction	ENSMUSG00000024349	Sting1	IDA, ISS, IEA
CRE upregulated	GO:0035556	intracellular signal transduction	ENSMUSG00000024521	Pmaip1	IDA, IMP
CRE upregulated	GO:0035556	intracellular signal transduction	ENSMUSG00000026821	Ralgds	IBA, IEA
CRE upregulated	GO:0035556	intracellular signal transduction	ENSMUSG00000028145	Them4	ISS, IEA
CRE upregulated	GO:0035556	intracellular signal transduction	ENSMUSG00000026107	Nabp1	ISS, ISO, IEA
CRE upregulated	GO:0035556	intracellular signal transduction	ENSMUSG00000054008	Ndst1	IMP
CRE upregulated	GO:0035556	intracellular signal transduction	ENSMUSG00000015837	Sqstm1	ISS, IEA
CRE upregulated	GO:0035556	intracellular signal transduction	ENSMUSG00000022951	Rcan1	IMP, IGI, ISS, IBA, IEA
CRE upregulated	GO:0035556	intracellular signal transduction	ENSMUSG00000036737	Oxsr1	IGI, ISS, IBA, IEA
CRE upregulated	GO:0035556	intracellular signal transduction	ENSMUSG00000015316	Slamf1	IEA
CRE upregulated	GO:0035556	intracellular signal transduction	ENSMUSG00000022346	Myc	IDA, IMP, ISS, IEA
CRE upregulated	GO:0035556	intracellular signal transduction	ENSMUSG00000053113	Socs3	ISO, IEA
CRE upregulated	GO:0035556	intracellular signal transduction	ENSMUSG00000027954	Efna1	IDA
CRE upregulated	GO:0035556	intracellular signal transduction	ENSMUSG00000026247	Ecel1	ISO
CRE upregulated	GO:0035556	intracellular signal transduction	ENSMUSG00000024789	Jak2	IDA, IMP, ISS, ISO, IBA, IEA
CRE upregulated	GO:0035556	intracellular signal transduction	ENSMUSG00000004040	ENSMUSG00000004040	IDA, IEA
CRE upregulated	GO:0035556	intracellular signal transduction	ENSMUSG00000061589	Dot1l	IBA, IEA
CRE upregulated	GO:0035556	intracellular signal transduction	ENSMUSG00000003269	Cyth2	IEA
CRE upregulated	GO:0035556	intracellular signal transduction	ENSMUSG00000020027	Socs2	IMP, IEA
CRE upregulated	GO:0035556	intracellular signal transduction	ENSMUSG00000109511	Nup62	IMP, ISS, IEA
CRE upregulated	GO:0035556	intracellular signal transduction	ENSMUSG00000020395	Itk	IEA
CRE upregulated	GO:0035556	intracellular signal transduction	ENSMUSG00000004347	ENSMUSG00000004347	IBA
CRE upregulated	GO:0035556	intracellular signal transduction	ENSMUSG00000029826	Zc3hav1	ISO, TAS
CRE upregulated	GO:0035556	intracellular signal transduction	ENSMUSG00000024190	Dusp1	IMP, ISS, ISO, IBA, IEA
CRE upregulated	GO:0035556	intracellular signal transduction	ENSMUSG00000035236	Scai	IDA
CRE upregulated	GO:0035556	intracellular signal transduction	ENSMUSG00000027797	Dclk1	IEA
CRE upregulated	GO:0035556	intracellular signal transduction	ENSMUSG00000031960	Aars1	ISS, IEA
CRE upregulated	GO:0035556	intracellular signal transduction	ENSMUSG00000059866	Tnip2	IDA, IMP, ISS, IBA, IEA
CRE upregulated	GO:0035556	intracellular signal transduction	ENSMUSG00000004865	ENSMUSG00000004865	IDA, IBA, IEA
CRE upregulated	GO:0035556	intracellular signal transduction	ENSMUSG00000036882	ENSMUSG00000036882	IBA
CRE upregulated	GO:0035556	intracellular signal transduction	ENSMUSG00000041594	ENSMUSG00000041594	IMP, IBA
CRE upregulated	GO:0035556	intracellular signal transduction	ENSMUSG00000017615	Tnfaip1	ISS, IBA, IEA
CRE upregulated	GO:0035556	intracellular signal transduction	ENSMUSG00000021360	ENSMUSG00000021360	IMP, IEA
CRE upregulated	GO:0035556	intracellular signal transduction	ENSMUSG00000024803	Ankrd1	IGI, IEA
CRE upregulated	GO:0035556	intracellular signal transduction	ENSMUSG00000021306	Gpr137b	IEA
CRE upregulated	GO:0035556	intracellular signal transduction	ENSMUSG00000024927	Rela	IDA, ISO, IBA, IEA
CRE upregulated	GO:0035556	intracellular signal transduction	ENSMUSG00000029458	ENSMUSG00000029458	ISO, IBA, IEA
CRE upregulated	GO:0035556	intracellular signal transduction	ENSMUSG00000042608	Stk40	IMP
CRE upregulated	GO:0035556	intracellular signal transduction	ENSMUSG00000053716	Dusp7	IBA
CRE upregulated	GO:0035556	intracellular signal transduction	ENSMUSG00000036206	Sh3bp4	ISS, IEA
CRE upregulated	GO:0035556	intracellular signal transduction	ENSMUSG00000027692	Tnik	ISS, IBA, IEA
CRE upregulated	GO:0035556	intracellular signal transduction	ENSMUSG00000050730	Arhgap42	IMP
CRE upregulated	GO:0035556	intracellular signal transduction	ENSMUSG00000028893	Sesn2	IMP, ISO, IBA, IEA
CRE upregulated	GO:0035556	intracellular signal transduction	ENSMUSG00000038861	Pi4kb	IBA
CRE upregulated	GO:0035556	intracellular signal transduction	ENSMUSG00000024947	Men1	IEA
CRE upregulated	GO:0035556	intracellular signal transduction	ENSMUSG00000029071	ENSMUSG00000029071	IEA
CRE upregulated	GO:0035556	intracellular signal transduction	ENSMUSG00000036894	Rap2b	IDA, IBA, IEA
CRE upregulated	GO:0035556	intracellular signal transduction	ENSMUSG00000032715	Trib3	ISS, IEA
CRE upregulated	GO:0035556	intracellular signal transduction	ENSMUSG00000020694	ENSMUSG00000020694	ISS, IBA, IEA
CRE upregulated	GO:0035556	intracellular signal transduction	ENSMUSG00000028466	Creb3	IEA
CRE upregulated	GO:0035556	intracellular signal transduction	ENSMUSG00000010660	Plcd1	IBA, IEA
CRE upregulated	GO:0035556	intracellular signal transduction	ENSMUSG00000031668	ENSMUSG00000031668	IEA
CRE upregulated	GO:0035556	intracellular signal transduction	ENSMUSG00000053175	Bcl3	ISO, IEA
CRE upregulated	GO:0035556	intracellular signal transduction	ENSMUSG00000020349	ENSMUSG00000020349	IMP, ISS, IEA
CRE upregulated	GO:0035556	intracellular signal transduction	ENSMUSG00000025340	Rabgef1	IMP
CRE upregulated	GO:0035556	intracellular signal transduction	ENSMUSG00000028599	Tnfrsf1b	IMP, IBA
CRE upregulated	GO:0035556	intracellular signal transduction	ENSMUSG00000044147	Arf6	IEA
CRE upregulated	GO:0035556	intracellular signal transduction	ENSMUSG00000052298	Cdc42se2	IEA
CRE upregulated	GO:0035556	intracellular signal transduction	ENSMUSG00000030662	ENSMUSG00000030662	IEA
CRE upregulated	GO:0035556	intracellular signal transduction	ENSMUSG00000011877	Git1	ISO, IBA, IEA
CRE upregulated	GO:0035556	intracellular signal transduction	ENSMUSG00000007411	ENSMUSG00000007411	ISS, IBA, IEA
CRE upregulated	GO:0035556	intracellular signal transduction	ENSMUSG00000047281	ENSMUSG00000047281	IDA, IEA
CRE upregulated	GO:0035556	intracellular signal transduction	ENSMUSG00000021796	Bmpr1a	IEA
CRE upregulated	GO:0035556	intracellular signal transduction	ENSMUSG00000031383	Dusp9	IDA, IBA
CRE upregulated	GO:0035556	intracellular signal transduction	ENSMUSG00000049649	Gpr3	ISO, IEA
CRE upregulated	GO:0035556	intracellular signal transduction	ENSMUSG00000019842	ENSMUSG00000019842	IBA, IEA
CRE upregulated	GO:0035556	intracellular signal transduction	ENSMUSG00000070056	ENSMUSG00000070056	ISS, IEA
CRE upregulated	GO:0035556	intracellular signal transduction	ENSMUSG00000041598	Cdc42ep4	IDA, IBA
CRE upregulated	GO:0035556	intracellular signal transduction	ENSMUSG00000045664	Cdc42ep2	IBA
CRE upregulated	GO:0035556	intracellular signal transduction	ENSMUSG00000037860	Aim2	IDA
CRE upregulated	GO:0035556	intracellular signal transduction	ENSMUSG00000048668	Rhno1	IEA
CRE upregulated	GO:0035556	intracellular signal transduction	ENSMUSG00000019256	ENSMUSG00000019256	IEA
CRE upregulated	GO:0035556	intracellular signal transduction	ENSMUSG00000039844	ENSMUSG00000039844	IMP, IGI, ISO, IBA, IEA
CRE upregulated	GO:0035556	intracellular signal transduction	ENSMUSG00000035725	ENSMUSG00000035725	IBA
CRE upregulated	GO:0035556	intracellular signal transduction	ENSMUSG00000051316	Taf7	IDA
CRE upregulated	GO:0035556	intracellular signal transduction	ENSMUSG00000017677	Wsb1	IEA
CRE upregulated	GO:0035556	intracellular signal transduction	ENSMUSG00000040463	ENSMUSG00000040463	IEA
CRE upregulated	GO:0035556	intracellular signal transduction	ENSMUSG00000027997	Casp6	ISS, IEA
CRE upregulated	GO:0035556	intracellular signal transduction	ENSMUSG00000020594	ENSMUSG00000020594	IEA
CRE upregulated	GO:0035556	intracellular signal transduction	ENSMUSG00000000787	ENSMUSG00000000787	IDA, ISS
CRE upregulated	GO:0035556	intracellular signal transduction	ENSMUSG00000008859	ENSMUSG00000008859	IBA, IEA
CRE upregulated	GO:0035556	intracellular signal transduction	ENSMUSG00000008730	Hipk1	IGI, IBA
CRE upregulated	GO:0035556	intracellular signal transduction	ENSMUSG00000046722	ENSMUSG00000046722	ISS, IEA
CRE upregulated	GO:0035556	intracellular signal transduction	ENSMUSG00000038676	Ucn	ISO, IEA
CRE upregulated	GO:0035556	intracellular signal transduction	ENSMUSG00000052681	Rap1b	IDA, IGI, ISS, IBA, IEA
CRE upregulated	GO:0035556	intracellular signal transduction	ENSMUSG00000037553	ENSMUSG00000037553	IEA
CRE upregulated	GO:0035556	intracellular signal transduction	ENSMUSG00000032508	Myd88	IMP, IGI, ISS, ISO, IEA
CRE upregulated	GO:0035556	intracellular signal transduction	ENSMUSG00000026864	ENSMUSG00000026864	IDA, IMP, ISS, IBA
CRE upregulated	GO:0035556	intracellular signal transduction	ENSMUSG00000032462	ENSMUSG00000032462	IMP, IGI, IBA, IEA
CRE upregulated	GO:0035556	intracellular signal transduction	ENSMUSG00000025198	ENSMUSG00000025198	IBA, IEA
CRE upregulated	GO:0035556	intracellular signal transduction	ENSMUSG00000027944	Hax1	IEA
CRE upregulated	GO:0035556	intracellular signal transduction	ENSMUSG00000023277	ENSMUSG00000023277	ISO
CRE upregulated	GO:0035556	intracellular signal transduction	ENSMUSG00000019843	ENSMUSG00000019843	ISO, IEA
CRE upregulated	GO:0035556	intracellular signal transduction	ENSMUSG00000024493	ENSMUSG00000024493	IEA
CRE upregulated	GO:0035556	intracellular signal transduction	ENSMUSG00000027646	ENSMUSG00000027646	IMP, IGI, ISO, IBA, IEA
CRE upregulated	GO:0035556	intracellular signal transduction	ENSMUSG00000032501	Trib1	IEA
CRE upregulated	GO:0035556	intracellular signal transduction	ENSMUSG00000031073	Fgf15	IBA
CRE upregulated	GO:0035556	intracellular signal transduction	ENSMUSG00000015839	Nfe2l2	IDA, IEA
CRE upregulated	GO:0035556	intracellular signal transduction	ENSMUSG00000040843	ENSMUSG00000040843	IBA, IEA
CRE upregulated	GO:0035556	intracellular signal transduction	ENSMUSG00000024907	Gal	IEA
CRE upregulated	GO:0035556	intracellular signal transduction	ENSMUSG00000031751	ENSMUSG00000031751	IMP, IBA, IEA
CRE upregulated	GO:0035556	intracellular signal transduction	ENSMUSG00000054204	ENSMUSG00000054204	IBA, IEA
CRE upregulated	GO:0035556	intracellular signal transduction	ENSMUSG00000003541	ENSMUSG00000003541	IDA, IMP
CRE upregulated	GO:0023051	regulation of signaling	ENSMUSG00000026628	Atf3	IMP, IEA
CRE upregulated	GO:0023051	regulation of signaling	ENSMUSG00000036390	Gadd45a	IMP, IEA
CRE upregulated	GO:0023051	regulation of signaling	ENSMUSG00000052684	Jun	IMP
CRE upregulated	GO:0023051	regulation of signaling	ENSMUSG00000063632	Sox11	IMP, IEA
CRE upregulated	GO:0023051	regulation of signaling	ENSMUSG00000019647	Sema6a	IEA
CRE upregulated	GO:0023051	regulation of signaling	ENSMUSG00000073680	Tmem88b	IBA
CRE upregulated	GO:0023051	regulation of signaling	ENSMUSG00000037428	Vgf	ISO, IBA, IEA
CRE upregulated	GO:0023051	regulation of signaling	ENSMUSG00000042816	Gpr151	EXP, IDA, IMP
CRE upregulated	GO:0023051	regulation of signaling	ENSMUSG00000046223	Plaur	IEA
CRE upregulated	GO:0023051	regulation of signaling	ENSMUSG00000031574	Star	ISO, IEA
CRE upregulated	GO:0023051	regulation of signaling	ENSMUSG00000004951	Hspb1	IDA
CRE upregulated	GO:0023051	regulation of signaling	ENSMUSG00000046688	Tifa	IDA, ISS, IBA, IEA
CRE upregulated	GO:0023051	regulation of signaling	ENSMUSG00000025473	Adam8	IDA
CRE upregulated	GO:0023051	regulation of signaling	ENSMUSG00000030898	Cckbr	ISO
CRE upregulated	GO:0023051	regulation of signaling	ENSMUSG00000046731	Kctd11	IDA
CRE upregulated	GO:0023051	regulation of signaling	ENSMUSG00000033902	Mapkbp1	IEA
CRE upregulated	GO:0023051	regulation of signaling	ENSMUSG00000023905	Tnfrsf12a	IBA
CRE upregulated	GO:0023051	regulation of signaling	ENSMUSG00000030102	Itpr1	IMP, IGI, IEA
CRE upregulated	GO:0023051	regulation of signaling	ENSMUSG00000021765	Fst	IBA, IEA
CRE upregulated	GO:0023051	regulation of signaling	ENSMUSG00000014599	Csf1	IDA, IEA
CRE upregulated	GO:0023051	regulation of signaling	ENSMUSG00000020427	Igfbp3	IGI, ISO, IBA
CRE upregulated	GO:0023051	regulation of signaling	ENSMUSG00000024404	Riok3	IEA
CRE upregulated	GO:0023051	regulation of signaling	ENSMUSG00000030681	Mvp	IEA
CRE upregulated	GO:0023051	regulation of signaling	ENSMUSG00000035621	Midn	ISO, IEA
CRE upregulated	GO:0023051	regulation of signaling	ENSMUSG00000058153	Sez6l	IGI, IBA
CRE upregulated	GO:0023051	regulation of signaling	ENSMUSG00000024261	Syt4	EXP, IDA, IMP, ISO, IEA
CRE upregulated	GO:0023051	regulation of signaling	ENSMUSG00000032939	Nup93	IDA, IEA
CRE upregulated	GO:0023051	regulation of signaling	ENSMUSG00000033060	Lmo7	IEA
CRE upregulated	GO:0023051	regulation of signaling	ENSMUSG00000003644	Rps6ka1	IEA
CRE upregulated	GO:0023051	regulation of signaling	ENSMUSG00000005087	Cd44	IEA
CRE upregulated	GO:0023051	regulation of signaling	ENSMUSG00000026836	Acvr1	IMP, IEA
CRE upregulated	GO:0023051	regulation of signaling	ENSMUSG00000021453	Gadd45g	IEA
CRE upregulated	GO:0023051	regulation of signaling	ENSMUSG00000002459	Rgs20	IEA
CRE upregulated	GO:0023051	regulation of signaling	ENSMUSG00000048482	Bdnf	EXP, IDA, IGI, ISO, IBA, IEA
CRE upregulated	GO:0023051	regulation of signaling	ENSMUSG00000024256	Adcyap1	ISS, ISO, IBA, IEA
CRE upregulated	GO:0023051	regulation of signaling	ENSMUSG00000021070	Bdkrb2	IMP, IGI
CRE upregulated	GO:0023051	regulation of signaling	ENSMUSG00000002250	Ppard	IDA, ISO, NAS
CRE upregulated	GO:0023051	regulation of signaling	ENSMUSG00000038894	Irs2	IMP
CRE upregulated	GO:0023051	regulation of signaling	ENSMUSG00000024883	Rin1	IMP
CRE upregulated	GO:0023051	regulation of signaling	ENSMUSG00000035828	Pim3	IMP
CRE upregulated	GO:0023051	regulation of signaling	ENSMUSG00000032578	Cish	IEA
CRE upregulated	GO:0023051	regulation of signaling	ENSMUSG00000045136	Tubb2b	IDA, IMP
CRE upregulated	GO:0023051	regulation of signaling	ENSMUSG00000027313	Chac1	ISS, IEA
CRE upregulated	GO:0023051	regulation of signaling	ENSMUSG00000027540	Ptpn1	IMP, IGI, ISS, ISO, IBA, IEA
CRE upregulated	GO:0023051	regulation of signaling	ENSMUSG00000043895	S1pr2	IMP
CRE upregulated	GO:0023051	regulation of signaling	ENSMUSG00000028063	Lmna	IMP
CRE upregulated	GO:0023051	regulation of signaling	ENSMUSG00000026254	Eif4e2	IEA
CRE upregulated	GO:0023051	regulation of signaling	ENSMUSG00000030678	Maz	IEA
CRE upregulated	GO:0023051	regulation of signaling	ENSMUSG00000053436	Mapk14	IMP, IEA
CRE upregulated	GO:0023051	regulation of signaling	ENSMUSG00000025809	Itgb1	IDA, IMP, IGI, ISO, IEA
CRE upregulated	GO:0023051	regulation of signaling	ENSMUSG00000040025	Ythdf2	ISS, IEA
CRE upregulated	GO:0023051	regulation of signaling	ENSMUSG00000028156	Eif4e	IDA, IMP, IEP
CRE upregulated	GO:0023051	regulation of signaling	ENSMUSG00000025239	Limd1	IMP, ISS, IBA, IEA
CRE upregulated	GO:0023051	regulation of signaling	ENSMUSG00000015243	Abca1	IEA
CRE upregulated	GO:0023051	regulation of signaling	ENSMUSG00000025746	Il6	IDA, IMP, ISO, IBA
CRE upregulated	GO:0023051	regulation of signaling	ENSMUSG00000032231	Anxa2	IMP, IEA
CRE upregulated	GO:0023051	regulation of signaling	ENSMUSG00000032280	Tle3	IBA
CRE upregulated	GO:0023051	regulation of signaling	ENSMUSG00000073563	Csnk1g3	IBA
CRE upregulated	GO:0023051	regulation of signaling	ENSMUSG00000031078	Cttn	IGI
CRE upregulated	GO:0023051	regulation of signaling	ENSMUSG00000022607	Ptk2	ISS, ISO, IEA
CRE upregulated	GO:0023051	regulation of signaling	ENSMUSG00000055994	Nod2	IDA, IMP, ISS, ISO, IBA, IEA
CRE upregulated	GO:0023051	regulation of signaling	ENSMUSG00000024014	Pim1	ISS, IEA
CRE upregulated	GO:0023051	regulation of signaling	ENSMUSG00000037062	Sh3glb1	IDA, IMP, ISO
CRE upregulated	GO:0023051	regulation of signaling	ENSMUSG00000023169	Slc38a1	IMP
CRE upregulated	GO:0023051	regulation of signaling	ENSMUSG00000027560	Dok5	IDA, ISO, IBA, IEA
CRE upregulated	GO:0023051	regulation of signaling	ENSMUSG00000059923	Grb2	IGI, IBA, IEA
CRE upregulated	GO:0023051	regulation of signaling	ENSMUSG00000049303	Syt12	IDA, IMP
CRE upregulated	GO:0023051	regulation of signaling	ENSMUSG00000042406	Atf4	IMP, ISO, IEA
CRE upregulated	GO:0023051	regulation of signaling	ENSMUSG00000020271	Fbxw11	IMP
CRE upregulated	GO:0023051	regulation of signaling	ENSMUSG00000020838	Slc6a4	ISO, IEA
CRE upregulated	GO:0023051	regulation of signaling	ENSMUSG00000001507	Itga3	IGI, IEA
CRE upregulated	GO:0023051	regulation of signaling	ENSMUSG00000025408	Ddit3	IDA, ISS, IEA
CRE upregulated	GO:0023051	regulation of signaling	ENSMUSG00000035199	Arl6ip5	IEA
CRE upregulated	GO:0023051	regulation of signaling	ENSMUSG00000001847	Rac1	IDA, IMP, IGI, ISO
CRE upregulated	GO:0023051	regulation of signaling	ENSMUSG00000042121	Ssh1	ISO, IEA
CRE upregulated	GO:0023051	regulation of signaling	ENSMUSG00000050271	Prag1	IMP, ISS, ISO, IEA
CRE upregulated	GO:0023051	regulation of signaling	ENSMUSG00000018909	Arrb1	IMP, ISS, ISO, IBA, IEA
CRE upregulated	GO:0023051	regulation of signaling	ENSMUSG00000024349	Sting1	IDA, IEA
CRE upregulated	GO:0023051	regulation of signaling	ENSMUSG00000020064	Herc4	IEA
CRE upregulated	GO:0023051	regulation of signaling	ENSMUSG00000024521	Pmaip1	IMP
CRE upregulated	GO:0023051	regulation of signaling	ENSMUSG00000044667	Plppr4	IDA, IMP
CRE upregulated	GO:0023051	regulation of signaling	ENSMUSG00000028145	Them4	ISS, IEA
CRE upregulated	GO:0023051	regulation of signaling	ENSMUSG00000054008	Ndst1	IMP, IGI
CRE upregulated	GO:0023051	regulation of signaling	ENSMUSG00000057531	Dtnbp1	IDA, IMP, ISS, ISO, IBA, IEA
CRE upregulated	GO:0023051	regulation of signaling	ENSMUSG00000015837	Sqstm1	IMP, ISS, IEA
CRE upregulated	GO:0023051	regulation of signaling	ENSMUSG00000022951	Rcan1	ISS, IEA
CRE upregulated	GO:0023051	regulation of signaling	ENSMUSG00000030309	Caprin2	IBA
CRE upregulated	GO:0023051	regulation of signaling	ENSMUSG00000036057	Ptpn23	IEA
CRE upregulated	GO:0023051	regulation of signaling	ENSMUSG00000015316	Slamf1	IEA
CRE upregulated	GO:0023051	regulation of signaling	ENSMUSG00000022433	Csnk1e	IGI, IBA
CRE upregulated	GO:0023051	regulation of signaling	ENSMUSG00000022346	Myc	IDA, IMP, IEA
CRE upregulated	GO:0023051	regulation of signaling	ENSMUSG00000053113	Socs3	IDA, IGI, IEA
CRE upregulated	GO:0023051	regulation of signaling	ENSMUSG00000036437	Npy1r	ISO
CRE upregulated	GO:0023051	regulation of signaling	ENSMUSG00000026072	Il1r1	IMP
CRE upregulated	GO:0023051	regulation of signaling	ENSMUSG00000027954	Efna1	IDA
CRE upregulated	GO:0023051	regulation of signaling	ENSMUSG00000023032	Slc4a8	EXP, IDA, IMP
CRE upregulated	GO:0023051	regulation of signaling	ENSMUSG00000024789	Jak2	IDA, IMP, IGI, ISS, ISO, IEA
CRE upregulated	GO:0023051	regulation of signaling	ENSMUSG00000004040	ENSMUSG00000004040	IMP, ISO
CRE upregulated	GO:0023051	regulation of signaling	ENSMUSG00000042292	Mrtfa	IDA
CRE upregulated	GO:0023051	regulation of signaling	ENSMUSG00000061589	Dot1l	IEA
CRE upregulated	GO:0023051	regulation of signaling	ENSMUSG00000003269	Cyth2	IEA
CRE upregulated	GO:0023051	regulation of signaling	ENSMUSG00000022602	Arc	IDA, IMP, ISS, ISO, IBA, IEA
CRE upregulated	GO:0023051	regulation of signaling	ENSMUSG00000020027	Socs2	IMP, IGI, IEA
CRE upregulated	GO:0023051	regulation of signaling	ENSMUSG00000109511	Nup62	IMP, ISS, IEA
CRE upregulated	GO:0023051	regulation of signaling	ENSMUSG00000036990	Otud4	IDA, IBA, IEA
CRE upregulated	GO:0023051	regulation of signaling	ENSMUSG00000004347	ENSMUSG00000004347	ISO
CRE upregulated	GO:0023051	regulation of signaling	ENSMUSG00000029826	Zc3hav1	ISO, TAS
CRE upregulated	GO:0023051	regulation of signaling	ENSMUSG00000050335	Lgals3	IEA
CRE upregulated	GO:0023051	regulation of signaling	ENSMUSG00000024190	Dusp1	IMP, ISS, ISO, IBA, IEA
CRE upregulated	GO:0023051	regulation of signaling	ENSMUSG00000030223	ENSMUSG00000030223	IDA, IBA
CRE upregulated	GO:0023051	regulation of signaling	ENSMUSG00000035236	Scai	IDA, IEA
CRE upregulated	GO:0023051	regulation of signaling	ENSMUSG00000031960	Aars1	ISS, IEA
CRE upregulated	GO:0023051	regulation of signaling	ENSMUSG00000059866	Tnip2	IDA, ISS, IBA, IEA
CRE upregulated	GO:0023051	regulation of signaling	ENSMUSG00000017615	Tnfaip1	ISS, IBA, IEA
CRE upregulated	GO:0023051	regulation of signaling	ENSMUSG00000033545	Znrf1	IEA
CRE upregulated	GO:0023051	regulation of signaling	ENSMUSG00000026930	Gpsm1	ISO
CRE upregulated	GO:0023051	regulation of signaling	ENSMUSG00000040033	ENSMUSG00000040033	IEA
CRE upregulated	GO:0023051	regulation of signaling	ENSMUSG00000021360	ENSMUSG00000021360	IMP, IEA
CRE upregulated	GO:0023051	regulation of signaling	ENSMUSG00000059316	Slc27a4	IEA
CRE upregulated	GO:0023051	regulation of signaling	ENSMUSG00000024803	Ankrd1	IEA
CRE upregulated	GO:0023051	regulation of signaling	ENSMUSG00000021306	Gpr137b	IEA
CRE upregulated	GO:0023051	regulation of signaling	ENSMUSG00000024927	Rela	IDA, ISO, IEA
CRE upregulated	GO:0023051	regulation of signaling	ENSMUSG00000029458	ENSMUSG00000029458	IEA
CRE upregulated	GO:0023051	regulation of signaling	ENSMUSG00000042608	Stk40	IMP
CRE upregulated	GO:0023051	regulation of signaling	ENSMUSG00000053716	Dusp7	IBA
CRE upregulated	GO:0023051	regulation of signaling	ENSMUSG00000036206	Sh3bp4	ISS, IEA
CRE upregulated	GO:0023051	regulation of signaling	ENSMUSG00000025793	ENSMUSG00000025793	IEA
CRE upregulated	GO:0023051	regulation of signaling	ENSMUSG00000027692	Tnik	ISS, IBA, IEA
CRE upregulated	GO:0023051	regulation of signaling	ENSMUSG00000050730	Arhgap42	IMP
CRE upregulated	GO:0023051	regulation of signaling	ENSMUSG00000024238	Zeb1	IGI
CRE upregulated	GO:0023051	regulation of signaling	ENSMUSG00000028893	Sesn2	IMP, IBA, IEA
CRE upregulated	GO:0023051	regulation of signaling	ENSMUSG00000024947	Men1	ISO, IEA
CRE upregulated	GO:0023051	regulation of signaling	ENSMUSG00000029071	ENSMUSG00000029071	IDA, IMP, ISO, IEA
CRE upregulated	GO:0023051	regulation of signaling	ENSMUSG00000044453	Ffar1	IDA, IMP, ISO, IBA
CRE upregulated	GO:0023051	regulation of signaling	ENSMUSG00000032902	Slc16a1	IMP
CRE upregulated	GO:0023051	regulation of signaling	ENSMUSG00000024777	ENSMUSG00000024777	ISO, IEA
CRE upregulated	GO:0023051	regulation of signaling	ENSMUSG00000035594	Chrna5	IDA, IMP
CRE upregulated	GO:0023051	regulation of signaling	ENSMUSG00000026074	Map4k4	IEA
CRE upregulated	GO:0023051	regulation of signaling	ENSMUSG00000040365	Trim41	ISS, IEA
CRE upregulated	GO:0023051	regulation of signaling	ENSMUSG00000025485	ENSMUSG00000025485	ISO
CRE upregulated	GO:0023051	regulation of signaling	ENSMUSG00000028466	Creb3	IEA
CRE upregulated	GO:0023051	regulation of signaling	ENSMUSG00000029175	Slc35f6	ISS, IEA
CRE upregulated	GO:0023051	regulation of signaling	ENSMUSG00000025162	ENSMUSG00000025162	IGI, IBA, IEA
CRE upregulated	GO:0023051	regulation of signaling	ENSMUSG00000031278	ENSMUSG00000031278	ISS, ISO
CRE upregulated	GO:0023051	regulation of signaling	ENSMUSG00000031668	ENSMUSG00000031668	IEA
CRE upregulated	GO:0023051	regulation of signaling	ENSMUSG00000053175	Bcl3	IEA
CRE upregulated	GO:0023051	regulation of signaling	ENSMUSG00000040640	ENSMUSG00000040640	IBA
CRE upregulated	GO:0023051	regulation of signaling	ENSMUSG00000037815	Ctnna1	IMP, IGI
CRE upregulated	GO:0023051	regulation of signaling	ENSMUSG00000020349	ENSMUSG00000020349	IMP, ISS, IEA
CRE upregulated	GO:0023051	regulation of signaling	ENSMUSG00000024517	Grp	IMP, ISS
CRE upregulated	GO:0023051	regulation of signaling	ENSMUSG00000025340	Rabgef1	IDA, IMP
CRE upregulated	GO:0023051	regulation of signaling	ENSMUSG00000044147	Arf6	NAS, IEA
CRE upregulated	GO:0023051	regulation of signaling	ENSMUSG00000052298	Cdc42se2	ISS, IEA
CRE upregulated	GO:0023051	regulation of signaling	ENSMUSG00000011877	Git1	IDA, IMP, ISO, IBA, IEA
CRE upregulated	GO:0023051	regulation of signaling	ENSMUSG00000039985	Sinhcaf	NAS
CRE upregulated	GO:0023051	regulation of signaling	ENSMUSG00000007411	ENSMUSG00000007411	ISS, IEA
CRE upregulated	GO:0023051	regulation of signaling	ENSMUSG00000025351	Cd63	IMP, ISS, IBA, IEA
CRE upregulated	GO:0023051	regulation of signaling	ENSMUSG00000021796	Bmpr1a	IEA
CRE upregulated	GO:0023051	regulation of signaling	ENSMUSG00000031383	Dusp9	IDA, IBA
CRE upregulated	GO:0023051	regulation of signaling	ENSMUSG00000049649	Gpr3	ISO, IEA
CRE upregulated	GO:0023051	regulation of signaling	ENSMUSG00000019842	ENSMUSG00000019842	IBA, IEA
CRE upregulated	GO:0023051	regulation of signaling	ENSMUSG00000070056	ENSMUSG00000070056	IMP, ISS, IEA
CRE upregulated	GO:0023051	regulation of signaling	ENSMUSG00000037860	Aim2	IDA
CRE upregulated	GO:0023051	regulation of signaling	ENSMUSG00000039191	Rbpj	IMP
CRE upregulated	GO:0023051	regulation of signaling	ENSMUSG00000000001	ENSMUSG00000000001	ISO
CRE upregulated	GO:0023051	regulation of signaling	ENSMUSG00000039844	ENSMUSG00000039844	IMP, IGI, ISO, IEA
CRE upregulated	GO:0023051	regulation of signaling	ENSMUSG00000020594	ENSMUSG00000020594	IEA
CRE upregulated	GO:0023051	regulation of signaling	ENSMUSG00000020448	Rnf185	ISS, IEA
CRE upregulated	GO:0023051	regulation of signaling	ENSMUSG00000000787	ENSMUSG00000000787	IDA, ISS
CRE upregulated	GO:0023051	regulation of signaling	ENSMUSG00000008859	ENSMUSG00000008859	IEA
CRE upregulated	GO:0023051	regulation of signaling	ENSMUSG00000008730	Hipk1	IEA
CRE upregulated	GO:0023051	regulation of signaling	ENSMUSG00000046722	ENSMUSG00000046722	ISS, IEA
CRE upregulated	GO:0023051	regulation of signaling	ENSMUSG00000022094	ENSMUSG00000022094	IMP
CRE upregulated	GO:0023051	regulation of signaling	ENSMUSG00000038676	Ucn	ISO, IEA
CRE upregulated	GO:0023051	regulation of signaling	ENSMUSG00000052681	Rap1b	IGI, IBA, IEA
CRE upregulated	GO:0023051	regulation of signaling	ENSMUSG00000037553	ENSMUSG00000037553	IEA
CRE upregulated	GO:0023051	regulation of signaling	ENSMUSG00000032508	Myd88	IMP, IGI, ISS, IEA
CRE upregulated	GO:0023051	regulation of signaling	ENSMUSG00000026864	ENSMUSG00000026864	IGI, ISS
CRE upregulated	GO:0023051	regulation of signaling	ENSMUSG00000002633	Shh	IDA, IMP, ISS, IEA
CRE upregulated	GO:0023051	regulation of signaling	ENSMUSG00000032462	ENSMUSG00000032462	IMP, IGI, IEA
CRE upregulated	GO:0023051	regulation of signaling	ENSMUSG00000027944	Hax1	IEA
CRE upregulated	GO:0023051	regulation of signaling	ENSMUSG00000039671	ENSMUSG00000039671	ISO, IEA
CRE upregulated	GO:0023051	regulation of signaling	ENSMUSG00000045174	ENSMUSG00000045174	IBA
CRE upregulated	GO:0023051	regulation of signaling	ENSMUSG00000037411	Serpine1	IEA
CRE upregulated	GO:0023051	regulation of signaling	ENSMUSG00000020340	ENSMUSG00000020340	IMP
CRE upregulated	GO:0023051	regulation of signaling	ENSMUSG00000019843	ENSMUSG00000019843	IDA, IMP, IGI, ISO
CRE upregulated	GO:0023051	regulation of signaling	ENSMUSG00000024493	ENSMUSG00000024493	IEA
CRE upregulated	GO:0023051	regulation of signaling	ENSMUSG00000027646	ENSMUSG00000027646	IDA, IMP, IGI, ISO, IBA, IEA
CRE upregulated	GO:0023051	regulation of signaling	ENSMUSG00000032501	Trib1	IEA
CRE upregulated	GO:0023051	regulation of signaling	ENSMUSG00000053825	ENSMUSG00000053825	IEA
CRE upregulated	GO:0023051	regulation of signaling	ENSMUSG00000031642	Sh3rf1	IEA
CRE upregulated	GO:0023051	regulation of signaling	ENSMUSG00000042197	ENSMUSG00000042197	ISS, IEA
CRE upregulated	GO:0023051	regulation of signaling	ENSMUSG00000074886	ENSMUSG00000074886	ISO, IBA
CRE upregulated	GO:0023051	regulation of signaling	ENSMUSG00000031073	Fgf15	IBA
CRE upregulated	GO:0023051	regulation of signaling	ENSMUSG00000015839	Nfe2l2	IEA
CRE upregulated	GO:0023051	regulation of signaling	ENSMUSG00000021477	ENSMUSG00000021477	IBA
CRE upregulated	GO:0023051	regulation of signaling	ENSMUSG00000054499	ENSMUSG00000054499	IEA
CRE upregulated	GO:0023051	regulation of signaling	ENSMUSG00000024907	Gal	IEA
CRE upregulated	GO:0023051	regulation of signaling	ENSMUSG00000031751	ENSMUSG00000031751	IMP, IEA
CRE upregulated	GO:0023051	regulation of signaling	ENSMUSG00000054204	ENSMUSG00000054204	IBA, IEA
CRE upregulated	GO:0023051	regulation of signaling	ENSMUSG00000003541	ENSMUSG00000003541	IDA
CRE upregulated	GO:0010646	regulation of cell communication	ENSMUSG00000026628	Atf3	IMP, IEA
CRE upregulated	GO:0010646	regulation of cell communication	ENSMUSG00000036390	Gadd45a	IMP, IEA
CRE upregulated	GO:0010646	regulation of cell communication	ENSMUSG00000052684	Jun	IMP
CRE upregulated	GO:0010646	regulation of cell communication	ENSMUSG00000063632	Sox11	IMP, IEA
CRE upregulated	GO:0010646	regulation of cell communication	ENSMUSG00000019647	Sema6a	IEA
CRE upregulated	GO:0010646	regulation of cell communication	ENSMUSG00000073680	Tmem88b	IBA
CRE upregulated	GO:0010646	regulation of cell communication	ENSMUSG00000037428	Vgf	ISO, IBA, IEA
CRE upregulated	GO:0010646	regulation of cell communication	ENSMUSG00000042816	Gpr151	EXP, IDA, IMP
CRE upregulated	GO:0010646	regulation of cell communication	ENSMUSG00000046223	Plaur	IEA
CRE upregulated	GO:0010646	regulation of cell communication	ENSMUSG00000031574	Star	ISO, IEA
CRE upregulated	GO:0010646	regulation of cell communication	ENSMUSG00000004951	Hspb1	IDA
CRE upregulated	GO:0010646	regulation of cell communication	ENSMUSG00000046688	Tifa	IDA, ISS, IBA, IEA
CRE upregulated	GO:0010646	regulation of cell communication	ENSMUSG00000025473	Adam8	IDA
CRE upregulated	GO:0010646	regulation of cell communication	ENSMUSG00000030898	Cckbr	ISO
CRE upregulated	GO:0010646	regulation of cell communication	ENSMUSG00000046731	Kctd11	IDA
CRE upregulated	GO:0010646	regulation of cell communication	ENSMUSG00000033902	Mapkbp1	IEA
CRE upregulated	GO:0010646	regulation of cell communication	ENSMUSG00000023905	Tnfrsf12a	IBA
CRE upregulated	GO:0010646	regulation of cell communication	ENSMUSG00000030102	Itpr1	IMP, IGI, IEA
CRE upregulated	GO:0010646	regulation of cell communication	ENSMUSG00000021765	Fst	IBA, IEA
CRE upregulated	GO:0010646	regulation of cell communication	ENSMUSG00000014599	Csf1	IDA, IEA
CRE upregulated	GO:0010646	regulation of cell communication	ENSMUSG00000020427	Igfbp3	IGI, ISO, IBA
CRE upregulated	GO:0010646	regulation of cell communication	ENSMUSG00000024404	Riok3	IEA
CRE upregulated	GO:0010646	regulation of cell communication	ENSMUSG00000030681	Mvp	IEA
CRE upregulated	GO:0010646	regulation of cell communication	ENSMUSG00000035621	Midn	ISO, IEA
CRE upregulated	GO:0010646	regulation of cell communication	ENSMUSG00000058153	Sez6l	IGI, IBA
CRE upregulated	GO:0010646	regulation of cell communication	ENSMUSG00000024261	Syt4	EXP, IDA, IMP, ISO, IEA
CRE upregulated	GO:0010646	regulation of cell communication	ENSMUSG00000032939	Nup93	IDA, IEA
CRE upregulated	GO:0010646	regulation of cell communication	ENSMUSG00000003644	Rps6ka1	IEA
CRE upregulated	GO:0010646	regulation of cell communication	ENSMUSG00000005087	Cd44	IEA
CRE upregulated	GO:0010646	regulation of cell communication	ENSMUSG00000026836	Acvr1	IMP, IEA
CRE upregulated	GO:0010646	regulation of cell communication	ENSMUSG00000021453	Gadd45g	IEA
CRE upregulated	GO:0010646	regulation of cell communication	ENSMUSG00000002459	Rgs20	IEA
CRE upregulated	GO:0010646	regulation of cell communication	ENSMUSG00000048482	Bdnf	EXP, IDA, IGI, ISO, IBA, IEA
CRE upregulated	GO:0010646	regulation of cell communication	ENSMUSG00000024256	Adcyap1	ISS, ISO, IBA, IEA
CRE upregulated	GO:0010646	regulation of cell communication	ENSMUSG00000021070	Bdkrb2	IMP, IGI
CRE upregulated	GO:0010646	regulation of cell communication	ENSMUSG00000002250	Ppard	IDA, ISO, NAS
CRE upregulated	GO:0010646	regulation of cell communication	ENSMUSG00000038894	Irs2	IMP
CRE upregulated	GO:0010646	regulation of cell communication	ENSMUSG00000024883	Rin1	IMP
CRE upregulated	GO:0010646	regulation of cell communication	ENSMUSG00000035828	Pim3	IMP
CRE upregulated	GO:0010646	regulation of cell communication	ENSMUSG00000032578	Cish	IEA
CRE upregulated	GO:0010646	regulation of cell communication	ENSMUSG00000045136	Tubb2b	IDA, IMP
CRE upregulated	GO:0010646	regulation of cell communication	ENSMUSG00000027313	Chac1	ISS, IEA
CRE upregulated	GO:0010646	regulation of cell communication	ENSMUSG00000027540	Ptpn1	IMP, IGI, ISS, ISO, IBA, IEA
CRE upregulated	GO:0010646	regulation of cell communication	ENSMUSG00000043895	S1pr2	IMP
CRE upregulated	GO:0010646	regulation of cell communication	ENSMUSG00000028063	Lmna	IMP
CRE upregulated	GO:0010646	regulation of cell communication	ENSMUSG00000026254	Eif4e2	IEA
CRE upregulated	GO:0010646	regulation of cell communication	ENSMUSG00000030678	Maz	IEA
CRE upregulated	GO:0010646	regulation of cell communication	ENSMUSG00000053436	Mapk14	IMP, IEA
CRE upregulated	GO:0010646	regulation of cell communication	ENSMUSG00000025809	Itgb1	IDA, IMP, IGI, ISO, IEA
CRE upregulated	GO:0010646	regulation of cell communication	ENSMUSG00000040025	Ythdf2	ISS, IEA
CRE upregulated	GO:0010646	regulation of cell communication	ENSMUSG00000028156	Eif4e	IDA, IMP, IEP
CRE upregulated	GO:0010646	regulation of cell communication	ENSMUSG00000025239	Limd1	IMP, ISS, IBA, IEA
CRE upregulated	GO:0010646	regulation of cell communication	ENSMUSG00000015243	Abca1	IEA
CRE upregulated	GO:0010646	regulation of cell communication	ENSMUSG00000025746	Il6	IDA, IMP, ISO, IBA
CRE upregulated	GO:0010646	regulation of cell communication	ENSMUSG00000032280	Tle3	IBA
CRE upregulated	GO:0010646	regulation of cell communication	ENSMUSG00000073563	Csnk1g3	IBA
CRE upregulated	GO:0010646	regulation of cell communication	ENSMUSG00000031078	Cttn	IGI
CRE upregulated	GO:0010646	regulation of cell communication	ENSMUSG00000022607	Ptk2	ISS, ISO, IEA
CRE upregulated	GO:0010646	regulation of cell communication	ENSMUSG00000055994	Nod2	IDA, IMP, ISS, ISO, IBA, IEA
CRE upregulated	GO:0010646	regulation of cell communication	ENSMUSG00000024014	Pim1	ISS, IEA
CRE upregulated	GO:0010646	regulation of cell communication	ENSMUSG00000037062	Sh3glb1	IDA, IMP, ISO
CRE upregulated	GO:0010646	regulation of cell communication	ENSMUSG00000023169	Slc38a1	IMP
CRE upregulated	GO:0010646	regulation of cell communication	ENSMUSG00000027560	Dok5	IDA, ISO, IBA, IEA
CRE upregulated	GO:0010646	regulation of cell communication	ENSMUSG00000059923	Grb2	IGI, IBA, IEA
CRE upregulated	GO:0010646	regulation of cell communication	ENSMUSG00000049303	Syt12	IDA, IMP
CRE upregulated	GO:0010646	regulation of cell communication	ENSMUSG00000042406	Atf4	IMP, ISO, IEA
CRE upregulated	GO:0010646	regulation of cell communication	ENSMUSG00000020271	Fbxw11	IMP
CRE upregulated	GO:0010646	regulation of cell communication	ENSMUSG00000020838	Slc6a4	ISO, IEA
CRE upregulated	GO:0010646	regulation of cell communication	ENSMUSG00000001507	Itga3	IGI, IEA
CRE upregulated	GO:0010646	regulation of cell communication	ENSMUSG00000025408	Ddit3	IDA, ISS, IEA
CRE upregulated	GO:0010646	regulation of cell communication	ENSMUSG00000035199	Arl6ip5	IEA
CRE upregulated	GO:0010646	regulation of cell communication	ENSMUSG00000001847	Rac1	IDA, IMP, IGI, ISO
CRE upregulated	GO:0010646	regulation of cell communication	ENSMUSG00000042121	Ssh1	ISO, IEA
CRE upregulated	GO:0010646	regulation of cell communication	ENSMUSG00000050271	Prag1	IMP, ISS, ISO, IEA
CRE upregulated	GO:0010646	regulation of cell communication	ENSMUSG00000018909	Arrb1	IMP, ISS, ISO, IBA, IEA
CRE upregulated	GO:0010646	regulation of cell communication	ENSMUSG00000024349	Sting1	IDA, IEA
CRE upregulated	GO:0010646	regulation of cell communication	ENSMUSG00000020064	Herc4	IEA
CRE upregulated	GO:0010646	regulation of cell communication	ENSMUSG00000024521	Pmaip1	IMP
CRE upregulated	GO:0010646	regulation of cell communication	ENSMUSG00000044667	Plppr4	IDA, IMP
CRE upregulated	GO:0010646	regulation of cell communication	ENSMUSG00000028145	Them4	ISS, IEA
CRE upregulated	GO:0010646	regulation of cell communication	ENSMUSG00000054008	Ndst1	IMP, IGI
CRE upregulated	GO:0010646	regulation of cell communication	ENSMUSG00000057531	Dtnbp1	IDA, IMP, ISS, ISO, IBA, IEA
CRE upregulated	GO:0010646	regulation of cell communication	ENSMUSG00000015837	Sqstm1	IMP, ISS, IEA
CRE upregulated	GO:0010646	regulation of cell communication	ENSMUSG00000022951	Rcan1	ISS, IEA
CRE upregulated	GO:0010646	regulation of cell communication	ENSMUSG00000030309	Caprin2	IBA
CRE upregulated	GO:0010646	regulation of cell communication	ENSMUSG00000036057	Ptpn23	IEA
CRE upregulated	GO:0010646	regulation of cell communication	ENSMUSG00000015316	Slamf1	IEA
CRE upregulated	GO:0010646	regulation of cell communication	ENSMUSG00000022433	Csnk1e	IGI, IBA
CRE upregulated	GO:0010646	regulation of cell communication	ENSMUSG00000022346	Myc	IDA, IMP, IEA
CRE upregulated	GO:0010646	regulation of cell communication	ENSMUSG00000053113	Socs3	IDA, IGI, IEA
CRE upregulated	GO:0010646	regulation of cell communication	ENSMUSG00000036437	Npy1r	ISO
CRE upregulated	GO:0010646	regulation of cell communication	ENSMUSG00000026072	Il1r1	IMP
CRE upregulated	GO:0010646	regulation of cell communication	ENSMUSG00000027954	Efna1	IDA
CRE upregulated	GO:0010646	regulation of cell communication	ENSMUSG00000023032	Slc4a8	EXP, IDA, IMP
CRE upregulated	GO:0010646	regulation of cell communication	ENSMUSG00000024789	Jak2	IDA, IMP, IGI, ISS, ISO, IEA
CRE upregulated	GO:0010646	regulation of cell communication	ENSMUSG00000004040	ENSMUSG00000004040	IMP, ISO
CRE upregulated	GO:0010646	regulation of cell communication	ENSMUSG00000042292	Mrtfa	IDA
CRE upregulated	GO:0010646	regulation of cell communication	ENSMUSG00000061589	Dot1l	IEA
CRE upregulated	GO:0010646	regulation of cell communication	ENSMUSG00000003269	Cyth2	IEA
CRE upregulated	GO:0010646	regulation of cell communication	ENSMUSG00000022602	Arc	IDA, IMP, ISS, ISO, IBA, IEA
CRE upregulated	GO:0010646	regulation of cell communication	ENSMUSG00000020027	Socs2	IMP, IGI, IEA
CRE upregulated	GO:0010646	regulation of cell communication	ENSMUSG00000109511	Nup62	IMP, ISS, IEA
CRE upregulated	GO:0010646	regulation of cell communication	ENSMUSG00000036990	Otud4	IDA, IBA, IEA
CRE upregulated	GO:0010646	regulation of cell communication	ENSMUSG00000004347	ENSMUSG00000004347	ISO
CRE upregulated	GO:0010646	regulation of cell communication	ENSMUSG00000029826	Zc3hav1	ISO, TAS
CRE upregulated	GO:0010646	regulation of cell communication	ENSMUSG00000050335	Lgals3	IEA
CRE upregulated	GO:0010646	regulation of cell communication	ENSMUSG00000024190	Dusp1	IMP, ISS, ISO, IBA, IEA
CRE upregulated	GO:0010646	regulation of cell communication	ENSMUSG00000030223	ENSMUSG00000030223	IDA, IBA
CRE upregulated	GO:0010646	regulation of cell communication	ENSMUSG00000035236	Scai	IDA, IEA
CRE upregulated	GO:0010646	regulation of cell communication	ENSMUSG00000031960	Aars1	ISS, IEA
CRE upregulated	GO:0010646	regulation of cell communication	ENSMUSG00000059866	Tnip2	IDA, ISS, IBA, IEA
CRE upregulated	GO:0010646	regulation of cell communication	ENSMUSG00000017615	Tnfaip1	ISS, IBA, IEA
CRE upregulated	GO:0010646	regulation of cell communication	ENSMUSG00000033545	Znrf1	IEA
CRE upregulated	GO:0010646	regulation of cell communication	ENSMUSG00000026930	Gpsm1	ISO
CRE upregulated	GO:0010646	regulation of cell communication	ENSMUSG00000040033	ENSMUSG00000040033	IEA
CRE upregulated	GO:0010646	regulation of cell communication	ENSMUSG00000021360	ENSMUSG00000021360	IMP, IEA
CRE upregulated	GO:0010646	regulation of cell communication	ENSMUSG00000059316	Slc27a4	IEA
CRE upregulated	GO:0010646	regulation of cell communication	ENSMUSG00000024803	Ankrd1	IEA
CRE upregulated	GO:0010646	regulation of cell communication	ENSMUSG00000021306	Gpr137b	IEA
CRE upregulated	GO:0010646	regulation of cell communication	ENSMUSG00000024927	Rela	IDA, ISO, IEA
CRE upregulated	GO:0010646	regulation of cell communication	ENSMUSG00000029458	ENSMUSG00000029458	IEA
CRE upregulated	GO:0010646	regulation of cell communication	ENSMUSG00000042608	Stk40	IMP
CRE upregulated	GO:0010646	regulation of cell communication	ENSMUSG00000053716	Dusp7	IBA
CRE upregulated	GO:0010646	regulation of cell communication	ENSMUSG00000036206	Sh3bp4	ISS, IEA
CRE upregulated	GO:0010646	regulation of cell communication	ENSMUSG00000025793	ENSMUSG00000025793	IEA
CRE upregulated	GO:0010646	regulation of cell communication	ENSMUSG00000027692	Tnik	ISS, IBA, IEA
CRE upregulated	GO:0010646	regulation of cell communication	ENSMUSG00000050730	Arhgap42	IMP
CRE upregulated	GO:0010646	regulation of cell communication	ENSMUSG00000024238	Zeb1	IGI
CRE upregulated	GO:0010646	regulation of cell communication	ENSMUSG00000028893	Sesn2	IMP, IBA, IEA
CRE upregulated	GO:0010646	regulation of cell communication	ENSMUSG00000024947	Men1	ISO, IEA
CRE upregulated	GO:0010646	regulation of cell communication	ENSMUSG00000029071	ENSMUSG00000029071	IDA, IMP, ISO, IEA
CRE upregulated	GO:0010646	regulation of cell communication	ENSMUSG00000044453	Ffar1	IDA, IMP, ISO, IBA
CRE upregulated	GO:0010646	regulation of cell communication	ENSMUSG00000032902	Slc16a1	IMP
CRE upregulated	GO:0010646	regulation of cell communication	ENSMUSG00000024777	ENSMUSG00000024777	ISO, IEA
CRE upregulated	GO:0010646	regulation of cell communication	ENSMUSG00000035594	Chrna5	IDA, IMP, ISO
CRE upregulated	GO:0010646	regulation of cell communication	ENSMUSG00000026074	Map4k4	IEA
CRE upregulated	GO:0010646	regulation of cell communication	ENSMUSG00000040365	Trim41	ISS, IEA
CRE upregulated	GO:0010646	regulation of cell communication	ENSMUSG00000025485	ENSMUSG00000025485	ISO
CRE upregulated	GO:0010646	regulation of cell communication	ENSMUSG00000028466	Creb3	IEA
CRE upregulated	GO:0010646	regulation of cell communication	ENSMUSG00000029175	Slc35f6	ISS, IEA
CRE upregulated	GO:0010646	regulation of cell communication	ENSMUSG00000025162	ENSMUSG00000025162	IGI, IBA, IEA
CRE upregulated	GO:0010646	regulation of cell communication	ENSMUSG00000031278	ENSMUSG00000031278	ISS, ISO
CRE upregulated	GO:0010646	regulation of cell communication	ENSMUSG00000031668	ENSMUSG00000031668	IEA
CRE upregulated	GO:0010646	regulation of cell communication	ENSMUSG00000053175	Bcl3	IEA
CRE upregulated	GO:0010646	regulation of cell communication	ENSMUSG00000040640	ENSMUSG00000040640	IBA
CRE upregulated	GO:0010646	regulation of cell communication	ENSMUSG00000037815	Ctnna1	IMP, IGI
CRE upregulated	GO:0010646	regulation of cell communication	ENSMUSG00000020349	ENSMUSG00000020349	IMP, ISS, IEA
CRE upregulated	GO:0010646	regulation of cell communication	ENSMUSG00000024517	Grp	IMP, ISS
CRE upregulated	GO:0010646	regulation of cell communication	ENSMUSG00000025340	Rabgef1	IDA, IMP
CRE upregulated	GO:0010646	regulation of cell communication	ENSMUSG00000044147	Arf6	NAS, IEA
CRE upregulated	GO:0010646	regulation of cell communication	ENSMUSG00000052298	Cdc42se2	ISS, IEA
CRE upregulated	GO:0010646	regulation of cell communication	ENSMUSG00000011877	Git1	IDA, IMP, ISO, IBA, IEA
CRE upregulated	GO:0010646	regulation of cell communication	ENSMUSG00000039985	Sinhcaf	NAS
CRE upregulated	GO:0010646	regulation of cell communication	ENSMUSG00000007411	ENSMUSG00000007411	ISS, IEA
CRE upregulated	GO:0010646	regulation of cell communication	ENSMUSG00000025351	Cd63	IMP, ISS, IBA, IEA
CRE upregulated	GO:0010646	regulation of cell communication	ENSMUSG00000021796	Bmpr1a	IEA
CRE upregulated	GO:0010646	regulation of cell communication	ENSMUSG00000031383	Dusp9	IDA, IBA
CRE upregulated	GO:0010646	regulation of cell communication	ENSMUSG00000049649	Gpr3	ISO, IEA
CRE upregulated	GO:0010646	regulation of cell communication	ENSMUSG00000019842	ENSMUSG00000019842	IBA, IEA
CRE upregulated	GO:0010646	regulation of cell communication	ENSMUSG00000070056	ENSMUSG00000070056	IMP, ISS, IEA
CRE upregulated	GO:0010646	regulation of cell communication	ENSMUSG00000037860	Aim2	IDA
CRE upregulated	GO:0010646	regulation of cell communication	ENSMUSG00000039191	Rbpj	IMP
CRE upregulated	GO:0010646	regulation of cell communication	ENSMUSG00000000001	ENSMUSG00000000001	ISO
CRE upregulated	GO:0010646	regulation of cell communication	ENSMUSG00000039844	ENSMUSG00000039844	IMP, IGI, ISO, IEA
CRE upregulated	GO:0010646	regulation of cell communication	ENSMUSG00000020594	ENSMUSG00000020594	IEA
CRE upregulated	GO:0010646	regulation of cell communication	ENSMUSG00000020448	Rnf185	ISS, IEA
CRE upregulated	GO:0010646	regulation of cell communication	ENSMUSG00000000787	ENSMUSG00000000787	IDA, ISS
CRE upregulated	GO:0010646	regulation of cell communication	ENSMUSG00000008859	ENSMUSG00000008859	IEA
CRE upregulated	GO:0010646	regulation of cell communication	ENSMUSG00000008730	Hipk1	IEA
CRE upregulated	GO:0010646	regulation of cell communication	ENSMUSG00000046722	ENSMUSG00000046722	ISS, IEA
CRE upregulated	GO:0010646	regulation of cell communication	ENSMUSG00000022094	ENSMUSG00000022094	IMP
CRE upregulated	GO:0010646	regulation of cell communication	ENSMUSG00000038676	Ucn	ISO, IEA
CRE upregulated	GO:0010646	regulation of cell communication	ENSMUSG00000052681	Rap1b	IGI, IBA, IEA
CRE upregulated	GO:0010646	regulation of cell communication	ENSMUSG00000037553	ENSMUSG00000037553	IEA
CRE upregulated	GO:0010646	regulation of cell communication	ENSMUSG00000032508	Myd88	IMP, IGI, ISS, IEA
CRE upregulated	GO:0010646	regulation of cell communication	ENSMUSG00000026864	ENSMUSG00000026864	IGI, ISS
CRE upregulated	GO:0010646	regulation of cell communication	ENSMUSG00000002633	Shh	IDA, IMP, ISS, IEA
CRE upregulated	GO:0010646	regulation of cell communication	ENSMUSG00000032462	ENSMUSG00000032462	IMP, IGI, IEA
CRE upregulated	GO:0010646	regulation of cell communication	ENSMUSG00000027944	Hax1	IEA
CRE upregulated	GO:0010646	regulation of cell communication	ENSMUSG00000039671	ENSMUSG00000039671	ISO, IEA
CRE upregulated	GO:0010646	regulation of cell communication	ENSMUSG00000045174	ENSMUSG00000045174	IBA
CRE upregulated	GO:0010646	regulation of cell communication	ENSMUSG00000037411	Serpine1	IEA
CRE upregulated	GO:0010646	regulation of cell communication	ENSMUSG00000020340	ENSMUSG00000020340	IMP
CRE upregulated	GO:0010646	regulation of cell communication	ENSMUSG00000019843	ENSMUSG00000019843	IDA, IMP, IGI, ISO
CRE upregulated	GO:0010646	regulation of cell communication	ENSMUSG00000024493	ENSMUSG00000024493	IEA
CRE upregulated	GO:0010646	regulation of cell communication	ENSMUSG00000027646	ENSMUSG00000027646	IDA, IMP, IGI, ISO, IBA, IEA
CRE upregulated	GO:0010646	regulation of cell communication	ENSMUSG00000032501	Trib1	IEA
CRE upregulated	GO:0010646	regulation of cell communication	ENSMUSG00000053825	ENSMUSG00000053825	IEA
CRE upregulated	GO:0010646	regulation of cell communication	ENSMUSG00000031642	Sh3rf1	IEA
CRE upregulated	GO:0010646	regulation of cell communication	ENSMUSG00000042197	ENSMUSG00000042197	ISS, IEA
CRE upregulated	GO:0010646	regulation of cell communication	ENSMUSG00000074886	ENSMUSG00000074886	ISO, IBA
CRE upregulated	GO:0010646	regulation of cell communication	ENSMUSG00000031073	Fgf15	IBA
CRE upregulated	GO:0010646	regulation of cell communication	ENSMUSG00000015839	Nfe2l2	IEA
CRE upregulated	GO:0010646	regulation of cell communication	ENSMUSG00000021477	ENSMUSG00000021477	IBA
CRE upregulated	GO:0010646	regulation of cell communication	ENSMUSG00000054499	ENSMUSG00000054499	IEA
CRE upregulated	GO:0010646	regulation of cell communication	ENSMUSG00000024907	Gal	IEA
CRE upregulated	GO:0010646	regulation of cell communication	ENSMUSG00000031751	ENSMUSG00000031751	IMP, IEA
CRE upregulated	GO:0010646	regulation of cell communication	ENSMUSG00000054204	ENSMUSG00000054204	IBA, IEA
CRE upregulated	GO:0010646	regulation of cell communication	ENSMUSG00000003541	ENSMUSG00000003541	IDA
CRE upregulated	GO:0050896	response to stimulus	ENSMUSG00000026628	Atf3	IMP, IEA
CRE upregulated	GO:0050896	response to stimulus	ENSMUSG00000036390	Gadd45a	IMP, IEA
CRE upregulated	GO:0050896	response to stimulus	ENSMUSG00000051379	Flrt3	IMP, ISS, ISO, IEA
CRE upregulated	GO:0050896	response to stimulus	ENSMUSG00000052684	Jun	IDA, IMP, IEP, ISO
CRE upregulated	GO:0050896	response to stimulus	ENSMUSG00000063632	Sox11	IMP, IEA
CRE upregulated	GO:0050896	response to stimulus	ENSMUSG00000019647	Sema6a	IDA, IMP, IBA, IEA
CRE upregulated	GO:0050896	response to stimulus	ENSMUSG00000073680	Tmem88b	IBA
CRE upregulated	GO:0050896	response to stimulus	ENSMUSG00000037428	Vgf	IDA, IMP, IGI, IEA
CRE upregulated	GO:0050896	response to stimulus	ENSMUSG00000042816	Gpr151	ISS, IBA, IEA
CRE upregulated	GO:0050896	response to stimulus	ENSMUSG00000046223	Plaur	NAS, IEA
CRE upregulated	GO:0050896	response to stimulus	ENSMUSG00000031574	Star	ISO, IEA
CRE upregulated	GO:0050896	response to stimulus	ENSMUSG00000004951	Hspb1	IDA, ISS, ISO, IBA, NAS, IEA
CRE upregulated	GO:0050896	response to stimulus	ENSMUSG00000003752	Itpkc	ISS, IEA
CRE upregulated	GO:0050896	response to stimulus	ENSMUSG00000046688	Tifa	IDA, IPI, ISS, IBA, IEA
CRE upregulated	GO:0050896	response to stimulus	ENSMUSG00000025473	Adam8	IDA, IMP, ISS, IBA, IEA
CRE upregulated	GO:0050896	response to stimulus	ENSMUSG00000050164	Mchr1	ISO, IBA, IEA
CRE upregulated	GO:0050896	response to stimulus	ENSMUSG00000028494	Plin2	ISS, IEA
CRE upregulated	GO:0050896	response to stimulus	ENSMUSG00000030898	Cckbr	ISO, IBA, IEA
CRE upregulated	GO:0050896	response to stimulus	ENSMUSG00000046731	Kctd11	IDA
CRE upregulated	GO:0050896	response to stimulus	ENSMUSG00000056749	Nfil3	IDA, IEA
CRE upregulated	GO:0050896	response to stimulus	ENSMUSG00000024143	Rhoq	IMP, IBA, IEA
CRE upregulated	GO:0050896	response to stimulus	ENSMUSG00000037447	Arid5a	IMP, IEA
CRE upregulated	GO:0050896	response to stimulus	ENSMUSG00000033902	Mapkbp1	IEA
CRE upregulated	GO:0050896	response to stimulus	ENSMUSG00000030748	Il4ra	IMP, IGI, IBA, IEA
CRE upregulated	GO:0050896	response to stimulus	ENSMUSG00000023905	Tnfrsf12a	IDA, IBA
CRE upregulated	GO:0050896	response to stimulus	ENSMUSG00000030102	Itpr1	IDA, IMP, IGI, ISO, IEA
CRE upregulated	GO:0050896	response to stimulus	ENSMUSG00000032802	Srxn1	IEA
CRE upregulated	GO:0050896	response to stimulus	ENSMUSG00000032515	Csrnp1	IMP
CRE upregulated	GO:0050896	response to stimulus	ENSMUSG00000025089	Gfra1	ISS, TAS, IEA
CRE upregulated	GO:0050896	response to stimulus	ENSMUSG00000021765	Fst	IGI, IBA, IEA
CRE upregulated	GO:0050896	response to stimulus	ENSMUSG00000025348	Itga7	IEA
CRE upregulated	GO:0050896	response to stimulus	ENSMUSG00000014599	Csf1	IDA, IEA
CRE upregulated	GO:0050896	response to stimulus	ENSMUSG00000025612	Bach1	IEA
CRE upregulated	GO:0050896	response to stimulus	ENSMUSG00000020427	Igfbp3	IGI, IBA
CRE upregulated	GO:0050896	response to stimulus	ENSMUSG00000023067	Cdkn1a	IDA, IMP, IGI, ISS, IBA, IEA
CRE upregulated	GO:0050896	response to stimulus	ENSMUSG00000024404	Riok3	IEA
CRE upregulated	GO:0050896	response to stimulus	ENSMUSG00000030681	Mvp	IEA
CRE upregulated	GO:0050896	response to stimulus	ENSMUSG00000006304	Arpc2	ISO
CRE upregulated	GO:0050896	response to stimulus	ENSMUSG00000109901	Chmp1b	ISO, IEA
CRE upregulated	GO:0050896	response to stimulus	ENSMUSG00000027495	Fam210b	ISS, IEA
CRE upregulated	GO:0050896	response to stimulus	ENSMUSG00000031074	Fgf3	IEA
CRE upregulated	GO:0050896	response to stimulus	ENSMUSG00000030272	Camk1	IDA, IEA
CRE upregulated	GO:0050896	response to stimulus	ENSMUSG00000031681	Smad1	IDA, IMP, IGI, IEP, ISS, ISO, IBA, TAS, IEA
CRE upregulated	GO:0050896	response to stimulus	ENSMUSG00000050989	Selenon	IMP, IGI, ISS, IEA
CRE upregulated	GO:0050896	response to stimulus	ENSMUSG00000048216	Gpr85	IEA
CRE upregulated	GO:0050896	response to stimulus	ENSMUSG00000035673	Sbno2	IDA, IMP, IBA, IEA
CRE upregulated	GO:0050896	response to stimulus	ENSMUSG00000058153	Sez6l	IGI, IBA
CRE upregulated	GO:0050896	response to stimulus	ENSMUSG00000030095	Tmem43	IEA
CRE upregulated	GO:0050896	response to stimulus	ENSMUSG00000032939	Nup93	IDA, IEA
CRE upregulated	GO:0050896	response to stimulus	ENSMUSG00000028793	Rnf19b	IMP, IEA
CRE upregulated	GO:0050896	response to stimulus	ENSMUSG00000024691	Fam111a	ISS, IEA
CRE upregulated	GO:0050896	response to stimulus	ENSMUSG00000003644	Rps6ka1	IEA
CRE upregulated	GO:0050896	response to stimulus	ENSMUSG00000029378	Areg	IDA, IGI, ISO, IBA, IEA
CRE upregulated	GO:0050896	response to stimulus	ENSMUSG00000042688	Mapk6	IBA, IEA
CRE upregulated	GO:0050896	response to stimulus	ENSMUSG00000005087	Cd44	IEA
CRE upregulated	GO:0050896	response to stimulus	ENSMUSG00000026836	Acvr1	IDA, IMP, IEP, ISO, IBA, TAS, IEA
CRE upregulated	GO:0050896	response to stimulus	ENSMUSG00000027611	Procr	IEA
CRE upregulated	GO:0050896	response to stimulus	ENSMUSG00000026670	Uap1	IEA
CRE upregulated	GO:0050896	response to stimulus	ENSMUSG00000021400	Wrnip1	ISS, IBA, IEA
CRE upregulated	GO:0050896	response to stimulus	ENSMUSG00000021453	Gadd45g	IEA
CRE upregulated	GO:0050896	response to stimulus	ENSMUSG00000002459	Rgs20	TAS, IEA
CRE upregulated	GO:0050896	response to stimulus	ENSMUSG00000068566	Myadm	IEA
CRE upregulated	GO:0050896	response to stimulus	ENSMUSG00000048482	Bdnf	IMP, IGI, ISO, IBA, IEA
CRE upregulated	GO:0050896	response to stimulus	ENSMUSG00000024256	Adcyap1	IDA, ISS, ISO, IBA, TAS, IEA
CRE upregulated	GO:0050896	response to stimulus	ENSMUSG00000021070	Bdkrb2	IMP, IGI, ISO, IBA, IEA
CRE upregulated	GO:0050896	response to stimulus	ENSMUSG00000018736	Ndel1	IDA, ISO
CRE upregulated	GO:0050896	response to stimulus	ENSMUSG00000042804	Gpr153	IEA
CRE upregulated	GO:0050896	response to stimulus	ENSMUSG00000002250	Ppard	IDA, IMP, IGI, ISO, IBA, IEA
CRE upregulated	GO:0050896	response to stimulus	ENSMUSG00000027198	Ext2	IMP
CRE upregulated	GO:0050896	response to stimulus	ENSMUSG00000032641	Gpr19	IBA, IEA
CRE upregulated	GO:0050896	response to stimulus	ENSMUSG00000044734	Serpinb1a	IDA
CRE upregulated	GO:0050896	response to stimulus	ENSMUSG00000018507	Trpv2	ISO, IEA
CRE upregulated	GO:0050896	response to stimulus	ENSMUSG00000021501	Caml	IDA
CRE upregulated	GO:0050896	response to stimulus	ENSMUSG00000038894	Irs2	IDA, IMP, ISO, IBA, IEA
CRE upregulated	GO:0050896	response to stimulus	ENSMUSG00000024883	Rin1	IEA
CRE upregulated	GO:0050896	response to stimulus	ENSMUSG00000025337	Sbds	IEA
CRE upregulated	GO:0050896	response to stimulus	ENSMUSG00000035828	Pim3	IMP
CRE upregulated	GO:0050896	response to stimulus	ENSMUSG00000032578	Cish	IEA
CRE upregulated	GO:0050896	response to stimulus	ENSMUSG00000005069	Pex5	IEA
CRE upregulated	GO:0050896	response to stimulus	ENSMUSG00000029518	Rab35	ISS, ISO, IEA
CRE upregulated	GO:0050896	response to stimulus	ENSMUSG00000045136	Tubb2b	ISS, IEA
CRE upregulated	GO:0050896	response to stimulus	ENSMUSG00000054855	Rnd1	IBA, IEA
CRE upregulated	GO:0050896	response to stimulus	ENSMUSG00000027313	Chac1	ISS, IEA
CRE upregulated	GO:0050896	response to stimulus	ENSMUSG00000039954	Stk32a	IBA
CRE upregulated	GO:0050896	response to stimulus	ENSMUSG00000027540	Ptpn1	IMP, IGI, ISS, ISO, IBA, IEA
CRE upregulated	GO:0050896	response to stimulus	ENSMUSG00000038023	Atp6v0a2	ISS, IEA
CRE upregulated	GO:0050896	response to stimulus	ENSMUSG00000019461	Plscr3	IEP, ISS, IEA
CRE upregulated	GO:0050896	response to stimulus	ENSMUSG00000043895	S1pr2	IMP, ISO, IBA, IEA
CRE upregulated	GO:0050896	response to stimulus	ENSMUSG00000022661	Cd200	IEA
CRE upregulated	GO:0050896	response to stimulus	ENSMUSG00000011179	Odc1	IEA
CRE upregulated	GO:0050896	response to stimulus	ENSMUSG00000027035	Cers6	IEA
CRE upregulated	GO:0050896	response to stimulus	ENSMUSG00000028063	Lmna	IMP, ISS, IEA
CRE upregulated	GO:0050896	response to stimulus	ENSMUSG00000041548	Hspb8	IBA, IEA
CRE upregulated	GO:0050896	response to stimulus	ENSMUSG00000051343	Rab11fip5	IDA, IMP
CRE upregulated	GO:0050896	response to stimulus	ENSMUSG00000034226	Rhov	IBA, IEA
CRE upregulated	GO:0050896	response to stimulus	ENSMUSG00000026254	Eif4e2	IEA
CRE upregulated	GO:0050896	response to stimulus	ENSMUSG00000029121	Crmp1	IGI, IEP
CRE upregulated	GO:0050896	response to stimulus	ENSMUSG00000028645	Slc2a1	IDA, IBA, IEA
CRE upregulated	GO:0050896	response to stimulus	ENSMUSG00000030678	Maz	IEA
CRE upregulated	GO:0050896	response to stimulus	ENSMUSG00000063506	Arhgap22	IEA
CRE upregulated	GO:0050896	response to stimulus	ENSMUSG00000027597	Ahcy	ISO
CRE upregulated	GO:0050896	response to stimulus	ENSMUSG00000053436	Mapk14	IDA, IMP, IGI, ISS, ISO, IBA, IEA
CRE upregulated	GO:0050896	response to stimulus	ENSMUSG00000025809	Itgb1	IDA, IMP, IGI, ISO, IBA, NAS, IEA
CRE upregulated	GO:0050896	response to stimulus	ENSMUSG00000039364	Sectm1b	IEA
CRE upregulated	GO:0050896	response to stimulus	ENSMUSG00000040025	Ythdf2	ISS, IEA
CRE upregulated	GO:0050896	response to stimulus	ENSMUSG00000028156	Eif4e	IDA, IGI
CRE upregulated	GO:0050896	response to stimulus	ENSMUSG00000025239	Limd1	IMP, ISS, IBA, IEA
CRE upregulated	GO:0050896	response to stimulus	ENSMUSG00000005370	Msh6	IMP, IGI, ISO, IBA, IEA
CRE upregulated	GO:0050896	response to stimulus	ENSMUSG00000018362	Kpna2	IDA, IMP
CRE upregulated	GO:0050896	response to stimulus	ENSMUSG00000023030	Slc11a2	ISO, IEA
CRE upregulated	GO:0050896	response to stimulus	ENSMUSG00000022043	Trim35	IEA
CRE upregulated	GO:0050896	response to stimulus	ENSMUSG00000011008	Mcoln2	IEA
CRE upregulated	GO:0050896	response to stimulus	ENSMUSG00000048490	Nrip1	IBA, IEA
CRE upregulated	GO:0050896	response to stimulus	ENSMUSG00000015243	Abca1	IDA, IEA
CRE upregulated	GO:0050896	response to stimulus	ENSMUSG00000013089	Etv5	ISS, IEA
CRE upregulated	GO:0050896	response to stimulus	ENSMUSG00000025139	Tollip	IDA, IEA
CRE upregulated	GO:0050896	response to stimulus	ENSMUSG00000020592	Sdc1	IMP, IEA
CRE upregulated	GO:0050896	response to stimulus	ENSMUSG00000025746	Il6	IDA, IMP, ISO, IBA, IEA
CRE upregulated	GO:0050896	response to stimulus	ENSMUSG00000002233	Rhoc	ISS, IBA, IEA
CRE upregulated	GO:0050896	response to stimulus	ENSMUSG00000032231	Anxa2	IMP, NAS
CRE upregulated	GO:0050896	response to stimulus	ENSMUSG00000032280	Tle3	IBA, IEA
CRE upregulated	GO:0050896	response to stimulus	ENSMUSG00000073563	Csnk1g3	IBA, IEA
CRE upregulated	GO:0050896	response to stimulus	ENSMUSG00000031078	Cttn	IGI, ISO
CRE upregulated	GO:0050896	response to stimulus	ENSMUSG00000022607	Ptk2	IDA, ISS, ISO, IBA, TAS, IEA
CRE upregulated	GO:0050896	response to stimulus	ENSMUSG00000055994	Nod2	IDA, IMP, IGI, ISS, ISO, IBA, TAS, IEA
CRE upregulated	GO:0050896	response to stimulus	ENSMUSG00000024014	Pim1	ISS, IEA
CRE upregulated	GO:0050896	response to stimulus	ENSMUSG00000037062	Sh3glb1	IDA, IMP, ISO, IEA
CRE upregulated	GO:0050896	response to stimulus	ENSMUSG00000024772	Ehd1	ISS, ISO, IEA
CRE upregulated	GO:0050896	response to stimulus	ENSMUSG00000027293	Ehd4	ISO, IEA
CRE upregulated	GO:0050896	response to stimulus	ENSMUSG00000020580	Rock2	IEA
CRE upregulated	GO:0050896	response to stimulus	ENSMUSG00000021990	Spata13	IEA
CRE upregulated	GO:0050896	response to stimulus	ENSMUSG00000069094	Pde7a	IDA, IBA, IEA
CRE upregulated	GO:0050896	response to stimulus	ENSMUSG00000027560	Dok5	IDA, IPI, ISO, IBA, IEA
CRE upregulated	GO:0050896	response to stimulus	ENSMUSG00000021133	Susd6	ISS, IBA, IEA
CRE upregulated	GO:0050896	response to stimulus	ENSMUSG00000027613	Eif6	IMP
CRE upregulated	GO:0050896	response to stimulus	ENSMUSG00000033039	Micall1	ISO
CRE upregulated	GO:0050896	response to stimulus	ENSMUSG00000059923	Grb2	IDA, IGI, ISO, IBA, TAS, IEA
CRE upregulated	GO:0050896	response to stimulus	ENSMUSG00000021996	Esd	IEA
CRE upregulated	GO:0050896	response to stimulus	ENSMUSG00000042406	Atf4	IDA, IMP, ISS, ISO, IEA
CRE upregulated	GO:0050896	response to stimulus	ENSMUSG00000055078	Gabra5	IMP
CRE upregulated	GO:0050896	response to stimulus	ENSMUSG00000023079	Gtf2ird1	IDA
CRE upregulated	GO:0050896	response to stimulus	ENSMUSG00000040322	Slc25a24	ISS, IEA
CRE upregulated	GO:0050896	response to stimulus	ENSMUSG00000042726	Trafd1	IMP, IBA
CRE upregulated	GO:0050896	response to stimulus	ENSMUSG00000020271	Fbxw11	IMP, IEA
CRE upregulated	GO:0050896	response to stimulus	ENSMUSG00000005950	P2rx5	IEA
CRE upregulated	GO:0050896	response to stimulus	ENSMUSG00000020838	Slc6a4	IMP, ISO, IEA
CRE upregulated	GO:0050896	response to stimulus	ENSMUSG00000001507	Itga3	IGI, IBA, IEA
CRE upregulated	GO:0050896	response to stimulus	ENSMUSG00000055723	Rras2	IDA, IEA
CRE upregulated	GO:0050896	response to stimulus	ENSMUSG00000031628	Casp3	IDA, IGI, ISO, NAS, IEA
CRE upregulated	GO:0050896	response to stimulus	ENSMUSG00000025408	Ddit3	IDA, IMP, ISS, ISO, IBA, IEA
CRE upregulated	GO:0050896	response to stimulus	ENSMUSG00000040435	Ppp1r15a	IDA, IMP, IBA
CRE upregulated	GO:0050896	response to stimulus	ENSMUSG00000032078	Zpr1	ISS, IEA
CRE upregulated	GO:0050896	response to stimulus	ENSMUSG00000035199	Arl6ip5	IMP, IEA
CRE upregulated	GO:0050896	response to stimulus	ENSMUSG00000001847	Rac1	IDA, IMP, IGI, ISS, ISO, IBA, IEA
CRE upregulated	GO:0050896	response to stimulus	ENSMUSG00000042121	Ssh1	ISO, IEA
CRE upregulated	GO:0050896	response to stimulus	ENSMUSG00000050271	Prag1	IMP, ISS, ISO, IEA
CRE upregulated	GO:0050896	response to stimulus	ENSMUSG00000030077	Chl1	IEA
CRE upregulated	GO:0050896	response to stimulus	ENSMUSG00000018909	Arrb1	IMP, ISS, ISO, IBA, IEA
CRE upregulated	GO:0050896	response to stimulus	ENSMUSG00000020248	Nfyb	IEP
CRE upregulated	GO:0050896	response to stimulus	ENSMUSG00000024349	Sting1	IDA, IMP, IGI, ISS, ISO, IBA, IEA
CRE upregulated	GO:0050896	response to stimulus	ENSMUSG00000020064	Herc4	IEA
CRE upregulated	GO:0050896	response to stimulus	ENSMUSG00000024521	Pmaip1	IDA, IMP, IEA
CRE upregulated	GO:0050896	response to stimulus	ENSMUSG00000026821	Ralgds	IBA, IEA
CRE upregulated	GO:0050896	response to stimulus	ENSMUSG00000061039	Or8b53	ISA, IBA, IEA
CRE upregulated	GO:0050896	response to stimulus	ENSMUSG00000074115	Saa1	IEP, IEA
CRE upregulated	GO:0050896	response to stimulus	ENSMUSG00000044667	Plppr4	IMP, IBA
CRE upregulated	GO:0050896	response to stimulus	ENSMUSG00000033955	Tnks1bp1	IBA, IEA
CRE upregulated	GO:0050896	response to stimulus	ENSMUSG00000028145	Them4	ISS, IEA
CRE upregulated	GO:0050896	response to stimulus	ENSMUSG00000026107	Nabp1	ISS, ISO, IBA, IEA
CRE upregulated	GO:0050896	response to stimulus	ENSMUSG00000054008	Ndst1	IMP, IGI, IEA
CRE upregulated	GO:0050896	response to stimulus	ENSMUSG00000057531	Dtnbp1	IMP, ISS, ISO, IEA
CRE upregulated	GO:0050896	response to stimulus	ENSMUSG00000038552	Fndc4	IDA, IBA, IEA
CRE upregulated	GO:0050896	response to stimulus	ENSMUSG00000000134	Tfe3	IMP, IEA
CRE upregulated	GO:0050896	response to stimulus	ENSMUSG00000004768	Rab23	IEA
CRE upregulated	GO:0050896	response to stimulus	ENSMUSG00000015837	Sqstm1	ISS, IEA
CRE upregulated	GO:0050896	response to stimulus	ENSMUSG00000022951	Rcan1	IMP, IGI, ISS, ISO, IBA, IEA
CRE upregulated	GO:0050896	response to stimulus	ENSMUSG00000034783	Cd207	IEA
CRE upregulated	GO:0050896	response to stimulus	ENSMUSG00000030677	Kif22	IEA
CRE upregulated	GO:0050896	response to stimulus	ENSMUSG00000030309	Caprin2	IBA
CRE upregulated	GO:0050896	response to stimulus	ENSMUSG00000036737	Oxsr1	IDA, IMP, IGI, ISS, IBA, IEA
CRE upregulated	GO:0050896	response to stimulus	ENSMUSG00000037580	Gch1	ISS, ISO, TAS, IEA
CRE upregulated	GO:0050896	response to stimulus	ENSMUSG00000023286	Ube2j2	IBA, IEA
CRE upregulated	GO:0050896	response to stimulus	ENSMUSG00000023087	Noct	IDA
CRE upregulated	GO:0050896	response to stimulus	ENSMUSG00000031955	Bcar1	IDA, ISS, ISO, IBA, IEA
CRE upregulated	GO:0050896	response to stimulus	ENSMUSG00000015316	Slamf1	IDA, IMP, IEA
CRE upregulated	GO:0050896	response to stimulus	ENSMUSG00000032502	Stac	IDA
CRE upregulated	GO:0050896	response to stimulus	ENSMUSG00000029765	Plxna4	IMP, IGI, IEA
CRE upregulated	GO:0050896	response to stimulus	ENSMUSG00000000811	Txnrd3	IEA
CRE upregulated	GO:0050896	response to stimulus	ENSMUSG00000022433	Csnk1e	IGI, IBA, IEA
CRE upregulated	GO:0050896	response to stimulus	ENSMUSG00000022346	Myc	IDA, IMP, ISS, IEA
CRE upregulated	GO:0050896	response to stimulus	ENSMUSG00000036478	Btg1	IEA
CRE upregulated	GO:0050896	response to stimulus	ENSMUSG00000053113	Socs3	IDA, IGI, IEP, ISO, IEA
CRE upregulated	GO:0050896	response to stimulus	ENSMUSG00000036437	Npy1r	IEA
CRE upregulated	GO:0050896	response to stimulus	ENSMUSG00000047604	Frat2	IGI, ISS
CRE upregulated	GO:0050896	response to stimulus	ENSMUSG00000026072	Il1r1	IDA, IMP, ISS, ISO, IBA, IEA
CRE upregulated	GO:0050896	response to stimulus	ENSMUSG00000027954	Efna1	IDA, IBA, IEA
CRE upregulated	GO:0050896	response to stimulus	ENSMUSG00000026247	Ecel1	ISO
CRE upregulated	GO:0050896	response to stimulus	ENSMUSG00000024789	Jak2	IDA, IMP, IGI, ISS, ISO, IBA, TAS, NAS, IEA
CRE upregulated	GO:0050896	response to stimulus	ENSMUSG00000010095	Slc3a2	ISO, IEA
CRE upregulated	GO:0050896	response to stimulus	ENSMUSG00000004040	ENSMUSG00000004040	IDA, IMP, ISS, ISO, IBA, TAS, NAS, IEA
CRE upregulated	GO:0050896	response to stimulus	ENSMUSG00000042292	Mrtfa	IDA
CRE upregulated	GO:0050896	response to stimulus	ENSMUSG00000061589	Dot1l	IBA, IEA
CRE upregulated	GO:0050896	response to stimulus	ENSMUSG00000003269	Cyth2	IEA
CRE upregulated	GO:0050896	response to stimulus	ENSMUSG00000025178	Pi4k2a	ISO
CRE upregulated	GO:0050896	response to stimulus	ENSMUSG00000022602	Arc	IEA
CRE upregulated	GO:0050896	response to stimulus	ENSMUSG00000020027	Socs2	IMP, IGI, IEA
CRE upregulated	GO:0050896	response to stimulus	ENSMUSG00000029578	Wipi2	IPI, ISS, IEA
CRE upregulated	GO:0050896	response to stimulus	ENSMUSG00000109511	Nup62	IDA, IMP, ISS, IEA
CRE upregulated	GO:0050896	response to stimulus	ENSMUSG00000029135	Fosl2	IDA, IMP, ISO
CRE upregulated	GO:0050896	response to stimulus	ENSMUSG00000054136	Adm2	ISO, IBA, IEA
CRE upregulated	GO:0050896	response to stimulus	ENSMUSG00000020395	Itk	IMP, IBA, IEA
CRE upregulated	GO:0050896	response to stimulus	ENSMUSG00000036990	Otud4	IDA, ISS, IBA, IEA
CRE upregulated	GO:0050896	response to stimulus	ENSMUSG00000029860	Zyx	IDA, IMP, IBA, IEA
CRE upregulated	GO:0050896	response to stimulus	ENSMUSG00000044017	Adgrd1	ISS, IBA, IEA
CRE upregulated	GO:0050896	response to stimulus	ENSMUSG00000004347	ENSMUSG00000004347	ISO, IBA, IEA
CRE upregulated	GO:0050896	response to stimulus	ENSMUSG00000037722	Gnpnat1	IEP
CRE upregulated	GO:0050896	response to stimulus	ENSMUSG00000029826	Zc3hav1	IDA, ISS, ISO, IBA, TAS, IEA
CRE upregulated	GO:0050896	response to stimulus	ENSMUSG00000050335	Lgals3	IEA
CRE upregulated	GO:0050896	response to stimulus	ENSMUSG00000028255	Clca1	IEA
CRE upregulated	GO:0050896	response to stimulus	ENSMUSG00000024190	Dusp1	IMP, ISS, ISO, IBA, IEA
CRE upregulated	GO:0050896	response to stimulus	ENSMUSG00000030223	ENSMUSG00000030223	IDA, ISS, IBA, IEA
CRE upregulated	GO:0050896	response to stimulus	ENSMUSG00000035236	Scai	IDA, IEA
CRE upregulated	GO:0050896	response to stimulus	ENSMUSG00000027797	Dclk1	IEA
CRE upregulated	GO:0050896	response to stimulus	ENSMUSG00000031960	Aars1	ISS, IEA
CRE upregulated	GO:0050896	response to stimulus	ENSMUSG00000059866	Tnip2	IDA, IMP, ISS, IBA, IEA
CRE upregulated	GO:0050896	response to stimulus	ENSMUSG00000004865	ENSMUSG00000004865	IDA, IBA, IEA
CRE upregulated	GO:0050896	response to stimulus	ENSMUSG00000036882	ENSMUSG00000036882	IBA, IEA
CRE upregulated	GO:0050896	response to stimulus	ENSMUSG00000041594	ENSMUSG00000041594	IMP, IBA
CRE upregulated	GO:0050896	response to stimulus	ENSMUSG00000027806	Tsc22d2	IDA
CRE upregulated	GO:0050896	response to stimulus	ENSMUSG00000017615	Tnfaip1	ISS, IBA, IEA
CRE upregulated	GO:0050896	response to stimulus	ENSMUSG00000033545	Znrf1	IEA
CRE upregulated	GO:0050896	response to stimulus	ENSMUSG00000026930	Gpsm1	ISO
CRE upregulated	GO:0050896	response to stimulus	ENSMUSG00000040033	ENSMUSG00000040033	IEA
CRE upregulated	GO:0050896	response to stimulus	ENSMUSG00000021360	ENSMUSG00000021360	IMP, IBA, IEA
CRE upregulated	GO:0050896	response to stimulus	ENSMUSG00000059316	Slc27a4	IMP, IEA
CRE upregulated	GO:0050896	response to stimulus	ENSMUSG00000024803	Ankrd1	IDA, IGI, IEA
CRE upregulated	GO:0050896	response to stimulus	ENSMUSG00000031934	ENSMUSG00000031934	IMP, IGI
CRE upregulated	GO:0050896	response to stimulus	ENSMUSG00000021306	Gpr137b	IEA
CRE upregulated	GO:0050896	response to stimulus	ENSMUSG00000019188	ENSMUSG00000019188	IEA
CRE upregulated	GO:0050896	response to stimulus	ENSMUSG00000023915	Tnfrsf21	IMP, IBA, IEA
CRE upregulated	GO:0050896	response to stimulus	ENSMUSG00000024912	Fosl1	IMP, IEA
CRE upregulated	GO:0050896	response to stimulus	ENSMUSG00000024927	Rela	IDA, IMP, IEP, ISS, ISO, IBA, IEA
CRE upregulated	GO:0050896	response to stimulus	ENSMUSG00000029458	ENSMUSG00000029458	ISO, IBA, IEA
CRE upregulated	GO:0050896	response to stimulus	ENSMUSG00000042608	Stk40	IMP
CRE upregulated	GO:0050896	response to stimulus	ENSMUSG00000053716	Dusp7	IBA
CRE upregulated	GO:0050896	response to stimulus	ENSMUSG00000036206	Sh3bp4	ISS, IEA
CRE upregulated	GO:0050896	response to stimulus	ENSMUSG00000025793	ENSMUSG00000025793	IEA
CRE upregulated	GO:0050896	response to stimulus	ENSMUSG00000038591	Colec10	NAS, IEA
CRE upregulated	GO:0050896	response to stimulus	ENSMUSG00000027692	Tnik	ISS, IBA, IEA
CRE upregulated	GO:0050896	response to stimulus	ENSMUSG00000027952	Pmvk	IEA
CRE upregulated	GO:0050896	response to stimulus	ENSMUSG00000050730	Arhgap42	IMP, IEA
CRE upregulated	GO:0050896	response to stimulus	ENSMUSG00000055044	Pdlim1	IEA
CRE upregulated	GO:0050896	response to stimulus	ENSMUSG00000024238	Zeb1	IDA, IGI, IEA
CRE upregulated	GO:0050896	response to stimulus	ENSMUSG00000026078	Pdcl3	ISO
CRE upregulated	GO:0050896	response to stimulus	ENSMUSG00000028893	Sesn2	IMP, IGI, ISS, ISO, IBA, IEA
CRE upregulated	GO:0050896	response to stimulus	ENSMUSG00000025279	ENSMUSG00000025279	IDA
CRE upregulated	GO:0050896	response to stimulus	ENSMUSG00000038861	Pi4kb	IBA
CRE upregulated	GO:0050896	response to stimulus	ENSMUSG00000024947	Men1	ISO, IEA
CRE upregulated	GO:0050896	response to stimulus	ENSMUSG00000029071	ENSMUSG00000029071	IDA, IMP, IGI, ISO, IBA, TAS, IEA
CRE upregulated	GO:0050896	response to stimulus	ENSMUSG00000036894	Rap2b	IDA, IBA, IEA
CRE upregulated	GO:0050896	response to stimulus	ENSMUSG00000040433	Zbtb38	IEA
CRE upregulated	GO:0050896	response to stimulus	ENSMUSG00000044453	Ffar1	IDA, ISO, IBA, IEA
CRE upregulated	GO:0050896	response to stimulus	ENSMUSG00000064210	ENSMUSG00000064210	IMP, IEA
CRE upregulated	GO:0050896	response to stimulus	ENSMUSG00000032902	Slc16a1	IMP
CRE upregulated	GO:0050896	response to stimulus	ENSMUSG00000032715	Trib3	IDA, ISS, IEA
CRE upregulated	GO:0050896	response to stimulus	ENSMUSG00000024777	ENSMUSG00000024777	ISO, IEA
CRE upregulated	GO:0050896	response to stimulus	ENSMUSG00000035594	Chrna5	IMP, ISO, IBA, IEA
CRE upregulated	GO:0050896	response to stimulus	ENSMUSG00000024335	Brd2	IDA, IEA
CRE upregulated	GO:0050896	response to stimulus	ENSMUSG00000026074	Map4k4	IEA
CRE upregulated	GO:0050896	response to stimulus	ENSMUSG00000040365	Trim41	ISS, IEA
CRE upregulated	GO:0050896	response to stimulus	ENSMUSG00000048047	Zbtb33	IEA
CRE upregulated	GO:0050896	response to stimulus	ENSMUSG00000025485	ENSMUSG00000025485	IDA, IMP, ISO, IBA
CRE upregulated	GO:0050896	response to stimulus	ENSMUSG00000020694	ENSMUSG00000020694	ISS, IBA, IEA
CRE upregulated	GO:0050896	response to stimulus	ENSMUSG00000028466	Creb3	IEA
CRE upregulated	GO:0050896	response to stimulus	ENSMUSG00000025007	Aldh18a1	ISO, IEA
CRE upregulated	GO:0050896	response to stimulus	ENSMUSG00000029175	Slc35f6	ISS, IEA
CRE upregulated	GO:0050896	response to stimulus	ENSMUSG00000066441	ENSMUSG00000066441	IDA, IEA
CRE upregulated	GO:0050896	response to stimulus	ENSMUSG00000025162	ENSMUSG00000025162	IGI, IBA, IEA
CRE upregulated	GO:0050896	response to stimulus	ENSMUSG00000028811	ENSMUSG00000028811	IEA
CRE upregulated	GO:0050896	response to stimulus	ENSMUSG00000010660	Plcd1	ISO, IBA, IEA
CRE upregulated	GO:0050896	response to stimulus	ENSMUSG00000090291	Lrrc10b	IBA
CRE upregulated	GO:0050896	response to stimulus	ENSMUSG00000031668	ENSMUSG00000031668	IEA
CRE upregulated	GO:0050896	response to stimulus	ENSMUSG00000053175	Bcl3	IMP, ISO, IEA
CRE upregulated	GO:0050896	response to stimulus	ENSMUSG00000032599	ENSMUSG00000032599	ISS, IEA
CRE upregulated	GO:0050896	response to stimulus	ENSMUSG00000037815	Ctnna1	IMP, IGI, IEA
CRE upregulated	GO:0050896	response to stimulus	ENSMUSG00000020349	ENSMUSG00000020349	IMP, ISS, IEA
CRE upregulated	GO:0050896	response to stimulus	ENSMUSG00000024517	Grp	IDA, IMP, ISO, IBA, IEA
CRE upregulated	GO:0050896	response to stimulus	ENSMUSG00000040118	ENSMUSG00000040118	IEA
CRE upregulated	GO:0050896	response to stimulus	ENSMUSG00000025340	Rabgef1	IDA, IMP
CRE upregulated	GO:0050896	response to stimulus	ENSMUSG00000029752	ENSMUSG00000029752	IEA
CRE upregulated	GO:0050896	response to stimulus	ENSMUSG00000021587	Pcsk1	IEA
CRE upregulated	GO:0050896	response to stimulus	ENSMUSG00000028599	Tnfrsf1b	IMP, IGI, ISO, IBA, IEA
CRE upregulated	GO:0050896	response to stimulus	ENSMUSG00000033350	Chst2	IEA
CRE upregulated	GO:0050896	response to stimulus	ENSMUSG00000044147	Arf6	ISO, NAS, IEA
CRE upregulated	GO:0050896	response to stimulus	ENSMUSG00000052298	Cdc42se2	ISS, IEA
CRE upregulated	GO:0050896	response to stimulus	ENSMUSG00000030662	ENSMUSG00000030662	IDA, IEA
CRE upregulated	GO:0050896	response to stimulus	ENSMUSG00000011877	Git1	IDA, IMP, ISO, IBA, IEA
CRE upregulated	GO:0050896	response to stimulus	ENSMUSG00000024270	ENSMUSG00000024270	ISS, IEA
CRE upregulated	GO:0050896	response to stimulus	ENSMUSG00000040046	Tph1	IEA
CRE upregulated	GO:0050896	response to stimulus	ENSMUSG00000039985	Sinhcaf	NAS
CRE upregulated	GO:0050896	response to stimulus	ENSMUSG00000025060	ENSMUSG00000025060	ISO
CRE upregulated	GO:0050896	response to stimulus	ENSMUSG00000028602	Tnfrsf8	IEA
CRE upregulated	GO:0050896	response to stimulus	ENSMUSG00000008435	Rdh13	IMP
CRE upregulated	GO:0050896	response to stimulus	ENSMUSG00000052837	ENSMUSG00000052837	IDA
CRE upregulated	GO:0050896	response to stimulus	ENSMUSG00000007411	ENSMUSG00000007411	ISS, IBA, IEA
CRE upregulated	GO:0050896	response to stimulus	ENSMUSG00000013483	Card14	ISS, IEA
CRE upregulated	GO:0050896	response to stimulus	ENSMUSG00000047281	ENSMUSG00000047281	IDA, ISS, IBA, IEA
CRE upregulated	GO:0050896	response to stimulus	ENSMUSG00000025351	Cd63	IMP, ISS, IBA, IEA
CRE upregulated	GO:0050896	response to stimulus	ENSMUSG00000021796	Bmpr1a	IDA, IMP, IGI, IBA, IEA
CRE upregulated	GO:0050896	response to stimulus	ENSMUSG00000031383	Dusp9	IDA, IBA
CRE upregulated	GO:0050896	response to stimulus	ENSMUSG00000049649	Gpr3	ISO, IBA, IEA
CRE upregulated	GO:0050896	response to stimulus	ENSMUSG00000019842	ENSMUSG00000019842	IDA, IMP, IGI, ISO, IBA, IEA
CRE upregulated	GO:0050896	response to stimulus	ENSMUSG00000016534	ENSMUSG00000016534	IMP, IBA
CRE upregulated	GO:0050896	response to stimulus	ENSMUSG00000024750	ENSMUSG00000024750	IMP
CRE upregulated	GO:0050896	response to stimulus	ENSMUSG00000070056	ENSMUSG00000070056	IMP, ISS, IBA, IEA
CRE upregulated	GO:0050896	response to stimulus	ENSMUSG00000034543	ENSMUSG00000034543	ISS
CRE upregulated	GO:0050896	response to stimulus	ENSMUSG00000029110	ENSMUSG00000029110	ISO, IEA
CRE upregulated	GO:0050896	response to stimulus	ENSMUSG00000041598	Cdc42ep4	IDA, IBA
CRE upregulated	GO:0050896	response to stimulus	ENSMUSG00000045664	Cdc42ep2	IDA, IBA
CRE upregulated	GO:0050896	response to stimulus	ENSMUSG00000037860	Aim2	IDA, IMP, ISO, IBA, NAS, IEA
CRE upregulated	GO:0050896	response to stimulus	ENSMUSG00000020250	ENSMUSG00000020250	ISO, IEA
CRE upregulated	GO:0050896	response to stimulus	ENSMUSG00000028434	Epb41l4b	IEA
CRE upregulated	GO:0050896	response to stimulus	ENSMUSG00000039191	Rbpj	IMP, IGI, ISS, IBA, TAS, IEA
CRE upregulated	GO:0050896	response to stimulus	ENSMUSG00000000001	ENSMUSG00000000001	ISS, ISO, IBA, TAS, IEA
CRE upregulated	GO:0050896	response to stimulus	ENSMUSG00000048668	Rhno1	IEA
CRE upregulated	GO:0050896	response to stimulus	ENSMUSG00000019256	ENSMUSG00000019256	IEA
CRE upregulated	GO:0050896	response to stimulus	ENSMUSG00000039844	ENSMUSG00000039844	IMP, IGI, ISO, IBA, IEA
CRE upregulated	GO:0050896	response to stimulus	ENSMUSG00000035725	ENSMUSG00000035725	IBA
CRE upregulated	GO:0050896	response to stimulus	ENSMUSG00000051316	Taf7	IDA, NAS
CRE upregulated	GO:0050896	response to stimulus	ENSMUSG00000001552	ENSMUSG00000001552	IBA, IEA
CRE upregulated	GO:0050896	response to stimulus	ENSMUSG00000040010	Slc7a5	IEA
CRE upregulated	GO:0050896	response to stimulus	ENSMUSG00000076434	ENSMUSG00000076434	IBA
CRE upregulated	GO:0050896	response to stimulus	ENSMUSG00000017677	Wsb1	IEA
CRE upregulated	GO:0050896	response to stimulus	ENSMUSG00000040463	ENSMUSG00000040463	IEA
CRE upregulated	GO:0050896	response to stimulus	ENSMUSG00000020671	ENSMUSG00000020671	IMP, IEA
CRE upregulated	GO:0050896	response to stimulus	ENSMUSG00000004099	ENSMUSG00000004099	IDA, ISO
CRE upregulated	GO:0050896	response to stimulus	ENSMUSG00000022858	ENSMUSG00000022858	IEA
CRE upregulated	GO:0050896	response to stimulus	ENSMUSG00000027997	Casp6	ISS, ISO, IEA
CRE upregulated	GO:0050896	response to stimulus	ENSMUSG00000058354	Krt6a	IDA, IMP
CRE upregulated	GO:0050896	response to stimulus	ENSMUSG00000061947	ENSMUSG00000061947	IEA
CRE upregulated	GO:0050896	response to stimulus	ENSMUSG00000020594	ENSMUSG00000020594	ISO, IEA
CRE upregulated	GO:0050896	response to stimulus	ENSMUSG00000020448	Rnf185	ISS, IBA, IEA
CRE upregulated	GO:0050896	response to stimulus	ENSMUSG00000000787	ENSMUSG00000000787	IDA, ISS, IEA
CRE upregulated	GO:0050896	response to stimulus	ENSMUSG00000008859	ENSMUSG00000008859	IBA, IEA
CRE upregulated	GO:0050896	response to stimulus	ENSMUSG00000008730	Hipk1	IGI, IBA, IEA
CRE upregulated	GO:0050896	response to stimulus	ENSMUSG00000054934	Kcnmb4	ISS, IBA, IEA
CRE upregulated	GO:0050896	response to stimulus	ENSMUSG00000022948	Setd4	IDA, IEA
CRE upregulated	GO:0050896	response to stimulus	ENSMUSG00000046722	ENSMUSG00000046722	ISS, IEA
CRE upregulated	GO:0050896	response to stimulus	ENSMUSG00000022094	ENSMUSG00000022094	IDA, IMP
CRE upregulated	GO:0050896	response to stimulus	ENSMUSG00000038676	Ucn	IMP, ISO, IEA
CRE upregulated	GO:0050896	response to stimulus	ENSMUSG00000059743	ENSMUSG00000059743	ISO
CRE upregulated	GO:0050896	response to stimulus	ENSMUSG00000038467	ENSMUSG00000038467	ISO, IEA
CRE upregulated	GO:0050896	response to stimulus	ENSMUSG00000052681	Rap1b	IDA, IGI, ISS, ISO, IBA, IEA
CRE upregulated	GO:0050896	response to stimulus	ENSMUSG00000037553	ENSMUSG00000037553	ISS, IEA
CRE upregulated	GO:0050896	response to stimulus	ENSMUSG00000020097	ENSMUSG00000020097	IMP, ISS, IEA
CRE upregulated	GO:0050896	response to stimulus	ENSMUSG00000042185	ENSMUSG00000042185	IDA, IMP, IEA
CRE upregulated	GO:0050896	response to stimulus	ENSMUSG00000025403	ENSMUSG00000025403	IEA
CRE upregulated	GO:0050896	response to stimulus	ENSMUSG00000028826	ENSMUSG00000028826	ISS, IBA, IEA
CRE upregulated	GO:0050896	response to stimulus	ENSMUSG00000032508	Myd88	IDA, IMP, IGI, ISS, ISO, IBA, TAS, IEA
CRE upregulated	GO:0050896	response to stimulus	ENSMUSG00000028370	Pappa	ISO, IBA, IEA
CRE upregulated	GO:0050896	response to stimulus	ENSMUSG00000026864	ENSMUSG00000026864	IDA, IMP, IGI, ISS, ISO, IBA, IEA
CRE upregulated	GO:0050896	response to stimulus	ENSMUSG00000021072	Tmx1	IMP, ISS, IEA
CRE upregulated	GO:0050896	response to stimulus	ENSMUSG00000002633	Shh	IDA, IMP, IGI, ISS, ISO, IBA, TAS, IEA
CRE upregulated	GO:0050896	response to stimulus	ENSMUSG00000028680	ENSMUSG00000028680	IEA
CRE upregulated	GO:0050896	response to stimulus	ENSMUSG00000057465	Saa2	IEP, IEA
CRE upregulated	GO:0050896	response to stimulus	ENSMUSG00000003623	ENSMUSG00000003623	ISO
CRE upregulated	GO:0050896	response to stimulus	ENSMUSG00000053581	ENSMUSG00000053581	IMP
CRE upregulated	GO:0050896	response to stimulus	ENSMUSG00000006344	ENSMUSG00000006344	IMP, IBA
CRE upregulated	GO:0050896	response to stimulus	ENSMUSG00000032462	ENSMUSG00000032462	IMP, IGI, IBA, IEA
CRE upregulated	GO:0050896	response to stimulus	ENSMUSG00000025198	ENSMUSG00000025198	IBA, IEA
CRE upregulated	GO:0050896	response to stimulus	ENSMUSG00000049807	Arhgap23	IEA
CRE upregulated	GO:0050896	response to stimulus	ENSMUSG00000004270	ENSMUSG00000004270	IDA, IMP
CRE upregulated	GO:0050896	response to stimulus	ENSMUSG00000027944	Hax1	TAS, IEA
CRE upregulated	GO:0050896	response to stimulus	ENSMUSG00000039671	ENSMUSG00000039671	ISO, IEA
CRE upregulated	GO:0050896	response to stimulus	ENSMUSG00000005089	Slc1a2	IDA, IMP
CRE upregulated	GO:0050896	response to stimulus	ENSMUSG00000045174	ENSMUSG00000045174	IBA, IEA
CRE upregulated	GO:0050896	response to stimulus	ENSMUSG00000029145	ENSMUSG00000029145	ISS, ISO, IEA
CRE upregulated	GO:0050896	response to stimulus	ENSMUSG00000067586	ENSMUSG00000067586	IDA, IMP, IBA, IEA
CRE upregulated	GO:0050896	response to stimulus	ENSMUSG00000038250	ENSMUSG00000038250	IEA
CRE upregulated	GO:0050896	response to stimulus	ENSMUSG00000056050	ENSMUSG00000056050	IEA
CRE upregulated	GO:0050896	response to stimulus	ENSMUSG00000048027	ENSMUSG00000048027	IDA, IBA
CRE upregulated	GO:0050896	response to stimulus	ENSMUSG00000028291	ENSMUSG00000028291	IMP, ISS, IBA, IEA
CRE upregulated	GO:0050896	response to stimulus	ENSMUSG00000050108	Bpifc	IEA
CRE upregulated	GO:0050896	response to stimulus	ENSMUSG00000037411	Serpine1	IEA
CRE upregulated	GO:0050896	response to stimulus	ENSMUSG00000032786	ENSMUSG00000032786	ISS, IEA
CRE upregulated	GO:0050896	response to stimulus	ENSMUSG00000020340	ENSMUSG00000020340	IMP
CRE upregulated	GO:0050896	response to stimulus	ENSMUSG00000037465	Klf10	IDA
CRE upregulated	GO:0050896	response to stimulus	ENSMUSG00000023277	ENSMUSG00000023277	ISO, IEA
CRE upregulated	GO:0050896	response to stimulus	ENSMUSG00000051209	ENSMUSG00000051209	IBA, IEA
CRE upregulated	GO:0050896	response to stimulus	ENSMUSG00000019843	ENSMUSG00000019843	IDA, IMP, IGI, ISO, IBA, IEA
CRE upregulated	GO:0050896	response to stimulus	ENSMUSG00000020755	ENSMUSG00000020755	IEA
CRE upregulated	GO:0050896	response to stimulus	ENSMUSG00000024493	ENSMUSG00000024493	IEA
CRE upregulated	GO:0050896	response to stimulus	ENSMUSG00000027646	ENSMUSG00000027646	IDA, IMP, IGI, ISO, IBA, IEA
CRE upregulated	GO:0050896	response to stimulus	ENSMUSG00000024843	ENSMUSG00000024843	ISS
CRE upregulated	GO:0050896	response to stimulus	ENSMUSG00000052316	ENSMUSG00000052316	IEA
CRE upregulated	GO:0050896	response to stimulus	ENSMUSG00000021340	ENSMUSG00000021340	IEA
CRE upregulated	GO:0050896	response to stimulus	ENSMUSG00000004698	ENSMUSG00000004698	IEA
CRE upregulated	GO:0050896	response to stimulus	ENSMUSG00000046761	ENSMUSG00000046761	IBA
CRE upregulated	GO:0050896	response to stimulus	ENSMUSG00000032501	Trib1	IMP, IEA
CRE upregulated	GO:0050896	response to stimulus	ENSMUSG00000019726	ENSMUSG00000019726	IEA
CRE upregulated	GO:0050896	response to stimulus	ENSMUSG00000031642	Sh3rf1	IEA
CRE upregulated	GO:0050896	response to stimulus	ENSMUSG00000042197	ENSMUSG00000042197	ISS, IEA
CRE upregulated	GO:0050896	response to stimulus	ENSMUSG00000055067	ENSMUSG00000055067	IDA
CRE upregulated	GO:0050896	response to stimulus	ENSMUSG00000047261	ENSMUSG00000047261	IBA, IEA
CRE upregulated	GO:0050896	response to stimulus	ENSMUSG00000074886	ENSMUSG00000074886	ISO, IBA, IEA
CRE upregulated	GO:0050896	response to stimulus	ENSMUSG00000031073	Fgf15	IEP, ISO, IBA, IEA
CRE upregulated	GO:0050896	response to stimulus	ENSMUSG00000027433	ENSMUSG00000027433	NAS
CRE upregulated	GO:0050896	response to stimulus	ENSMUSG00000002797	Ggct	ISS, IEA
CRE upregulated	GO:0050896	response to stimulus	ENSMUSG00000038205	ENSMUSG00000038205	ISO, IBA, NAS, IEA
CRE upregulated	GO:0050896	response to stimulus	ENSMUSG00000015839	Nfe2l2	IDA, IMP, ISS, ISO, IBA, IEA
CRE upregulated	GO:0050896	response to stimulus	ENSMUSG00000021477	ENSMUSG00000021477	ISS, IBA
CRE upregulated	GO:0050896	response to stimulus	ENSMUSG00000000627	ENSMUSG00000000627	IBA
CRE upregulated	GO:0050896	response to stimulus	ENSMUSG00000040843	ENSMUSG00000040843	IBA, IEA
CRE upregulated	GO:0050896	response to stimulus	ENSMUSG00000019998	ENSMUSG00000019998	IEA
CRE upregulated	GO:0050896	response to stimulus	ENSMUSG00000054499	ENSMUSG00000054499	IBA, IEA
CRE upregulated	GO:0050896	response to stimulus	ENSMUSG00000105987	ENSMUSG00000105987	IEP
CRE upregulated	GO:0050896	response to stimulus	ENSMUSG00000024907	Gal	IMP, IBA, IEA
CRE upregulated	GO:0050896	response to stimulus	ENSMUSG00000031751	ENSMUSG00000031751	IMP, ISS, IBA, IEA
CRE upregulated	GO:0050896	response to stimulus	ENSMUSG00000054204	ENSMUSG00000054204	IBA, IEA
CRE upregulated	GO:0050896	response to stimulus	ENSMUSG00000046707	ENSMUSG00000046707	ISS, IEA
CRE upregulated	GO:0050896	response to stimulus	ENSMUSG00000053797	ENSMUSG00000053797	IMP, IEA
CRE upregulated	GO:0050896	response to stimulus	ENSMUSG00000003541	ENSMUSG00000003541	IDA, IMP, ISO, IBA, IEA
CRE upregulated	GO:0050896	response to stimulus	ENSMUSG00000024287	ENSMUSG00000024287	IEA
CRE upregulated	GO:0006796	phosphate-containing compound metabolic process	ENSMUSG00000036390	Gadd45a	IMP, IEA
CRE upregulated	GO:0006796	phosphate-containing compound metabolic process	ENSMUSG00000052684	Jun	IMP
CRE upregulated	GO:0006796	phosphate-containing compound metabolic process	ENSMUSG00000004951	Hspb1	IDA, IEA
CRE upregulated	GO:0006796	phosphate-containing compound metabolic process	ENSMUSG00000003752	Itpkc	ISS, IBA, IEA
CRE upregulated	GO:0006796	phosphate-containing compound metabolic process	ENSMUSG00000024143	Rhoq	IEA
CRE upregulated	GO:0006796	phosphate-containing compound metabolic process	ENSMUSG00000019876	Pkib	IEA
CRE upregulated	GO:0006796	phosphate-containing compound metabolic process	ENSMUSG00000025089	Gfra1	ISO, IEA
CRE upregulated	GO:0006796	phosphate-containing compound metabolic process	ENSMUSG00000020427	Igfbp3	ISO, IEA
CRE upregulated	GO:0006796	phosphate-containing compound metabolic process	ENSMUSG00000023067	Cdkn1a	IMP
CRE upregulated	GO:0006796	phosphate-containing compound metabolic process	ENSMUSG00000024404	Riok3	IEA
CRE upregulated	GO:0006796	phosphate-containing compound metabolic process	ENSMUSG00000030681	Mvp	IEA
CRE upregulated	GO:0006796	phosphate-containing compound metabolic process	ENSMUSG00000030272	Camk1	ISS, IEA
CRE upregulated	GO:0006796	phosphate-containing compound metabolic process	ENSMUSG00000026558	Uck2	ISS, ISO, IEA
CRE upregulated	GO:0006796	phosphate-containing compound metabolic process	ENSMUSG00000003644	Rps6ka1	IEA
CRE upregulated	GO:0006796	phosphate-containing compound metabolic process	ENSMUSG00000029378	Areg	IDA, ISO, IEA
CRE upregulated	GO:0006796	phosphate-containing compound metabolic process	ENSMUSG00000042688	Mapk6	IDA, IEA
CRE upregulated	GO:0006796	phosphate-containing compound metabolic process	ENSMUSG00000005087	Cd44	IEA
CRE upregulated	GO:0006796	phosphate-containing compound metabolic process	ENSMUSG00000026836	Acvr1	IEA
CRE upregulated	GO:0006796	phosphate-containing compound metabolic process	ENSMUSG00000048482	Bdnf	IMP, ISO, IEA
CRE upregulated	GO:0006796	phosphate-containing compound metabolic process	ENSMUSG00000024256	Adcyap1	ISS, ISO, IEA
CRE upregulated	GO:0006796	phosphate-containing compound metabolic process	ENSMUSG00000021070	Bdkrb2	IMP
CRE upregulated	GO:0006796	phosphate-containing compound metabolic process	ENSMUSG00000002250	Ppard	ISO
CRE upregulated	GO:0006796	phosphate-containing compound metabolic process	ENSMUSG00000038894	Irs2	IMP
CRE upregulated	GO:0006796	phosphate-containing compound metabolic process	ENSMUSG00000025648	Pfkfb4	IBA, IEA
CRE upregulated	GO:0006796	phosphate-containing compound metabolic process	ENSMUSG00000035828	Pim3	ISS, IEA
CRE upregulated	GO:0006796	phosphate-containing compound metabolic process	ENSMUSG00000032578	Cish	IBA
CRE upregulated	GO:0006796	phosphate-containing compound metabolic process	ENSMUSG00000031545	Gpat4	IEA
CRE upregulated	GO:0006796	phosphate-containing compound metabolic process	ENSMUSG00000029201	Ugdh	ISS, IEA
CRE upregulated	GO:0006796	phosphate-containing compound metabolic process	ENSMUSG00000039954	Stk32a	IEA
CRE upregulated	GO:0006796	phosphate-containing compound metabolic process	ENSMUSG00000027540	Ptpn1	IMP, IGI, ISS, IEA
CRE upregulated	GO:0006796	phosphate-containing compound metabolic process	ENSMUSG00000019461	Plscr3	ISS, IEA
CRE upregulated	GO:0006796	phosphate-containing compound metabolic process	ENSMUSG00000043895	S1pr2	IMP, IEA
CRE upregulated	GO:0006796	phosphate-containing compound metabolic process	ENSMUSG00000053436	Mapk14	IDA, IEA
CRE upregulated	GO:0006796	phosphate-containing compound metabolic process	ENSMUSG00000025809	Itgb1	ISO
CRE upregulated	GO:0006796	phosphate-containing compound metabolic process	ENSMUSG00000025503	Taldo1	IDA, IMP, ISO, IBA, IEA
CRE upregulated	GO:0006796	phosphate-containing compound metabolic process	ENSMUSG00000025239	Limd1	ISS
CRE upregulated	GO:0006796	phosphate-containing compound metabolic process	ENSMUSG00000025139	Tollip	ISS
CRE upregulated	GO:0006796	phosphate-containing compound metabolic process	ENSMUSG00000025746	Il6	ISO
CRE upregulated	GO:0006796	phosphate-containing compound metabolic process	ENSMUSG00000032231	Anxa2	ISO
CRE upregulated	GO:0006796	phosphate-containing compound metabolic process	ENSMUSG00000073563	Csnk1g3	IEA
CRE upregulated	GO:0006796	phosphate-containing compound metabolic process	ENSMUSG00000022607	Ptk2	IDA, IMP, ISS, IEA
CRE upregulated	GO:0006796	phosphate-containing compound metabolic process	ENSMUSG00000055994	Nod2	IMP
CRE upregulated	GO:0006796	phosphate-containing compound metabolic process	ENSMUSG00000024014	Pim1	IDA, IEA
CRE upregulated	GO:0006796	phosphate-containing compound metabolic process	ENSMUSG00000037062	Sh3glb1	IDA
CRE upregulated	GO:0006796	phosphate-containing compound metabolic process	ENSMUSG00000027293	Ehd4	ISO, IEA
CRE upregulated	GO:0006796	phosphate-containing compound metabolic process	ENSMUSG00000020580	Rock2	IEA
CRE upregulated	GO:0006796	phosphate-containing compound metabolic process	ENSMUSG00000069094	Pde7a	IEA
CRE upregulated	GO:0006796	phosphate-containing compound metabolic process	ENSMUSG00000027613	Eif6	IMP
CRE upregulated	GO:0006796	phosphate-containing compound metabolic process	ENSMUSG00000029777	Gars1	ISS, IEA
CRE upregulated	GO:0006796	phosphate-containing compound metabolic process	ENSMUSG00000020271	Fbxw11	IDA
CRE upregulated	GO:0006796	phosphate-containing compound metabolic process	ENSMUSG00000046854	Pip5kl1	IBA, IEA
CRE upregulated	GO:0006796	phosphate-containing compound metabolic process	ENSMUSG00000040435	Ppp1r15a	IDA, ISO, IEA
CRE upregulated	GO:0006796	phosphate-containing compound metabolic process	ENSMUSG00000001847	Rac1	ISS
CRE upregulated	GO:0006796	phosphate-containing compound metabolic process	ENSMUSG00000042121	Ssh1	IEA
CRE upregulated	GO:0006796	phosphate-containing compound metabolic process	ENSMUSG00000050271	Prag1	IEA
CRE upregulated	GO:0006796	phosphate-containing compound metabolic process	ENSMUSG00000018909	Arrb1	IMP, ISS, ISO
CRE upregulated	GO:0006796	phosphate-containing compound metabolic process	ENSMUSG00000026317	Cln8	IMP, ISS, IBA, IEA
CRE upregulated	GO:0006796	phosphate-containing compound metabolic process	ENSMUSG00000044667	Plppr4	ISO, IBA, IEA
CRE upregulated	GO:0006796	phosphate-containing compound metabolic process	ENSMUSG00000033955	Tnks1bp1	IEA
CRE upregulated	GO:0006796	phosphate-containing compound metabolic process	ENSMUSG00000057531	Dtnbp1	IMP, ISO
CRE upregulated	GO:0006796	phosphate-containing compound metabolic process	ENSMUSG00000004768	Rab23	IEA
CRE upregulated	GO:0006796	phosphate-containing compound metabolic process	ENSMUSG00000015837	Sqstm1	ISO
CRE upregulated	GO:0006796	phosphate-containing compound metabolic process	ENSMUSG00000036737	Oxsr1	IGI, ISS, IEA
CRE upregulated	GO:0006796	phosphate-containing compound metabolic process	ENSMUSG00000023087	Noct	ISS, IEA
CRE upregulated	GO:0006796	phosphate-containing compound metabolic process	ENSMUSG00000036057	Ptpn23	IEA
CRE upregulated	GO:0006796	phosphate-containing compound metabolic process	ENSMUSG00000020015	Cdk17	IEA
CRE upregulated	GO:0006796	phosphate-containing compound metabolic process	ENSMUSG00000022433	Csnk1e	IDA, IMP, IGI, IEA
CRE upregulated	GO:0006796	phosphate-containing compound metabolic process	ENSMUSG00000022346	Myc	ISO
CRE upregulated	GO:0006796	phosphate-containing compound metabolic process	ENSMUSG00000053113	Socs3	IDA, IBA, IEA
CRE upregulated	GO:0006796	phosphate-containing compound metabolic process	ENSMUSG00000027954	Efna1	IDA, IEA
CRE upregulated	GO:0006796	phosphate-containing compound metabolic process	ENSMUSG00000024789	Jak2	IDA, ISS, IEA
CRE upregulated	GO:0006796	phosphate-containing compound metabolic process	ENSMUSG00000004040	ENSMUSG00000004040	IDA, IMP, ISO
CRE upregulated	GO:0006796	phosphate-containing compound metabolic process	ENSMUSG00000025178	Pi4k2a	ISS, IBA, IEA
CRE upregulated	GO:0006796	phosphate-containing compound metabolic process	ENSMUSG00000022555	Dgat1	IDA
CRE upregulated	GO:0006796	phosphate-containing compound metabolic process	ENSMUSG00000020027	Socs2	IBA
CRE upregulated	GO:0006796	phosphate-containing compound metabolic process	ENSMUSG00000109511	Nup62	IMP
CRE upregulated	GO:0006796	phosphate-containing compound metabolic process	ENSMUSG00000020395	Itk	IMP, IEA
CRE upregulated	GO:0006796	phosphate-containing compound metabolic process	ENSMUSG00000037722	Gnpnat1	IMP, TAS, IEA
CRE upregulated	GO:0006796	phosphate-containing compound metabolic process	ENSMUSG00000024190	Dusp1	IMP, ISS, IEA
CRE upregulated	GO:0006796	phosphate-containing compound metabolic process	ENSMUSG00000030223	ENSMUSG00000030223	IDA, IEA
CRE upregulated	GO:0006796	phosphate-containing compound metabolic process	ENSMUSG00000027797	Dclk1	IEA
CRE upregulated	GO:0006796	phosphate-containing compound metabolic process	ENSMUSG00000004865	ENSMUSG00000004865	IDA, IEA
CRE upregulated	GO:0006796	phosphate-containing compound metabolic process	ENSMUSG00000040033	ENSMUSG00000040033	IEA
CRE upregulated	GO:0006796	phosphate-containing compound metabolic process	ENSMUSG00000042608	Stk40	IEA
CRE upregulated	GO:0006796	phosphate-containing compound metabolic process	ENSMUSG00000053716	Dusp7	IEA
CRE upregulated	GO:0006796	phosphate-containing compound metabolic process	ENSMUSG00000023232	ENSMUSG00000023232	ISO
CRE upregulated	GO:0006796	phosphate-containing compound metabolic process	ENSMUSG00000027692	Tnik	ISS, IEA
CRE upregulated	GO:0006796	phosphate-containing compound metabolic process	ENSMUSG00000027952	Pmvk	ISO, IBA, IEA
CRE upregulated	GO:0006796	phosphate-containing compound metabolic process	ENSMUSG00000026078	Pdcl3	ISO, IEA
CRE upregulated	GO:0006796	phosphate-containing compound metabolic process	ENSMUSG00000028893	Sesn2	IMP, IEA
CRE upregulated	GO:0006796	phosphate-containing compound metabolic process	ENSMUSG00000038861	Pi4kb	IBA, IEA
CRE upregulated	GO:0006796	phosphate-containing compound metabolic process	ENSMUSG00000024947	Men1	IEA
CRE upregulated	GO:0006796	phosphate-containing compound metabolic process	ENSMUSG00000029071	ENSMUSG00000029071	IDA, IGI
CRE upregulated	GO:0006796	phosphate-containing compound metabolic process	ENSMUSG00000036894	Rap2b	IDA, IEA
CRE upregulated	GO:0006796	phosphate-containing compound metabolic process	ENSMUSG00000037514	Pank2	IMP, IGI, IBA, IEA
CRE upregulated	GO:0006796	phosphate-containing compound metabolic process	ENSMUSG00000032715	Trib3	IDA, ISS, IEA
CRE upregulated	GO:0006796	phosphate-containing compound metabolic process	ENSMUSG00000024777	ENSMUSG00000024777	ISO, IEA
CRE upregulated	GO:0006796	phosphate-containing compound metabolic process	ENSMUSG00000026074	Map4k4	IEA
CRE upregulated	GO:0006796	phosphate-containing compound metabolic process	ENSMUSG00000020694	ENSMUSG00000020694	ISS, IEA
CRE upregulated	GO:0006796	phosphate-containing compound metabolic process	ENSMUSG00000025162	ENSMUSG00000025162	IDA, IMP, IGI, ISS, IEA
CRE upregulated	GO:0006796	phosphate-containing compound metabolic process	ENSMUSG00000010660	Plcd1	ISS, ISO, IBA, IEA
CRE upregulated	GO:0006796	phosphate-containing compound metabolic process	ENSMUSG00000031278	ENSMUSG00000031278	ISO, IBA
CRE upregulated	GO:0006796	phosphate-containing compound metabolic process	ENSMUSG00000031668	ENSMUSG00000031668	IEA
CRE upregulated	GO:0006796	phosphate-containing compound metabolic process	ENSMUSG00000020089	Ppa1	IBA, IC, IEA
CRE upregulated	GO:0006796	phosphate-containing compound metabolic process	ENSMUSG00000032599	ENSMUSG00000032599	IMP, ISS, IBA, IEA
CRE upregulated	GO:0006796	phosphate-containing compound metabolic process	ENSMUSG00000020349	ENSMUSG00000020349	IMP, ISS, ISO
CRE upregulated	GO:0006796	phosphate-containing compound metabolic process	ENSMUSG00000026773	ENSMUSG00000026773	ISO, IBA, IEA
CRE upregulated	GO:0006796	phosphate-containing compound metabolic process	ENSMUSG00000025340	Rabgef1	IMP
CRE upregulated	GO:0006796	phosphate-containing compound metabolic process	ENSMUSG00000033159	ENSMUSG00000033159	IEA
CRE upregulated	GO:0006796	phosphate-containing compound metabolic process	ENSMUSG00000004530	ENSMUSG00000004530	IEA
CRE upregulated	GO:0006796	phosphate-containing compound metabolic process	ENSMUSG00000027605	Acss2	IDA, IBA
CRE upregulated	GO:0006796	phosphate-containing compound metabolic process	ENSMUSG00000018648	Dusp14	IEA
CRE upregulated	GO:0006796	phosphate-containing compound metabolic process	ENSMUSG00000011877	Git1	IMP
CRE upregulated	GO:0006796	phosphate-containing compound metabolic process	ENSMUSG00000025060	ENSMUSG00000025060	ISS, IEA
CRE upregulated	GO:0006796	phosphate-containing compound metabolic process	ENSMUSG00000062234	ENSMUSG00000062234	IEA
CRE upregulated	GO:0006796	phosphate-containing compound metabolic process	ENSMUSG00000007411	ENSMUSG00000007411	ISS, IEA
CRE upregulated	GO:0006796	phosphate-containing compound metabolic process	ENSMUSG00000021796	Bmpr1a	IEA
CRE upregulated	GO:0006796	phosphate-containing compound metabolic process	ENSMUSG00000031383	Dusp9	IEA
CRE upregulated	GO:0006796	phosphate-containing compound metabolic process	ENSMUSG00000000001	ENSMUSG00000000001	ISS, IEA
CRE upregulated	GO:0006796	phosphate-containing compound metabolic process	ENSMUSG00000035725	ENSMUSG00000035725	ISS, IEA
CRE upregulated	GO:0006796	phosphate-containing compound metabolic process	ENSMUSG00000000787	ENSMUSG00000000787	ISS
CRE upregulated	GO:0006796	phosphate-containing compound metabolic process	ENSMUSG00000008730	Hipk1	ISS, IEA
CRE upregulated	GO:0006796	phosphate-containing compound metabolic process	ENSMUSG00000029310	Nudt9	IDA
CRE upregulated	GO:0006796	phosphate-containing compound metabolic process	ENSMUSG00000038676	Ucn	ISO
CRE upregulated	GO:0006796	phosphate-containing compound metabolic process	ENSMUSG00000059743	ENSMUSG00000059743	ISO, IBA, IEA
CRE upregulated	GO:0006796	phosphate-containing compound metabolic process	ENSMUSG00000066595	ENSMUSG00000066595	ISS, IEA
CRE upregulated	GO:0006796	phosphate-containing compound metabolic process	ENSMUSG00000032540	ENSMUSG00000032540	ISS, IBA, IEA
CRE upregulated	GO:0006796	phosphate-containing compound metabolic process	ENSMUSG00000028680	ENSMUSG00000028680	IEA
CRE upregulated	GO:0006796	phosphate-containing compound metabolic process	ENSMUSG00000003623	ENSMUSG00000003623	IDA
CRE upregulated	GO:0006796	phosphate-containing compound metabolic process	ENSMUSG00000015357	ENSMUSG00000015357	IEA
CRE upregulated	GO:0006796	phosphate-containing compound metabolic process	ENSMUSG00000032462	ENSMUSG00000032462	ISS, ISO, IBA, IEA
CRE upregulated	GO:0006796	phosphate-containing compound metabolic process	ENSMUSG00000004270	ENSMUSG00000004270	IMP, ISS, IBA, IEA
CRE upregulated	GO:0006796	phosphate-containing compound metabolic process	ENSMUSG00000027944	Hax1	IEA
CRE upregulated	GO:0006796	phosphate-containing compound metabolic process	ENSMUSG00000019843	ENSMUSG00000019843	IDA, IMP, IGI, IEA
CRE upregulated	GO:0006796	phosphate-containing compound metabolic process	ENSMUSG00000027646	ENSMUSG00000027646	IDA, IMP, IGI, ISO, IEA
CRE upregulated	GO:0006796	phosphate-containing compound metabolic process	ENSMUSG00000024843	ENSMUSG00000024843	IDA, ISS, IBA, IEA
CRE upregulated	GO:0006796	phosphate-containing compound metabolic process	ENSMUSG00000032501	Trib1	ISS, IEA
CRE upregulated	GO:0006796	phosphate-containing compound metabolic process	ENSMUSG00000003119	ENSMUSG00000003119	ISS, IEA
CRE upregulated	GO:0006796	phosphate-containing compound metabolic process	ENSMUSG00000055067	ENSMUSG00000055067	IMP
CRE upregulated	GO:0006796	phosphate-containing compound metabolic process	ENSMUSG00000026384	Ptpn4	IEA
CRE upregulated	GO:0006796	phosphate-containing compound metabolic process	ENSMUSG00000074886	ENSMUSG00000074886	IEA
CRE upregulated	GO:0006796	phosphate-containing compound metabolic process	ENSMUSG00000031073	Fgf15	IEA
CRE upregulated	GO:0006796	phosphate-containing compound metabolic process	ENSMUSG00000025236	ENSMUSG00000025236	IEA
CRE upregulated	GO:0006796	phosphate-containing compound metabolic process	ENSMUSG00000046707	ENSMUSG00000046707	IEA
CRE upregulated	GO:0006796	phosphate-containing compound metabolic process	ENSMUSG00000003541	ENSMUSG00000003541	IMP
CRE upregulated	GO:0009893	positive regulation of metabolic process	ENSMUSG00000026628	Atf3	IMP, IGI, ISO, IEA
CRE upregulated	GO:0009893	positive regulation of metabolic process	ENSMUSG00000036390	Gadd45a	IEA
CRE upregulated	GO:0009893	positive regulation of metabolic process	ENSMUSG00000052684	Jun	IDA, IMP, IGI, ISS, ISO
CRE upregulated	GO:0009893	positive regulation of metabolic process	ENSMUSG00000063632	Sox11	IDA, IMP, ISO, IBA, IEA
CRE upregulated	GO:0009893	positive regulation of metabolic process	ENSMUSG00000031574	Star	ISO, IEA
CRE upregulated	GO:0009893	positive regulation of metabolic process	ENSMUSG00000004951	Hspb1	IDA
CRE upregulated	GO:0009893	positive regulation of metabolic process	ENSMUSG00000025473	Adam8	IDA, IMP, IBA, IEA
CRE upregulated	GO:0009893	positive regulation of metabolic process	ENSMUSG00000056749	Nfil3	IDA, IMP
CRE upregulated	GO:0009893	positive regulation of metabolic process	ENSMUSG00000024143	Rhoq	IEA
CRE upregulated	GO:0009893	positive regulation of metabolic process	ENSMUSG00000022895	Ets2	ISO, IEA
CRE upregulated	GO:0009893	positive regulation of metabolic process	ENSMUSG00000019876	Pkib	IEA
CRE upregulated	GO:0009893	positive regulation of metabolic process	ENSMUSG00000037447	Arid5a	IDA, IMP, IGI, ISS, IEA
CRE upregulated	GO:0009893	positive regulation of metabolic process	ENSMUSG00000030748	Il4ra	IMP
CRE upregulated	GO:0009893	positive regulation of metabolic process	ENSMUSG00000032515	Csrnp1	IDA
CRE upregulated	GO:0009893	positive regulation of metabolic process	ENSMUSG00000025089	Gfra1	ISO, IEA
CRE upregulated	GO:0009893	positive regulation of metabolic process	ENSMUSG00000014599	Csf1	IDA, IEA
CRE upregulated	GO:0009893	positive regulation of metabolic process	ENSMUSG00000025612	Bach1	IDA
CRE upregulated	GO:0009893	positive regulation of metabolic process	ENSMUSG00000020427	Igfbp3	ISO
CRE upregulated	GO:0009893	positive regulation of metabolic process	ENSMUSG00000023067	Cdkn1a	IMP, IEA
CRE upregulated	GO:0009893	positive regulation of metabolic process	ENSMUSG00000024404	Riok3	IEA
CRE upregulated	GO:0009893	positive regulation of metabolic process	ENSMUSG00000000078	Klf6	IEA
CRE upregulated	GO:0009893	positive regulation of metabolic process	ENSMUSG00000030272	Camk1	ISS, IEA
CRE upregulated	GO:0009893	positive regulation of metabolic process	ENSMUSG00000001542	Ell2	ISO, IBA
CRE upregulated	GO:0009893	positive regulation of metabolic process	ENSMUSG00000031681	Smad1	IDA, IMP, IGI, IEA
CRE upregulated	GO:0009893	positive regulation of metabolic process	ENSMUSG00000035673	Sbno2	IMP, IBA
CRE upregulated	GO:0009893	positive regulation of metabolic process	ENSMUSG00000033060	Lmo7	IDA, ISS, ISO
CRE upregulated	GO:0009893	positive regulation of metabolic process	ENSMUSG00000003644	Rps6ka1	ISO, IBA, IEA
CRE upregulated	GO:0009893	positive regulation of metabolic process	ENSMUSG00000029378	Areg	IDA, ISO, IEA
CRE upregulated	GO:0009893	positive regulation of metabolic process	ENSMUSG00000005087	Cd44	IEA
CRE upregulated	GO:0009893	positive regulation of metabolic process	ENSMUSG00000026836	Acvr1	IMP, IEA
CRE upregulated	GO:0009893	positive regulation of metabolic process	ENSMUSG00000026670	Uap1	IEA
CRE upregulated	GO:0009893	positive regulation of metabolic process	ENSMUSG00000048482	Bdnf	IMP, ISO, IEA
CRE upregulated	GO:0009893	positive regulation of metabolic process	ENSMUSG00000024256	Adcyap1	IDA, IMP, ISS, ISO, IEA
CRE upregulated	GO:0009893	positive regulation of metabolic process	ENSMUSG00000034832	Tet3	ISS, IBA, IEA
CRE upregulated	GO:0009893	positive regulation of metabolic process	ENSMUSG00000002250	Ppard	IMP, ISS, ISO, IBA, IEA
CRE upregulated	GO:0009893	positive regulation of metabolic process	ENSMUSG00000018507	Trpv2	IMP
CRE upregulated	GO:0009893	positive regulation of metabolic process	ENSMUSG00000038894	Irs2	IEA
CRE upregulated	GO:0009893	positive regulation of metabolic process	ENSMUSG00000026796	Niban2	IEA
CRE upregulated	GO:0009893	positive regulation of metabolic process	ENSMUSG00000027540	Ptpn1	IMP, IEA
CRE upregulated	GO:0009893	positive regulation of metabolic process	ENSMUSG00000043895	S1pr2	IMP, IEA
CRE upregulated	GO:0009893	positive regulation of metabolic process	ENSMUSG00000022661	Cd200	IEA
CRE upregulated	GO:0009893	positive regulation of metabolic process	ENSMUSG00000028063	Lmna	IMP
CRE upregulated	GO:0009893	positive regulation of metabolic process	ENSMUSG00000041548	Hspb8	IEA
CRE upregulated	GO:0009893	positive regulation of metabolic process	ENSMUSG00000030678	Maz	IEA
CRE upregulated	GO:0009893	positive regulation of metabolic process	ENSMUSG00000053436	Mapk14	IMP, ISO, IEA
CRE upregulated	GO:0009893	positive regulation of metabolic process	ENSMUSG00000025809	Itgb1	ISO
CRE upregulated	GO:0009893	positive regulation of metabolic process	ENSMUSG00000040025	Ythdf2	IMP, ISS, IBA, IEA
CRE upregulated	GO:0009893	positive regulation of metabolic process	ENSMUSG00000011008	Mcoln2	IMP
CRE upregulated	GO:0009893	positive regulation of metabolic process	ENSMUSG00000048490	Nrip1	IBA, IEA
CRE upregulated	GO:0009893	positive regulation of metabolic process	ENSMUSG00000013089	Etv5	IDA, IEA
CRE upregulated	GO:0009893	positive regulation of metabolic process	ENSMUSG00000025139	Tollip	ISO, IEA
CRE upregulated	GO:0009893	positive regulation of metabolic process	ENSMUSG00000025746	Il6	IDA, IMP, IGI, ISO
CRE upregulated	GO:0009893	positive regulation of metabolic process	ENSMUSG00000032231	Anxa2	IDA, IMP, ISO, IEA
CRE upregulated	GO:0009893	positive regulation of metabolic process	ENSMUSG00000022607	Ptk2	IMP, ISS
CRE upregulated	GO:0009893	positive regulation of metabolic process	ENSMUSG00000055994	Nod2	IDA, IMP, IGI, ISS, ISO, IEA
CRE upregulated	GO:0009893	positive regulation of metabolic process	ENSMUSG00000024014	Pim1	IMP
CRE upregulated	GO:0009893	positive regulation of metabolic process	ENSMUSG00000037062	Sh3glb1	IMP, IEA
CRE upregulated	GO:0009893	positive regulation of metabolic process	ENSMUSG00000027293	Ehd4	ISO, IEA
CRE upregulated	GO:0009893	positive regulation of metabolic process	ENSMUSG00000020580	Rock2	IEA
CRE upregulated	GO:0009893	positive regulation of metabolic process	ENSMUSG00000063889	Crem	IGI
CRE upregulated	GO:0009893	positive regulation of metabolic process	ENSMUSG00000027613	Eif6	IMP
CRE upregulated	GO:0009893	positive regulation of metabolic process	ENSMUSG00000059923	Grb2	IEA
CRE upregulated	GO:0009893	positive regulation of metabolic process	ENSMUSG00000042406	Atf4	IDA, IMP, IGI, ISS, ISO, IEA
CRE upregulated	GO:0009893	positive regulation of metabolic process	ENSMUSG00000020271	Fbxw11	IMP, ISS
CRE upregulated	GO:0009893	positive regulation of metabolic process	ENSMUSG00000020838	Slc6a4	IMP
CRE upregulated	GO:0009893	positive regulation of metabolic process	ENSMUSG00000029641	Rasl11a	IDA
CRE upregulated	GO:0009893	positive regulation of metabolic process	ENSMUSG00000001507	Itga3	ISO, IEA
CRE upregulated	GO:0009893	positive regulation of metabolic process	ENSMUSG00000031628	Casp3	ISS, ISO, IEA
CRE upregulated	GO:0009893	positive regulation of metabolic process	ENSMUSG00000025408	Ddit3	IDA, IMP, IGI, ISO, NAS, IEA
CRE upregulated	GO:0009893	positive regulation of metabolic process	ENSMUSG00000040435	Ppp1r15a	IDA, ISO
CRE upregulated	GO:0009893	positive regulation of metabolic process	ENSMUSG00000032078	Zpr1	IMP, ISS, IBA, IEA
CRE upregulated	GO:0009893	positive regulation of metabolic process	ENSMUSG00000001847	Rac1	ISS, ISO
CRE upregulated	GO:0009893	positive regulation of metabolic process	ENSMUSG00000018909	Arrb1	IMP, ISS, ISO, IEA
CRE upregulated	GO:0009893	positive regulation of metabolic process	ENSMUSG00000020248	Nfyb	IDA, ISO, IEA
CRE upregulated	GO:0009893	positive regulation of metabolic process	ENSMUSG00000024349	Sting1	IDA, IMP, ISS, ISO, IBA, IEA
CRE upregulated	GO:0009893	positive regulation of metabolic process	ENSMUSG00000030057	Cnbp	IDA, IBA, IEA
CRE upregulated	GO:0009893	positive regulation of metabolic process	ENSMUSG00000033955	Tnks1bp1	IEA
CRE upregulated	GO:0009893	positive regulation of metabolic process	ENSMUSG00000057531	Dtnbp1	IDA, ISO
CRE upregulated	GO:0009893	positive regulation of metabolic process	ENSMUSG00000000134	Tfe3	IDA, IMP, IEA
CRE upregulated	GO:0009893	positive regulation of metabolic process	ENSMUSG00000015837	Sqstm1	ISO, IEA
CRE upregulated	GO:0009893	positive regulation of metabolic process	ENSMUSG00000028901	Gmeb1	IDA
CRE upregulated	GO:0009893	positive regulation of metabolic process	ENSMUSG00000037580	Gch1	ISO, IEA
CRE upregulated	GO:0009893	positive regulation of metabolic process	ENSMUSG00000023087	Noct	IMP, IGI
CRE upregulated	GO:0009893	positive regulation of metabolic process	ENSMUSG00000001627	Ifrd1	ISO
CRE upregulated	GO:0009893	positive regulation of metabolic process	ENSMUSG00000015316	Slamf1	IDA, IBA
CRE upregulated	GO:0009893	positive regulation of metabolic process	ENSMUSG00000022433	Csnk1e	IMP, ISO, IBA, IEA
CRE upregulated	GO:0009893	positive regulation of metabolic process	ENSMUSG00000022346	Myc	IDA, IMP, ISS, ISO, IEA
CRE upregulated	GO:0009893	positive regulation of metabolic process	ENSMUSG00000026072	Il1r1	ISS, IEA
CRE upregulated	GO:0009893	positive regulation of metabolic process	ENSMUSG00000027954	Efna1	IEA
CRE upregulated	GO:0009893	positive regulation of metabolic process	ENSMUSG00000024789	Jak2	IDA, IMP, IGI, ISS, ISO, NAS, IEA
CRE upregulated	GO:0009893	positive regulation of metabolic process	ENSMUSG00000004040	ENSMUSG00000004040	IDA, IMP, IGI, ISO, IEA
CRE upregulated	GO:0009893	positive regulation of metabolic process	ENSMUSG00000042292	Mrtfa	IDA, ISS, IBA, IEA
CRE upregulated	GO:0009893	positive regulation of metabolic process	ENSMUSG00000061589	Dot1l	ISO, IEA
CRE upregulated	GO:0009893	positive regulation of metabolic process	ENSMUSG00000022555	Dgat1	ISO
CRE upregulated	GO:0009893	positive regulation of metabolic process	ENSMUSG00000109511	Nup62	IEA
CRE upregulated	GO:0009893	positive regulation of metabolic process	ENSMUSG00000029135	Fosl2	IDA, ISO, IEA
CRE upregulated	GO:0009893	positive regulation of metabolic process	ENSMUSG00000054136	Adm2	IEA
CRE upregulated	GO:0009893	positive regulation of metabolic process	ENSMUSG00000020395	Itk	IMP
CRE upregulated	GO:0009893	positive regulation of metabolic process	ENSMUSG00000029826	Zc3hav1	IDA, ISS, ISO, IBA, IEA
CRE upregulated	GO:0009893	positive regulation of metabolic process	ENSMUSG00000020358	Hnrnpab	IDA, ISO, IEA
CRE upregulated	GO:0009893	positive regulation of metabolic process	ENSMUSG00000059866	Tnip2	ISS, IEA
CRE upregulated	GO:0009893	positive regulation of metabolic process	ENSMUSG00000017615	Tnfaip1	ISO, IEA
CRE upregulated	GO:0009893	positive regulation of metabolic process	ENSMUSG00000040033	ENSMUSG00000040033	IEA
CRE upregulated	GO:0009893	positive regulation of metabolic process	ENSMUSG00000024803	Ankrd1	IEA
CRE upregulated	GO:0009893	positive regulation of metabolic process	ENSMUSG00000031934	ENSMUSG00000031934	IMP, IEA
CRE upregulated	GO:0009893	positive regulation of metabolic process	ENSMUSG00000024912	Fosl1	ISO, IEA
CRE upregulated	GO:0009893	positive regulation of metabolic process	ENSMUSG00000024927	Rela	IDA, IMP, ISS, ISO, IBA, TAS, IEA
CRE upregulated	GO:0009893	positive regulation of metabolic process	ENSMUSG00000036206	Sh3bp4	ISS, IEA
CRE upregulated	GO:0009893	positive regulation of metabolic process	ENSMUSG00000025793	ENSMUSG00000025793	IEA
CRE upregulated	GO:0009893	positive regulation of metabolic process	ENSMUSG00000003435	ENSMUSG00000003435	ISO, IEA
CRE upregulated	GO:0009893	positive regulation of metabolic process	ENSMUSG00000055044	Pdlim1	IEA
CRE upregulated	GO:0009893	positive regulation of metabolic process	ENSMUSG00000024238	Zeb1	IDA, IGI, ISO, IEA
CRE upregulated	GO:0009893	positive regulation of metabolic process	ENSMUSG00000026078	Pdcl3	IMP, IBA, IEA
CRE upregulated	GO:0009893	positive regulation of metabolic process	ENSMUSG00000028893	Sesn2	IMP, ISS, IBA, IEA
CRE upregulated	GO:0009893	positive regulation of metabolic process	ENSMUSG00000024947	Men1	IDA, IMP, IGI, ISO, IEA
CRE upregulated	GO:0009893	positive regulation of metabolic process	ENSMUSG00000029071	ENSMUSG00000029071	IDA, IEA
CRE upregulated	GO:0009893	positive regulation of metabolic process	ENSMUSG00000036894	Rap2b	IDA, IEA
CRE upregulated	GO:0009893	positive regulation of metabolic process	ENSMUSG00000040433	Zbtb38	ISO
CRE upregulated	GO:0009893	positive regulation of metabolic process	ENSMUSG00000032715	Trib3	IDA, IBA, TAS, IC
CRE upregulated	GO:0009893	positive regulation of metabolic process	ENSMUSG00000024777	ENSMUSG00000024777	ISO, IEA
CRE upregulated	GO:0009893	positive regulation of metabolic process	ENSMUSG00000028466	Creb3	IEA
CRE upregulated	GO:0009893	positive regulation of metabolic process	ENSMUSG00000071637	Cebpd	IDA, ISO, IEA
CRE upregulated	GO:0009893	positive regulation of metabolic process	ENSMUSG00000025162	ENSMUSG00000025162	IMP, IBA, IEA
CRE upregulated	GO:0009893	positive regulation of metabolic process	ENSMUSG00000010660	Plcd1	ISO
CRE upregulated	GO:0009893	positive regulation of metabolic process	ENSMUSG00000015776	Med22	NAS
CRE upregulated	GO:0009893	positive regulation of metabolic process	ENSMUSG00000031668	ENSMUSG00000031668	IEA
CRE upregulated	GO:0009893	positive regulation of metabolic process	ENSMUSG00000053175	Bcl3	IDA, IMP, IBA, IEA
CRE upregulated	GO:0009893	positive regulation of metabolic process	ENSMUSG00000059796	Eif4a1	ISS, IEA
CRE upregulated	GO:0009893	positive regulation of metabolic process	ENSMUSG00000032599	ENSMUSG00000032599	IMP
CRE upregulated	GO:0009893	positive regulation of metabolic process	ENSMUSG00000030199	Etv6	IDA
CRE upregulated	GO:0009893	positive regulation of metabolic process	ENSMUSG00000003154	Foxj2	IEA
CRE upregulated	GO:0009893	positive regulation of metabolic process	ENSMUSG00000020349	ENSMUSG00000020349	ISO
CRE upregulated	GO:0009893	positive regulation of metabolic process	ENSMUSG00000028599	Tnfrsf1b	IMP, IBA, IEA
CRE upregulated	GO:0009893	positive regulation of metabolic process	ENSMUSG00000027605	Acss2	IEA
CRE upregulated	GO:0009893	positive regulation of metabolic process	ENSMUSG00000036180	ENSMUSG00000036180	NAS
CRE upregulated	GO:0009893	positive regulation of metabolic process	ENSMUSG00000011877	Git1	ISO
CRE upregulated	GO:0009893	positive regulation of metabolic process	ENSMUSG00000055491	ENSMUSG00000055491	IBA
CRE upregulated	GO:0009893	positive regulation of metabolic process	ENSMUSG00000052837	ENSMUSG00000052837	IMP, IEA
CRE upregulated	GO:0009893	positive regulation of metabolic process	ENSMUSG00000028840	Zfp593	IEA
CRE upregulated	GO:0009893	positive regulation of metabolic process	ENSMUSG00000021796	Bmpr1a	IDA, IMP, IEA
CRE upregulated	GO:0009893	positive regulation of metabolic process	ENSMUSG00000049649	Gpr3	IMP
CRE upregulated	GO:0009893	positive regulation of metabolic process	ENSMUSG00000019842	ENSMUSG00000019842	IDA, IMP
CRE upregulated	GO:0009893	positive regulation of metabolic process	ENSMUSG00000029110	ENSMUSG00000029110	IDA, ISS, ISO, IBA, IEA
CRE upregulated	GO:0009893	positive regulation of metabolic process	ENSMUSG00000021890	ENSMUSG00000021890	ISO
CRE upregulated	GO:0009893	positive regulation of metabolic process	ENSMUSG00000037860	Aim2	IDA, IMP, IGI, ISO, IEA
CRE upregulated	GO:0009893	positive regulation of metabolic process	ENSMUSG00000028434	Epb41l4b	IEA
CRE upregulated	GO:0009893	positive regulation of metabolic process	ENSMUSG00000039191	Rbpj	IDA, IMP, IGI, ISS, ISO, IEA
CRE upregulated	GO:0009893	positive regulation of metabolic process	ENSMUSG00000000001	ENSMUSG00000000001	ISO, IEA
CRE upregulated	GO:0009893	positive regulation of metabolic process	ENSMUSG00000019256	ENSMUSG00000019256	IEA
CRE upregulated	GO:0009893	positive regulation of metabolic process	ENSMUSG00000019763	ENSMUSG00000019763	ISS, IBA, IEA
CRE upregulated	GO:0009893	positive regulation of metabolic process	ENSMUSG00000051316	Taf7	ISS, ISO, NAS, IEA
CRE upregulated	GO:0009893	positive regulation of metabolic process	ENSMUSG00000001552	ENSMUSG00000001552	IBA
CRE upregulated	GO:0009893	positive regulation of metabolic process	ENSMUSG00000040010	Slc7a5	IEA
CRE upregulated	GO:0009893	positive regulation of metabolic process	ENSMUSG00000040463	ENSMUSG00000040463	ISO, NAS, IEA
CRE upregulated	GO:0009893	positive regulation of metabolic process	ENSMUSG00000004099	ENSMUSG00000004099	IEA
CRE upregulated	GO:0009893	positive regulation of metabolic process	ENSMUSG00000022858	ENSMUSG00000022858	IMP, ISS, IBA, IEA
CRE upregulated	GO:0009893	positive regulation of metabolic process	ENSMUSG00000053007	Creb5	IEA
CRE upregulated	GO:0009893	positive regulation of metabolic process	ENSMUSG00000011256	ENSMUSG00000011256	ISS
CRE upregulated	GO:0009893	positive regulation of metabolic process	ENSMUSG00000020448	Rnf185	ISS, IEA
CRE upregulated	GO:0009893	positive regulation of metabolic process	ENSMUSG00000000787	ENSMUSG00000000787	ISS
CRE upregulated	GO:0009893	positive regulation of metabolic process	ENSMUSG00000022948	Setd4	IDA, IBA
CRE upregulated	GO:0009893	positive regulation of metabolic process	ENSMUSG00000038676	Ucn	IMP, ISO, IEA
CRE upregulated	GO:0009893	positive regulation of metabolic process	ENSMUSG00000059743	ENSMUSG00000059743	ISO
CRE upregulated	GO:0009893	positive regulation of metabolic process	ENSMUSG00000042185	ENSMUSG00000042185	IDA, IMP, ISO, IEA
CRE upregulated	GO:0009893	positive regulation of metabolic process	ENSMUSG00000032508	Myd88	IMP, IGI, ISS, IEA
CRE upregulated	GO:0009893	positive regulation of metabolic process	ENSMUSG00000026864	ENSMUSG00000026864	IMP
CRE upregulated	GO:0009893	positive regulation of metabolic process	ENSMUSG00000021072	Tmx1	ISS, IEA
CRE upregulated	GO:0009893	positive regulation of metabolic process	ENSMUSG00000002633	Shh	IDA, IMP, IGI, IEA
CRE upregulated	GO:0009893	positive regulation of metabolic process	ENSMUSG00000008384	Sertad1	IDA, IGI
CRE upregulated	GO:0009893	positive regulation of metabolic process	ENSMUSG00000032540	ENSMUSG00000032540	IDA, IMP, IBA, IEA
CRE upregulated	GO:0009893	positive regulation of metabolic process	ENSMUSG00000028680	ENSMUSG00000028680	IEA
CRE upregulated	GO:0009893	positive regulation of metabolic process	ENSMUSG00000053581	ENSMUSG00000053581	IMP
CRE upregulated	GO:0009893	positive regulation of metabolic process	ENSMUSG00000032462	ENSMUSG00000032462	ISO, IEA
CRE upregulated	GO:0009893	positive regulation of metabolic process	ENSMUSG00000027944	Hax1	IEA
CRE upregulated	GO:0009893	positive regulation of metabolic process	ENSMUSG00000039671	ENSMUSG00000039671	IEA
CRE upregulated	GO:0009893	positive regulation of metabolic process	ENSMUSG00000063952	Brpf3	ISS, IEA
CRE upregulated	GO:0009893	positive regulation of metabolic process	ENSMUSG00000040652	ENSMUSG00000040652	IDA, IBA
CRE upregulated	GO:0009893	positive regulation of metabolic process	ENSMUSG00000048027	ENSMUSG00000048027	IDA
CRE upregulated	GO:0009893	positive regulation of metabolic process	ENSMUSG00000028291	ENSMUSG00000028291	IDA, IMP, IBA
CRE upregulated	GO:0009893	positive regulation of metabolic process	ENSMUSG00000037411	Serpine1	IEA
CRE upregulated	GO:0009893	positive regulation of metabolic process	ENSMUSG00000020340	ENSMUSG00000020340	IEA
CRE upregulated	GO:0009893	positive regulation of metabolic process	ENSMUSG00000037465	Klf10	IEA
CRE upregulated	GO:0009893	positive regulation of metabolic process	ENSMUSG00000019843	ENSMUSG00000019843	IMP
CRE upregulated	GO:0009893	positive regulation of metabolic process	ENSMUSG00000027646	ENSMUSG00000027646	IDA, IGI, ISO, IEA
CRE upregulated	GO:0009893	positive regulation of metabolic process	ENSMUSG00000020680	ENSMUSG00000020680	ISO, IEA
CRE upregulated	GO:0009893	positive regulation of metabolic process	ENSMUSG00000021340	ENSMUSG00000021340	IEA
CRE upregulated	GO:0009893	positive regulation of metabolic process	ENSMUSG00000032501	Trib1	IDA, IBA, IC
CRE upregulated	GO:0009893	positive regulation of metabolic process	ENSMUSG00000003119	ENSMUSG00000003119	ISS, ISO, IBA, IEA
CRE upregulated	GO:0009893	positive regulation of metabolic process	ENSMUSG00000055067	ENSMUSG00000055067	IMP
CRE upregulated	GO:0009893	positive regulation of metabolic process	ENSMUSG00000031073	Fgf15	IBA, IEA
CRE upregulated	GO:0009893	positive regulation of metabolic process	ENSMUSG00000038205	ENSMUSG00000038205	IGI
CRE upregulated	GO:0009893	positive regulation of metabolic process	ENSMUSG00000015839	Nfe2l2	IDA, IMP, IGI, ISO, IEA
CRE upregulated	GO:0009893	positive regulation of metabolic process	ENSMUSG00000022332	ENSMUSG00000022332	ISO
CRE upregulated	GO:0009893	positive regulation of metabolic process	ENSMUSG00000024907	Gal	ISS, IEA
CRE upregulated	GO:0009893	positive regulation of metabolic process	ENSMUSG00000003541	ENSMUSG00000003541	IDA
CRE upregulated	GO:0065008	regulation of biological quality	ENSMUSG00000051379	Flrt3	IDA
CRE upregulated	GO:0065008	regulation of biological quality	ENSMUSG00000052684	Jun	IDA, ISO
CRE upregulated	GO:0065008	regulation of biological quality	ENSMUSG00000063632	Sox11	IMP
CRE upregulated	GO:0065008	regulation of biological quality	ENSMUSG00000037428	Vgf	IGI, ISO, IBA, IEA
CRE upregulated	GO:0065008	regulation of biological quality	ENSMUSG00000046223	Plaur	NAS
CRE upregulated	GO:0065008	regulation of biological quality	ENSMUSG00000031574	Star	ISO, IEA
CRE upregulated	GO:0065008	regulation of biological quality	ENSMUSG00000039328	Rnf122	ISS, IEA
CRE upregulated	GO:0065008	regulation of biological quality	ENSMUSG00000050164	Mchr1	ISO, IEA
CRE upregulated	GO:0065008	regulation of biological quality	ENSMUSG00000030898	Cckbr	ISS, ISO, IEA
CRE upregulated	GO:0065008	regulation of biological quality	ENSMUSG00000024143	Rhoq	IDA
CRE upregulated	GO:0065008	regulation of biological quality	ENSMUSG00000037447	Arid5a	ISS, IEA
CRE upregulated	GO:0065008	regulation of biological quality	ENSMUSG00000023905	Tnfrsf12a	IDA
CRE upregulated	GO:0065008	regulation of biological quality	ENSMUSG00000030102	Itpr1	IMP, IGI, ISO
CRE upregulated	GO:0065008	regulation of biological quality	ENSMUSG00000020427	Igfbp3	ISO
CRE upregulated	GO:0065008	regulation of biological quality	ENSMUSG00000006304	Arpc2	IDA, ISO
CRE upregulated	GO:0065008	regulation of biological quality	ENSMUSG00000030272	Camk1	ISS, ISO, IEA
CRE upregulated	GO:0065008	regulation of biological quality	ENSMUSG00000004846	Plod3	IMP
CRE upregulated	GO:0065008	regulation of biological quality	ENSMUSG00000035621	Midn	ISO, IEA
CRE upregulated	GO:0065008	regulation of biological quality	ENSMUSG00000024261	Syt4	IMP
CRE upregulated	GO:0065008	regulation of biological quality	ENSMUSG00000027611	Procr	IEA
CRE upregulated	GO:0065008	regulation of biological quality	ENSMUSG00000068566	Myadm	IEA
CRE upregulated	GO:0065008	regulation of biological quality	ENSMUSG00000048482	Bdnf	IDA, IMP, IGI, ISO, IEA
CRE upregulated	GO:0065008	regulation of biological quality	ENSMUSG00000024256	Adcyap1	IDA, ISS, ISO, IEA
CRE upregulated	GO:0065008	regulation of biological quality	ENSMUSG00000015745	Plekho1	IDA, IMP
CRE upregulated	GO:0065008	regulation of biological quality	ENSMUSG00000021070	Bdkrb2	IMP, ISO, IEA
CRE upregulated	GO:0065008	regulation of biological quality	ENSMUSG00000018736	Ndel1	ISO
CRE upregulated	GO:0065008	regulation of biological quality	ENSMUSG00000002250	Ppard	ISO, NAS
CRE upregulated	GO:0065008	regulation of biological quality	ENSMUSG00000027198	Ext2	IGI
CRE upregulated	GO:0065008	regulation of biological quality	ENSMUSG00000018507	Trpv2	IMP
CRE upregulated	GO:0065008	regulation of biological quality	ENSMUSG00000021501	Caml	ISS, IEA
CRE upregulated	GO:0065008	regulation of biological quality	ENSMUSG00000038894	Irs2	IMP
CRE upregulated	GO:0065008	regulation of biological quality	ENSMUSG00000024883	Rin1	IMP
CRE upregulated	GO:0065008	regulation of biological quality	ENSMUSG00000035828	Pim3	IMP
CRE upregulated	GO:0065008	regulation of biological quality	ENSMUSG00000031545	Gpat4	IMP
CRE upregulated	GO:0065008	regulation of biological quality	ENSMUSG00000007041	Clic1	IDA, IMP
CRE upregulated	GO:0065008	regulation of biological quality	ENSMUSG00000026796	Niban2	IEA
CRE upregulated	GO:0065008	regulation of biological quality	ENSMUSG00000027540	Ptpn1	IEA
CRE upregulated	GO:0065008	regulation of biological quality	ENSMUSG00000038023	Atp6v0a2	IBA
CRE upregulated	GO:0065008	regulation of biological quality	ENSMUSG00000019461	Plscr3	IBA, IEA
CRE upregulated	GO:0065008	regulation of biological quality	ENSMUSG00000043895	S1pr2	EXP, IDA, IMP
CRE upregulated	GO:0065008	regulation of biological quality	ENSMUSG00000028063	Lmna	IMP
CRE upregulated	GO:0065008	regulation of biological quality	ENSMUSG00000000278	Scpep1	IGI
CRE upregulated	GO:0065008	regulation of biological quality	ENSMUSG00000026675	Hsd17b7	IDA, ISO, IEA
CRE upregulated	GO:0065008	regulation of biological quality	ENSMUSG00000051343	Rab11fip5	IDA, IMP
CRE upregulated	GO:0065008	regulation of biological quality	ENSMUSG00000015341	Golga7	ISS, IEA
CRE upregulated	GO:0065008	regulation of biological quality	ENSMUSG00000029121	Crmp1	IDA, IEP
CRE upregulated	GO:0065008	regulation of biological quality	ENSMUSG00000063506	Arhgap22	IEA
CRE upregulated	GO:0065008	regulation of biological quality	ENSMUSG00000053436	Mapk14	EXP, IDA, IMP, IEP
CRE upregulated	GO:0065008	regulation of biological quality	ENSMUSG00000025809	Itgb1	IDA, IMP, ISS, ISO, IEA
CRE upregulated	GO:0065008	regulation of biological quality	ENSMUSG00000040025	Ythdf2	IMP, IBA, IEA
CRE upregulated	GO:0065008	regulation of biological quality	ENSMUSG00000025239	Limd1	ISS, IEA
CRE upregulated	GO:0065008	regulation of biological quality	ENSMUSG00000015243	Abca1	IMP, IEA
CRE upregulated	GO:0065008	regulation of biological quality	ENSMUSG00000022272	Myo10	ISS, IBA, IEA
CRE upregulated	GO:0065008	regulation of biological quality	ENSMUSG00000013089	Etv5	IMP
CRE upregulated	GO:0065008	regulation of biological quality	ENSMUSG00000025746	Il6	IDA, IMP, ISO
CRE upregulated	GO:0065008	regulation of biological quality	ENSMUSG00000032231	Anxa2	IMP, ISO
CRE upregulated	GO:0065008	regulation of biological quality	ENSMUSG00000023387	Kcnk16	IBA
CRE upregulated	GO:0065008	regulation of biological quality	ENSMUSG00000047368	Abhd17b	IMP, ISO, IBA
CRE upregulated	GO:0065008	regulation of biological quality	ENSMUSG00000031078	Cttn	ISS, ISO, IBA, IEA
CRE upregulated	GO:0065008	regulation of biological quality	ENSMUSG00000022607	Ptk2	IDA, IMP, ISS, ISO, IEA
CRE upregulated	GO:0065008	regulation of biological quality	ENSMUSG00000055994	Nod2	IMP
CRE upregulated	GO:0065008	regulation of biological quality	ENSMUSG00000024014	Pim1	IDA
CRE upregulated	GO:0065008	regulation of biological quality	ENSMUSG00000023169	Slc38a1	IMP
CRE upregulated	GO:0065008	regulation of biological quality	ENSMUSG00000059923	Grb2	IGI
CRE upregulated	GO:0065008	regulation of biological quality	ENSMUSG00000049303	Syt12	IMP
CRE upregulated	GO:0065008	regulation of biological quality	ENSMUSG00000042406	Atf4	IMP
CRE upregulated	GO:0065008	regulation of biological quality	ENSMUSG00000055078	Gabra5	IBA, IEA
CRE upregulated	GO:0065008	regulation of biological quality	ENSMUSG00000017929	B4galt5	IMP
CRE upregulated	GO:0065008	regulation of biological quality	ENSMUSG00000020271	Fbxw11	ISS
CRE upregulated	GO:0065008	regulation of biological quality	ENSMUSG00000005950	P2rx5	IEA
CRE upregulated	GO:0065008	regulation of biological quality	ENSMUSG00000020838	Slc6a4	IMP, ISS, ISO, IEA
CRE upregulated	GO:0065008	regulation of biological quality	ENSMUSG00000046854	Pip5kl1	ISS, IEA
CRE upregulated	GO:0065008	regulation of biological quality	ENSMUSG00000031628	Casp3	ISS, ISO, IEA
CRE upregulated	GO:0065008	regulation of biological quality	ENSMUSG00000035199	Arl6ip5	IEA
CRE upregulated	GO:0065008	regulation of biological quality	ENSMUSG00000001847	Rac1	IDA, IMP, IGI, ISO, IBA, IEA
CRE upregulated	GO:0065008	regulation of biological quality	ENSMUSG00000042121	Ssh1	ISO, IBA, IEA
CRE upregulated	GO:0065008	regulation of biological quality	ENSMUSG00000050271	Prag1	ISS, ISO, IEA
CRE upregulated	GO:0065008	regulation of biological quality	ENSMUSG00000018909	Arrb1	IMP
CRE upregulated	GO:0065008	regulation of biological quality	ENSMUSG00000024521	Pmaip1	IDA
CRE upregulated	GO:0065008	regulation of biological quality	ENSMUSG00000026317	Cln8	IMP
CRE upregulated	GO:0065008	regulation of biological quality	ENSMUSG00000044667	Plppr4	IDA, IMP
CRE upregulated	GO:0065008	regulation of biological quality	ENSMUSG00000028145	Them4	ISS, IEA
CRE upregulated	GO:0065008	regulation of biological quality	ENSMUSG00000057531	Dtnbp1	IMP, ISO, IEA
CRE upregulated	GO:0065008	regulation of biological quality	ENSMUSG00000008393	Carhsp1	IMP, IBA, IEA
CRE upregulated	GO:0065008	regulation of biological quality	ENSMUSG00000015837	Sqstm1	IMP, IEA
CRE upregulated	GO:0065008	regulation of biological quality	ENSMUSG00000030309	Caprin2	IMP
CRE upregulated	GO:0065008	regulation of biological quality	ENSMUSG00000036737	Oxsr1	IEA
CRE upregulated	GO:0065008	regulation of biological quality	ENSMUSG00000037580	Gch1	IMP, ISO, IEA
CRE upregulated	GO:0065008	regulation of biological quality	ENSMUSG00000023087	Noct	IMP, IGI
CRE upregulated	GO:0065008	regulation of biological quality	ENSMUSG00000001627	Ifrd1	IGI
CRE upregulated	GO:0065008	regulation of biological quality	ENSMUSG00000029765	Plxna4	IMP, IBA
CRE upregulated	GO:0065008	regulation of biological quality	ENSMUSG00000022346	Myc	ISO
CRE upregulated	GO:0065008	regulation of biological quality	ENSMUSG00000036437	Npy1r	IMP, ISO
CRE upregulated	GO:0065008	regulation of biological quality	ENSMUSG00000030616	Sytl2	IMP
CRE upregulated	GO:0065008	regulation of biological quality	ENSMUSG00000027954	Efna1	IDA, IEA
CRE upregulated	GO:0065008	regulation of biological quality	ENSMUSG00000023032	Slc4a8	IMP, ISO, IBA, IEA
CRE upregulated	GO:0065008	regulation of biological quality	ENSMUSG00000024789	Jak2	ISS, ISO, IEA
CRE upregulated	GO:0065008	regulation of biological quality	ENSMUSG00000010095	Slc3a2	IEA
CRE upregulated	GO:0065008	regulation of biological quality	ENSMUSG00000004040	ENSMUSG00000004040	ISO
CRE upregulated	GO:0065008	regulation of biological quality	ENSMUSG00000042292	Mrtfa	IEA
CRE upregulated	GO:0065008	regulation of biological quality	ENSMUSG00000022602	Arc	IDA, IMP, ISS, ISO, IBA, IEA
CRE upregulated	GO:0065008	regulation of biological quality	ENSMUSG00000022555	Dgat1	ISO, IEA
CRE upregulated	GO:0065008	regulation of biological quality	ENSMUSG00000020027	Socs2	IMP, IGI
CRE upregulated	GO:0065008	regulation of biological quality	ENSMUSG00000029135	Fosl2	IDA
CRE upregulated	GO:0065008	regulation of biological quality	ENSMUSG00000054136	Adm2	ISO, IBA, IEA
CRE upregulated	GO:0065008	regulation of biological quality	ENSMUSG00000047554	Tmem41b	IEA
CRE upregulated	GO:0065008	regulation of biological quality	ENSMUSG00000004347	ENSMUSG00000004347	ISO
CRE upregulated	GO:0065008	regulation of biological quality	ENSMUSG00000037851	Iars1	IEA
CRE upregulated	GO:0065008	regulation of biological quality	ENSMUSG00000030223	ENSMUSG00000030223	IDA, IMP, ISS, ISO, IBA, IEA
CRE upregulated	GO:0065008	regulation of biological quality	ENSMUSG00000027797	Dclk1	IDA, IMP
CRE upregulated	GO:0065008	regulation of biological quality	ENSMUSG00000031960	Aars1	IMP, IEA
CRE upregulated	GO:0065008	regulation of biological quality	ENSMUSG00000059866	Tnip2	IMP
CRE upregulated	GO:0065008	regulation of biological quality	ENSMUSG00000036882	ENSMUSG00000036882	IDA, IMP, ISO, IEA
CRE upregulated	GO:0065008	regulation of biological quality	ENSMUSG00000027692	Tnik	IDA, IMP
CRE upregulated	GO:0065008	regulation of biological quality	ENSMUSG00000050730	Arhgap42	IMP, IGI
CRE upregulated	GO:0065008	regulation of biological quality	ENSMUSG00000026078	Pdcl3	IEA
CRE upregulated	GO:0065008	regulation of biological quality	ENSMUSG00000029071	ENSMUSG00000029071	IDA, IMP, IGI, ISO, IEA
CRE upregulated	GO:0065008	regulation of biological quality	ENSMUSG00000036894	Rap2b	IEA
CRE upregulated	GO:0065008	regulation of biological quality	ENSMUSG00000022125	Cln5	ISS, IEA
CRE upregulated	GO:0065008	regulation of biological quality	ENSMUSG00000044453	Ffar1	IDA, IMP, ISS, ISO, IBA, IEA
CRE upregulated	GO:0065008	regulation of biological quality	ENSMUSG00000037514	Pank2	IMP
CRE upregulated	GO:0065008	regulation of biological quality	ENSMUSG00000064210	ENSMUSG00000064210	IDA, IMP, IBA, IEA
CRE upregulated	GO:0065008	regulation of biological quality	ENSMUSG00000032902	Slc16a1	IMP
CRE upregulated	GO:0065008	regulation of biological quality	ENSMUSG00000035594	Chrna5	ISO, IBA, IEA
CRE upregulated	GO:0065008	regulation of biological quality	ENSMUSG00000026074	Map4k4	IEA
CRE upregulated	GO:0065008	regulation of biological quality	ENSMUSG00000029175	Slc35f6	ISS, IEA
CRE upregulated	GO:0065008	regulation of biological quality	ENSMUSG00000066441	ENSMUSG00000066441	IMP, ISS, IEA
CRE upregulated	GO:0065008	regulation of biological quality	ENSMUSG00000052921	Arhgef15	IDA, IMP
CRE upregulated	GO:0065008	regulation of biological quality	ENSMUSG00000031278	ENSMUSG00000031278	ISS, ISO
CRE upregulated	GO:0065008	regulation of biological quality	ENSMUSG00000032599	ENSMUSG00000032599	IMP
CRE upregulated	GO:0065008	regulation of biological quality	ENSMUSG00000040640	ENSMUSG00000040640	IBA
CRE upregulated	GO:0065008	regulation of biological quality	ENSMUSG00000024517	Grp	ISS
CRE upregulated	GO:0065008	regulation of biological quality	ENSMUSG00000040118	ENSMUSG00000040118	ISS, ISO, IEA
CRE upregulated	GO:0065008	regulation of biological quality	ENSMUSG00000021587	Pcsk1	IDA, IMP, ISO, IBA, IEA
CRE upregulated	GO:0065008	regulation of biological quality	ENSMUSG00000028599	Tnfrsf1b	IMP
CRE upregulated	GO:0065008	regulation of biological quality	ENSMUSG00000044147	Arf6	ISO, IEA
CRE upregulated	GO:0065008	regulation of biological quality	ENSMUSG00000052298	Cdc42se2	IEA
CRE upregulated	GO:0065008	regulation of biological quality	ENSMUSG00000011877	Git1	ISO
CRE upregulated	GO:0065008	regulation of biological quality	ENSMUSG00000040046	Tph1	IMP
CRE upregulated	GO:0065008	regulation of biological quality	ENSMUSG00000031937	ENSMUSG00000031937	IMP, IBA
CRE upregulated	GO:0065008	regulation of biological quality	ENSMUSG00000052512	ENSMUSG00000052512	IMP
CRE upregulated	GO:0065008	regulation of biological quality	ENSMUSG00000059991	ENSMUSG00000059991	ISO
CRE upregulated	GO:0065008	regulation of biological quality	ENSMUSG00000008435	Rdh13	IEA
CRE upregulated	GO:0065008	regulation of biological quality	ENSMUSG00000019842	ENSMUSG00000019842	IDA, IMP
CRE upregulated	GO:0065008	regulation of biological quality	ENSMUSG00000016534	ENSMUSG00000016534	IMP, ISS, IEA
CRE upregulated	GO:0065008	regulation of biological quality	ENSMUSG00000041598	Cdc42ep4	IBA, IEA
CRE upregulated	GO:0065008	regulation of biological quality	ENSMUSG00000045664	Cdc42ep2	IBA, IEA
CRE upregulated	GO:0065008	regulation of biological quality	ENSMUSG00000027465	Tbc1d20	IEA
CRE upregulated	GO:0065008	regulation of biological quality	ENSMUSG00000109336	ENSMUSG00000109336	IEA
CRE upregulated	GO:0065008	regulation of biological quality	ENSMUSG00000022656	ENSMUSG00000022656	IDA, IMP
CRE upregulated	GO:0065008	regulation of biological quality	ENSMUSG00000001552	ENSMUSG00000001552	IEA
CRE upregulated	GO:0065008	regulation of biological quality	ENSMUSG00000040010	Slc7a5	IEA
CRE upregulated	GO:0065008	regulation of biological quality	ENSMUSG00000000346	Dazap2	ISS, IEA
CRE upregulated	GO:0065008	regulation of biological quality	ENSMUSG00000061947	ENSMUSG00000061947	IEA
CRE upregulated	GO:0065008	regulation of biological quality	ENSMUSG00000020594	ENSMUSG00000020594	ISS, ISO, IBA, IEA
CRE upregulated	GO:0065008	regulation of biological quality	ENSMUSG00000008859	ENSMUSG00000008859	ISO, IEA
CRE upregulated	GO:0065008	regulation of biological quality	ENSMUSG00000054934	Kcnmb4	ISS, IEA
CRE upregulated	GO:0065008	regulation of biological quality	ENSMUSG00000046722	ENSMUSG00000046722	ISS, IEA
CRE upregulated	GO:0065008	regulation of biological quality	ENSMUSG00000022094	ENSMUSG00000022094	IMP
CRE upregulated	GO:0065008	regulation of biological quality	ENSMUSG00000038676	Ucn	ISO, IEA
CRE upregulated	GO:0065008	regulation of biological quality	ENSMUSG00000020097	ENSMUSG00000020097	IMP
CRE upregulated	GO:0065008	regulation of biological quality	ENSMUSG00000032508	Myd88	IEA
CRE upregulated	GO:0065008	regulation of biological quality	ENSMUSG00000021072	Tmx1	IMP, IEA
CRE upregulated	GO:0065008	regulation of biological quality	ENSMUSG00000002633	Shh	IMP
CRE upregulated	GO:0065008	regulation of biological quality	ENSMUSG00000032462	ENSMUSG00000032462	IMP
CRE upregulated	GO:0065008	regulation of biological quality	ENSMUSG00000027944	Hax1	IBA, IEA
CRE upregulated	GO:0065008	regulation of biological quality	ENSMUSG00000039671	ENSMUSG00000039671	ISO, IEA
CRE upregulated	GO:0065008	regulation of biological quality	ENSMUSG00000037411	Serpine1	IEA
CRE upregulated	GO:0065008	regulation of biological quality	ENSMUSG00000020340	ENSMUSG00000020340	IEA
CRE upregulated	GO:0065008	regulation of biological quality	ENSMUSG00000023277	ENSMUSG00000023277	IDA, IBA, IC, IEA
CRE upregulated	GO:0065008	regulation of biological quality	ENSMUSG00000051209	ENSMUSG00000051209	IDA
CRE upregulated	GO:0065008	regulation of biological quality	ENSMUSG00000019843	ENSMUSG00000019843	IDA, IGI
CRE upregulated	GO:0065008	regulation of biological quality	ENSMUSG00000024493	ENSMUSG00000024493	IEA
CRE upregulated	GO:0065008	regulation of biological quality	ENSMUSG00000027646	ENSMUSG00000027646	IMP, IGI, IEA
CRE upregulated	GO:0065008	regulation of biological quality	ENSMUSG00000020680	ENSMUSG00000020680	ISO, IEA
CRE upregulated	GO:0065008	regulation of biological quality	ENSMUSG00000053825	ENSMUSG00000053825	IEA
CRE upregulated	GO:0065008	regulation of biological quality	ENSMUSG00000029762	Akr1b8	IEA
CRE upregulated	GO:0065008	regulation of biological quality	ENSMUSG00000015839	Nfe2l2	IMP
CRE upregulated	GO:0065008	regulation of biological quality	ENSMUSG00000021477	ENSMUSG00000021477	IMP, ISS
CRE upregulated	GO:0065008	regulation of biological quality	ENSMUSG00000034006	ENSMUSG00000034006	IBA
CRE upregulated	GO:0065008	regulation of biological quality	ENSMUSG00000000627	ENSMUSG00000000627	ISO, IEA
CRE upregulated	GO:0065008	regulation of biological quality	ENSMUSG00000024907	Gal	ISO, IEA
CRE upregulated	GO:0065008	regulation of biological quality	ENSMUSG00000003541	ENSMUSG00000003541	IDA, IMP
CRE upregulated	GO:0006793	phosphorus metabolic process	ENSMUSG00000036390	Gadd45a	IMP, IEA
CRE upregulated	GO:0006793	phosphorus metabolic process	ENSMUSG00000052684	Jun	IMP
CRE upregulated	GO:0006793	phosphorus metabolic process	ENSMUSG00000004951	Hspb1	IDA, IEA
CRE upregulated	GO:0006793	phosphorus metabolic process	ENSMUSG00000003752	Itpkc	ISS, IBA, IEA
CRE upregulated	GO:0006793	phosphorus metabolic process	ENSMUSG00000024143	Rhoq	IEA
CRE upregulated	GO:0006793	phosphorus metabolic process	ENSMUSG00000019876	Pkib	IEA
CRE upregulated	GO:0006793	phosphorus metabolic process	ENSMUSG00000025089	Gfra1	ISO, IEA
CRE upregulated	GO:0006793	phosphorus metabolic process	ENSMUSG00000020427	Igfbp3	ISO, IEA
CRE upregulated	GO:0006793	phosphorus metabolic process	ENSMUSG00000023067	Cdkn1a	IMP
CRE upregulated	GO:0006793	phosphorus metabolic process	ENSMUSG00000024404	Riok3	IEA
CRE upregulated	GO:0006793	phosphorus metabolic process	ENSMUSG00000030681	Mvp	IEA
CRE upregulated	GO:0006793	phosphorus metabolic process	ENSMUSG00000030272	Camk1	ISS, IEA
CRE upregulated	GO:0006793	phosphorus metabolic process	ENSMUSG00000026558	Uck2	ISS, ISO, IEA
CRE upregulated	GO:0006793	phosphorus metabolic process	ENSMUSG00000003644	Rps6ka1	IEA
CRE upregulated	GO:0006793	phosphorus metabolic process	ENSMUSG00000029378	Areg	IDA, ISO, IEA
CRE upregulated	GO:0006793	phosphorus metabolic process	ENSMUSG00000042688	Mapk6	IDA, IEA
CRE upregulated	GO:0006793	phosphorus metabolic process	ENSMUSG00000005087	Cd44	IEA
CRE upregulated	GO:0006793	phosphorus metabolic process	ENSMUSG00000026836	Acvr1	IEA
CRE upregulated	GO:0006793	phosphorus metabolic process	ENSMUSG00000048482	Bdnf	IMP, ISO, IEA
CRE upregulated	GO:0006793	phosphorus metabolic process	ENSMUSG00000024256	Adcyap1	ISS, ISO, IEA
CRE upregulated	GO:0006793	phosphorus metabolic process	ENSMUSG00000021070	Bdkrb2	IMP
CRE upregulated	GO:0006793	phosphorus metabolic process	ENSMUSG00000002250	Ppard	ISO
CRE upregulated	GO:0006793	phosphorus metabolic process	ENSMUSG00000038894	Irs2	IMP
CRE upregulated	GO:0006793	phosphorus metabolic process	ENSMUSG00000025648	Pfkfb4	IBA, IEA
CRE upregulated	GO:0006793	phosphorus metabolic process	ENSMUSG00000035828	Pim3	ISS, IEA
CRE upregulated	GO:0006793	phosphorus metabolic process	ENSMUSG00000032578	Cish	IBA
CRE upregulated	GO:0006793	phosphorus metabolic process	ENSMUSG00000031545	Gpat4	IEA
CRE upregulated	GO:0006793	phosphorus metabolic process	ENSMUSG00000029201	Ugdh	ISS, IEA
CRE upregulated	GO:0006793	phosphorus metabolic process	ENSMUSG00000039954	Stk32a	IEA
CRE upregulated	GO:0006793	phosphorus metabolic process	ENSMUSG00000027540	Ptpn1	IMP, IGI, ISS, IEA
CRE upregulated	GO:0006793	phosphorus metabolic process	ENSMUSG00000019461	Plscr3	ISS, IEA
CRE upregulated	GO:0006793	phosphorus metabolic process	ENSMUSG00000043895	S1pr2	IMP, IEA
CRE upregulated	GO:0006793	phosphorus metabolic process	ENSMUSG00000053436	Mapk14	IDA, IEA
CRE upregulated	GO:0006793	phosphorus metabolic process	ENSMUSG00000025809	Itgb1	ISO
CRE upregulated	GO:0006793	phosphorus metabolic process	ENSMUSG00000025503	Taldo1	IDA, IMP, ISO, IBA, IEA
CRE upregulated	GO:0006793	phosphorus metabolic process	ENSMUSG00000025239	Limd1	ISS
CRE upregulated	GO:0006793	phosphorus metabolic process	ENSMUSG00000025139	Tollip	ISS
CRE upregulated	GO:0006793	phosphorus metabolic process	ENSMUSG00000025746	Il6	ISO
CRE upregulated	GO:0006793	phosphorus metabolic process	ENSMUSG00000032231	Anxa2	ISO
CRE upregulated	GO:0006793	phosphorus metabolic process	ENSMUSG00000073563	Csnk1g3	IEA
CRE upregulated	GO:0006793	phosphorus metabolic process	ENSMUSG00000022607	Ptk2	IDA, IMP, ISS, IEA
CRE upregulated	GO:0006793	phosphorus metabolic process	ENSMUSG00000055994	Nod2	IMP
CRE upregulated	GO:0006793	phosphorus metabolic process	ENSMUSG00000024014	Pim1	IDA, IEA
CRE upregulated	GO:0006793	phosphorus metabolic process	ENSMUSG00000037062	Sh3glb1	IDA
CRE upregulated	GO:0006793	phosphorus metabolic process	ENSMUSG00000027293	Ehd4	ISO, IEA
CRE upregulated	GO:0006793	phosphorus metabolic process	ENSMUSG00000020580	Rock2	IEA
CRE upregulated	GO:0006793	phosphorus metabolic process	ENSMUSG00000069094	Pde7a	IEA
CRE upregulated	GO:0006793	phosphorus metabolic process	ENSMUSG00000027613	Eif6	IMP
CRE upregulated	GO:0006793	phosphorus metabolic process	ENSMUSG00000029777	Gars1	ISS, IEA
CRE upregulated	GO:0006793	phosphorus metabolic process	ENSMUSG00000020271	Fbxw11	IDA
CRE upregulated	GO:0006793	phosphorus metabolic process	ENSMUSG00000046854	Pip5kl1	IBA, IEA
CRE upregulated	GO:0006793	phosphorus metabolic process	ENSMUSG00000040435	Ppp1r15a	IDA, ISO, IEA
CRE upregulated	GO:0006793	phosphorus metabolic process	ENSMUSG00000001847	Rac1	ISS
CRE upregulated	GO:0006793	phosphorus metabolic process	ENSMUSG00000042121	Ssh1	IEA
CRE upregulated	GO:0006793	phosphorus metabolic process	ENSMUSG00000050271	Prag1	IEA
CRE upregulated	GO:0006793	phosphorus metabolic process	ENSMUSG00000018909	Arrb1	IMP, ISS, ISO
CRE upregulated	GO:0006793	phosphorus metabolic process	ENSMUSG00000026317	Cln8	IMP, ISS, IBA, IEA
CRE upregulated	GO:0006793	phosphorus metabolic process	ENSMUSG00000044667	Plppr4	ISO, IBA, IEA
CRE upregulated	GO:0006793	phosphorus metabolic process	ENSMUSG00000033955	Tnks1bp1	IEA
CRE upregulated	GO:0006793	phosphorus metabolic process	ENSMUSG00000057531	Dtnbp1	IMP, ISO
CRE upregulated	GO:0006793	phosphorus metabolic process	ENSMUSG00000004768	Rab23	IEA
CRE upregulated	GO:0006793	phosphorus metabolic process	ENSMUSG00000015837	Sqstm1	ISO
CRE upregulated	GO:0006793	phosphorus metabolic process	ENSMUSG00000036737	Oxsr1	IGI, ISS, IEA
CRE upregulated	GO:0006793	phosphorus metabolic process	ENSMUSG00000023087	Noct	ISS, IEA
CRE upregulated	GO:0006793	phosphorus metabolic process	ENSMUSG00000036057	Ptpn23	IEA
CRE upregulated	GO:0006793	phosphorus metabolic process	ENSMUSG00000020015	Cdk17	IEA
CRE upregulated	GO:0006793	phosphorus metabolic process	ENSMUSG00000022433	Csnk1e	IDA, IMP, IGI, IEA
CRE upregulated	GO:0006793	phosphorus metabolic process	ENSMUSG00000022346	Myc	ISO
CRE upregulated	GO:0006793	phosphorus metabolic process	ENSMUSG00000053113	Socs3	IDA, IBA, IEA
CRE upregulated	GO:0006793	phosphorus metabolic process	ENSMUSG00000027954	Efna1	IDA, IEA
CRE upregulated	GO:0006793	phosphorus metabolic process	ENSMUSG00000024789	Jak2	IDA, ISS, IEA
CRE upregulated	GO:0006793	phosphorus metabolic process	ENSMUSG00000004040	ENSMUSG00000004040	IDA, IMP, ISO
CRE upregulated	GO:0006793	phosphorus metabolic process	ENSMUSG00000025178	Pi4k2a	ISS, IBA, IEA
CRE upregulated	GO:0006793	phosphorus metabolic process	ENSMUSG00000022555	Dgat1	IDA
CRE upregulated	GO:0006793	phosphorus metabolic process	ENSMUSG00000020027	Socs2	IBA
CRE upregulated	GO:0006793	phosphorus metabolic process	ENSMUSG00000109511	Nup62	IMP
CRE upregulated	GO:0006793	phosphorus metabolic process	ENSMUSG00000020395	Itk	IMP, IEA
CRE upregulated	GO:0006793	phosphorus metabolic process	ENSMUSG00000037722	Gnpnat1	IMP, TAS, IEA
CRE upregulated	GO:0006793	phosphorus metabolic process	ENSMUSG00000024190	Dusp1	IMP, ISS, IEA
CRE upregulated	GO:0006793	phosphorus metabolic process	ENSMUSG00000030223	ENSMUSG00000030223	IDA, IEA
CRE upregulated	GO:0006793	phosphorus metabolic process	ENSMUSG00000027797	Dclk1	IEA
CRE upregulated	GO:0006793	phosphorus metabolic process	ENSMUSG00000004865	ENSMUSG00000004865	IDA, IEA
CRE upregulated	GO:0006793	phosphorus metabolic process	ENSMUSG00000040033	ENSMUSG00000040033	IEA
CRE upregulated	GO:0006793	phosphorus metabolic process	ENSMUSG00000042608	Stk40	IEA
CRE upregulated	GO:0006793	phosphorus metabolic process	ENSMUSG00000053716	Dusp7	IEA
CRE upregulated	GO:0006793	phosphorus metabolic process	ENSMUSG00000023232	ENSMUSG00000023232	ISO
CRE upregulated	GO:0006793	phosphorus metabolic process	ENSMUSG00000027692	Tnik	ISS, IEA
CRE upregulated	GO:0006793	phosphorus metabolic process	ENSMUSG00000027952	Pmvk	ISO, IBA, IEA
CRE upregulated	GO:0006793	phosphorus metabolic process	ENSMUSG00000026078	Pdcl3	ISO, IEA
CRE upregulated	GO:0006793	phosphorus metabolic process	ENSMUSG00000028893	Sesn2	IMP, IEA
CRE upregulated	GO:0006793	phosphorus metabolic process	ENSMUSG00000038861	Pi4kb	IBA, IEA
CRE upregulated	GO:0006793	phosphorus metabolic process	ENSMUSG00000024947	Men1	IEA
CRE upregulated	GO:0006793	phosphorus metabolic process	ENSMUSG00000029071	ENSMUSG00000029071	IDA, IGI
CRE upregulated	GO:0006793	phosphorus metabolic process	ENSMUSG00000036894	Rap2b	IDA, IEA
CRE upregulated	GO:0006793	phosphorus metabolic process	ENSMUSG00000037514	Pank2	IMP, IGI, IBA, IEA
CRE upregulated	GO:0006793	phosphorus metabolic process	ENSMUSG00000032715	Trib3	IDA, ISS, IEA
CRE upregulated	GO:0006793	phosphorus metabolic process	ENSMUSG00000024777	ENSMUSG00000024777	ISO, IEA
CRE upregulated	GO:0006793	phosphorus metabolic process	ENSMUSG00000026074	Map4k4	IEA
CRE upregulated	GO:0006793	phosphorus metabolic process	ENSMUSG00000020694	ENSMUSG00000020694	ISS, IEA
CRE upregulated	GO:0006793	phosphorus metabolic process	ENSMUSG00000025162	ENSMUSG00000025162	IDA, IMP, IGI, ISS, IEA
CRE upregulated	GO:0006793	phosphorus metabolic process	ENSMUSG00000010660	Plcd1	ISS, ISO, IBA, IEA
CRE upregulated	GO:0006793	phosphorus metabolic process	ENSMUSG00000031278	ENSMUSG00000031278	ISO, IBA
CRE upregulated	GO:0006793	phosphorus metabolic process	ENSMUSG00000031668	ENSMUSG00000031668	IEA
CRE upregulated	GO:0006793	phosphorus metabolic process	ENSMUSG00000020089	Ppa1	IBA, IC, IEA
CRE upregulated	GO:0006793	phosphorus metabolic process	ENSMUSG00000032599	ENSMUSG00000032599	IMP, ISS, IBA, IEA
CRE upregulated	GO:0006793	phosphorus metabolic process	ENSMUSG00000020349	ENSMUSG00000020349	IMP, ISS, ISO
CRE upregulated	GO:0006793	phosphorus metabolic process	ENSMUSG00000026773	ENSMUSG00000026773	ISO, IBA, IEA
CRE upregulated	GO:0006793	phosphorus metabolic process	ENSMUSG00000025340	Rabgef1	IMP
CRE upregulated	GO:0006793	phosphorus metabolic process	ENSMUSG00000033159	ENSMUSG00000033159	IEA
CRE upregulated	GO:0006793	phosphorus metabolic process	ENSMUSG00000004530	ENSMUSG00000004530	IEA
CRE upregulated	GO:0006793	phosphorus metabolic process	ENSMUSG00000027605	Acss2	IDA, IBA
CRE upregulated	GO:0006793	phosphorus metabolic process	ENSMUSG00000018648	Dusp14	IEA
CRE upregulated	GO:0006793	phosphorus metabolic process	ENSMUSG00000011877	Git1	IMP
CRE upregulated	GO:0006793	phosphorus metabolic process	ENSMUSG00000025060	ENSMUSG00000025060	ISS, IEA
CRE upregulated	GO:0006793	phosphorus metabolic process	ENSMUSG00000062234	ENSMUSG00000062234	IEA
CRE upregulated	GO:0006793	phosphorus metabolic process	ENSMUSG00000007411	ENSMUSG00000007411	ISS, IEA
CRE upregulated	GO:0006793	phosphorus metabolic process	ENSMUSG00000021796	Bmpr1a	IEA
CRE upregulated	GO:0006793	phosphorus metabolic process	ENSMUSG00000031383	Dusp9	IEA
CRE upregulated	GO:0006793	phosphorus metabolic process	ENSMUSG00000000001	ENSMUSG00000000001	ISS, IEA
CRE upregulated	GO:0006793	phosphorus metabolic process	ENSMUSG00000035725	ENSMUSG00000035725	ISS, IEA
CRE upregulated	GO:0006793	phosphorus metabolic process	ENSMUSG00000000787	ENSMUSG00000000787	ISS
CRE upregulated	GO:0006793	phosphorus metabolic process	ENSMUSG00000008730	Hipk1	ISS, IEA
CRE upregulated	GO:0006793	phosphorus metabolic process	ENSMUSG00000029310	Nudt9	IDA
CRE upregulated	GO:0006793	phosphorus metabolic process	ENSMUSG00000038676	Ucn	ISO
CRE upregulated	GO:0006793	phosphorus metabolic process	ENSMUSG00000059743	ENSMUSG00000059743	ISO, IBA, IEA
CRE upregulated	GO:0006793	phosphorus metabolic process	ENSMUSG00000066595	ENSMUSG00000066595	ISS, IEA
CRE upregulated	GO:0006793	phosphorus metabolic process	ENSMUSG00000032540	ENSMUSG00000032540	ISS, IBA, IEA
CRE upregulated	GO:0006793	phosphorus metabolic process	ENSMUSG00000028680	ENSMUSG00000028680	IEA
CRE upregulated	GO:0006793	phosphorus metabolic process	ENSMUSG00000003623	ENSMUSG00000003623	IDA
CRE upregulated	GO:0006793	phosphorus metabolic process	ENSMUSG00000015357	ENSMUSG00000015357	IEA
CRE upregulated	GO:0006793	phosphorus metabolic process	ENSMUSG00000032462	ENSMUSG00000032462	ISS, ISO, IBA, IEA
CRE upregulated	GO:0006793	phosphorus metabolic process	ENSMUSG00000004270	ENSMUSG00000004270	IMP, ISS, IBA, IEA
CRE upregulated	GO:0006793	phosphorus metabolic process	ENSMUSG00000027944	Hax1	IEA
CRE upregulated	GO:0006793	phosphorus metabolic process	ENSMUSG00000019843	ENSMUSG00000019843	IDA, IMP, IGI, IEA
CRE upregulated	GO:0006793	phosphorus metabolic process	ENSMUSG00000027646	ENSMUSG00000027646	IDA, IMP, IGI, ISO, IEA
CRE upregulated	GO:0006793	phosphorus metabolic process	ENSMUSG00000024843	ENSMUSG00000024843	IDA, ISS, IBA, IEA
CRE upregulated	GO:0006793	phosphorus metabolic process	ENSMUSG00000032501	Trib1	ISS, IEA
CRE upregulated	GO:0006793	phosphorus metabolic process	ENSMUSG00000003119	ENSMUSG00000003119	ISS, IEA
CRE upregulated	GO:0006793	phosphorus metabolic process	ENSMUSG00000055067	ENSMUSG00000055067	IMP
CRE upregulated	GO:0006793	phosphorus metabolic process	ENSMUSG00000026384	Ptpn4	IEA
CRE upregulated	GO:0006793	phosphorus metabolic process	ENSMUSG00000074886	ENSMUSG00000074886	IEA
CRE upregulated	GO:0006793	phosphorus metabolic process	ENSMUSG00000031073	Fgf15	IEA
CRE upregulated	GO:0006793	phosphorus metabolic process	ENSMUSG00000025236	ENSMUSG00000025236	IEA
CRE upregulated	GO:0006793	phosphorus metabolic process	ENSMUSG00000046707	ENSMUSG00000046707	IEA
CRE upregulated	GO:0006793	phosphorus metabolic process	ENSMUSG00000003541	ENSMUSG00000003541	IMP
CRE upregulated	GO:0030154	cell differentiation	ENSMUSG00000026628	Atf3	IMP
CRE upregulated	GO:0030154	cell differentiation	ENSMUSG00000051379	Flrt3	IMP, ISS, ISO, IEA
CRE upregulated	GO:0030154	cell differentiation	ENSMUSG00000052684	Jun	IDA, IMP, ISO
CRE upregulated	GO:0030154	cell differentiation	ENSMUSG00000063632	Sox11	IDA, IMP, ISS, ISO, IBA, IEA
CRE upregulated	GO:0030154	cell differentiation	ENSMUSG00000019647	Sema6a	IMP, IBA, NAS, IEA
CRE upregulated	GO:0030154	cell differentiation	ENSMUSG00000046223	Plaur	ISO
CRE upregulated	GO:0030154	cell differentiation	ENSMUSG00000031574	Star	ISO, IEA
CRE upregulated	GO:0030154	cell differentiation	ENSMUSG00000004951	Hspb1	ISO
CRE upregulated	GO:0030154	cell differentiation	ENSMUSG00000025473	Adam8	IDA, IMP, TAS, NAS
CRE upregulated	GO:0030154	cell differentiation	ENSMUSG00000022044	Stmn4	IBA
CRE upregulated	GO:0030154	cell differentiation	ENSMUSG00000046731	Kctd11	IDA, IBA
CRE upregulated	GO:0030154	cell differentiation	ENSMUSG00000056749	Nfil3	IMP
CRE upregulated	GO:0030154	cell differentiation	ENSMUSG00000022895	Ets2	IGI
CRE upregulated	GO:0030154	cell differentiation	ENSMUSG00000037447	Arid5a	IDA
CRE upregulated	GO:0030154	cell differentiation	ENSMUSG00000030748	Il4ra	IMP, IGI
CRE upregulated	GO:0030154	cell differentiation	ENSMUSG00000023905	Tnfrsf12a	IDA, IEA
CRE upregulated	GO:0030154	cell differentiation	ENSMUSG00000030102	Itpr1	ISO
CRE upregulated	GO:0030154	cell differentiation	ENSMUSG00000025089	Gfra1	ISO, IEA
CRE upregulated	GO:0030154	cell differentiation	ENSMUSG00000021765	Fst	IMP, IGI, IBA, IEA
CRE upregulated	GO:0030154	cell differentiation	ENSMUSG00000025348	Itga7	IEA
CRE upregulated	GO:0030154	cell differentiation	ENSMUSG00000030256	Bhlhe41	IDA, IBA
CRE upregulated	GO:0030154	cell differentiation	ENSMUSG00000037705	Tecta	IGI
CRE upregulated	GO:0030154	cell differentiation	ENSMUSG00000014599	Csf1	IDA, IMP, IGI, ISO, IBA, IEA
CRE upregulated	GO:0030154	cell differentiation	ENSMUSG00000020427	Igfbp3	IEP, ISS, IEA
CRE upregulated	GO:0030154	cell differentiation	ENSMUSG00000023067	Cdkn1a	IGI
CRE upregulated	GO:0030154	cell differentiation	ENSMUSG00000027495	Fam210b	ISS, IEA
CRE upregulated	GO:0030154	cell differentiation	ENSMUSG00000031074	Fgf3	IEA
CRE upregulated	GO:0030154	cell differentiation	ENSMUSG00000030272	Camk1	ISS, IEA
CRE upregulated	GO:0030154	cell differentiation	ENSMUSG00000004846	Plod3	IMP
CRE upregulated	GO:0030154	cell differentiation	ENSMUSG00000031681	Smad1	IDA, IGI, ISO, IBA
CRE upregulated	GO:0030154	cell differentiation	ENSMUSG00000050989	Selenon	IMP, IBA
CRE upregulated	GO:0030154	cell differentiation	ENSMUSG00000035673	Sbno2	IMP, IBA, IEA
CRE upregulated	GO:0030154	cell differentiation	ENSMUSG00000024261	Syt4	IMP, IEA
CRE upregulated	GO:0030154	cell differentiation	ENSMUSG00000029378	Areg	ISO, IEA
CRE upregulated	GO:0030154	cell differentiation	ENSMUSG00000042688	Mapk6	IGI
CRE upregulated	GO:0030154	cell differentiation	ENSMUSG00000026836	Acvr1	IMP, IEA
CRE upregulated	GO:0030154	cell differentiation	ENSMUSG00000068566	Myadm	IEA
CRE upregulated	GO:0030154	cell differentiation	ENSMUSG00000048482	Bdnf	IDA, IMP, IGI, ISO, IBA, IEA
CRE upregulated	GO:0030154	cell differentiation	ENSMUSG00000024256	Adcyap1	ISS, ISO, IBA, IEA
CRE upregulated	GO:0030154	cell differentiation	ENSMUSG00000015745	Plekho1	IDA, IMP, IBA
CRE upregulated	GO:0030154	cell differentiation	ENSMUSG00000018736	Ndel1	IMP, IGI, ISO, IBA, IEA
CRE upregulated	GO:0030154	cell differentiation	ENSMUSG00000002250	Ppard	IDA, IMP, IBA, IEA
CRE upregulated	GO:0030154	cell differentiation	ENSMUSG00000027198	Ext2	IMP
CRE upregulated	GO:0030154	cell differentiation	ENSMUSG00000018507	Trpv2	IMP
CRE upregulated	GO:0030154	cell differentiation	ENSMUSG00000037568	Vash2	ISS, IEA
CRE upregulated	GO:0030154	cell differentiation	ENSMUSG00000039473	Ubn1	TAS
CRE upregulated	GO:0030154	cell differentiation	ENSMUSG00000025337	Sbds	ISS, IEA
CRE upregulated	GO:0030154	cell differentiation	ENSMUSG00000031545	Gpat4	IMP
CRE upregulated	GO:0030154	cell differentiation	ENSMUSG00000007041	Clic1	IDA
CRE upregulated	GO:0030154	cell differentiation	ENSMUSG00000005069	Pex5	IMP
CRE upregulated	GO:0030154	cell differentiation	ENSMUSG00000029518	Rab35	IMP
CRE upregulated	GO:0030154	cell differentiation	ENSMUSG00000045136	Tubb2b	ISS, ISO, IEA
CRE upregulated	GO:0030154	cell differentiation	ENSMUSG00000054855	Rnd1	IEA
CRE upregulated	GO:0030154	cell differentiation	ENSMUSG00000029201	Ugdh	ISS, IEA
CRE upregulated	GO:0030154	cell differentiation	ENSMUSG00000027313	Chac1	IMP
CRE upregulated	GO:0030154	cell differentiation	ENSMUSG00000027540	Ptpn1	IEA
CRE upregulated	GO:0030154	cell differentiation	ENSMUSG00000043895	S1pr2	IEA
CRE upregulated	GO:0030154	cell differentiation	ENSMUSG00000027035	Cers6	IEA
CRE upregulated	GO:0030154	cell differentiation	ENSMUSG00000027583	Zbtb46	IMP
CRE upregulated	GO:0030154	cell differentiation	ENSMUSG00000028063	Lmna	IMP, ISO
CRE upregulated	GO:0030154	cell differentiation	ENSMUSG00000050359	Sprr1a	IEA
CRE upregulated	GO:0030154	cell differentiation	ENSMUSG00000026675	Hsd17b7	IMP
CRE upregulated	GO:0030154	cell differentiation	ENSMUSG00000001420	Tmem79	IMP
CRE upregulated	GO:0030154	cell differentiation	ENSMUSG00000029121	Crmp1	IEA
CRE upregulated	GO:0030154	cell differentiation	ENSMUSG00000063506	Arhgap22	IEA
CRE upregulated	GO:0030154	cell differentiation	ENSMUSG00000053436	Mapk14	IDA, IMP, IGI, IEA
CRE upregulated	GO:0030154	cell differentiation	ENSMUSG00000025809	Itgb1	IMP, IGI, ISS, ISO, IEA
CRE upregulated	GO:0030154	cell differentiation	ENSMUSG00000040025	Ythdf2	IMP, ISS, IEA
CRE upregulated	GO:0030154	cell differentiation	ENSMUSG00000028156	Eif4e	IMP
CRE upregulated	GO:0030154	cell differentiation	ENSMUSG00000025239	Limd1	IMP
CRE upregulated	GO:0030154	cell differentiation	ENSMUSG00000023030	Slc11a2	IMP
CRE upregulated	GO:0030154	cell differentiation	ENSMUSG00000013089	Etv5	ISO, IEA
CRE upregulated	GO:0030154	cell differentiation	ENSMUSG00000025139	Tollip	IEA
CRE upregulated	GO:0030154	cell differentiation	ENSMUSG00000020592	Sdc1	IDA, IEA
CRE upregulated	GO:0030154	cell differentiation	ENSMUSG00000025746	Il6	IDA, IMP, ISO, IEA
CRE upregulated	GO:0030154	cell differentiation	ENSMUSG00000032231	Anxa2	IDA, IEA
CRE upregulated	GO:0030154	cell differentiation	ENSMUSG00000032280	Tle3	IEA
CRE upregulated	GO:0030154	cell differentiation	ENSMUSG00000031078	Cttn	ISS, ISO
CRE upregulated	GO:0030154	cell differentiation	ENSMUSG00000022607	Ptk2	IDA, IMP, ISS, ISO
CRE upregulated	GO:0030154	cell differentiation	ENSMUSG00000040312	Cchcr1	IEA
CRE upregulated	GO:0030154	cell differentiation	ENSMUSG00000024014	Pim1	IDA, IMP
CRE upregulated	GO:0030154	cell differentiation	ENSMUSG00000037062	Sh3glb1	ISO
CRE upregulated	GO:0030154	cell differentiation	ENSMUSG00000024772	Ehd1	IMP, ISS, ISO, IEA
CRE upregulated	GO:0030154	cell differentiation	ENSMUSG00000020580	Rock2	IEA
CRE upregulated	GO:0030154	cell differentiation	ENSMUSG00000020435	Osbp2	IMP
CRE upregulated	GO:0030154	cell differentiation	ENSMUSG00000027560	Dok5	IDA
CRE upregulated	GO:0030154	cell differentiation	ENSMUSG00000027613	Eif6	IMP
CRE upregulated	GO:0030154	cell differentiation	ENSMUSG00000033039	Micall1	IMP, ISO
CRE upregulated	GO:0030154	cell differentiation	ENSMUSG00000059923	Grb2	IMP
CRE upregulated	GO:0030154	cell differentiation	ENSMUSG00000042406	Atf4	IMP, IEA
CRE upregulated	GO:0030154	cell differentiation	ENSMUSG00000055078	Gabra5	IMP
CRE upregulated	GO:0030154	cell differentiation	ENSMUSG00000017929	B4galt5	IMP
CRE upregulated	GO:0030154	cell differentiation	ENSMUSG00000020271	Fbxw11	IBA
CRE upregulated	GO:0030154	cell differentiation	ENSMUSG00000020838	Slc6a4	ISO, IEA
CRE upregulated	GO:0030154	cell differentiation	ENSMUSG00000001507	Itga3	IMP, ISO, IEA
CRE upregulated	GO:0030154	cell differentiation	ENSMUSG00000055723	Rras2	IGI
CRE upregulated	GO:0030154	cell differentiation	ENSMUSG00000031628	Casp3	IMP, ISO, IBA, IEA
CRE upregulated	GO:0030154	cell differentiation	ENSMUSG00000025408	Ddit3	IMP, IGI
CRE upregulated	GO:0030154	cell differentiation	ENSMUSG00000032078	Zpr1	IMP, IBA, IEA
CRE upregulated	GO:0030154	cell differentiation	ENSMUSG00000055407	Map6	ISS, ISO, IBA, IEA
CRE upregulated	GO:0030154	cell differentiation	ENSMUSG00000001847	Rac1	IDA, IMP, IGI, IBA, IEA
CRE upregulated	GO:0030154	cell differentiation	ENSMUSG00000050271	Prag1	ISS, ISO, IEA
CRE upregulated	GO:0030154	cell differentiation	ENSMUSG00000030077	Chl1	IDA, IMP, IEA
CRE upregulated	GO:0030154	cell differentiation	ENSMUSG00000020064	Herc4	IEA
CRE upregulated	GO:0030154	cell differentiation	ENSMUSG00000026317	Cln8	IMP
CRE upregulated	GO:0030154	cell differentiation	ENSMUSG00000044667	Plppr4	ISO, IBA
CRE upregulated	GO:0030154	cell differentiation	ENSMUSG00000057531	Dtnbp1	IDA, IMP, ISS, ISO, IBA, NAS, IEA
CRE upregulated	GO:0030154	cell differentiation	ENSMUSG00000000134	Tfe3	IMP, IGI, IEA
CRE upregulated	GO:0030154	cell differentiation	ENSMUSG00000015837	Sqstm1	IEA
CRE upregulated	GO:0030154	cell differentiation	ENSMUSG00000022951	Rcan1	IDA, ISO
CRE upregulated	GO:0030154	cell differentiation	ENSMUSG00000030309	Caprin2	IMP, IEA
CRE upregulated	GO:0030154	cell differentiation	ENSMUSG00000029131	Dnajb6	IMP
CRE upregulated	GO:0030154	cell differentiation	ENSMUSG00000023087	Noct	IMP
CRE upregulated	GO:0030154	cell differentiation	ENSMUSG00000017428	Psmd11	ISS, IEA
CRE upregulated	GO:0030154	cell differentiation	ENSMUSG00000001627	Ifrd1	IMP, IGI, IEA
CRE upregulated	GO:0030154	cell differentiation	ENSMUSG00000015316	Slamf1	IMP
CRE upregulated	GO:0030154	cell differentiation	ENSMUSG00000029765	Plxna4	IMP, IGI, IBA
CRE upregulated	GO:0030154	cell differentiation	ENSMUSG00000022346	Myc	IMP, ISS, ISO, IEA
CRE upregulated	GO:0030154	cell differentiation	ENSMUSG00000036478	Btg1	ISS, ISO, IEA
CRE upregulated	GO:0030154	cell differentiation	ENSMUSG00000053113	Socs3	IDA, IGI
CRE upregulated	GO:0030154	cell differentiation	ENSMUSG00000026072	Il1r1	ISO
CRE upregulated	GO:0030154	cell differentiation	ENSMUSG00000027954	Efna1	IDA, IMP, IBA
CRE upregulated	GO:0030154	cell differentiation	ENSMUSG00000024789	Jak2	IMP, ISS, ISO, IBA, IEA
CRE upregulated	GO:0030154	cell differentiation	ENSMUSG00000004040	ENSMUSG00000004040	IMP, IGI, ISS, IEA
CRE upregulated	GO:0030154	cell differentiation	ENSMUSG00000042292	Mrtfa	IGI, IBA
CRE upregulated	GO:0030154	cell differentiation	ENSMUSG00000022602	Arc	ISO, IEA
CRE upregulated	GO:0030154	cell differentiation	ENSMUSG00000020027	Socs2	IDA
CRE upregulated	GO:0030154	cell differentiation	ENSMUSG00000103523	2210017I01Rik	IEA
CRE upregulated	GO:0030154	cell differentiation	ENSMUSG00000029135	Fosl2	IDA, IMP
CRE upregulated	GO:0030154	cell differentiation	ENSMUSG00000020395	Itk	IMP, IGI, IBA
CRE upregulated	GO:0030154	cell differentiation	ENSMUSG00000044017	Adgrd1	IEA
CRE upregulated	GO:0030154	cell differentiation	ENSMUSG00000050335	Lgals3	IEA
CRE upregulated	GO:0030154	cell differentiation	ENSMUSG00000063919	Srrm4	IMP, IBA, IEA
CRE upregulated	GO:0030154	cell differentiation	ENSMUSG00000030223	ENSMUSG00000030223	IMP, IBA
CRE upregulated	GO:0030154	cell differentiation	ENSMUSG00000027797	Dclk1	IMP, IGI, IBA, IEA
CRE upregulated	GO:0030154	cell differentiation	ENSMUSG00000020358	Hnrnpab	IDA
CRE upregulated	GO:0030154	cell differentiation	ENSMUSG00000004865	ENSMUSG00000004865	IEA
CRE upregulated	GO:0030154	cell differentiation	ENSMUSG00000036882	ENSMUSG00000036882	ISO, IEA
CRE upregulated	GO:0030154	cell differentiation	ENSMUSG00000026930	Gpsm1	IEA
CRE upregulated	GO:0030154	cell differentiation	ENSMUSG00000021360	ENSMUSG00000021360	IMP, IEA
CRE upregulated	GO:0030154	cell differentiation	ENSMUSG00000024803	Ankrd1	IMP, ISO
CRE upregulated	GO:0030154	cell differentiation	ENSMUSG00000023915	Tnfrsf21	IMP, ISO, IEA
CRE upregulated	GO:0030154	cell differentiation	ENSMUSG00000024927	Rela	ISO, IEA
CRE upregulated	GO:0030154	cell differentiation	ENSMUSG00000027692	Tnik	ISS, ISO, IBA, IEA
CRE upregulated	GO:0030154	cell differentiation	ENSMUSG00000024238	Zeb1	IDA, IMP, IEA
CRE upregulated	GO:0030154	cell differentiation	ENSMUSG00000025279	ENSMUSG00000025279	IDA, IBA
CRE upregulated	GO:0030154	cell differentiation	ENSMUSG00000024947	Men1	IDA, IMP, IGI, ISO, IEA
CRE upregulated	GO:0030154	cell differentiation	ENSMUSG00000029071	ENSMUSG00000029071	IDA, IMP, ISO, IEA
CRE upregulated	GO:0030154	cell differentiation	ENSMUSG00000022125	Cln5	ISS, IEA
CRE upregulated	GO:0030154	cell differentiation	ENSMUSG00000037514	Pank2	IMP
CRE upregulated	GO:0030154	cell differentiation	ENSMUSG00000032715	Trib3	IMP
CRE upregulated	GO:0030154	cell differentiation	ENSMUSG00000024777	ENSMUSG00000024777	ISO, IEA
CRE upregulated	GO:0030154	cell differentiation	ENSMUSG00000024335	Brd2	IDA, IEA
CRE upregulated	GO:0030154	cell differentiation	ENSMUSG00000026074	Map4k4	IEA
CRE upregulated	GO:0030154	cell differentiation	ENSMUSG00000020694	ENSMUSG00000020694	IEA
CRE upregulated	GO:0030154	cell differentiation	ENSMUSG00000027919	Lce1g	IEA
CRE upregulated	GO:0030154	cell differentiation	ENSMUSG00000031168	ENSMUSG00000031168	IMP
CRE upregulated	GO:0030154	cell differentiation	ENSMUSG00000037876	Jmjd1c	IMP
CRE upregulated	GO:0030154	cell differentiation	ENSMUSG00000071637	Cebpd	IDA, IGI, IBA, IEA
CRE upregulated	GO:0030154	cell differentiation	ENSMUSG00000025162	ENSMUSG00000025162	IGI
CRE upregulated	GO:0030154	cell differentiation	ENSMUSG00000031278	ENSMUSG00000031278	ISO, IBA
CRE upregulated	GO:0030154	cell differentiation	ENSMUSG00000053175	Bcl3	IMP
CRE upregulated	GO:0030154	cell differentiation	ENSMUSG00000030199	Etv6	IDA, IMP, ISS, IEA
CRE upregulated	GO:0030154	cell differentiation	ENSMUSG00000037815	Ctnna1	IMP, IGI, IEA
CRE upregulated	GO:0030154	cell differentiation	ENSMUSG00000003154	Foxj2	IEA
CRE upregulated	GO:0030154	cell differentiation	ENSMUSG00000020349	ENSMUSG00000020349	IEA
CRE upregulated	GO:0030154	cell differentiation	ENSMUSG00000039108	ENSMUSG00000039108	IMP
CRE upregulated	GO:0030154	cell differentiation	ENSMUSG00000021587	Pcsk1	IEA
CRE upregulated	GO:0030154	cell differentiation	ENSMUSG00000028599	Tnfrsf1b	IMP, IBA
CRE upregulated	GO:0030154	cell differentiation	ENSMUSG00000004530	ENSMUSG00000004530	IBA, IEA
CRE upregulated	GO:0030154	cell differentiation	ENSMUSG00000044147	Arf6	IMP, ISO, IBA, IEA
CRE upregulated	GO:0030154	cell differentiation	ENSMUSG00000036180	ENSMUSG00000036180	NAS
CRE upregulated	GO:0030154	cell differentiation	ENSMUSG00000011877	Git1	IMP, ISO
CRE upregulated	GO:0030154	cell differentiation	ENSMUSG00000024270	ENSMUSG00000024270	IDA, IEA
CRE upregulated	GO:0030154	cell differentiation	ENSMUSG00000040046	Tph1	IMP
CRE upregulated	GO:0030154	cell differentiation	ENSMUSG00000039985	Sinhcaf	IMP
CRE upregulated	GO:0030154	cell differentiation	ENSMUSG00000052512	ENSMUSG00000052512	IEA
CRE upregulated	GO:0030154	cell differentiation	ENSMUSG00000008435	Rdh13	IMP
CRE upregulated	GO:0030154	cell differentiation	ENSMUSG00000062234	ENSMUSG00000062234	IEA
CRE upregulated	GO:0030154	cell differentiation	ENSMUSG00000052837	ENSMUSG00000052837	IDA, IMP
CRE upregulated	GO:0030154	cell differentiation	ENSMUSG00000047281	ENSMUSG00000047281	IMP, IGI
CRE upregulated	GO:0030154	cell differentiation	ENSMUSG00000025351	Cd63	IMP, ISS, ISO, IEA
CRE upregulated	GO:0030154	cell differentiation	ENSMUSG00000021796	Bmpr1a	IDA, IMP, IGI, IEA
CRE upregulated	GO:0030154	cell differentiation	ENSMUSG00000019842	ENSMUSG00000019842	IMP
CRE upregulated	GO:0030154	cell differentiation	ENSMUSG00000070056	ENSMUSG00000070056	ISS, IEA
CRE upregulated	GO:0030154	cell differentiation	ENSMUSG00000027465	Tbc1d20	IMP
CRE upregulated	GO:0030154	cell differentiation	ENSMUSG00000045763	ENSMUSG00000045763	IDA
CRE upregulated	GO:0030154	cell differentiation	ENSMUSG00000039191	Rbpj	IMP, IGI
CRE upregulated	GO:0030154	cell differentiation	ENSMUSG00000022270	ENSMUSG00000022270	IDA
CRE upregulated	GO:0030154	cell differentiation	ENSMUSG00000039844	ENSMUSG00000039844	ISO, IEA
CRE upregulated	GO:0030154	cell differentiation	ENSMUSG00000035725	ENSMUSG00000035725	ISS, IEA
CRE upregulated	GO:0030154	cell differentiation	ENSMUSG00000040010	Slc7a5	ISO, IEA
CRE upregulated	GO:0030154	cell differentiation	ENSMUSG00000020671	ENSMUSG00000020671	ISS, ISO
CRE upregulated	GO:0030154	cell differentiation	ENSMUSG00000004099	ENSMUSG00000004099	IEA
CRE upregulated	GO:0030154	cell differentiation	ENSMUSG00000027997	Casp6	ISO, IEA
CRE upregulated	GO:0030154	cell differentiation	ENSMUSG00000058354	Krt6a	IGI, IBA
CRE upregulated	GO:0030154	cell differentiation	ENSMUSG00000020594	ENSMUSG00000020594	ISO, IEA
CRE upregulated	GO:0030154	cell differentiation	ENSMUSG00000000787	ENSMUSG00000000787	IBA, IEA
CRE upregulated	GO:0030154	cell differentiation	ENSMUSG00000008730	Hipk1	IMP
CRE upregulated	GO:0030154	cell differentiation	ENSMUSG00000059288	ENSMUSG00000059288	IMP, IEA
CRE upregulated	GO:0030154	cell differentiation	ENSMUSG00000022094	ENSMUSG00000022094	IMP
CRE upregulated	GO:0030154	cell differentiation	ENSMUSG00000038676	Ucn	ISO, IEA
CRE upregulated	GO:0030154	cell differentiation	ENSMUSG00000059743	ENSMUSG00000059743	ISO
CRE upregulated	GO:0030154	cell differentiation	ENSMUSG00000052681	Rap1b	ISS, IEA
CRE upregulated	GO:0030154	cell differentiation	ENSMUSG00000066595	ENSMUSG00000066595	IMP, ISO, IBA, IEA
CRE upregulated	GO:0030154	cell differentiation	ENSMUSG00000020097	ENSMUSG00000020097	IMP
CRE upregulated	GO:0030154	cell differentiation	ENSMUSG00000032508	Myd88	IMP
CRE upregulated	GO:0030154	cell differentiation	ENSMUSG00000026864	ENSMUSG00000026864	ISO
CRE upregulated	GO:0030154	cell differentiation	ENSMUSG00000002633	Shh	IDA, IMP, IGI, ISO, IBA, TAS, IEA
CRE upregulated	GO:0030154	cell differentiation	ENSMUSG00000032540	ENSMUSG00000032540	IEA
CRE upregulated	GO:0030154	cell differentiation	ENSMUSG00000027944	Hax1	IEA
CRE upregulated	GO:0030154	cell differentiation	ENSMUSG00000039671	ENSMUSG00000039671	ISO, IEA
CRE upregulated	GO:0030154	cell differentiation	ENSMUSG00000029145	ENSMUSG00000029145	ISS, IEA
CRE upregulated	GO:0030154	cell differentiation	ENSMUSG00000067586	ENSMUSG00000067586	IEA
CRE upregulated	GO:0030154	cell differentiation	ENSMUSG00000063952	Brpf3	NAS
CRE upregulated	GO:0030154	cell differentiation	ENSMUSG00000028291	ENSMUSG00000028291	IMP
CRE upregulated	GO:0030154	cell differentiation	ENSMUSG00000037411	Serpine1	IEA
CRE upregulated	GO:0030154	cell differentiation	ENSMUSG00000032786	ENSMUSG00000032786	IBA
CRE upregulated	GO:0030154	cell differentiation	ENSMUSG00000020340	ENSMUSG00000020340	IMP, IBA
CRE upregulated	GO:0030154	cell differentiation	ENSMUSG00000028382	ENSMUSG00000028382	ISO, IEA
CRE upregulated	GO:0030154	cell differentiation	ENSMUSG00000037465	Klf10	IMP
CRE upregulated	GO:0030154	cell differentiation	ENSMUSG00000024613	ENSMUSG00000024613	ISS, IEA
CRE upregulated	GO:0030154	cell differentiation	ENSMUSG00000023277	ENSMUSG00000023277	IBA, IEA
CRE upregulated	GO:0030154	cell differentiation	ENSMUSG00000019843	ENSMUSG00000019843	IMP, IGI, IBA
CRE upregulated	GO:0030154	cell differentiation	ENSMUSG00000027646	ENSMUSG00000027646	IDA, IMP, IGI, IBA, IEA
CRE upregulated	GO:0030154	cell differentiation	ENSMUSG00000004698	ENSMUSG00000004698	IEA
CRE upregulated	GO:0030154	cell differentiation	ENSMUSG00000032501	Trib1	IMP
CRE upregulated	GO:0030154	cell differentiation	ENSMUSG00000003119	ENSMUSG00000003119	IMP
CRE upregulated	GO:0030154	cell differentiation	ENSMUSG00000053825	ENSMUSG00000053825	IEA
CRE upregulated	GO:0030154	cell differentiation	ENSMUSG00000055067	ENSMUSG00000055067	IMP
CRE upregulated	GO:0030154	cell differentiation	ENSMUSG00000047261	ENSMUSG00000047261	IMP, IBA, IEA
CRE upregulated	GO:0030154	cell differentiation	ENSMUSG00000026159	ENSMUSG00000026159	IMP, IBA, IEA
CRE upregulated	GO:0030154	cell differentiation	ENSMUSG00000031073	Fgf15	IMP, IBA, IEA
CRE upregulated	GO:0030154	cell differentiation	ENSMUSG00000027433	ENSMUSG00000027433	IEA
CRE upregulated	GO:0030154	cell differentiation	ENSMUSG00000015839	Nfe2l2	IMP, ISO, IEA
CRE upregulated	GO:0030154	cell differentiation	ENSMUSG00000049550	ENSMUSG00000049550	ISO
CRE upregulated	GO:0030154	cell differentiation	ENSMUSG00000021477	ENSMUSG00000021477	IMP, ISS
CRE upregulated	GO:0030154	cell differentiation	ENSMUSG00000000627	ENSMUSG00000000627	ISO, IBA, IEA
CRE upregulated	GO:0030154	cell differentiation	ENSMUSG00000069227	ENSMUSG00000069227	IDA, IBA
CRE upregulated	GO:0030154	cell differentiation	ENSMUSG00000054204	ENSMUSG00000054204	ISS, IEA
CRE upregulated	GO:0030154	cell differentiation	ENSMUSG00000053797	ENSMUSG00000053797	IDA, IBA
CRE upregulated	GO:0030154	cell differentiation	ENSMUSG00000024026	ENSMUSG00000024026	IMP
CRE upregulated	GO:0048869	cellular developmental process	ENSMUSG00000026628	Atf3	IMP
CRE upregulated	GO:0048869	cellular developmental process	ENSMUSG00000051379	Flrt3	IMP, ISS, ISO, IEA
CRE upregulated	GO:0048869	cellular developmental process	ENSMUSG00000052684	Jun	IDA, IMP, ISO
CRE upregulated	GO:0048869	cellular developmental process	ENSMUSG00000063632	Sox11	IDA, IMP, ISS, ISO, IBA, IEA
CRE upregulated	GO:0048869	cellular developmental process	ENSMUSG00000019647	Sema6a	IMP, IBA, NAS, IEA
CRE upregulated	GO:0048869	cellular developmental process	ENSMUSG00000046223	Plaur	ISO
CRE upregulated	GO:0048869	cellular developmental process	ENSMUSG00000031574	Star	ISO, IEA
CRE upregulated	GO:0048869	cellular developmental process	ENSMUSG00000004951	Hspb1	ISO
CRE upregulated	GO:0048869	cellular developmental process	ENSMUSG00000025473	Adam8	IDA, IMP, TAS, NAS
CRE upregulated	GO:0048869	cellular developmental process	ENSMUSG00000022044	Stmn4	IBA
CRE upregulated	GO:0048869	cellular developmental process	ENSMUSG00000046731	Kctd11	IDA, IBA
CRE upregulated	GO:0048869	cellular developmental process	ENSMUSG00000056749	Nfil3	IMP
CRE upregulated	GO:0048869	cellular developmental process	ENSMUSG00000022895	Ets2	IGI
CRE upregulated	GO:0048869	cellular developmental process	ENSMUSG00000037447	Arid5a	IDA
CRE upregulated	GO:0048869	cellular developmental process	ENSMUSG00000030748	Il4ra	IMP, IGI
CRE upregulated	GO:0048869	cellular developmental process	ENSMUSG00000023905	Tnfrsf12a	IDA, IEA
CRE upregulated	GO:0048869	cellular developmental process	ENSMUSG00000030102	Itpr1	ISO
CRE upregulated	GO:0048869	cellular developmental process	ENSMUSG00000025089	Gfra1	ISO, IEA
CRE upregulated	GO:0048869	cellular developmental process	ENSMUSG00000021765	Fst	IMP, IGI, IBA, IEA
CRE upregulated	GO:0048869	cellular developmental process	ENSMUSG00000025348	Itga7	IEA
CRE upregulated	GO:0048869	cellular developmental process	ENSMUSG00000030256	Bhlhe41	IDA, IBA
CRE upregulated	GO:0048869	cellular developmental process	ENSMUSG00000037705	Tecta	IGI
CRE upregulated	GO:0048869	cellular developmental process	ENSMUSG00000014599	Csf1	IDA, IMP, IGI, ISO, IBA, IEA
CRE upregulated	GO:0048869	cellular developmental process	ENSMUSG00000020427	Igfbp3	IEP, ISS, IEA
CRE upregulated	GO:0048869	cellular developmental process	ENSMUSG00000023067	Cdkn1a	IGI
CRE upregulated	GO:0048869	cellular developmental process	ENSMUSG00000027495	Fam210b	ISS, IEA
CRE upregulated	GO:0048869	cellular developmental process	ENSMUSG00000031074	Fgf3	IEA
CRE upregulated	GO:0048869	cellular developmental process	ENSMUSG00000030272	Camk1	ISS, IEA
CRE upregulated	GO:0048869	cellular developmental process	ENSMUSG00000004846	Plod3	IMP
CRE upregulated	GO:0048869	cellular developmental process	ENSMUSG00000031681	Smad1	IDA, IGI, ISO, IBA
CRE upregulated	GO:0048869	cellular developmental process	ENSMUSG00000050989	Selenon	IMP, IBA
CRE upregulated	GO:0048869	cellular developmental process	ENSMUSG00000035673	Sbno2	IMP, IBA, IEA
CRE upregulated	GO:0048869	cellular developmental process	ENSMUSG00000024261	Syt4	IMP, IEA
CRE upregulated	GO:0048869	cellular developmental process	ENSMUSG00000029378	Areg	ISO, IEA
CRE upregulated	GO:0048869	cellular developmental process	ENSMUSG00000042688	Mapk6	IGI
CRE upregulated	GO:0048869	cellular developmental process	ENSMUSG00000026836	Acvr1	IMP, IEA
CRE upregulated	GO:0048869	cellular developmental process	ENSMUSG00000068566	Myadm	IEA
CRE upregulated	GO:0048869	cellular developmental process	ENSMUSG00000048482	Bdnf	IDA, IMP, IGI, ISO, IBA, IEA
CRE upregulated	GO:0048869	cellular developmental process	ENSMUSG00000024256	Adcyap1	ISS, ISO, IBA, IEA
CRE upregulated	GO:0048869	cellular developmental process	ENSMUSG00000015745	Plekho1	IDA, IMP, IBA
CRE upregulated	GO:0048869	cellular developmental process	ENSMUSG00000018736	Ndel1	IMP, IGI, ISO, IBA, IEA
CRE upregulated	GO:0048869	cellular developmental process	ENSMUSG00000002250	Ppard	IDA, IMP, IBA, IEA
CRE upregulated	GO:0048869	cellular developmental process	ENSMUSG00000027198	Ext2	IMP
CRE upregulated	GO:0048869	cellular developmental process	ENSMUSG00000018507	Trpv2	IMP
CRE upregulated	GO:0048869	cellular developmental process	ENSMUSG00000037568	Vash2	ISS, IEA
CRE upregulated	GO:0048869	cellular developmental process	ENSMUSG00000039473	Ubn1	TAS
CRE upregulated	GO:0048869	cellular developmental process	ENSMUSG00000025337	Sbds	ISS, IEA
CRE upregulated	GO:0048869	cellular developmental process	ENSMUSG00000031545	Gpat4	IMP
CRE upregulated	GO:0048869	cellular developmental process	ENSMUSG00000007041	Clic1	IDA
CRE upregulated	GO:0048869	cellular developmental process	ENSMUSG00000005069	Pex5	IMP
CRE upregulated	GO:0048869	cellular developmental process	ENSMUSG00000029518	Rab35	IMP
CRE upregulated	GO:0048869	cellular developmental process	ENSMUSG00000045136	Tubb2b	ISS, ISO, IEA
CRE upregulated	GO:0048869	cellular developmental process	ENSMUSG00000054855	Rnd1	IEA
CRE upregulated	GO:0048869	cellular developmental process	ENSMUSG00000029201	Ugdh	ISS, IEA
CRE upregulated	GO:0048869	cellular developmental process	ENSMUSG00000027313	Chac1	IMP
CRE upregulated	GO:0048869	cellular developmental process	ENSMUSG00000027540	Ptpn1	IEA
CRE upregulated	GO:0048869	cellular developmental process	ENSMUSG00000043895	S1pr2	IEA
CRE upregulated	GO:0048869	cellular developmental process	ENSMUSG00000027035	Cers6	IEA
CRE upregulated	GO:0048869	cellular developmental process	ENSMUSG00000027583	Zbtb46	IMP
CRE upregulated	GO:0048869	cellular developmental process	ENSMUSG00000028063	Lmna	IMP, ISO
CRE upregulated	GO:0048869	cellular developmental process	ENSMUSG00000050359	Sprr1a	IEA
CRE upregulated	GO:0048869	cellular developmental process	ENSMUSG00000026675	Hsd17b7	IMP
CRE upregulated	GO:0048869	cellular developmental process	ENSMUSG00000001420	Tmem79	IMP
CRE upregulated	GO:0048869	cellular developmental process	ENSMUSG00000029121	Crmp1	IEA
CRE upregulated	GO:0048869	cellular developmental process	ENSMUSG00000063506	Arhgap22	IEA
CRE upregulated	GO:0048869	cellular developmental process	ENSMUSG00000053436	Mapk14	IDA, IMP, IGI, IEA
CRE upregulated	GO:0048869	cellular developmental process	ENSMUSG00000025809	Itgb1	IMP, IGI, ISS, ISO, IEA
CRE upregulated	GO:0048869	cellular developmental process	ENSMUSG00000040025	Ythdf2	IMP, ISS, IEA
CRE upregulated	GO:0048869	cellular developmental process	ENSMUSG00000028156	Eif4e	IMP
CRE upregulated	GO:0048869	cellular developmental process	ENSMUSG00000025239	Limd1	IMP
CRE upregulated	GO:0048869	cellular developmental process	ENSMUSG00000023030	Slc11a2	IMP
CRE upregulated	GO:0048869	cellular developmental process	ENSMUSG00000013089	Etv5	ISO, IEA
CRE upregulated	GO:0048869	cellular developmental process	ENSMUSG00000025139	Tollip	IEA
CRE upregulated	GO:0048869	cellular developmental process	ENSMUSG00000020592	Sdc1	IDA, IEA
CRE upregulated	GO:0048869	cellular developmental process	ENSMUSG00000025746	Il6	IDA, IMP, ISO, IEA
CRE upregulated	GO:0048869	cellular developmental process	ENSMUSG00000032231	Anxa2	IDA, IEA
CRE upregulated	GO:0048869	cellular developmental process	ENSMUSG00000032280	Tle3	IEA
CRE upregulated	GO:0048869	cellular developmental process	ENSMUSG00000031078	Cttn	ISS, ISO
CRE upregulated	GO:0048869	cellular developmental process	ENSMUSG00000022607	Ptk2	IDA, IMP, ISS, ISO
CRE upregulated	GO:0048869	cellular developmental process	ENSMUSG00000040312	Cchcr1	IEA
CRE upregulated	GO:0048869	cellular developmental process	ENSMUSG00000024014	Pim1	IDA, IMP
CRE upregulated	GO:0048869	cellular developmental process	ENSMUSG00000037062	Sh3glb1	ISO
CRE upregulated	GO:0048869	cellular developmental process	ENSMUSG00000024772	Ehd1	IMP, ISS, ISO, IEA
CRE upregulated	GO:0048869	cellular developmental process	ENSMUSG00000020580	Rock2	IEA
CRE upregulated	GO:0048869	cellular developmental process	ENSMUSG00000020435	Osbp2	IMP
CRE upregulated	GO:0048869	cellular developmental process	ENSMUSG00000027560	Dok5	IDA
CRE upregulated	GO:0048869	cellular developmental process	ENSMUSG00000027613	Eif6	IMP
CRE upregulated	GO:0048869	cellular developmental process	ENSMUSG00000033039	Micall1	IMP, ISO
CRE upregulated	GO:0048869	cellular developmental process	ENSMUSG00000059923	Grb2	IMP
CRE upregulated	GO:0048869	cellular developmental process	ENSMUSG00000042406	Atf4	IMP, IEA
CRE upregulated	GO:0048869	cellular developmental process	ENSMUSG00000055078	Gabra5	IMP
CRE upregulated	GO:0048869	cellular developmental process	ENSMUSG00000017929	B4galt5	IMP
CRE upregulated	GO:0048869	cellular developmental process	ENSMUSG00000020271	Fbxw11	IBA
CRE upregulated	GO:0048869	cellular developmental process	ENSMUSG00000020838	Slc6a4	ISO, IEA
CRE upregulated	GO:0048869	cellular developmental process	ENSMUSG00000001507	Itga3	IMP, ISO, IEA
CRE upregulated	GO:0048869	cellular developmental process	ENSMUSG00000055723	Rras2	IGI
CRE upregulated	GO:0048869	cellular developmental process	ENSMUSG00000031628	Casp3	IMP, ISO, IBA, IEA
CRE upregulated	GO:0048869	cellular developmental process	ENSMUSG00000025408	Ddit3	IMP, IGI
CRE upregulated	GO:0048869	cellular developmental process	ENSMUSG00000032078	Zpr1	IMP, IBA, IEA
CRE upregulated	GO:0048869	cellular developmental process	ENSMUSG00000055407	Map6	ISS, ISO, IBA, IEA
CRE upregulated	GO:0048869	cellular developmental process	ENSMUSG00000001847	Rac1	IDA, IMP, IGI, IBA, IEA
CRE upregulated	GO:0048869	cellular developmental process	ENSMUSG00000050271	Prag1	ISS, ISO, IEA
CRE upregulated	GO:0048869	cellular developmental process	ENSMUSG00000030077	Chl1	IDA, IMP, IEA
CRE upregulated	GO:0048869	cellular developmental process	ENSMUSG00000020064	Herc4	IEA
CRE upregulated	GO:0048869	cellular developmental process	ENSMUSG00000026317	Cln8	IMP
CRE upregulated	GO:0048869	cellular developmental process	ENSMUSG00000044667	Plppr4	ISO, IBA
CRE upregulated	GO:0048869	cellular developmental process	ENSMUSG00000057531	Dtnbp1	IDA, IMP, ISS, ISO, IBA, NAS, IEA
CRE upregulated	GO:0048869	cellular developmental process	ENSMUSG00000000134	Tfe3	IMP, IGI, IEA
CRE upregulated	GO:0048869	cellular developmental process	ENSMUSG00000015837	Sqstm1	IEA
CRE upregulated	GO:0048869	cellular developmental process	ENSMUSG00000022951	Rcan1	IDA, ISO
CRE upregulated	GO:0048869	cellular developmental process	ENSMUSG00000030309	Caprin2	IMP, IEA
CRE upregulated	GO:0048869	cellular developmental process	ENSMUSG00000029131	Dnajb6	IMP
CRE upregulated	GO:0048869	cellular developmental process	ENSMUSG00000023087	Noct	IMP
CRE upregulated	GO:0048869	cellular developmental process	ENSMUSG00000017428	Psmd11	ISS, IEA
CRE upregulated	GO:0048869	cellular developmental process	ENSMUSG00000001627	Ifrd1	IMP, IGI, IEA
CRE upregulated	GO:0048869	cellular developmental process	ENSMUSG00000015316	Slamf1	IMP
CRE upregulated	GO:0048869	cellular developmental process	ENSMUSG00000029765	Plxna4	IMP, IGI, IBA
CRE upregulated	GO:0048869	cellular developmental process	ENSMUSG00000022346	Myc	IMP, ISS, ISO, IEA
CRE upregulated	GO:0048869	cellular developmental process	ENSMUSG00000036478	Btg1	ISS, ISO, IEA
CRE upregulated	GO:0048869	cellular developmental process	ENSMUSG00000053113	Socs3	IDA, IGI
CRE upregulated	GO:0048869	cellular developmental process	ENSMUSG00000026072	Il1r1	ISO
CRE upregulated	GO:0048869	cellular developmental process	ENSMUSG00000027954	Efna1	IDA, IMP, IBA
CRE upregulated	GO:0048869	cellular developmental process	ENSMUSG00000024789	Jak2	IMP, ISS, ISO, IBA, IEA
CRE upregulated	GO:0048869	cellular developmental process	ENSMUSG00000004040	ENSMUSG00000004040	IMP, IGI, ISS, IEA
CRE upregulated	GO:0048869	cellular developmental process	ENSMUSG00000042292	Mrtfa	IGI, IBA
CRE upregulated	GO:0048869	cellular developmental process	ENSMUSG00000022602	Arc	ISO, IEA
CRE upregulated	GO:0048869	cellular developmental process	ENSMUSG00000020027	Socs2	IDA
CRE upregulated	GO:0048869	cellular developmental process	ENSMUSG00000103523	2210017I01Rik	IEA
CRE upregulated	GO:0048869	cellular developmental process	ENSMUSG00000029135	Fosl2	IDA, IMP
CRE upregulated	GO:0048869	cellular developmental process	ENSMUSG00000020395	Itk	IMP, IGI, IBA
CRE upregulated	GO:0048869	cellular developmental process	ENSMUSG00000044017	Adgrd1	IEA
CRE upregulated	GO:0048869	cellular developmental process	ENSMUSG00000050335	Lgals3	IEA
CRE upregulated	GO:0048869	cellular developmental process	ENSMUSG00000063919	Srrm4	IMP, IBA, IEA
CRE upregulated	GO:0048869	cellular developmental process	ENSMUSG00000030223	ENSMUSG00000030223	IMP, IBA
CRE upregulated	GO:0048869	cellular developmental process	ENSMUSG00000027797	Dclk1	IMP, IGI, IBA, IEA
CRE upregulated	GO:0048869	cellular developmental process	ENSMUSG00000020358	Hnrnpab	IDA
CRE upregulated	GO:0048869	cellular developmental process	ENSMUSG00000004865	ENSMUSG00000004865	IEA
CRE upregulated	GO:0048869	cellular developmental process	ENSMUSG00000036882	ENSMUSG00000036882	ISO, IEA
CRE upregulated	GO:0048869	cellular developmental process	ENSMUSG00000026930	Gpsm1	IEA
CRE upregulated	GO:0048869	cellular developmental process	ENSMUSG00000021360	ENSMUSG00000021360	IMP, IEA
CRE upregulated	GO:0048869	cellular developmental process	ENSMUSG00000024803	Ankrd1	IMP, ISO
CRE upregulated	GO:0048869	cellular developmental process	ENSMUSG00000023915	Tnfrsf21	IMP, ISO, IEA
CRE upregulated	GO:0048869	cellular developmental process	ENSMUSG00000024927	Rela	ISO, IEA
CRE upregulated	GO:0048869	cellular developmental process	ENSMUSG00000027692	Tnik	ISS, ISO, IBA, IEA
CRE upregulated	GO:0048869	cellular developmental process	ENSMUSG00000024238	Zeb1	IDA, IMP, IEA
CRE upregulated	GO:0048869	cellular developmental process	ENSMUSG00000025279	ENSMUSG00000025279	IDA, IBA
CRE upregulated	GO:0048869	cellular developmental process	ENSMUSG00000024947	Men1	IDA, IMP, IGI, ISO, IEA
CRE upregulated	GO:0048869	cellular developmental process	ENSMUSG00000029071	ENSMUSG00000029071	IDA, IMP, ISO, IEA
CRE upregulated	GO:0048869	cellular developmental process	ENSMUSG00000022125	Cln5	ISS, IEA
CRE upregulated	GO:0048869	cellular developmental process	ENSMUSG00000037514	Pank2	IMP
CRE upregulated	GO:0048869	cellular developmental process	ENSMUSG00000032715	Trib3	IMP
CRE upregulated	GO:0048869	cellular developmental process	ENSMUSG00000024777	ENSMUSG00000024777	ISO, IEA
CRE upregulated	GO:0048869	cellular developmental process	ENSMUSG00000024335	Brd2	IDA, IEA
CRE upregulated	GO:0048869	cellular developmental process	ENSMUSG00000026074	Map4k4	IEA
CRE upregulated	GO:0048869	cellular developmental process	ENSMUSG00000020694	ENSMUSG00000020694	IEA
CRE upregulated	GO:0048869	cellular developmental process	ENSMUSG00000027919	Lce1g	IEA
CRE upregulated	GO:0048869	cellular developmental process	ENSMUSG00000031168	ENSMUSG00000031168	IMP
CRE upregulated	GO:0048869	cellular developmental process	ENSMUSG00000037876	Jmjd1c	IMP
CRE upregulated	GO:0048869	cellular developmental process	ENSMUSG00000071637	Cebpd	IDA, IGI, IBA, IEA
CRE upregulated	GO:0048869	cellular developmental process	ENSMUSG00000025162	ENSMUSG00000025162	IGI
CRE upregulated	GO:0048869	cellular developmental process	ENSMUSG00000031278	ENSMUSG00000031278	ISO, IBA
CRE upregulated	GO:0048869	cellular developmental process	ENSMUSG00000053175	Bcl3	IMP
CRE upregulated	GO:0048869	cellular developmental process	ENSMUSG00000030199	Etv6	IDA, IMP, ISS, IEA
CRE upregulated	GO:0048869	cellular developmental process	ENSMUSG00000037815	Ctnna1	IMP, IGI, IEA
CRE upregulated	GO:0048869	cellular developmental process	ENSMUSG00000003154	Foxj2	IEA
CRE upregulated	GO:0048869	cellular developmental process	ENSMUSG00000020349	ENSMUSG00000020349	IEA
CRE upregulated	GO:0048869	cellular developmental process	ENSMUSG00000039108	ENSMUSG00000039108	IMP
CRE upregulated	GO:0048869	cellular developmental process	ENSMUSG00000021587	Pcsk1	IEA
CRE upregulated	GO:0048869	cellular developmental process	ENSMUSG00000028599	Tnfrsf1b	IMP, IBA
CRE upregulated	GO:0048869	cellular developmental process	ENSMUSG00000004530	ENSMUSG00000004530	IBA, IEA
CRE upregulated	GO:0048869	cellular developmental process	ENSMUSG00000044147	Arf6	IMP, ISO, IBA, IEA
CRE upregulated	GO:0048869	cellular developmental process	ENSMUSG00000036180	ENSMUSG00000036180	NAS
CRE upregulated	GO:0048869	cellular developmental process	ENSMUSG00000011877	Git1	IMP, ISO
CRE upregulated	GO:0048869	cellular developmental process	ENSMUSG00000024270	ENSMUSG00000024270	IDA, IEA
CRE upregulated	GO:0048869	cellular developmental process	ENSMUSG00000040046	Tph1	IMP
CRE upregulated	GO:0048869	cellular developmental process	ENSMUSG00000039985	Sinhcaf	IMP
CRE upregulated	GO:0048869	cellular developmental process	ENSMUSG00000052512	ENSMUSG00000052512	IEA
CRE upregulated	GO:0048869	cellular developmental process	ENSMUSG00000008435	Rdh13	IMP
CRE upregulated	GO:0048869	cellular developmental process	ENSMUSG00000062234	ENSMUSG00000062234	IEA
CRE upregulated	GO:0048869	cellular developmental process	ENSMUSG00000052837	ENSMUSG00000052837	IDA, IMP
CRE upregulated	GO:0048869	cellular developmental process	ENSMUSG00000047281	ENSMUSG00000047281	IMP, IGI
CRE upregulated	GO:0048869	cellular developmental process	ENSMUSG00000025351	Cd63	IMP, ISS, ISO, IEA
CRE upregulated	GO:0048869	cellular developmental process	ENSMUSG00000021796	Bmpr1a	IDA, IMP, IGI, IEA
CRE upregulated	GO:0048869	cellular developmental process	ENSMUSG00000019842	ENSMUSG00000019842	IMP
CRE upregulated	GO:0048869	cellular developmental process	ENSMUSG00000070056	ENSMUSG00000070056	ISS, IEA
CRE upregulated	GO:0048869	cellular developmental process	ENSMUSG00000027465	Tbc1d20	IMP
CRE upregulated	GO:0048869	cellular developmental process	ENSMUSG00000045763	ENSMUSG00000045763	IDA
CRE upregulated	GO:0048869	cellular developmental process	ENSMUSG00000039191	Rbpj	IMP, IGI
CRE upregulated	GO:0048869	cellular developmental process	ENSMUSG00000022270	ENSMUSG00000022270	IDA
CRE upregulated	GO:0048869	cellular developmental process	ENSMUSG00000039844	ENSMUSG00000039844	ISO, IEA
CRE upregulated	GO:0048869	cellular developmental process	ENSMUSG00000035725	ENSMUSG00000035725	ISS, IEA
CRE upregulated	GO:0048869	cellular developmental process	ENSMUSG00000040010	Slc7a5	ISO, IEA
CRE upregulated	GO:0048869	cellular developmental process	ENSMUSG00000020671	ENSMUSG00000020671	ISS, ISO
CRE upregulated	GO:0048869	cellular developmental process	ENSMUSG00000004099	ENSMUSG00000004099	IEA
CRE upregulated	GO:0048869	cellular developmental process	ENSMUSG00000027997	Casp6	ISO, IEA
CRE upregulated	GO:0048869	cellular developmental process	ENSMUSG00000058354	Krt6a	IGI, IBA
CRE upregulated	GO:0048869	cellular developmental process	ENSMUSG00000020594	ENSMUSG00000020594	ISO, IEA
CRE upregulated	GO:0048869	cellular developmental process	ENSMUSG00000000787	ENSMUSG00000000787	IBA, IEA
CRE upregulated	GO:0048869	cellular developmental process	ENSMUSG00000008730	Hipk1	IMP
CRE upregulated	GO:0048869	cellular developmental process	ENSMUSG00000059288	ENSMUSG00000059288	IMP, IEA
CRE upregulated	GO:0048869	cellular developmental process	ENSMUSG00000022094	ENSMUSG00000022094	IMP
CRE upregulated	GO:0048869	cellular developmental process	ENSMUSG00000038676	Ucn	ISO, IEA
CRE upregulated	GO:0048869	cellular developmental process	ENSMUSG00000059743	ENSMUSG00000059743	ISO
CRE upregulated	GO:0048869	cellular developmental process	ENSMUSG00000052681	Rap1b	ISS, IEA
CRE upregulated	GO:0048869	cellular developmental process	ENSMUSG00000066595	ENSMUSG00000066595	IMP, ISO, IBA, IEA
CRE upregulated	GO:0048869	cellular developmental process	ENSMUSG00000020097	ENSMUSG00000020097	IMP
CRE upregulated	GO:0048869	cellular developmental process	ENSMUSG00000032508	Myd88	IMP
CRE upregulated	GO:0048869	cellular developmental process	ENSMUSG00000026864	ENSMUSG00000026864	ISO
CRE upregulated	GO:0048869	cellular developmental process	ENSMUSG00000002633	Shh	IDA, IMP, IGI, ISO, IBA, TAS, IEA
CRE upregulated	GO:0048869	cellular developmental process	ENSMUSG00000032540	ENSMUSG00000032540	IEA
CRE upregulated	GO:0048869	cellular developmental process	ENSMUSG00000027944	Hax1	IEA
CRE upregulated	GO:0048869	cellular developmental process	ENSMUSG00000039671	ENSMUSG00000039671	ISO, IEA
CRE upregulated	GO:0048869	cellular developmental process	ENSMUSG00000029145	ENSMUSG00000029145	ISS, IEA
CRE upregulated	GO:0048869	cellular developmental process	ENSMUSG00000067586	ENSMUSG00000067586	IEA
CRE upregulated	GO:0048869	cellular developmental process	ENSMUSG00000063952	Brpf3	NAS
CRE upregulated	GO:0048869	cellular developmental process	ENSMUSG00000028291	ENSMUSG00000028291	IMP
CRE upregulated	GO:0048869	cellular developmental process	ENSMUSG00000037411	Serpine1	IEA
CRE upregulated	GO:0048869	cellular developmental process	ENSMUSG00000032786	ENSMUSG00000032786	IBA
CRE upregulated	GO:0048869	cellular developmental process	ENSMUSG00000020340	ENSMUSG00000020340	IMP, IBA
CRE upregulated	GO:0048869	cellular developmental process	ENSMUSG00000028382	ENSMUSG00000028382	ISO, IEA
CRE upregulated	GO:0048869	cellular developmental process	ENSMUSG00000037465	Klf10	IMP
CRE upregulated	GO:0048869	cellular developmental process	ENSMUSG00000024613	ENSMUSG00000024613	ISS, IEA
CRE upregulated	GO:0048869	cellular developmental process	ENSMUSG00000023277	ENSMUSG00000023277	IBA, IEA
CRE upregulated	GO:0048869	cellular developmental process	ENSMUSG00000019843	ENSMUSG00000019843	IMP, IGI, IBA
CRE upregulated	GO:0048869	cellular developmental process	ENSMUSG00000027646	ENSMUSG00000027646	IDA, IMP, IGI, IBA, IEA
CRE upregulated	GO:0048869	cellular developmental process	ENSMUSG00000004698	ENSMUSG00000004698	IEA
CRE upregulated	GO:0048869	cellular developmental process	ENSMUSG00000032501	Trib1	IMP
CRE upregulated	GO:0048869	cellular developmental process	ENSMUSG00000003119	ENSMUSG00000003119	IMP
CRE upregulated	GO:0048869	cellular developmental process	ENSMUSG00000053825	ENSMUSG00000053825	IEA
CRE upregulated	GO:0048869	cellular developmental process	ENSMUSG00000055067	ENSMUSG00000055067	IMP
CRE upregulated	GO:0048869	cellular developmental process	ENSMUSG00000047261	ENSMUSG00000047261	IMP, IBA, IEA
CRE upregulated	GO:0048869	cellular developmental process	ENSMUSG00000026159	ENSMUSG00000026159	IMP, IBA, IEA
CRE upregulated	GO:0048869	cellular developmental process	ENSMUSG00000031073	Fgf15	IMP, IBA, IEA
CRE upregulated	GO:0048869	cellular developmental process	ENSMUSG00000027433	ENSMUSG00000027433	IEA
CRE upregulated	GO:0048869	cellular developmental process	ENSMUSG00000015839	Nfe2l2	IMP, ISO, IEA
CRE upregulated	GO:0048869	cellular developmental process	ENSMUSG00000049550	ENSMUSG00000049550	ISO
CRE upregulated	GO:0048869	cellular developmental process	ENSMUSG00000021477	ENSMUSG00000021477	IMP, ISS
CRE upregulated	GO:0048869	cellular developmental process	ENSMUSG00000000627	ENSMUSG00000000627	ISO, IBA, IEA
CRE upregulated	GO:0048869	cellular developmental process	ENSMUSG00000069227	ENSMUSG00000069227	IDA, IBA
CRE upregulated	GO:0048869	cellular developmental process	ENSMUSG00000054204	ENSMUSG00000054204	ISS, IEA
CRE upregulated	GO:0048869	cellular developmental process	ENSMUSG00000053797	ENSMUSG00000053797	IDA, IBA
CRE upregulated	GO:0048869	cellular developmental process	ENSMUSG00000024026	ENSMUSG00000024026	IMP
CRE upregulated	GO:0009966	regulation of signal transduction	ENSMUSG00000026628	Atf3	IMP, IEA
CRE upregulated	GO:0009966	regulation of signal transduction	ENSMUSG00000036390	Gadd45a	IMP, IEA
CRE upregulated	GO:0009966	regulation of signal transduction	ENSMUSG00000052684	Jun	IMP
CRE upregulated	GO:0009966	regulation of signal transduction	ENSMUSG00000063632	Sox11	IMP, IEA
CRE upregulated	GO:0009966	regulation of signal transduction	ENSMUSG00000019647	Sema6a	IEA
CRE upregulated	GO:0009966	regulation of signal transduction	ENSMUSG00000073680	Tmem88b	IBA
CRE upregulated	GO:0009966	regulation of signal transduction	ENSMUSG00000046223	Plaur	IEA
CRE upregulated	GO:0009966	regulation of signal transduction	ENSMUSG00000004951	Hspb1	IDA
CRE upregulated	GO:0009966	regulation of signal transduction	ENSMUSG00000046688	Tifa	IDA, ISS, IBA, IEA
CRE upregulated	GO:0009966	regulation of signal transduction	ENSMUSG00000025473	Adam8	IDA
CRE upregulated	GO:0009966	regulation of signal transduction	ENSMUSG00000046731	Kctd11	IDA
CRE upregulated	GO:0009966	regulation of signal transduction	ENSMUSG00000033902	Mapkbp1	IEA
CRE upregulated	GO:0009966	regulation of signal transduction	ENSMUSG00000023905	Tnfrsf12a	IBA
CRE upregulated	GO:0009966	regulation of signal transduction	ENSMUSG00000030102	Itpr1	IEA
CRE upregulated	GO:0009966	regulation of signal transduction	ENSMUSG00000021765	Fst	IBA, IEA
CRE upregulated	GO:0009966	regulation of signal transduction	ENSMUSG00000014599	Csf1	IDA, IEA
CRE upregulated	GO:0009966	regulation of signal transduction	ENSMUSG00000020427	Igfbp3	IGI, IBA
CRE upregulated	GO:0009966	regulation of signal transduction	ENSMUSG00000024404	Riok3	IEA
CRE upregulated	GO:0009966	regulation of signal transduction	ENSMUSG00000030681	Mvp	IEA
CRE upregulated	GO:0009966	regulation of signal transduction	ENSMUSG00000058153	Sez6l	IGI, IBA
CRE upregulated	GO:0009966	regulation of signal transduction	ENSMUSG00000032939	Nup93	IDA, IEA
CRE upregulated	GO:0009966	regulation of signal transduction	ENSMUSG00000003644	Rps6ka1	IEA
CRE upregulated	GO:0009966	regulation of signal transduction	ENSMUSG00000005087	Cd44	IEA
CRE upregulated	GO:0009966	regulation of signal transduction	ENSMUSG00000026836	Acvr1	IMP, IEA
CRE upregulated	GO:0009966	regulation of signal transduction	ENSMUSG00000021453	Gadd45g	IEA
CRE upregulated	GO:0009966	regulation of signal transduction	ENSMUSG00000002459	Rgs20	IEA
CRE upregulated	GO:0009966	regulation of signal transduction	ENSMUSG00000048482	Bdnf	IGI, ISO
CRE upregulated	GO:0009966	regulation of signal transduction	ENSMUSG00000024256	Adcyap1	ISS, ISO, IBA, IEA
CRE upregulated	GO:0009966	regulation of signal transduction	ENSMUSG00000021070	Bdkrb2	IMP, IGI
CRE upregulated	GO:0009966	regulation of signal transduction	ENSMUSG00000002250	Ppard	IDA
CRE upregulated	GO:0009966	regulation of signal transduction	ENSMUSG00000038894	Irs2	IMP
CRE upregulated	GO:0009966	regulation of signal transduction	ENSMUSG00000032578	Cish	IEA
CRE upregulated	GO:0009966	regulation of signal transduction	ENSMUSG00000027313	Chac1	ISS, IEA
CRE upregulated	GO:0009966	regulation of signal transduction	ENSMUSG00000027540	Ptpn1	IMP, IGI, ISS, ISO, IBA, IEA
CRE upregulated	GO:0009966	regulation of signal transduction	ENSMUSG00000043895	S1pr2	IMP
CRE upregulated	GO:0009966	regulation of signal transduction	ENSMUSG00000028063	Lmna	IMP
CRE upregulated	GO:0009966	regulation of signal transduction	ENSMUSG00000026254	Eif4e2	IEA
CRE upregulated	GO:0009966	regulation of signal transduction	ENSMUSG00000030678	Maz	IEA
CRE upregulated	GO:0009966	regulation of signal transduction	ENSMUSG00000053436	Mapk14	IMP, IEA
CRE upregulated	GO:0009966	regulation of signal transduction	ENSMUSG00000025809	Itgb1	IGI, ISO, IEA
CRE upregulated	GO:0009966	regulation of signal transduction	ENSMUSG00000040025	Ythdf2	ISS, IEA
CRE upregulated	GO:0009966	regulation of signal transduction	ENSMUSG00000025239	Limd1	IMP, ISS, IBA, IEA
CRE upregulated	GO:0009966	regulation of signal transduction	ENSMUSG00000015243	Abca1	IEA
CRE upregulated	GO:0009966	regulation of signal transduction	ENSMUSG00000025746	Il6	IMP, ISO, IBA
CRE upregulated	GO:0009966	regulation of signal transduction	ENSMUSG00000032280	Tle3	IBA
CRE upregulated	GO:0009966	regulation of signal transduction	ENSMUSG00000073563	Csnk1g3	IBA
CRE upregulated	GO:0009966	regulation of signal transduction	ENSMUSG00000031078	Cttn	IGI
CRE upregulated	GO:0009966	regulation of signal transduction	ENSMUSG00000022607	Ptk2	ISS, IEA
CRE upregulated	GO:0009966	regulation of signal transduction	ENSMUSG00000055994	Nod2	IDA, IMP, ISS, ISO, IBA, IEA
CRE upregulated	GO:0009966	regulation of signal transduction	ENSMUSG00000024014	Pim1	ISS, IEA
CRE upregulated	GO:0009966	regulation of signal transduction	ENSMUSG00000037062	Sh3glb1	IDA, IMP, ISO
CRE upregulated	GO:0009966	regulation of signal transduction	ENSMUSG00000027560	Dok5	IDA, ISO, IBA, IEA
CRE upregulated	GO:0009966	regulation of signal transduction	ENSMUSG00000059923	Grb2	IGI, IBA, IEA
CRE upregulated	GO:0009966	regulation of signal transduction	ENSMUSG00000042406	Atf4	ISO, IEA
CRE upregulated	GO:0009966	regulation of signal transduction	ENSMUSG00000020271	Fbxw11	IMP
CRE upregulated	GO:0009966	regulation of signal transduction	ENSMUSG00000001507	Itga3	IGI, IEA
CRE upregulated	GO:0009966	regulation of signal transduction	ENSMUSG00000025408	Ddit3	IDA, ISS, IEA
CRE upregulated	GO:0009966	regulation of signal transduction	ENSMUSG00000035199	Arl6ip5	IEA
CRE upregulated	GO:0009966	regulation of signal transduction	ENSMUSG00000001847	Rac1	IDA, IMP
CRE upregulated	GO:0009966	regulation of signal transduction	ENSMUSG00000042121	Ssh1	ISO, IEA
CRE upregulated	GO:0009966	regulation of signal transduction	ENSMUSG00000050271	Prag1	IMP, ISS, ISO, IEA
CRE upregulated	GO:0009966	regulation of signal transduction	ENSMUSG00000018909	Arrb1	IMP, ISS, ISO, IBA, IEA
CRE upregulated	GO:0009966	regulation of signal transduction	ENSMUSG00000024349	Sting1	IDA, IEA
CRE upregulated	GO:0009966	regulation of signal transduction	ENSMUSG00000020064	Herc4	IEA
CRE upregulated	GO:0009966	regulation of signal transduction	ENSMUSG00000024521	Pmaip1	IMP
CRE upregulated	GO:0009966	regulation of signal transduction	ENSMUSG00000028145	Them4	ISS, IEA
CRE upregulated	GO:0009966	regulation of signal transduction	ENSMUSG00000054008	Ndst1	IMP, IGI
CRE upregulated	GO:0009966	regulation of signal transduction	ENSMUSG00000057531	Dtnbp1	ISS, ISO, IEA
CRE upregulated	GO:0009966	regulation of signal transduction	ENSMUSG00000015837	Sqstm1	ISS, IEA
CRE upregulated	GO:0009966	regulation of signal transduction	ENSMUSG00000022951	Rcan1	ISS, IEA
CRE upregulated	GO:0009966	regulation of signal transduction	ENSMUSG00000030309	Caprin2	IBA
CRE upregulated	GO:0009966	regulation of signal transduction	ENSMUSG00000015316	Slamf1	IEA
CRE upregulated	GO:0009966	regulation of signal transduction	ENSMUSG00000022433	Csnk1e	IGI, IBA
CRE upregulated	GO:0009966	regulation of signal transduction	ENSMUSG00000022346	Myc	IDA, IMP, IEA
CRE upregulated	GO:0009966	regulation of signal transduction	ENSMUSG00000053113	Socs3	IDA, IGI, IEA
CRE upregulated	GO:0009966	regulation of signal transduction	ENSMUSG00000026072	Il1r1	IMP
CRE upregulated	GO:0009966	regulation of signal transduction	ENSMUSG00000027954	Efna1	IDA
CRE upregulated	GO:0009966	regulation of signal transduction	ENSMUSG00000024789	Jak2	IDA, IMP, IGI, ISO, IEA
CRE upregulated	GO:0009966	regulation of signal transduction	ENSMUSG00000004040	ENSMUSG00000004040	IMP
CRE upregulated	GO:0009966	regulation of signal transduction	ENSMUSG00000042292	Mrtfa	IDA
CRE upregulated	GO:0009966	regulation of signal transduction	ENSMUSG00000061589	Dot1l	IEA
CRE upregulated	GO:0009966	regulation of signal transduction	ENSMUSG00000003269	Cyth2	IEA
CRE upregulated	GO:0009966	regulation of signal transduction	ENSMUSG00000022602	Arc	IEA
CRE upregulated	GO:0009966	regulation of signal transduction	ENSMUSG00000020027	Socs2	IMP, IGI, IEA
CRE upregulated	GO:0009966	regulation of signal transduction	ENSMUSG00000109511	Nup62	IMP, ISS, IEA
CRE upregulated	GO:0009966	regulation of signal transduction	ENSMUSG00000036990	Otud4	IDA, IBA, IEA
CRE upregulated	GO:0009966	regulation of signal transduction	ENSMUSG00000029826	Zc3hav1	ISO, TAS
CRE upregulated	GO:0009966	regulation of signal transduction	ENSMUSG00000050335	Lgals3	IEA
CRE upregulated	GO:0009966	regulation of signal transduction	ENSMUSG00000024190	Dusp1	IMP, ISS, ISO, IBA, IEA
CRE upregulated	GO:0009966	regulation of signal transduction	ENSMUSG00000030223	ENSMUSG00000030223	IDA, IBA
CRE upregulated	GO:0009966	regulation of signal transduction	ENSMUSG00000035236	Scai	IDA, IEA
CRE upregulated	GO:0009966	regulation of signal transduction	ENSMUSG00000031960	Aars1	ISS, IEA
CRE upregulated	GO:0009966	regulation of signal transduction	ENSMUSG00000059866	Tnip2	IDA, ISS, IBA, IEA
CRE upregulated	GO:0009966	regulation of signal transduction	ENSMUSG00000017615	Tnfaip1	ISS, IBA, IEA
CRE upregulated	GO:0009966	regulation of signal transduction	ENSMUSG00000033545	Znrf1	IEA
CRE upregulated	GO:0009966	regulation of signal transduction	ENSMUSG00000026930	Gpsm1	ISO
CRE upregulated	GO:0009966	regulation of signal transduction	ENSMUSG00000040033	ENSMUSG00000040033	IEA
CRE upregulated	GO:0009966	regulation of signal transduction	ENSMUSG00000021360	ENSMUSG00000021360	IMP, IEA
CRE upregulated	GO:0009966	regulation of signal transduction	ENSMUSG00000059316	Slc27a4	IEA
CRE upregulated	GO:0009966	regulation of signal transduction	ENSMUSG00000024803	Ankrd1	IEA
CRE upregulated	GO:0009966	regulation of signal transduction	ENSMUSG00000021306	Gpr137b	IEA
CRE upregulated	GO:0009966	regulation of signal transduction	ENSMUSG00000024927	Rela	IDA, ISO, IEA
CRE upregulated	GO:0009966	regulation of signal transduction	ENSMUSG00000029458	ENSMUSG00000029458	IEA
CRE upregulated	GO:0009966	regulation of signal transduction	ENSMUSG00000042608	Stk40	IMP
CRE upregulated	GO:0009966	regulation of signal transduction	ENSMUSG00000053716	Dusp7	IBA
CRE upregulated	GO:0009966	regulation of signal transduction	ENSMUSG00000036206	Sh3bp4	ISS, IEA
CRE upregulated	GO:0009966	regulation of signal transduction	ENSMUSG00000025793	ENSMUSG00000025793	IEA
CRE upregulated	GO:0009966	regulation of signal transduction	ENSMUSG00000027692	Tnik	ISS, IBA, IEA
CRE upregulated	GO:0009966	regulation of signal transduction	ENSMUSG00000050730	Arhgap42	IMP
CRE upregulated	GO:0009966	regulation of signal transduction	ENSMUSG00000024238	Zeb1	IGI
CRE upregulated	GO:0009966	regulation of signal transduction	ENSMUSG00000028893	Sesn2	IMP, IBA, IEA
CRE upregulated	GO:0009966	regulation of signal transduction	ENSMUSG00000024947	Men1	ISO, IEA
CRE upregulated	GO:0009966	regulation of signal transduction	ENSMUSG00000029071	ENSMUSG00000029071	ISO, IEA
CRE upregulated	GO:0009966	regulation of signal transduction	ENSMUSG00000024777	ENSMUSG00000024777	ISO, IEA
CRE upregulated	GO:0009966	regulation of signal transduction	ENSMUSG00000040365	Trim41	ISS, IEA
CRE upregulated	GO:0009966	regulation of signal transduction	ENSMUSG00000025485	ENSMUSG00000025485	ISO
CRE upregulated	GO:0009966	regulation of signal transduction	ENSMUSG00000028466	Creb3	IEA
CRE upregulated	GO:0009966	regulation of signal transduction	ENSMUSG00000029175	Slc35f6	ISS, IEA
CRE upregulated	GO:0009966	regulation of signal transduction	ENSMUSG00000025162	ENSMUSG00000025162	IGI, IBA, IEA
CRE upregulated	GO:0009966	regulation of signal transduction	ENSMUSG00000031668	ENSMUSG00000031668	IEA
CRE upregulated	GO:0009966	regulation of signal transduction	ENSMUSG00000053175	Bcl3	IEA
CRE upregulated	GO:0009966	regulation of signal transduction	ENSMUSG00000037815	Ctnna1	IMP, IGI
CRE upregulated	GO:0009966	regulation of signal transduction	ENSMUSG00000020349	ENSMUSG00000020349	IMP, ISS, IEA
CRE upregulated	GO:0009966	regulation of signal transduction	ENSMUSG00000024517	Grp	IMP
CRE upregulated	GO:0009966	regulation of signal transduction	ENSMUSG00000025340	Rabgef1	IDA, IMP
CRE upregulated	GO:0009966	regulation of signal transduction	ENSMUSG00000044147	Arf6	NAS, IEA
CRE upregulated	GO:0009966	regulation of signal transduction	ENSMUSG00000052298	Cdc42se2	ISS, IEA
CRE upregulated	GO:0009966	regulation of signal transduction	ENSMUSG00000011877	Git1	ISO, IBA, IEA
CRE upregulated	GO:0009966	regulation of signal transduction	ENSMUSG00000039985	Sinhcaf	NAS
CRE upregulated	GO:0009966	regulation of signal transduction	ENSMUSG00000007411	ENSMUSG00000007411	ISS, IEA
CRE upregulated	GO:0009966	regulation of signal transduction	ENSMUSG00000025351	Cd63	IMP, ISS, IBA, IEA
CRE upregulated	GO:0009966	regulation of signal transduction	ENSMUSG00000021796	Bmpr1a	IEA
CRE upregulated	GO:0009966	regulation of signal transduction	ENSMUSG00000031383	Dusp9	IDA, IBA
CRE upregulated	GO:0009966	regulation of signal transduction	ENSMUSG00000049649	Gpr3	ISO, IEA
CRE upregulated	GO:0009966	regulation of signal transduction	ENSMUSG00000019842	ENSMUSG00000019842	IBA, IEA
CRE upregulated	GO:0009966	regulation of signal transduction	ENSMUSG00000070056	ENSMUSG00000070056	IMP, ISS, IEA
CRE upregulated	GO:0009966	regulation of signal transduction	ENSMUSG00000037860	Aim2	IDA
CRE upregulated	GO:0009966	regulation of signal transduction	ENSMUSG00000039191	Rbpj	IMP
CRE upregulated	GO:0009966	regulation of signal transduction	ENSMUSG00000000001	ENSMUSG00000000001	ISO
CRE upregulated	GO:0009966	regulation of signal transduction	ENSMUSG00000039844	ENSMUSG00000039844	IMP, IGI, ISO, IEA
CRE upregulated	GO:0009966	regulation of signal transduction	ENSMUSG00000020594	ENSMUSG00000020594	IEA
CRE upregulated	GO:0009966	regulation of signal transduction	ENSMUSG00000020448	Rnf185	ISS, IEA
CRE upregulated	GO:0009966	regulation of signal transduction	ENSMUSG00000000787	ENSMUSG00000000787	IDA, ISS
CRE upregulated	GO:0009966	regulation of signal transduction	ENSMUSG00000008859	ENSMUSG00000008859	IEA
CRE upregulated	GO:0009966	regulation of signal transduction	ENSMUSG00000008730	Hipk1	IEA
CRE upregulated	GO:0009966	regulation of signal transduction	ENSMUSG00000046722	ENSMUSG00000046722	ISS, IEA
CRE upregulated	GO:0009966	regulation of signal transduction	ENSMUSG00000022094	ENSMUSG00000022094	IMP
CRE upregulated	GO:0009966	regulation of signal transduction	ENSMUSG00000038676	Ucn	ISO, IEA
CRE upregulated	GO:0009966	regulation of signal transduction	ENSMUSG00000052681	Rap1b	IGI
CRE upregulated	GO:0009966	regulation of signal transduction	ENSMUSG00000037553	ENSMUSG00000037553	IEA
CRE upregulated	GO:0009966	regulation of signal transduction	ENSMUSG00000032508	Myd88	IMP, IGI, ISS, IEA
CRE upregulated	GO:0009966	regulation of signal transduction	ENSMUSG00000026864	ENSMUSG00000026864	IGI, ISS
CRE upregulated	GO:0009966	regulation of signal transduction	ENSMUSG00000002633	Shh	IDA, IMP, ISS, IEA
CRE upregulated	GO:0009966	regulation of signal transduction	ENSMUSG00000032462	ENSMUSG00000032462	IMP, IGI, IEA
CRE upregulated	GO:0009966	regulation of signal transduction	ENSMUSG00000027944	Hax1	IEA
CRE upregulated	GO:0009966	regulation of signal transduction	ENSMUSG00000039671	ENSMUSG00000039671	ISO, IEA
CRE upregulated	GO:0009966	regulation of signal transduction	ENSMUSG00000045174	ENSMUSG00000045174	IBA
CRE upregulated	GO:0009966	regulation of signal transduction	ENSMUSG00000037411	Serpine1	IEA
CRE upregulated	GO:0009966	regulation of signal transduction	ENSMUSG00000020340	ENSMUSG00000020340	IMP
CRE upregulated	GO:0009966	regulation of signal transduction	ENSMUSG00000019843	ENSMUSG00000019843	IGI, ISO
CRE upregulated	GO:0009966	regulation of signal transduction	ENSMUSG00000024493	ENSMUSG00000024493	IEA
CRE upregulated	GO:0009966	regulation of signal transduction	ENSMUSG00000027646	ENSMUSG00000027646	IDA, IMP, IGI, ISO, IBA, IEA
CRE upregulated	GO:0009966	regulation of signal transduction	ENSMUSG00000032501	Trib1	IEA
CRE upregulated	GO:0009966	regulation of signal transduction	ENSMUSG00000031642	Sh3rf1	IEA
CRE upregulated	GO:0009966	regulation of signal transduction	ENSMUSG00000042197	ENSMUSG00000042197	ISS, IEA
CRE upregulated	GO:0009966	regulation of signal transduction	ENSMUSG00000074886	ENSMUSG00000074886	ISO, IBA
CRE upregulated	GO:0009966	regulation of signal transduction	ENSMUSG00000031073	Fgf15	IBA
CRE upregulated	GO:0009966	regulation of signal transduction	ENSMUSG00000015839	Nfe2l2	IEA
CRE upregulated	GO:0009966	regulation of signal transduction	ENSMUSG00000021477	ENSMUSG00000021477	IBA
CRE upregulated	GO:0009966	regulation of signal transduction	ENSMUSG00000054499	ENSMUSG00000054499	IEA
CRE upregulated	GO:0009966	regulation of signal transduction	ENSMUSG00000031751	ENSMUSG00000031751	IMP, IEA
CRE upregulated	GO:0009966	regulation of signal transduction	ENSMUSG00000054204	ENSMUSG00000054204	IBA, IEA
CRE upregulated	GO:0009966	regulation of signal transduction	ENSMUSG00000003541	ENSMUSG00000003541	IDA
CRE upregulated	GO:0008219	cell death	ENSMUSG00000026628	Atf3	IEA
CRE upregulated	GO:0008219	cell death	ENSMUSG00000036390	Gadd45a	IEA
CRE upregulated	GO:0008219	cell death	ENSMUSG00000052684	Jun	IMP, ISO
CRE upregulated	GO:0008219	cell death	ENSMUSG00000019647	Sema6a	NAS
CRE upregulated	GO:0008219	cell death	ENSMUSG00000046223	Plaur	ISO, IEA
CRE upregulated	GO:0008219	cell death	ENSMUSG00000031574	Star	ISO, IEA
CRE upregulated	GO:0008219	cell death	ENSMUSG00000039328	Rnf122	ISS, IEA
CRE upregulated	GO:0008219	cell death	ENSMUSG00000004951	Hspb1	IDA, IBA, IEA
CRE upregulated	GO:0008219	cell death	ENSMUSG00000025473	Adam8	IDA, IMP
CRE upregulated	GO:0008219	cell death	ENSMUSG00000023905	Tnfrsf12a	IDA, IBA, IEA
CRE upregulated	GO:0008219	cell death	ENSMUSG00000030102	Itpr1	IMP, ISO, IEA
CRE upregulated	GO:0008219	cell death	ENSMUSG00000032515	Csrnp1	IEA
CRE upregulated	GO:0008219	cell death	ENSMUSG00000020427	Igfbp3	ISS, ISO, IEA
CRE upregulated	GO:0008219	cell death	ENSMUSG00000023067	Cdkn1a	IMP, ISO
CRE upregulated	GO:0008219	cell death	ENSMUSG00000020205	Phlda1	ISO, IBA, IEA
CRE upregulated	GO:0008219	cell death	ENSMUSG00000003644	Rps6ka1	ISS, IEA
CRE upregulated	GO:0008219	cell death	ENSMUSG00000005087	Cd44	IEA
CRE upregulated	GO:0008219	cell death	ENSMUSG00000026836	Acvr1	IEA
CRE upregulated	GO:0008219	cell death	ENSMUSG00000003153	Slc2a3	ISO
CRE upregulated	GO:0008219	cell death	ENSMUSG00000021453	Gadd45g	IEA
CRE upregulated	GO:0008219	cell death	ENSMUSG00000048482	Bdnf	IDA, IMP, IGI, ISO, IBA, IEA
CRE upregulated	GO:0008219	cell death	ENSMUSG00000024256	Adcyap1	ISO, IEA
CRE upregulated	GO:0008219	cell death	ENSMUSG00000021070	Bdkrb2	IMP, IGI
CRE upregulated	GO:0008219	cell death	ENSMUSG00000002250	Ppard	ISO, IEA
CRE upregulated	GO:0008219	cell death	ENSMUSG00000038894	Irs2	IMP
CRE upregulated	GO:0008219	cell death	ENSMUSG00000035828	Pim3	ISS, IBA, IEA
CRE upregulated	GO:0008219	cell death	ENSMUSG00000027313	Chac1	ISS, IEA
CRE upregulated	GO:0008219	cell death	ENSMUSG00000026796	Niban2	IEA
CRE upregulated	GO:0008219	cell death	ENSMUSG00000027540	Ptpn1	IMP, IEA
CRE upregulated	GO:0008219	cell death	ENSMUSG00000019461	Plscr3	IMP, ISS, IEA
CRE upregulated	GO:0008219	cell death	ENSMUSG00000027035	Cers6	ISO, IEA
CRE upregulated	GO:0008219	cell death	ENSMUSG00000028063	Lmna	IMP
CRE upregulated	GO:0008219	cell death	ENSMUSG00000001420	Tmem79	IMP
CRE upregulated	GO:0008219	cell death	ENSMUSG00000030678	Maz	IEA
CRE upregulated	GO:0008219	cell death	ENSMUSG00000053436	Mapk14	IEA
CRE upregulated	GO:0008219	cell death	ENSMUSG00000025809	Itgb1	ISO, IEA
CRE upregulated	GO:0008219	cell death	ENSMUSG00000005370	Msh6	IMP
CRE upregulated	GO:0008219	cell death	ENSMUSG00000022043	Trim35	IEA
CRE upregulated	GO:0008219	cell death	ENSMUSG00000025746	Il6	IDA, IMP, ISO
CRE upregulated	GO:0008219	cell death	ENSMUSG00000032231	Anxa2	IMP
CRE upregulated	GO:0008219	cell death	ENSMUSG00000031078	Cttn	IGI
CRE upregulated	GO:0008219	cell death	ENSMUSG00000022607	Ptk2	ISS, ISO
CRE upregulated	GO:0008219	cell death	ENSMUSG00000055994	Nod2	IDA, IEA
CRE upregulated	GO:0008219	cell death	ENSMUSG00000024014	Pim1	ISS, IEA
CRE upregulated	GO:0008219	cell death	ENSMUSG00000037062	Sh3glb1	IDA, IMP, ISO, IEA
CRE upregulated	GO:0008219	cell death	ENSMUSG00000067787	Blcap	IEA
CRE upregulated	GO:0008219	cell death	ENSMUSG00000042406	Atf4	IDA, IMP, ISO, IEA
CRE upregulated	GO:0008219	cell death	ENSMUSG00000046854	Pip5kl1	ISS, IEA
CRE upregulated	GO:0008219	cell death	ENSMUSG00000031628	Casp3	IDA, IMP, IGI, ISO, IBA, NAS, IEA
CRE upregulated	GO:0008219	cell death	ENSMUSG00000025408	Ddit3	IDA, IMP, ISS, ISO, IBA, IEA
CRE upregulated	GO:0008219	cell death	ENSMUSG00000040435	Ppp1r15a	ISO, IEA
CRE upregulated	GO:0008219	cell death	ENSMUSG00000032078	Zpr1	IMP
CRE upregulated	GO:0008219	cell death	ENSMUSG00000035199	Arl6ip5	IEA
CRE upregulated	GO:0008219	cell death	ENSMUSG00000030077	Chl1	IDA
CRE upregulated	GO:0008219	cell death	ENSMUSG00000018909	Arrb1	IMP, ISO
CRE upregulated	GO:0008219	cell death	ENSMUSG00000024521	Pmaip1	IDA, IMP, ISO, RCA, IEA
CRE upregulated	GO:0008219	cell death	ENSMUSG00000026317	Cln8	IMP
CRE upregulated	GO:0008219	cell death	ENSMUSG00000028145	Them4	ISS, IEA
CRE upregulated	GO:0008219	cell death	ENSMUSG00000015837	Sqstm1	ISS, IEA
CRE upregulated	GO:0008219	cell death	ENSMUSG00000037580	Gch1	ISO, IEA
CRE upregulated	GO:0008219	cell death	ENSMUSG00000022346	Myc	IDA, IMP, IGI, ISO, IEA
CRE upregulated	GO:0008219	cell death	ENSMUSG00000036478	Btg1	ISS, IEA
CRE upregulated	GO:0008219	cell death	ENSMUSG00000027954	Efna1	IDA
CRE upregulated	GO:0008219	cell death	ENSMUSG00000024789	Jak2	IDA, IMP, ISS, ISO, IBA, IEA
CRE upregulated	GO:0008219	cell death	ENSMUSG00000042292	Mrtfa	IDA
CRE upregulated	GO:0008219	cell death	ENSMUSG00000109511	Nup62	ISS, IEA
CRE upregulated	GO:0008219	cell death	ENSMUSG00000029135	Fosl2	IMP
CRE upregulated	GO:0008219	cell death	ENSMUSG00000050335	Lgals3	IEA
CRE upregulated	GO:0008219	cell death	ENSMUSG00000024190	Dusp1	ISO
CRE upregulated	GO:0008219	cell death	ENSMUSG00000031960	Aars1	IMP
CRE upregulated	GO:0008219	cell death	ENSMUSG00000059866	Tnip2	ISS, IEA
CRE upregulated	GO:0008219	cell death	ENSMUSG00000041594	ENSMUSG00000041594	IMP
CRE upregulated	GO:0008219	cell death	ENSMUSG00000059316	Slc27a4	IEA
CRE upregulated	GO:0008219	cell death	ENSMUSG00000024803	Ankrd1	IEA
CRE upregulated	GO:0008219	cell death	ENSMUSG00000023915	Tnfrsf21	IMP, IBA, IEA
CRE upregulated	GO:0008219	cell death	ENSMUSG00000024912	Fosl1	ISO, IEA
CRE upregulated	GO:0008219	cell death	ENSMUSG00000024927	Rela	IDA, IEA
CRE upregulated	GO:0008219	cell death	ENSMUSG00000050721	Plekho2	IMP, IBA
CRE upregulated	GO:0008219	cell death	ENSMUSG00000042608	Stk40	IMP
CRE upregulated	GO:0008219	cell death	ENSMUSG00000026078	Pdcl3	IEA
CRE upregulated	GO:0008219	cell death	ENSMUSG00000025279	ENSMUSG00000025279	IDA, IBA, IEA
CRE upregulated	GO:0008219	cell death	ENSMUSG00000024947	Men1	IDA, IGI
CRE upregulated	GO:0008219	cell death	ENSMUSG00000064210	ENSMUSG00000064210	IMP, IEA
CRE upregulated	GO:0008219	cell death	ENSMUSG00000032715	Trib3	ISS, IEA
CRE upregulated	GO:0008219	cell death	ENSMUSG00000028466	Creb3	IEA
CRE upregulated	GO:0008219	cell death	ENSMUSG00000029175	Slc35f6	ISS, IEA
CRE upregulated	GO:0008219	cell death	ENSMUSG00000031668	ENSMUSG00000031668	IEA
CRE upregulated	GO:0008219	cell death	ENSMUSG00000053175	Bcl3	IMP, IGI, ISO, IBA, IEA
CRE upregulated	GO:0008219	cell death	ENSMUSG00000032599	ENSMUSG00000032599	IEA
CRE upregulated	GO:0008219	cell death	ENSMUSG00000030199	Etv6	IMP
CRE upregulated	GO:0008219	cell death	ENSMUSG00000037815	Ctnna1	IMP
CRE upregulated	GO:0008219	cell death	ENSMUSG00000024517	Grp	ISO, IEA
CRE upregulated	GO:0008219	cell death	ENSMUSG00000029752	ENSMUSG00000029752	IEA
CRE upregulated	GO:0008219	cell death	ENSMUSG00000028599	Tnfrsf1b	IMP, IGI, IBA
CRE upregulated	GO:0008219	cell death	ENSMUSG00000044147	Arf6	IMP
CRE upregulated	GO:0008219	cell death	ENSMUSG00000036180	ENSMUSG00000036180	IMP
CRE upregulated	GO:0008219	cell death	ENSMUSG00000025060	ENSMUSG00000025060	ISO, IBA, IEA
CRE upregulated	GO:0008219	cell death	ENSMUSG00000013483	Card14	ISS, IEA
CRE upregulated	GO:0008219	cell death	ENSMUSG00000047281	ENSMUSG00000047281	IEA
CRE upregulated	GO:0008219	cell death	ENSMUSG00000019842	ENSMUSG00000019842	IMP
CRE upregulated	GO:0008219	cell death	ENSMUSG00000020250	ENSMUSG00000020250	ISO
CRE upregulated	GO:0008219	cell death	ENSMUSG00000000001	ENSMUSG00000000001	ISO
CRE upregulated	GO:0008219	cell death	ENSMUSG00000022270	ENSMUSG00000022270	IMP, IBA, IEA
CRE upregulated	GO:0008219	cell death	ENSMUSG00000040010	Slc7a5	ISO, IEA
CRE upregulated	GO:0008219	cell death	ENSMUSG00000040463	ENSMUSG00000040463	IEA
CRE upregulated	GO:0008219	cell death	ENSMUSG00000004099	ENSMUSG00000004099	IEA
CRE upregulated	GO:0008219	cell death	ENSMUSG00000027997	Casp6	ISS, ISO, IBA, RCA, IEA
CRE upregulated	GO:0008219	cell death	ENSMUSG00000040212	Emp3	IEA
CRE upregulated	GO:0008219	cell death	ENSMUSG00000000787	ENSMUSG00000000787	ISS, IEA
CRE upregulated	GO:0008219	cell death	ENSMUSG00000008730	Hipk1	IGI, IBA, IEA
CRE upregulated	GO:0008219	cell death	ENSMUSG00000038676	Ucn	ISO, IEA
CRE upregulated	GO:0008219	cell death	ENSMUSG00000020097	ENSMUSG00000020097	ISS, IEA
CRE upregulated	GO:0008219	cell death	ENSMUSG00000032508	Myd88	IEA
CRE upregulated	GO:0008219	cell death	ENSMUSG00000026864	ENSMUSG00000026864	IEA
CRE upregulated	GO:0008219	cell death	ENSMUSG00000002633	Shh	IDA, IMP, IGI, ISO
CRE upregulated	GO:0008219	cell death	ENSMUSG00000028680	ENSMUSG00000028680	IEA
CRE upregulated	GO:0008219	cell death	ENSMUSG00000032462	ENSMUSG00000032462	IMP, IEA
CRE upregulated	GO:0008219	cell death	ENSMUSG00000027944	Hax1	IBA, IEA
CRE upregulated	GO:0008219	cell death	ENSMUSG00000061244	ENSMUSG00000061244	IMP
CRE upregulated	GO:0008219	cell death	ENSMUSG00000037411	Serpine1	IEA
CRE upregulated	GO:0008219	cell death	ENSMUSG00000020340	ENSMUSG00000020340	ISS, IBA, IEA
CRE upregulated	GO:0008219	cell death	ENSMUSG00000019843	ENSMUSG00000019843	ISO
CRE upregulated	GO:0008219	cell death	ENSMUSG00000027646	ENSMUSG00000027646	ISO, IBA, IEA
CRE upregulated	GO:0008219	cell death	ENSMUSG00000021340	ENSMUSG00000021340	IEA
CRE upregulated	GO:0008219	cell death	ENSMUSG00000025027	Xpnpep1	ISS, IEA
CRE upregulated	GO:0008219	cell death	ENSMUSG00000031642	Sh3rf1	IEA
CRE upregulated	GO:0008219	cell death	ENSMUSG00000002797	Ggct	ISS, IEA
CRE upregulated	GO:0008219	cell death	ENSMUSG00000015839	Nfe2l2	ISS, ISO, IEA
CRE upregulated	GO:0008219	cell death	ENSMUSG00000021477	ENSMUSG00000021477	ISS, IBA, IEA
CRE upregulated	GO:0008219	cell death	ENSMUSG00000054499	ENSMUSG00000054499	IBA, RCA, IEA
CRE upregulated	GO:0008219	cell death	ENSMUSG00000024907	Gal	ISO
CRE upregulated	GO:0008219	cell death	ENSMUSG00000046707	ENSMUSG00000046707	IEA
CRE upregulated	GO:0008219	cell death	ENSMUSG00000003541	ENSMUSG00000003541	IDA, IEA
CRE upregulated	GO:0008219	cell death	ENSMUSG00000024287	ENSMUSG00000024287	RCA, IEA
CRE upregulated	GO:0008219	cell death	ENSMUSG00000024026	ENSMUSG00000024026	ISS, IEA
CRE upregulated	GO:0008219	cell death	ENSMUSG00000029475	ENSMUSG00000029475	IMP
CRE upregulated	GO:0012501	programmed cell death	ENSMUSG00000026628	Atf3	IEA
CRE upregulated	GO:0012501	programmed cell death	ENSMUSG00000036390	Gadd45a	IEA
CRE upregulated	GO:0012501	programmed cell death	ENSMUSG00000052684	Jun	IMP, ISO
CRE upregulated	GO:0012501	programmed cell death	ENSMUSG00000019647	Sema6a	NAS
CRE upregulated	GO:0012501	programmed cell death	ENSMUSG00000046223	Plaur	ISO, IEA
CRE upregulated	GO:0012501	programmed cell death	ENSMUSG00000031574	Star	ISO, IEA
CRE upregulated	GO:0012501	programmed cell death	ENSMUSG00000039328	Rnf122	ISS, IEA
CRE upregulated	GO:0012501	programmed cell death	ENSMUSG00000004951	Hspb1	IDA, IBA, IEA
CRE upregulated	GO:0012501	programmed cell death	ENSMUSG00000025473	Adam8	IDA, IMP
CRE upregulated	GO:0012501	programmed cell death	ENSMUSG00000023905	Tnfrsf12a	IDA, IBA, IEA
CRE upregulated	GO:0012501	programmed cell death	ENSMUSG00000030102	Itpr1	IMP, ISO, IEA
CRE upregulated	GO:0012501	programmed cell death	ENSMUSG00000032515	Csrnp1	IEA
CRE upregulated	GO:0012501	programmed cell death	ENSMUSG00000020427	Igfbp3	ISS, ISO, IEA
CRE upregulated	GO:0012501	programmed cell death	ENSMUSG00000023067	Cdkn1a	IMP, ISO
CRE upregulated	GO:0012501	programmed cell death	ENSMUSG00000020205	Phlda1	ISO, IBA, IEA
CRE upregulated	GO:0012501	programmed cell death	ENSMUSG00000003644	Rps6ka1	ISS, IEA
CRE upregulated	GO:0012501	programmed cell death	ENSMUSG00000005087	Cd44	IEA
CRE upregulated	GO:0012501	programmed cell death	ENSMUSG00000026836	Acvr1	IEA
CRE upregulated	GO:0012501	programmed cell death	ENSMUSG00000003153	Slc2a3	ISO
CRE upregulated	GO:0012501	programmed cell death	ENSMUSG00000021453	Gadd45g	IEA
CRE upregulated	GO:0012501	programmed cell death	ENSMUSG00000048482	Bdnf	IDA, IMP, IGI, ISO, IBA, IEA
CRE upregulated	GO:0012501	programmed cell death	ENSMUSG00000024256	Adcyap1	ISO, IEA
CRE upregulated	GO:0012501	programmed cell death	ENSMUSG00000021070	Bdkrb2	IMP, IGI
CRE upregulated	GO:0012501	programmed cell death	ENSMUSG00000002250	Ppard	ISO, IEA
CRE upregulated	GO:0012501	programmed cell death	ENSMUSG00000038894	Irs2	IMP
CRE upregulated	GO:0012501	programmed cell death	ENSMUSG00000035828	Pim3	ISS, IBA, IEA
CRE upregulated	GO:0012501	programmed cell death	ENSMUSG00000027313	Chac1	ISS, IEA
CRE upregulated	GO:0012501	programmed cell death	ENSMUSG00000026796	Niban2	IEA
CRE upregulated	GO:0012501	programmed cell death	ENSMUSG00000027540	Ptpn1	IMP, IEA
CRE upregulated	GO:0012501	programmed cell death	ENSMUSG00000019461	Plscr3	IMP, ISS, IEA
CRE upregulated	GO:0012501	programmed cell death	ENSMUSG00000027035	Cers6	ISO, IEA
CRE upregulated	GO:0012501	programmed cell death	ENSMUSG00000028063	Lmna	IMP
CRE upregulated	GO:0012501	programmed cell death	ENSMUSG00000001420	Tmem79	IMP
CRE upregulated	GO:0012501	programmed cell death	ENSMUSG00000030678	Maz	IEA
CRE upregulated	GO:0012501	programmed cell death	ENSMUSG00000053436	Mapk14	IEA
CRE upregulated	GO:0012501	programmed cell death	ENSMUSG00000025809	Itgb1	ISO, IEA
CRE upregulated	GO:0012501	programmed cell death	ENSMUSG00000005370	Msh6	IMP
CRE upregulated	GO:0012501	programmed cell death	ENSMUSG00000022043	Trim35	IEA
CRE upregulated	GO:0012501	programmed cell death	ENSMUSG00000025746	Il6	IDA, IMP, ISO
CRE upregulated	GO:0012501	programmed cell death	ENSMUSG00000032231	Anxa2	IMP
CRE upregulated	GO:0012501	programmed cell death	ENSMUSG00000031078	Cttn	IGI
CRE upregulated	GO:0012501	programmed cell death	ENSMUSG00000022607	Ptk2	ISS, ISO
CRE upregulated	GO:0012501	programmed cell death	ENSMUSG00000055994	Nod2	IDA, IEA
CRE upregulated	GO:0012501	programmed cell death	ENSMUSG00000024014	Pim1	ISS, IEA
CRE upregulated	GO:0012501	programmed cell death	ENSMUSG00000037062	Sh3glb1	IDA, IMP, ISO, IEA
CRE upregulated	GO:0012501	programmed cell death	ENSMUSG00000067787	Blcap	IEA
CRE upregulated	GO:0012501	programmed cell death	ENSMUSG00000042406	Atf4	IDA, IMP, ISO, IEA
CRE upregulated	GO:0012501	programmed cell death	ENSMUSG00000046854	Pip5kl1	ISS, IEA
CRE upregulated	GO:0012501	programmed cell death	ENSMUSG00000031628	Casp3	IDA, IMP, IGI, ISO, IBA, NAS, IEA
CRE upregulated	GO:0012501	programmed cell death	ENSMUSG00000025408	Ddit3	IDA, IMP, ISS, ISO, IBA, IEA
CRE upregulated	GO:0012501	programmed cell death	ENSMUSG00000040435	Ppp1r15a	ISO, IEA
CRE upregulated	GO:0012501	programmed cell death	ENSMUSG00000032078	Zpr1	IMP
CRE upregulated	GO:0012501	programmed cell death	ENSMUSG00000035199	Arl6ip5	IEA
CRE upregulated	GO:0012501	programmed cell death	ENSMUSG00000030077	Chl1	IDA
CRE upregulated	GO:0012501	programmed cell death	ENSMUSG00000018909	Arrb1	IMP, ISO
CRE upregulated	GO:0012501	programmed cell death	ENSMUSG00000024521	Pmaip1	IDA, IMP, ISO, RCA, IEA
CRE upregulated	GO:0012501	programmed cell death	ENSMUSG00000026317	Cln8	IMP
CRE upregulated	GO:0012501	programmed cell death	ENSMUSG00000028145	Them4	ISS, IEA
CRE upregulated	GO:0012501	programmed cell death	ENSMUSG00000015837	Sqstm1	ISS, IEA
CRE upregulated	GO:0012501	programmed cell death	ENSMUSG00000037580	Gch1	ISO, IEA
CRE upregulated	GO:0012501	programmed cell death	ENSMUSG00000022346	Myc	IDA, IMP, IGI, ISO, IEA
CRE upregulated	GO:0012501	programmed cell death	ENSMUSG00000036478	Btg1	ISS, IEA
CRE upregulated	GO:0012501	programmed cell death	ENSMUSG00000027954	Efna1	IDA
CRE upregulated	GO:0012501	programmed cell death	ENSMUSG00000024789	Jak2	IDA, IMP, ISS, ISO, IBA, IEA
CRE upregulated	GO:0012501	programmed cell death	ENSMUSG00000042292	Mrtfa	IDA
CRE upregulated	GO:0012501	programmed cell death	ENSMUSG00000109511	Nup62	ISS, IEA
CRE upregulated	GO:0012501	programmed cell death	ENSMUSG00000029135	Fosl2	IMP
CRE upregulated	GO:0012501	programmed cell death	ENSMUSG00000050335	Lgals3	IEA
CRE upregulated	GO:0012501	programmed cell death	ENSMUSG00000024190	Dusp1	ISO
CRE upregulated	GO:0012501	programmed cell death	ENSMUSG00000031960	Aars1	IMP
CRE upregulated	GO:0012501	programmed cell death	ENSMUSG00000059866	Tnip2	ISS, IEA
CRE upregulated	GO:0012501	programmed cell death	ENSMUSG00000041594	ENSMUSG00000041594	IMP
CRE upregulated	GO:0012501	programmed cell death	ENSMUSG00000059316	Slc27a4	IEA
CRE upregulated	GO:0012501	programmed cell death	ENSMUSG00000024803	Ankrd1	IEA
CRE upregulated	GO:0012501	programmed cell death	ENSMUSG00000023915	Tnfrsf21	IMP, IBA, IEA
CRE upregulated	GO:0012501	programmed cell death	ENSMUSG00000024912	Fosl1	ISO, IEA
CRE upregulated	GO:0012501	programmed cell death	ENSMUSG00000024927	Rela	IDA, IEA
CRE upregulated	GO:0012501	programmed cell death	ENSMUSG00000050721	Plekho2	IMP, IBA
CRE upregulated	GO:0012501	programmed cell death	ENSMUSG00000042608	Stk40	IMP
CRE upregulated	GO:0012501	programmed cell death	ENSMUSG00000026078	Pdcl3	IEA
CRE upregulated	GO:0012501	programmed cell death	ENSMUSG00000025279	ENSMUSG00000025279	IDA, IBA, IEA
CRE upregulated	GO:0012501	programmed cell death	ENSMUSG00000024947	Men1	IDA, IGI
CRE upregulated	GO:0012501	programmed cell death	ENSMUSG00000064210	ENSMUSG00000064210	IMP, IEA
CRE upregulated	GO:0012501	programmed cell death	ENSMUSG00000032715	Trib3	ISS, IEA
CRE upregulated	GO:0012501	programmed cell death	ENSMUSG00000028466	Creb3	IEA
CRE upregulated	GO:0012501	programmed cell death	ENSMUSG00000029175	Slc35f6	ISS, IEA
CRE upregulated	GO:0012501	programmed cell death	ENSMUSG00000031668	ENSMUSG00000031668	IEA
CRE upregulated	GO:0012501	programmed cell death	ENSMUSG00000053175	Bcl3	IMP, IGI, ISO, IBA, IEA
CRE upregulated	GO:0012501	programmed cell death	ENSMUSG00000032599	ENSMUSG00000032599	IEA
CRE upregulated	GO:0012501	programmed cell death	ENSMUSG00000030199	Etv6	IMP
CRE upregulated	GO:0012501	programmed cell death	ENSMUSG00000037815	Ctnna1	IMP
CRE upregulated	GO:0012501	programmed cell death	ENSMUSG00000024517	Grp	ISO, IEA
CRE upregulated	GO:0012501	programmed cell death	ENSMUSG00000029752	ENSMUSG00000029752	IEA
CRE upregulated	GO:0012501	programmed cell death	ENSMUSG00000028599	Tnfrsf1b	IMP, IGI, IBA
CRE upregulated	GO:0012501	programmed cell death	ENSMUSG00000044147	Arf6	IMP
CRE upregulated	GO:0012501	programmed cell death	ENSMUSG00000036180	ENSMUSG00000036180	IMP
CRE upregulated	GO:0012501	programmed cell death	ENSMUSG00000025060	ENSMUSG00000025060	ISO, IBA, IEA
CRE upregulated	GO:0012501	programmed cell death	ENSMUSG00000013483	Card14	ISS, IEA
CRE upregulated	GO:0012501	programmed cell death	ENSMUSG00000047281	ENSMUSG00000047281	IEA
CRE upregulated	GO:0012501	programmed cell death	ENSMUSG00000019842	ENSMUSG00000019842	IMP
CRE upregulated	GO:0012501	programmed cell death	ENSMUSG00000020250	ENSMUSG00000020250	ISO
CRE upregulated	GO:0012501	programmed cell death	ENSMUSG00000000001	ENSMUSG00000000001	ISO
CRE upregulated	GO:0012501	programmed cell death	ENSMUSG00000022270	ENSMUSG00000022270	IMP, IBA, IEA
CRE upregulated	GO:0012501	programmed cell death	ENSMUSG00000040010	Slc7a5	ISO, IEA
CRE upregulated	GO:0012501	programmed cell death	ENSMUSG00000040463	ENSMUSG00000040463	IEA
CRE upregulated	GO:0012501	programmed cell death	ENSMUSG00000004099	ENSMUSG00000004099	IEA
CRE upregulated	GO:0012501	programmed cell death	ENSMUSG00000027997	Casp6	ISS, ISO, IBA, RCA, IEA
CRE upregulated	GO:0012501	programmed cell death	ENSMUSG00000040212	Emp3	IEA
CRE upregulated	GO:0012501	programmed cell death	ENSMUSG00000000787	ENSMUSG00000000787	ISS, IEA
CRE upregulated	GO:0012501	programmed cell death	ENSMUSG00000008730	Hipk1	IGI, IBA, IEA
CRE upregulated	GO:0012501	programmed cell death	ENSMUSG00000038676	Ucn	ISO, IEA
CRE upregulated	GO:0012501	programmed cell death	ENSMUSG00000020097	ENSMUSG00000020097	ISS, IEA
CRE upregulated	GO:0012501	programmed cell death	ENSMUSG00000032508	Myd88	IEA
CRE upregulated	GO:0012501	programmed cell death	ENSMUSG00000026864	ENSMUSG00000026864	IEA
CRE upregulated	GO:0012501	programmed cell death	ENSMUSG00000002633	Shh	IDA, IMP, IGI, ISO
CRE upregulated	GO:0012501	programmed cell death	ENSMUSG00000028680	ENSMUSG00000028680	IEA
CRE upregulated	GO:0012501	programmed cell death	ENSMUSG00000032462	ENSMUSG00000032462	IMP, IEA
CRE upregulated	GO:0012501	programmed cell death	ENSMUSG00000027944	Hax1	IBA, IEA
CRE upregulated	GO:0012501	programmed cell death	ENSMUSG00000061244	ENSMUSG00000061244	IMP
CRE upregulated	GO:0012501	programmed cell death	ENSMUSG00000037411	Serpine1	IEA
CRE upregulated	GO:0012501	programmed cell death	ENSMUSG00000020340	ENSMUSG00000020340	ISS, IBA, IEA
CRE upregulated	GO:0012501	programmed cell death	ENSMUSG00000019843	ENSMUSG00000019843	ISO
CRE upregulated	GO:0012501	programmed cell death	ENSMUSG00000027646	ENSMUSG00000027646	ISO, IBA, IEA
CRE upregulated	GO:0012501	programmed cell death	ENSMUSG00000021340	ENSMUSG00000021340	IEA
CRE upregulated	GO:0012501	programmed cell death	ENSMUSG00000025027	Xpnpep1	ISS, IEA
CRE upregulated	GO:0012501	programmed cell death	ENSMUSG00000031642	Sh3rf1	IEA
CRE upregulated	GO:0012501	programmed cell death	ENSMUSG00000002797	Ggct	ISS, IEA
CRE upregulated	GO:0012501	programmed cell death	ENSMUSG00000015839	Nfe2l2	ISS, ISO, IEA
CRE upregulated	GO:0012501	programmed cell death	ENSMUSG00000021477	ENSMUSG00000021477	ISS, IBA, IEA
CRE upregulated	GO:0012501	programmed cell death	ENSMUSG00000054499	ENSMUSG00000054499	IBA, RCA, IEA
CRE upregulated	GO:0012501	programmed cell death	ENSMUSG00000024907	Gal	ISO
CRE upregulated	GO:0012501	programmed cell death	ENSMUSG00000046707	ENSMUSG00000046707	IEA
CRE upregulated	GO:0012501	programmed cell death	ENSMUSG00000003541	ENSMUSG00000003541	IDA, IEA
CRE upregulated	GO:0012501	programmed cell death	ENSMUSG00000024287	ENSMUSG00000024287	RCA, IEA
CRE upregulated	GO:0012501	programmed cell death	ENSMUSG00000024026	ENSMUSG00000024026	ISS, IEA
CRE upregulated	GO:0012501	programmed cell death	ENSMUSG00000029475	ENSMUSG00000029475	IMP
CRE upregulated	GO:0032879	regulation of localization	ENSMUSG00000063632	Sox11	IMP
CRE upregulated	GO:0032879	regulation of localization	ENSMUSG00000042816	Gpr151	EXP, IDA, IMP
CRE upregulated	GO:0032879	regulation of localization	ENSMUSG00000050164	Mchr1	ISO, IEA
CRE upregulated	GO:0032879	regulation of localization	ENSMUSG00000028494	Plin2	IBA
CRE upregulated	GO:0032879	regulation of localization	ENSMUSG00000030898	Cckbr	ISO
CRE upregulated	GO:0032879	regulation of localization	ENSMUSG00000024143	Rhoq	IDA, IC, IEA
CRE upregulated	GO:0032879	regulation of localization	ENSMUSG00000030748	Il4ra	IMP
CRE upregulated	GO:0032879	regulation of localization	ENSMUSG00000030102	Itpr1	IMP, IGI, ISS, ISO, IBA, IEA
CRE upregulated	GO:0032879	regulation of localization	ENSMUSG00000020427	Igfbp3	ISO
CRE upregulated	GO:0032879	regulation of localization	ENSMUSG00000006304	Arpc2	ISO
CRE upregulated	GO:0032879	regulation of localization	ENSMUSG00000030272	Camk1	IDA, ISS, IEA
CRE upregulated	GO:0032879	regulation of localization	ENSMUSG00000035621	Midn	ISO, IEA
CRE upregulated	GO:0032879	regulation of localization	ENSMUSG00000050989	Selenon	ISS
CRE upregulated	GO:0032879	regulation of localization	ENSMUSG00000024261	Syt4	EXP, IDA, IMP, ISO, TAS, IEA
CRE upregulated	GO:0032879	regulation of localization	ENSMUSG00000024256	Adcyap1	IDA, ISS, ISO, IBA, IEA
CRE upregulated	GO:0032879	regulation of localization	ENSMUSG00000037458	Azin1	IDA, IBA, IEA
CRE upregulated	GO:0032879	regulation of localization	ENSMUSG00000018736	Ndel1	IEA
CRE upregulated	GO:0032879	regulation of localization	ENSMUSG00000002250	Ppard	ISO, IBA, NAS, IEA
CRE upregulated	GO:0032879	regulation of localization	ENSMUSG00000018507	Trpv2	IMP
CRE upregulated	GO:0032879	regulation of localization	ENSMUSG00000078532	Nkain1	IBA, IEA
CRE upregulated	GO:0032879	regulation of localization	ENSMUSG00000041870	Ankrd13a	ISS, IEA
CRE upregulated	GO:0032879	regulation of localization	ENSMUSG00000038894	Irs2	IMP, IEA
CRE upregulated	GO:0032879	regulation of localization	ENSMUSG00000035828	Pim3	IMP
CRE upregulated	GO:0032879	regulation of localization	ENSMUSG00000028789	Azin2	IDA, IBA
CRE upregulated	GO:0032879	regulation of localization	ENSMUSG00000027540	Ptpn1	ISS, IEA
CRE upregulated	GO:0032879	regulation of localization	ENSMUSG00000022661	Cd200	IEA
CRE upregulated	GO:0032879	regulation of localization	ENSMUSG00000028063	Lmna	IMP
CRE upregulated	GO:0032879	regulation of localization	ENSMUSG00000053436	Mapk14	IMP
CRE upregulated	GO:0032879	regulation of localization	ENSMUSG00000025809	Itgb1	IMP, ISS, ISO, IEA
CRE upregulated	GO:0032879	regulation of localization	ENSMUSG00000015243	Abca1	IMP
CRE upregulated	GO:0032879	regulation of localization	ENSMUSG00000020592	Sdc1	IEA
CRE upregulated	GO:0032879	regulation of localization	ENSMUSG00000025746	Il6	IDA, ISO
CRE upregulated	GO:0032879	regulation of localization	ENSMUSG00000032231	Anxa2	IMP, ISO, IBA, NAS, IEA
CRE upregulated	GO:0032879	regulation of localization	ENSMUSG00000047368	Abhd17b	IMP
CRE upregulated	GO:0032879	regulation of localization	ENSMUSG00000022607	Ptk2	ISO
CRE upregulated	GO:0032879	regulation of localization	ENSMUSG00000055994	Nod2	IMP
CRE upregulated	GO:0032879	regulation of localization	ENSMUSG00000024014	Pim1	ISS
CRE upregulated	GO:0032879	regulation of localization	ENSMUSG00000037062	Sh3glb1	IMP, ISO
CRE upregulated	GO:0032879	regulation of localization	ENSMUSG00000024772	Ehd1	IMP
CRE upregulated	GO:0032879	regulation of localization	ENSMUSG00000023169	Slc38a1	ISS, ISO, IEA
CRE upregulated	GO:0032879	regulation of localization	ENSMUSG00000027293	Ehd4	ISO, IEA
CRE upregulated	GO:0032879	regulation of localization	ENSMUSG00000020580	Rock2	IEA
CRE upregulated	GO:0032879	regulation of localization	ENSMUSG00000042406	Atf4	IMP, ISO, IEA
CRE upregulated	GO:0032879	regulation of localization	ENSMUSG00000020838	Slc6a4	ISO, IEA
CRE upregulated	GO:0032879	regulation of localization	ENSMUSG00000001507	Itga3	ISS, IEA
CRE upregulated	GO:0032879	regulation of localization	ENSMUSG00000031628	Casp3	IDA, IMP
CRE upregulated	GO:0032879	regulation of localization	ENSMUSG00000025408	Ddit3	IMP
CRE upregulated	GO:0032879	regulation of localization	ENSMUSG00000032078	Zpr1	IMP, ISS, IBA, IEA
CRE upregulated	GO:0032879	regulation of localization	ENSMUSG00000035199	Arl6ip5	IDA, ISO, IBA
CRE upregulated	GO:0032879	regulation of localization	ENSMUSG00000001847	Rac1	IDA, IMP, IGI, ISO
CRE upregulated	GO:0032879	regulation of localization	ENSMUSG00000042121	Ssh1	ISO, IEA
CRE upregulated	GO:0032879	regulation of localization	ENSMUSG00000018909	Arrb1	IMP, ISS, IEA
CRE upregulated	GO:0032879	regulation of localization	ENSMUSG00000024521	Pmaip1	IMP
CRE upregulated	GO:0032879	regulation of localization	ENSMUSG00000027455	Nsfl1c	IEA
CRE upregulated	GO:0032879	regulation of localization	ENSMUSG00000057531	Dtnbp1	IDA, IMP, ISO, IBA, IEA
CRE upregulated	GO:0032879	regulation of localization	ENSMUSG00000004768	Rab23	IEA
CRE upregulated	GO:0032879	regulation of localization	ENSMUSG00000015837	Sqstm1	IMP
CRE upregulated	GO:0032879	regulation of localization	ENSMUSG00000029131	Dnajb6	IEA
CRE upregulated	GO:0032879	regulation of localization	ENSMUSG00000036737	Oxsr1	IGI
CRE upregulated	GO:0032879	regulation of localization	ENSMUSG00000036057	Ptpn23	IEA
CRE upregulated	GO:0032879	regulation of localization	ENSMUSG00000015316	Slamf1	IMP
CRE upregulated	GO:0032879	regulation of localization	ENSMUSG00000032502	Stac	IMP, IBA
CRE upregulated	GO:0032879	regulation of localization	ENSMUSG00000022433	Csnk1e	IMP, IEA
CRE upregulated	GO:0032879	regulation of localization	ENSMUSG00000022346	Myc	ISO
CRE upregulated	GO:0032879	regulation of localization	ENSMUSG00000036437	Npy1r	ISO
CRE upregulated	GO:0032879	regulation of localization	ENSMUSG00000030616	Sytl2	IMP
CRE upregulated	GO:0032879	regulation of localization	ENSMUSG00000047604	Frat2	ISS
CRE upregulated	GO:0032879	regulation of localization	ENSMUSG00000023032	Slc4a8	EXP, IDA, IMP
CRE upregulated	GO:0032879	regulation of localization	ENSMUSG00000024789	Jak2	ISS, ISO, IEA
CRE upregulated	GO:0032879	regulation of localization	ENSMUSG00000038949	Cnst	ISS, IBA, IEA
CRE upregulated	GO:0032879	regulation of localization	ENSMUSG00000022602	Arc	IDA, IMP, IEA
CRE upregulated	GO:0032879	regulation of localization	ENSMUSG00000109511	Nup62	ISO, IEA
CRE upregulated	GO:0032879	regulation of localization	ENSMUSG00000004347	ENSMUSG00000004347	ISO
CRE upregulated	GO:0032879	regulation of localization	ENSMUSG00000050335	Lgals3	IEA
CRE upregulated	GO:0032879	regulation of localization	ENSMUSG00000027797	Dclk1	IDA
CRE upregulated	GO:0032879	regulation of localization	ENSMUSG00000020358	Hnrnpab	ISO
CRE upregulated	GO:0032879	regulation of localization	ENSMUSG00000033545	Znrf1	IEA
CRE upregulated	GO:0032879	regulation of localization	ENSMUSG00000024803	Ankrd1	IEA
CRE upregulated	GO:0032879	regulation of localization	ENSMUSG00000021306	Gpr137b	IEA
CRE upregulated	GO:0032879	regulation of localization	ENSMUSG00000025793	ENSMUSG00000025793	IEA
CRE upregulated	GO:0032879	regulation of localization	ENSMUSG00000038591	Colec10	IEA
CRE upregulated	GO:0032879	regulation of localization	ENSMUSG00000027692	Tnik	IDA, IMP
CRE upregulated	GO:0032879	regulation of localization	ENSMUSG00000026718	ENSMUSG00000026718	IEA
CRE upregulated	GO:0032879	regulation of localization	ENSMUSG00000028893	Sesn2	ISS, IEA
CRE upregulated	GO:0032879	regulation of localization	ENSMUSG00000029071	ENSMUSG00000029071	IDA, IMP, IEA
CRE upregulated	GO:0032879	regulation of localization	ENSMUSG00000044453	Ffar1	IDA, IMP, ISO, IBA, IEA
CRE upregulated	GO:0032879	regulation of localization	ENSMUSG00000064210	ENSMUSG00000064210	IMP, ISS, ISO, IEA
CRE upregulated	GO:0032879	regulation of localization	ENSMUSG00000032902	Slc16a1	IMP
CRE upregulated	GO:0032879	regulation of localization	ENSMUSG00000032715	Trib3	IDA
CRE upregulated	GO:0032879	regulation of localization	ENSMUSG00000026074	Map4k4	IEA
CRE upregulated	GO:0032879	regulation of localization	ENSMUSG00000029175	Slc35f6	ISS, IEA
CRE upregulated	GO:0032879	regulation of localization	ENSMUSG00000010660	Plcd1	ISO, IBA
CRE upregulated	GO:0032879	regulation of localization	ENSMUSG00000031278	ENSMUSG00000031278	ISS, ISO
CRE upregulated	GO:0032879	regulation of localization	ENSMUSG00000040640	ENSMUSG00000040640	IDA, IMP
CRE upregulated	GO:0032879	regulation of localization	ENSMUSG00000037815	Ctnna1	IMP
CRE upregulated	GO:0032879	regulation of localization	ENSMUSG00000024517	Grp	ISS
CRE upregulated	GO:0032879	regulation of localization	ENSMUSG00000040118	ENSMUSG00000040118	IMP, IEA
CRE upregulated	GO:0032879	regulation of localization	ENSMUSG00000025340	Rabgef1	IMP
CRE upregulated	GO:0032879	regulation of localization	ENSMUSG00000085007	ENSMUSG00000085007	IMP
CRE upregulated	GO:0032879	regulation of localization	ENSMUSG00000021587	Pcsk1	ISO, IEA
CRE upregulated	GO:0032879	regulation of localization	ENSMUSG00000028599	Tnfrsf1b	IGI
CRE upregulated	GO:0032879	regulation of localization	ENSMUSG00000044147	Arf6	IDA, IEA
CRE upregulated	GO:0032879	regulation of localization	ENSMUSG00000031532	Saraf	ISS, IBA, IEA
CRE upregulated	GO:0032879	regulation of localization	ENSMUSG00000030662	ENSMUSG00000030662	IMP
CRE upregulated	GO:0032879	regulation of localization	ENSMUSG00000011877	Git1	IDA, IMP
CRE upregulated	GO:0032879	regulation of localization	ENSMUSG00000007411	ENSMUSG00000007411	ISS, IEA
CRE upregulated	GO:0032879	regulation of localization	ENSMUSG00000047281	ENSMUSG00000047281	IDA, ISS, IEA
CRE upregulated	GO:0032879	regulation of localization	ENSMUSG00000025351	Cd63	ISS, ISO, IEA
CRE upregulated	GO:0032879	regulation of localization	ENSMUSG00000070056	ENSMUSG00000070056	ISS, IEA
CRE upregulated	GO:0032879	regulation of localization	ENSMUSG00000029110	ENSMUSG00000029110	IEA
CRE upregulated	GO:0032879	regulation of localization	ENSMUSG00000027465	Tbc1d20	IEA
CRE upregulated	GO:0032879	regulation of localization	ENSMUSG00000039844	ENSMUSG00000039844	ISO, IEA
CRE upregulated	GO:0032879	regulation of localization	ENSMUSG00000001552	ENSMUSG00000001552	IEA
CRE upregulated	GO:0032879	regulation of localization	ENSMUSG00000040010	Slc7a5	ISO, IEA
CRE upregulated	GO:0032879	regulation of localization	ENSMUSG00000020594	ENSMUSG00000020594	ISO, IEA
CRE upregulated	GO:0032879	regulation of localization	ENSMUSG00000008859	ENSMUSG00000008859	IDA, ISO, IBA, IEA
CRE upregulated	GO:0032879	regulation of localization	ENSMUSG00000038676	Ucn	ISO, IEA
CRE upregulated	GO:0032879	regulation of localization	ENSMUSG00000052681	Rap1b	IGI, IBA, IEA
CRE upregulated	GO:0032879	regulation of localization	ENSMUSG00000021072	Tmx1	IEA
CRE upregulated	GO:0032879	regulation of localization	ENSMUSG00000002633	Shh	IMP, IGI, IEA
CRE upregulated	GO:0032879	regulation of localization	ENSMUSG00000032540	ENSMUSG00000032540	IDA, IBA, IEA
CRE upregulated	GO:0032879	regulation of localization	ENSMUSG00000028680	ENSMUSG00000028680	IEA
CRE upregulated	GO:0032879	regulation of localization	ENSMUSG00000004270	ENSMUSG00000004270	IMP
CRE upregulated	GO:0032879	regulation of localization	ENSMUSG00000039671	ENSMUSG00000039671	ISO, IEA
CRE upregulated	GO:0032879	regulation of localization	ENSMUSG00000005089	Slc1a2	IMP
CRE upregulated	GO:0032879	regulation of localization	ENSMUSG00000037907	ENSMUSG00000037907	ISS, IEA
CRE upregulated	GO:0032879	regulation of localization	ENSMUSG00000040652	ENSMUSG00000040652	IDA
CRE upregulated	GO:0032879	regulation of localization	ENSMUSG00000037411	Serpine1	IEA
CRE upregulated	GO:0032879	regulation of localization	ENSMUSG00000019843	ENSMUSG00000019843	IDA, IMP, IGI
CRE upregulated	GO:0032879	regulation of localization	ENSMUSG00000027646	ENSMUSG00000027646	IGI, ISO, IEA
CRE upregulated	GO:0032879	regulation of localization	ENSMUSG00000052316	ENSMUSG00000052316	IEA
CRE upregulated	GO:0032879	regulation of localization	ENSMUSG00000053825	ENSMUSG00000053825	IEA
CRE upregulated	GO:0032879	regulation of localization	ENSMUSG00000036667	ENSMUSG00000036667	IBA, IEA
CRE upregulated	GO:0032879	regulation of localization	ENSMUSG00000015839	Nfe2l2	IDA
CRE upregulated	GO:0032879	regulation of localization	ENSMUSG00000019998	ENSMUSG00000019998	IEA
CRE upregulated	GO:0032879	regulation of localization	ENSMUSG00000024907	Gal	IEA
CRE upregulated	GO:0032879	regulation of localization	ENSMUSG00000003541	ENSMUSG00000003541	IDA, IMP
CRE upregulated	GO:0006915	apoptotic process	ENSMUSG00000026628	Atf3	IEA
CRE upregulated	GO:0006915	apoptotic process	ENSMUSG00000036390	Gadd45a	IEA
CRE upregulated	GO:0006915	apoptotic process	ENSMUSG00000052684	Jun	IMP, ISO
CRE upregulated	GO:0006915	apoptotic process	ENSMUSG00000019647	Sema6a	NAS
CRE upregulated	GO:0006915	apoptotic process	ENSMUSG00000046223	Plaur	ISO, IEA
CRE upregulated	GO:0006915	apoptotic process	ENSMUSG00000031574	Star	ISO, IEA
CRE upregulated	GO:0006915	apoptotic process	ENSMUSG00000039328	Rnf122	ISS, IEA
CRE upregulated	GO:0006915	apoptotic process	ENSMUSG00000004951	Hspb1	IDA, IBA, IEA
CRE upregulated	GO:0006915	apoptotic process	ENSMUSG00000025473	Adam8	IDA, IMP
CRE upregulated	GO:0006915	apoptotic process	ENSMUSG00000023905	Tnfrsf12a	IDA, IBA, IEA
CRE upregulated	GO:0006915	apoptotic process	ENSMUSG00000030102	Itpr1	IMP, ISO, IEA
CRE upregulated	GO:0006915	apoptotic process	ENSMUSG00000032515	Csrnp1	IEA
CRE upregulated	GO:0006915	apoptotic process	ENSMUSG00000020427	Igfbp3	ISS, ISO, IEA
CRE upregulated	GO:0006915	apoptotic process	ENSMUSG00000023067	Cdkn1a	IMP, ISO
CRE upregulated	GO:0006915	apoptotic process	ENSMUSG00000020205	Phlda1	ISO, IBA, IEA
CRE upregulated	GO:0006915	apoptotic process	ENSMUSG00000003644	Rps6ka1	ISS, IEA
CRE upregulated	GO:0006915	apoptotic process	ENSMUSG00000005087	Cd44	IEA
CRE upregulated	GO:0006915	apoptotic process	ENSMUSG00000026836	Acvr1	IEA
CRE upregulated	GO:0006915	apoptotic process	ENSMUSG00000003153	Slc2a3	ISO
CRE upregulated	GO:0006915	apoptotic process	ENSMUSG00000021453	Gadd45g	IEA
CRE upregulated	GO:0006915	apoptotic process	ENSMUSG00000048482	Bdnf	IDA, IMP, IGI, ISO, IBA, IEA
CRE upregulated	GO:0006915	apoptotic process	ENSMUSG00000024256	Adcyap1	ISO, IEA
CRE upregulated	GO:0006915	apoptotic process	ENSMUSG00000021070	Bdkrb2	IMP, IGI
CRE upregulated	GO:0006915	apoptotic process	ENSMUSG00000002250	Ppard	ISO, IEA
CRE upregulated	GO:0006915	apoptotic process	ENSMUSG00000038894	Irs2	IMP
CRE upregulated	GO:0006915	apoptotic process	ENSMUSG00000035828	Pim3	ISS, IBA, IEA
CRE upregulated	GO:0006915	apoptotic process	ENSMUSG00000027313	Chac1	ISS, IEA
CRE upregulated	GO:0006915	apoptotic process	ENSMUSG00000026796	Niban2	IEA
CRE upregulated	GO:0006915	apoptotic process	ENSMUSG00000027540	Ptpn1	IMP, IEA
CRE upregulated	GO:0006915	apoptotic process	ENSMUSG00000019461	Plscr3	IMP, ISS, IEA
CRE upregulated	GO:0006915	apoptotic process	ENSMUSG00000027035	Cers6	ISO, IEA
CRE upregulated	GO:0006915	apoptotic process	ENSMUSG00000028063	Lmna	IMP
CRE upregulated	GO:0006915	apoptotic process	ENSMUSG00000030678	Maz	IEA
CRE upregulated	GO:0006915	apoptotic process	ENSMUSG00000053436	Mapk14	IEA
CRE upregulated	GO:0006915	apoptotic process	ENSMUSG00000025809	Itgb1	ISO, IEA
CRE upregulated	GO:0006915	apoptotic process	ENSMUSG00000005370	Msh6	IMP
CRE upregulated	GO:0006915	apoptotic process	ENSMUSG00000022043	Trim35	IEA
CRE upregulated	GO:0006915	apoptotic process	ENSMUSG00000025746	Il6	IDA, IMP, ISO
CRE upregulated	GO:0006915	apoptotic process	ENSMUSG00000032231	Anxa2	IMP
CRE upregulated	GO:0006915	apoptotic process	ENSMUSG00000031078	Cttn	IGI
CRE upregulated	GO:0006915	apoptotic process	ENSMUSG00000022607	Ptk2	ISS, ISO
CRE upregulated	GO:0006915	apoptotic process	ENSMUSG00000055994	Nod2	IDA, IEA
CRE upregulated	GO:0006915	apoptotic process	ENSMUSG00000024014	Pim1	ISS, IEA
CRE upregulated	GO:0006915	apoptotic process	ENSMUSG00000037062	Sh3glb1	IDA, IMP, ISO, IEA
CRE upregulated	GO:0006915	apoptotic process	ENSMUSG00000067787	Blcap	IEA
CRE upregulated	GO:0006915	apoptotic process	ENSMUSG00000042406	Atf4	IDA, IMP, ISO, IEA
CRE upregulated	GO:0006915	apoptotic process	ENSMUSG00000046854	Pip5kl1	ISS, IEA
CRE upregulated	GO:0006915	apoptotic process	ENSMUSG00000031628	Casp3	IDA, IMP, IGI, ISO, IBA, NAS, IEA
CRE upregulated	GO:0006915	apoptotic process	ENSMUSG00000025408	Ddit3	IDA, IMP, ISS, ISO, IBA, IEA
CRE upregulated	GO:0006915	apoptotic process	ENSMUSG00000040435	Ppp1r15a	ISO, IEA
CRE upregulated	GO:0006915	apoptotic process	ENSMUSG00000032078	Zpr1	IMP
CRE upregulated	GO:0006915	apoptotic process	ENSMUSG00000035199	Arl6ip5	IEA
CRE upregulated	GO:0006915	apoptotic process	ENSMUSG00000030077	Chl1	IDA
CRE upregulated	GO:0006915	apoptotic process	ENSMUSG00000018909	Arrb1	IMP, ISO
CRE upregulated	GO:0006915	apoptotic process	ENSMUSG00000024521	Pmaip1	IDA, IMP, ISO, RCA, IEA
CRE upregulated	GO:0006915	apoptotic process	ENSMUSG00000026317	Cln8	IMP
CRE upregulated	GO:0006915	apoptotic process	ENSMUSG00000028145	Them4	ISS, IEA
CRE upregulated	GO:0006915	apoptotic process	ENSMUSG00000015837	Sqstm1	IEA
CRE upregulated	GO:0006915	apoptotic process	ENSMUSG00000037580	Gch1	ISO, IEA
CRE upregulated	GO:0006915	apoptotic process	ENSMUSG00000022346	Myc	IDA, IMP, IGI, ISO, IEA
CRE upregulated	GO:0006915	apoptotic process	ENSMUSG00000036478	Btg1	ISS, IEA
CRE upregulated	GO:0006915	apoptotic process	ENSMUSG00000027954	Efna1	IDA
CRE upregulated	GO:0006915	apoptotic process	ENSMUSG00000024789	Jak2	IDA, IMP, ISS, ISO, IBA, IEA
CRE upregulated	GO:0006915	apoptotic process	ENSMUSG00000042292	Mrtfa	IDA
CRE upregulated	GO:0006915	apoptotic process	ENSMUSG00000109511	Nup62	ISS, IEA
CRE upregulated	GO:0006915	apoptotic process	ENSMUSG00000029135	Fosl2	IMP
CRE upregulated	GO:0006915	apoptotic process	ENSMUSG00000050335	Lgals3	IEA
CRE upregulated	GO:0006915	apoptotic process	ENSMUSG00000024190	Dusp1	ISO
CRE upregulated	GO:0006915	apoptotic process	ENSMUSG00000031960	Aars1	IMP
CRE upregulated	GO:0006915	apoptotic process	ENSMUSG00000059866	Tnip2	ISS, IEA
CRE upregulated	GO:0006915	apoptotic process	ENSMUSG00000041594	ENSMUSG00000041594	IMP
CRE upregulated	GO:0006915	apoptotic process	ENSMUSG00000059316	Slc27a4	IEA
CRE upregulated	GO:0006915	apoptotic process	ENSMUSG00000024803	Ankrd1	IEA
CRE upregulated	GO:0006915	apoptotic process	ENSMUSG00000023915	Tnfrsf21	IMP, IBA, IEA
CRE upregulated	GO:0006915	apoptotic process	ENSMUSG00000024912	Fosl1	ISO, IEA
CRE upregulated	GO:0006915	apoptotic process	ENSMUSG00000024927	Rela	IDA, IEA
CRE upregulated	GO:0006915	apoptotic process	ENSMUSG00000050721	Plekho2	IMP, IBA
CRE upregulated	GO:0006915	apoptotic process	ENSMUSG00000042608	Stk40	IMP
CRE upregulated	GO:0006915	apoptotic process	ENSMUSG00000026078	Pdcl3	IEA
CRE upregulated	GO:0006915	apoptotic process	ENSMUSG00000025279	ENSMUSG00000025279	IDA, IBA, IEA
CRE upregulated	GO:0006915	apoptotic process	ENSMUSG00000024947	Men1	IDA, IGI
CRE upregulated	GO:0006915	apoptotic process	ENSMUSG00000064210	ENSMUSG00000064210	IMP, IEA
CRE upregulated	GO:0006915	apoptotic process	ENSMUSG00000032715	Trib3	ISS, IEA
CRE upregulated	GO:0006915	apoptotic process	ENSMUSG00000028466	Creb3	IEA
CRE upregulated	GO:0006915	apoptotic process	ENSMUSG00000029175	Slc35f6	ISS, IEA
CRE upregulated	GO:0006915	apoptotic process	ENSMUSG00000031668	ENSMUSG00000031668	IEA
CRE upregulated	GO:0006915	apoptotic process	ENSMUSG00000053175	Bcl3	IMP, IGI, ISO, IBA, IEA
CRE upregulated	GO:0006915	apoptotic process	ENSMUSG00000032599	ENSMUSG00000032599	IEA
CRE upregulated	GO:0006915	apoptotic process	ENSMUSG00000030199	Etv6	IMP
CRE upregulated	GO:0006915	apoptotic process	ENSMUSG00000037815	Ctnna1	IMP
CRE upregulated	GO:0006915	apoptotic process	ENSMUSG00000024517	Grp	ISO, IEA
CRE upregulated	GO:0006915	apoptotic process	ENSMUSG00000029752	ENSMUSG00000029752	IEA
CRE upregulated	GO:0006915	apoptotic process	ENSMUSG00000028599	Tnfrsf1b	IMP, IGI, IBA
CRE upregulated	GO:0006915	apoptotic process	ENSMUSG00000044147	Arf6	IMP
CRE upregulated	GO:0006915	apoptotic process	ENSMUSG00000025060	ENSMUSG00000025060	ISO, IBA, IEA
CRE upregulated	GO:0006915	apoptotic process	ENSMUSG00000013483	Card14	ISS, IEA
CRE upregulated	GO:0006915	apoptotic process	ENSMUSG00000047281	ENSMUSG00000047281	IEA
CRE upregulated	GO:0006915	apoptotic process	ENSMUSG00000019842	ENSMUSG00000019842	IMP
CRE upregulated	GO:0006915	apoptotic process	ENSMUSG00000020250	ENSMUSG00000020250	ISO
CRE upregulated	GO:0006915	apoptotic process	ENSMUSG00000000001	ENSMUSG00000000001	ISO
CRE upregulated	GO:0006915	apoptotic process	ENSMUSG00000022270	ENSMUSG00000022270	IMP, IBA, IEA
CRE upregulated	GO:0006915	apoptotic process	ENSMUSG00000040010	Slc7a5	ISO, IEA
CRE upregulated	GO:0006915	apoptotic process	ENSMUSG00000040463	ENSMUSG00000040463	IEA
CRE upregulated	GO:0006915	apoptotic process	ENSMUSG00000004099	ENSMUSG00000004099	IEA
CRE upregulated	GO:0006915	apoptotic process	ENSMUSG00000027997	Casp6	ISS, ISO, IBA, RCA, IEA
CRE upregulated	GO:0006915	apoptotic process	ENSMUSG00000040212	Emp3	IEA
CRE upregulated	GO:0006915	apoptotic process	ENSMUSG00000000787	ENSMUSG00000000787	ISS, IEA
CRE upregulated	GO:0006915	apoptotic process	ENSMUSG00000008730	Hipk1	IGI, IBA, IEA
CRE upregulated	GO:0006915	apoptotic process	ENSMUSG00000038676	Ucn	ISO, IEA
CRE upregulated	GO:0006915	apoptotic process	ENSMUSG00000020097	ENSMUSG00000020097	ISS, IEA
CRE upregulated	GO:0006915	apoptotic process	ENSMUSG00000032508	Myd88	IEA
CRE upregulated	GO:0006915	apoptotic process	ENSMUSG00000026864	ENSMUSG00000026864	IEA
CRE upregulated	GO:0006915	apoptotic process	ENSMUSG00000002633	Shh	IDA, IMP, IGI, ISO
CRE upregulated	GO:0006915	apoptotic process	ENSMUSG00000028680	ENSMUSG00000028680	IEA
CRE upregulated	GO:0006915	apoptotic process	ENSMUSG00000032462	ENSMUSG00000032462	IMP, IEA
CRE upregulated	GO:0006915	apoptotic process	ENSMUSG00000027944	Hax1	IBA, IEA
CRE upregulated	GO:0006915	apoptotic process	ENSMUSG00000061244	ENSMUSG00000061244	IMP
CRE upregulated	GO:0006915	apoptotic process	ENSMUSG00000037411	Serpine1	IEA
CRE upregulated	GO:0006915	apoptotic process	ENSMUSG00000020340	ENSMUSG00000020340	ISS, IBA, IEA
CRE upregulated	GO:0006915	apoptotic process	ENSMUSG00000019843	ENSMUSG00000019843	ISO
CRE upregulated	GO:0006915	apoptotic process	ENSMUSG00000027646	ENSMUSG00000027646	ISO, IBA, IEA
CRE upregulated	GO:0006915	apoptotic process	ENSMUSG00000021340	ENSMUSG00000021340	IEA
CRE upregulated	GO:0006915	apoptotic process	ENSMUSG00000031642	Sh3rf1	IEA
CRE upregulated	GO:0006915	apoptotic process	ENSMUSG00000002797	Ggct	ISS, IEA
CRE upregulated	GO:0006915	apoptotic process	ENSMUSG00000015839	Nfe2l2	ISO, IEA
CRE upregulated	GO:0006915	apoptotic process	ENSMUSG00000021477	ENSMUSG00000021477	IBA, IEA
CRE upregulated	GO:0006915	apoptotic process	ENSMUSG00000054499	ENSMUSG00000054499	IBA, RCA, IEA
CRE upregulated	GO:0006915	apoptotic process	ENSMUSG00000024907	Gal	ISO
CRE upregulated	GO:0006915	apoptotic process	ENSMUSG00000046707	ENSMUSG00000046707	IEA
CRE upregulated	GO:0006915	apoptotic process	ENSMUSG00000003541	ENSMUSG00000003541	IDA, IEA
CRE upregulated	GO:0006915	apoptotic process	ENSMUSG00000024287	ENSMUSG00000024287	RCA, IEA
CRE upregulated	GO:0006915	apoptotic process	ENSMUSG00000024026	ENSMUSG00000024026	ISS, IEA
CRE upregulated	GO:0006915	apoptotic process	ENSMUSG00000029475	ENSMUSG00000029475	IMP
CRE upregulated	GO:0051239	regulation of multicellular organismal process	ENSMUSG00000036390	Gadd45a	IMP
CRE upregulated	GO:0051239	regulation of multicellular organismal process	ENSMUSG00000051379	Flrt3	IDA
CRE upregulated	GO:0051239	regulation of multicellular organismal process	ENSMUSG00000052684	Jun	IDA, IMP, ISO
CRE upregulated	GO:0051239	regulation of multicellular organismal process	ENSMUSG00000063632	Sox11	IDA, IMP, IEA
CRE upregulated	GO:0051239	regulation of multicellular organismal process	ENSMUSG00000019647	Sema6a	IEA
CRE upregulated	GO:0051239	regulation of multicellular organismal process	ENSMUSG00000046223	Plaur	NAS
CRE upregulated	GO:0051239	regulation of multicellular organismal process	ENSMUSG00000031574	Star	ISO, IEA
CRE upregulated	GO:0051239	regulation of multicellular organismal process	ENSMUSG00000004951	Hspb1	IDA, ISO, IEA
CRE upregulated	GO:0051239	regulation of multicellular organismal process	ENSMUSG00000025473	Adam8	IDA, IMP, NAS
CRE upregulated	GO:0051239	regulation of multicellular organismal process	ENSMUSG00000050164	Mchr1	TAS
CRE upregulated	GO:0051239	regulation of multicellular organismal process	ENSMUSG00000030898	Cckbr	ISO
CRE upregulated	GO:0051239	regulation of multicellular organismal process	ENSMUSG00000046731	Kctd11	IDA
CRE upregulated	GO:0051239	regulation of multicellular organismal process	ENSMUSG00000037447	Arid5a	IMP
CRE upregulated	GO:0051239	regulation of multicellular organismal process	ENSMUSG00000033902	Mapkbp1	IEA
CRE upregulated	GO:0051239	regulation of multicellular organismal process	ENSMUSG00000030748	Il4ra	IMP, IGI
CRE upregulated	GO:0051239	regulation of multicellular organismal process	ENSMUSG00000023905	Tnfrsf12a	IDA
CRE upregulated	GO:0051239	regulation of multicellular organismal process	ENSMUSG00000021765	Fst	IMP, IGI, ISO, IEA
CRE upregulated	GO:0051239	regulation of multicellular organismal process	ENSMUSG00000030256	Bhlhe41	IBA
CRE upregulated	GO:0051239	regulation of multicellular organismal process	ENSMUSG00000014599	Csf1	IDA, IMP, IGI, IBA, IEA
CRE upregulated	GO:0051239	regulation of multicellular organismal process	ENSMUSG00000023067	Cdkn1a	IGI
CRE upregulated	GO:0051239	regulation of multicellular organismal process	ENSMUSG00000024404	Riok3	IEA
CRE upregulated	GO:0051239	regulation of multicellular organismal process	ENSMUSG00000038650	Rnh1	IBA, IEA
CRE upregulated	GO:0051239	regulation of multicellular organismal process	ENSMUSG00000027495	Fam210b	ISS, IEA
CRE upregulated	GO:0051239	regulation of multicellular organismal process	ENSMUSG00000031074	Fgf3	IEA
CRE upregulated	GO:0051239	regulation of multicellular organismal process	ENSMUSG00000031681	Smad1	IDA, IEA
CRE upregulated	GO:0051239	regulation of multicellular organismal process	ENSMUSG00000050989	Selenon	IMP
CRE upregulated	GO:0051239	regulation of multicellular organismal process	ENSMUSG00000024261	Syt4	IMP
CRE upregulated	GO:0051239	regulation of multicellular organismal process	ENSMUSG00000003644	Rps6ka1	ISS, IEA
CRE upregulated	GO:0051239	regulation of multicellular organismal process	ENSMUSG00000026836	Acvr1	IMP, IEA
CRE upregulated	GO:0051239	regulation of multicellular organismal process	ENSMUSG00000027611	Procr	IBA, TAS, IEA
CRE upregulated	GO:0051239	regulation of multicellular organismal process	ENSMUSG00000026670	Uap1	IEA
CRE upregulated	GO:0051239	regulation of multicellular organismal process	ENSMUSG00000048482	Bdnf	IDA, IMP, ISO, IEA
CRE upregulated	GO:0051239	regulation of multicellular organismal process	ENSMUSG00000024256	Adcyap1	IMP, ISO, IEA
CRE upregulated	GO:0051239	regulation of multicellular organismal process	ENSMUSG00000018736	Ndel1	ISO
CRE upregulated	GO:0051239	regulation of multicellular organismal process	ENSMUSG00000002250	Ppard	IMP
CRE upregulated	GO:0051239	regulation of multicellular organismal process	ENSMUSG00000044734	Serpinb1a	IMP, IBA
CRE upregulated	GO:0051239	regulation of multicellular organismal process	ENSMUSG00000018507	Trpv2	IMP
CRE upregulated	GO:0051239	regulation of multicellular organismal process	ENSMUSG00000038894	Irs2	IDA, IGI
CRE upregulated	GO:0051239	regulation of multicellular organismal process	ENSMUSG00000037568	Vash2	IMP, ISO, IBA, IEA
CRE upregulated	GO:0051239	regulation of multicellular organismal process	ENSMUSG00000031545	Gpat4	IMP
CRE upregulated	GO:0051239	regulation of multicellular organismal process	ENSMUSG00000005069	Pex5	IMP
CRE upregulated	GO:0051239	regulation of multicellular organismal process	ENSMUSG00000027540	Ptpn1	IEA
CRE upregulated	GO:0051239	regulation of multicellular organismal process	ENSMUSG00000043895	S1pr2	IMP, IEA
CRE upregulated	GO:0051239	regulation of multicellular organismal process	ENSMUSG00000022661	Cd200	IEA
CRE upregulated	GO:0051239	regulation of multicellular organismal process	ENSMUSG00000027583	Zbtb46	IMP
CRE upregulated	GO:0051239	regulation of multicellular organismal process	ENSMUSG00000028063	Lmna	IMP, ISO
CRE upregulated	GO:0051239	regulation of multicellular organismal process	ENSMUSG00000053436	Mapk14	IDA, IMP, IGI, IEA
CRE upregulated	GO:0051239	regulation of multicellular organismal process	ENSMUSG00000025809	Itgb1	IMP, ISS, IEA
CRE upregulated	GO:0051239	regulation of multicellular organismal process	ENSMUSG00000040025	Ythdf2	IMP, ISS, IEA
CRE upregulated	GO:0051239	regulation of multicellular organismal process	ENSMUSG00000011008	Mcoln2	IMP
CRE upregulated	GO:0051239	regulation of multicellular organismal process	ENSMUSG00000015243	Abca1	IMP
CRE upregulated	GO:0051239	regulation of multicellular organismal process	ENSMUSG00000013089	Etv5	IDA, ISO, IEA
CRE upregulated	GO:0051239	regulation of multicellular organismal process	ENSMUSG00000025746	Il6	IDA, IMP, ISO, IEA
CRE upregulated	GO:0051239	regulation of multicellular organismal process	ENSMUSG00000032231	Anxa2	IDA, IMP, IEA
CRE upregulated	GO:0051239	regulation of multicellular organismal process	ENSMUSG00000032280	Tle3	IMP
CRE upregulated	GO:0051239	regulation of multicellular organismal process	ENSMUSG00000031078	Cttn	IEA
CRE upregulated	GO:0051239	regulation of multicellular organismal process	ENSMUSG00000022607	Ptk2	IDA, IMP, IGI, ISO, IEA
CRE upregulated	GO:0051239	regulation of multicellular organismal process	ENSMUSG00000055994	Nod2	IDA, IMP, IGI, ISS, ISO, IEA
CRE upregulated	GO:0051239	regulation of multicellular organismal process	ENSMUSG00000024014	Pim1	IEA
CRE upregulated	GO:0051239	regulation of multicellular organismal process	ENSMUSG00000037062	Sh3glb1	ISO
CRE upregulated	GO:0051239	regulation of multicellular organismal process	ENSMUSG00000034247	Plekhm1	IMP
CRE upregulated	GO:0051239	regulation of multicellular organismal process	ENSMUSG00000020580	Rock2	IEA
CRE upregulated	GO:0051239	regulation of multicellular organismal process	ENSMUSG00000027613	Eif6	IMP
CRE upregulated	GO:0051239	regulation of multicellular organismal process	ENSMUSG00000042406	Atf4	IMP, IEA
CRE upregulated	GO:0051239	regulation of multicellular organismal process	ENSMUSG00000079049	Serpinb1c	IMP, IBA
CRE upregulated	GO:0051239	regulation of multicellular organismal process	ENSMUSG00000023079	Gtf2ird1	IDA
CRE upregulated	GO:0051239	regulation of multicellular organismal process	ENSMUSG00000017929	B4galt5	IMP
CRE upregulated	GO:0051239	regulation of multicellular organismal process	ENSMUSG00000020838	Slc6a4	IMP
CRE upregulated	GO:0051239	regulation of multicellular organismal process	ENSMUSG00000001507	Itga3	ISO, IEA
CRE upregulated	GO:0051239	regulation of multicellular organismal process	ENSMUSG00000031628	Casp3	IMP, IEA
CRE upregulated	GO:0051239	regulation of multicellular organismal process	ENSMUSG00000025408	Ddit3	IDA, IMP, IEA
CRE upregulated	GO:0051239	regulation of multicellular organismal process	ENSMUSG00000040435	Ppp1r15a	ISO
CRE upregulated	GO:0051239	regulation of multicellular organismal process	ENSMUSG00000032078	Zpr1	IMP
CRE upregulated	GO:0051239	regulation of multicellular organismal process	ENSMUSG00000055407	Map6	ISO, IBA
CRE upregulated	GO:0051239	regulation of multicellular organismal process	ENSMUSG00000001847	Rac1	IEA
CRE upregulated	GO:0051239	regulation of multicellular organismal process	ENSMUSG00000042121	Ssh1	ISO, IEA
CRE upregulated	GO:0051239	regulation of multicellular organismal process	ENSMUSG00000018909	Arrb1	IEA
CRE upregulated	GO:0051239	regulation of multicellular organismal process	ENSMUSG00000024349	Sting1	IDA, IMP, ISS, ISO, IBA, IEA
CRE upregulated	GO:0051239	regulation of multicellular organismal process	ENSMUSG00000000134	Tfe3	IMP, IGI, IEA
CRE upregulated	GO:0051239	regulation of multicellular organismal process	ENSMUSG00000030309	Caprin2	IMP
CRE upregulated	GO:0051239	regulation of multicellular organismal process	ENSMUSG00000037580	Gch1	IMP
CRE upregulated	GO:0051239	regulation of multicellular organismal process	ENSMUSG00000023087	Noct	IMP
CRE upregulated	GO:0051239	regulation of multicellular organismal process	ENSMUSG00000001627	Ifrd1	IGI
CRE upregulated	GO:0051239	regulation of multicellular organismal process	ENSMUSG00000036057	Ptpn23	IEA
CRE upregulated	GO:0051239	regulation of multicellular organismal process	ENSMUSG00000015316	Slamf1	IDA, IBA, IEA
CRE upregulated	GO:0051239	regulation of multicellular organismal process	ENSMUSG00000029765	Plxna4	IBA
CRE upregulated	GO:0051239	regulation of multicellular organismal process	ENSMUSG00000022346	Myc	IDA, IMP, ISS, ISO, IEA
CRE upregulated	GO:0051239	regulation of multicellular organismal process	ENSMUSG00000036478	Btg1	ISS, IEA
CRE upregulated	GO:0051239	regulation of multicellular organismal process	ENSMUSG00000036437	Npy1r	IMP, ISO
CRE upregulated	GO:0051239	regulation of multicellular organismal process	ENSMUSG00000030616	Sytl2	IMP
CRE upregulated	GO:0051239	regulation of multicellular organismal process	ENSMUSG00000026072	Il1r1	ISS, IEA
CRE upregulated	GO:0051239	regulation of multicellular organismal process	ENSMUSG00000027954	Efna1	IDA, IMP
CRE upregulated	GO:0051239	regulation of multicellular organismal process	ENSMUSG00000024789	Jak2	IDA, IMP, IGI, ISS, ISO, NAS, IEA
CRE upregulated	GO:0051239	regulation of multicellular organismal process	ENSMUSG00000004040	ENSMUSG00000004040	IDA, IMP, ISS, ISO, IEA
CRE upregulated	GO:0051239	regulation of multicellular organismal process	ENSMUSG00000022555	Dgat1	ISO
CRE upregulated	GO:0051239	regulation of multicellular organismal process	ENSMUSG00000020027	Socs2	IMP, IGI
CRE upregulated	GO:0051239	regulation of multicellular organismal process	ENSMUSG00000029135	Fosl2	IDA, IMP
CRE upregulated	GO:0051239	regulation of multicellular organismal process	ENSMUSG00000054136	Adm2	ISO, IBA, IEA
CRE upregulated	GO:0051239	regulation of multicellular organismal process	ENSMUSG00000020395	Itk	IMP
CRE upregulated	GO:0051239	regulation of multicellular organismal process	ENSMUSG00000029826	Zc3hav1	IDA, IBA
CRE upregulated	GO:0051239	regulation of multicellular organismal process	ENSMUSG00000050335	Lgals3	IEA
CRE upregulated	GO:0051239	regulation of multicellular organismal process	ENSMUSG00000030223	ENSMUSG00000030223	IMP, ISS, ISO, IBA, IEA
CRE upregulated	GO:0051239	regulation of multicellular organismal process	ENSMUSG00000059866	Tnip2	IMP
CRE upregulated	GO:0051239	regulation of multicellular organismal process	ENSMUSG00000021360	ENSMUSG00000021360	IMP, IEA
CRE upregulated	GO:0051239	regulation of multicellular organismal process	ENSMUSG00000031934	ENSMUSG00000031934	IMP, IEA
CRE upregulated	GO:0051239	regulation of multicellular organismal process	ENSMUSG00000023915	Tnfrsf21	IMP, IBA, IEA
CRE upregulated	GO:0051239	regulation of multicellular organismal process	ENSMUSG00000024927	Rela	IDA, ISO, IEA
CRE upregulated	GO:0051239	regulation of multicellular organismal process	ENSMUSG00000025793	ENSMUSG00000025793	IEA
CRE upregulated	GO:0051239	regulation of multicellular organismal process	ENSMUSG00000027692	Tnik	ISO
CRE upregulated	GO:0051239	regulation of multicellular organismal process	ENSMUSG00000050730	Arhgap42	IMP
CRE upregulated	GO:0051239	regulation of multicellular organismal process	ENSMUSG00000024238	Zeb1	IMP, IEA
CRE upregulated	GO:0051239	regulation of multicellular organismal process	ENSMUSG00000026078	Pdcl3	ISO, IEA
CRE upregulated	GO:0051239	regulation of multicellular organismal process	ENSMUSG00000024947	Men1	IDA
CRE upregulated	GO:0051239	regulation of multicellular organismal process	ENSMUSG00000029071	ENSMUSG00000029071	ISO, IEA
CRE upregulated	GO:0051239	regulation of multicellular organismal process	ENSMUSG00000044453	Ffar1	IEA
CRE upregulated	GO:0051239	regulation of multicellular organismal process	ENSMUSG00000064210	ENSMUSG00000064210	IMP, IEA
CRE upregulated	GO:0051239	regulation of multicellular organismal process	ENSMUSG00000035594	Chrna5	ISO
CRE upregulated	GO:0051239	regulation of multicellular organismal process	ENSMUSG00000024335	Brd2	IDA, IEA
CRE upregulated	GO:0051239	regulation of multicellular organismal process	ENSMUSG00000048047	Zbtb33	IBA
CRE upregulated	GO:0051239	regulation of multicellular organismal process	ENSMUSG00000031668	ENSMUSG00000031668	IEA
CRE upregulated	GO:0051239	regulation of multicellular organismal process	ENSMUSG00000053175	Bcl3	IMP, IEA
CRE upregulated	GO:0051239	regulation of multicellular organismal process	ENSMUSG00000068739	ENSMUSG00000068739	ISS, IEA
CRE upregulated	GO:0051239	regulation of multicellular organismal process	ENSMUSG00000037815	Ctnna1	IMP, IGI
CRE upregulated	GO:0051239	regulation of multicellular organismal process	ENSMUSG00000003154	Foxj2	IEA
CRE upregulated	GO:0051239	regulation of multicellular organismal process	ENSMUSG00000020349	ENSMUSG00000020349	IEA
CRE upregulated	GO:0051239	regulation of multicellular organismal process	ENSMUSG00000024517	Grp	IDA, IMP
CRE upregulated	GO:0051239	regulation of multicellular organismal process	ENSMUSG00000040118	ENSMUSG00000040118	ISS, IEA
CRE upregulated	GO:0051239	regulation of multicellular organismal process	ENSMUSG00000025340	Rabgef1	IMP
CRE upregulated	GO:0051239	regulation of multicellular organismal process	ENSMUSG00000028599	Tnfrsf1b	IMP, IGI, IBA
CRE upregulated	GO:0051239	regulation of multicellular organismal process	ENSMUSG00000004530	ENSMUSG00000004530	IEA
CRE upregulated	GO:0051239	regulation of multicellular organismal process	ENSMUSG00000044147	Arf6	IMP
CRE upregulated	GO:0051239	regulation of multicellular organismal process	ENSMUSG00000011877	Git1	IMP
CRE upregulated	GO:0051239	regulation of multicellular organismal process	ENSMUSG00000040046	Tph1	ISO, IEA
CRE upregulated	GO:0051239	regulation of multicellular organismal process	ENSMUSG00000039985	Sinhcaf	NAS
CRE upregulated	GO:0051239	regulation of multicellular organismal process	ENSMUSG00000031937	ENSMUSG00000031937	IMP, IBA
CRE upregulated	GO:0051239	regulation of multicellular organismal process	ENSMUSG00000047281	ENSMUSG00000047281	IMP
CRE upregulated	GO:0051239	regulation of multicellular organismal process	ENSMUSG00000025351	Cd63	ISO
CRE upregulated	GO:0051239	regulation of multicellular organismal process	ENSMUSG00000021796	Bmpr1a	IMP, IEA
CRE upregulated	GO:0051239	regulation of multicellular organismal process	ENSMUSG00000049649	Gpr3	IMP
CRE upregulated	GO:0051239	regulation of multicellular organismal process	ENSMUSG00000070056	ENSMUSG00000070056	ISS, IEA
CRE upregulated	GO:0051239	regulation of multicellular organismal process	ENSMUSG00000037860	Aim2	IDA, IMP, IGI, ISO, IEA
CRE upregulated	GO:0051239	regulation of multicellular organismal process	ENSMUSG00000028434	Epb41l4b	IEA
CRE upregulated	GO:0051239	regulation of multicellular organismal process	ENSMUSG00000039191	Rbpj	IMP, TAS
CRE upregulated	GO:0051239	regulation of multicellular organismal process	ENSMUSG00000019256	ENSMUSG00000019256	IEA
CRE upregulated	GO:0051239	regulation of multicellular organismal process	ENSMUSG00000035725	ENSMUSG00000035725	ISS, IEA
CRE upregulated	GO:0051239	regulation of multicellular organismal process	ENSMUSG00000001552	ENSMUSG00000001552	IEA
CRE upregulated	GO:0051239	regulation of multicellular organismal process	ENSMUSG00000040010	Slc7a5	ISO, IEA
CRE upregulated	GO:0051239	regulation of multicellular organismal process	ENSMUSG00000000787	ENSMUSG00000000787	ISS
CRE upregulated	GO:0051239	regulation of multicellular organismal process	ENSMUSG00000022948	Setd4	IDA
CRE upregulated	GO:0051239	regulation of multicellular organismal process	ENSMUSG00000038676	Ucn	ISO, IBA, IEA
CRE upregulated	GO:0051239	regulation of multicellular organismal process	ENSMUSG00000059743	ENSMUSG00000059743	ISO
CRE upregulated	GO:0051239	regulation of multicellular organismal process	ENSMUSG00000066595	ENSMUSG00000066595	IMP
CRE upregulated	GO:0051239	regulation of multicellular organismal process	ENSMUSG00000020097	ENSMUSG00000020097	IMP
CRE upregulated	GO:0051239	regulation of multicellular organismal process	ENSMUSG00000042185	ENSMUSG00000042185	IMP
CRE upregulated	GO:0051239	regulation of multicellular organismal process	ENSMUSG00000032508	Myd88	IMP, IGI, ISS, IEA
CRE upregulated	GO:0051239	regulation of multicellular organismal process	ENSMUSG00000026864	ENSMUSG00000026864	TAS
CRE upregulated	GO:0051239	regulation of multicellular organismal process	ENSMUSG00000021072	Tmx1	IMP, IEA
CRE upregulated	GO:0051239	regulation of multicellular organismal process	ENSMUSG00000002633	Shh	IDA, IMP, ISO
CRE upregulated	GO:0051239	regulation of multicellular organismal process	ENSMUSG00000032462	ENSMUSG00000032462	IEA
CRE upregulated	GO:0051239	regulation of multicellular organismal process	ENSMUSG00000004270	ENSMUSG00000004270	IMP
CRE upregulated	GO:0051239	regulation of multicellular organismal process	ENSMUSG00000027944	Hax1	IEA
CRE upregulated	GO:0051239	regulation of multicellular organismal process	ENSMUSG00000039671	ENSMUSG00000039671	ISO, IEA
CRE upregulated	GO:0051239	regulation of multicellular organismal process	ENSMUSG00000067586	ENSMUSG00000067586	IMP, IEA
CRE upregulated	GO:0051239	regulation of multicellular organismal process	ENSMUSG00000063952	Brpf3	NAS
CRE upregulated	GO:0051239	regulation of multicellular organismal process	ENSMUSG00000028291	ENSMUSG00000028291	IDA, IMP
CRE upregulated	GO:0051239	regulation of multicellular organismal process	ENSMUSG00000037411	Serpine1	IEA
CRE upregulated	GO:0051239	regulation of multicellular organismal process	ENSMUSG00000037465	Klf10	IMP
CRE upregulated	GO:0051239	regulation of multicellular organismal process	ENSMUSG00000023277	ENSMUSG00000023277	IEA
CRE upregulated	GO:0051239	regulation of multicellular organismal process	ENSMUSG00000027646	ENSMUSG00000027646	IGI, ISO, IEA
CRE upregulated	GO:0051239	regulation of multicellular organismal process	ENSMUSG00000004698	ENSMUSG00000004698	IEA
CRE upregulated	GO:0051239	regulation of multicellular organismal process	ENSMUSG00000032501	Trib1	IMP
CRE upregulated	GO:0051239	regulation of multicellular organismal process	ENSMUSG00000038205	ENSMUSG00000038205	IGI
CRE upregulated	GO:0051239	regulation of multicellular organismal process	ENSMUSG00000015839	Nfe2l2	IMP, IGI, ISO, IEA
CRE upregulated	GO:0051239	regulation of multicellular organismal process	ENSMUSG00000000627	ENSMUSG00000000627	ISO, IEA
CRE upregulated	GO:0051239	regulation of multicellular organismal process	ENSMUSG00000024907	Gal	ISO, IEA
CRE upregulated	GO:0051239	regulation of multicellular organismal process	ENSMUSG00000029475	ENSMUSG00000029475	IDA
CRE upregulated	GO:0009653	anatomical structure morphogenesis	ENSMUSG00000036390	Gadd45a	IMP
CRE upregulated	GO:0009653	anatomical structure morphogenesis	ENSMUSG00000051379	Flrt3	IMP, ISS, ISO, IEA
CRE upregulated	GO:0009653	anatomical structure morphogenesis	ENSMUSG00000052684	Jun	IMP, ISO
CRE upregulated	GO:0009653	anatomical structure morphogenesis	ENSMUSG00000063632	Sox11	IMP, IBA
CRE upregulated	GO:0009653	anatomical structure morphogenesis	ENSMUSG00000019647	Sema6a	IMP, IBA, NAS, IEA
CRE upregulated	GO:0009653	anatomical structure morphogenesis	ENSMUSG00000004951	Hspb1	IEA
CRE upregulated	GO:0009653	anatomical structure morphogenesis	ENSMUSG00000025473	Adam8	IDA, IMP, TAS
CRE upregulated	GO:0009653	anatomical structure morphogenesis	ENSMUSG00000024143	Rhoq	IDA
CRE upregulated	GO:0009653	anatomical structure morphogenesis	ENSMUSG00000022895	Ets2	IMP, IGI
CRE upregulated	GO:0009653	anatomical structure morphogenesis	ENSMUSG00000030748	Il4ra	IMP
CRE upregulated	GO:0009653	anatomical structure morphogenesis	ENSMUSG00000023905	Tnfrsf12a	IDA, IEA
CRE upregulated	GO:0009653	anatomical structure morphogenesis	ENSMUSG00000030102	Itpr1	IMP, ISO
CRE upregulated	GO:0009653	anatomical structure morphogenesis	ENSMUSG00000032515	Csrnp1	IMP
CRE upregulated	GO:0009653	anatomical structure morphogenesis	ENSMUSG00000025089	Gfra1	TAS
CRE upregulated	GO:0009653	anatomical structure morphogenesis	ENSMUSG00000021765	Fst	IMP
CRE upregulated	GO:0009653	anatomical structure morphogenesis	ENSMUSG00000025348	Itga7	IEA
CRE upregulated	GO:0009653	anatomical structure morphogenesis	ENSMUSG00000040151	Hs2st1	IMP
CRE upregulated	GO:0009653	anatomical structure morphogenesis	ENSMUSG00000037705	Tecta	IGI
CRE upregulated	GO:0009653	anatomical structure morphogenesis	ENSMUSG00000014599	Csf1	IMP
CRE upregulated	GO:0009653	anatomical structure morphogenesis	ENSMUSG00000038650	Rnh1	IBA, IEA
CRE upregulated	GO:0009653	anatomical structure morphogenesis	ENSMUSG00000028226	Mmp16	IGI
CRE upregulated	GO:0009653	anatomical structure morphogenesis	ENSMUSG00000030272	Camk1	IEA
CRE upregulated	GO:0009653	anatomical structure morphogenesis	ENSMUSG00000004846	Plod3	IMP
CRE upregulated	GO:0009653	anatomical structure morphogenesis	ENSMUSG00000031681	Smad1	IGI, IBA, IEA
CRE upregulated	GO:0009653	anatomical structure morphogenesis	ENSMUSG00000035673	Sbno2	IMP
CRE upregulated	GO:0009653	anatomical structure morphogenesis	ENSMUSG00000024261	Syt4	IEA
CRE upregulated	GO:0009653	anatomical structure morphogenesis	ENSMUSG00000003644	Rps6ka1	IDA
CRE upregulated	GO:0009653	anatomical structure morphogenesis	ENSMUSG00000029378	Areg	IMP
CRE upregulated	GO:0009653	anatomical structure morphogenesis	ENSMUSG00000005087	Cd44	IEA
CRE upregulated	GO:0009653	anatomical structure morphogenesis	ENSMUSG00000026836	Acvr1	IMP, IEA
CRE upregulated	GO:0009653	anatomical structure morphogenesis	ENSMUSG00000068566	Myadm	IBA, IEA
CRE upregulated	GO:0009653	anatomical structure morphogenesis	ENSMUSG00000048482	Bdnf	IDA, IMP, IGI, ISO, IBA, IEA
CRE upregulated	GO:0009653	anatomical structure morphogenesis	ENSMUSG00000015745	Plekho1	IDA, IMP, IBA
CRE upregulated	GO:0009653	anatomical structure morphogenesis	ENSMUSG00000018736	Ndel1	IMP, IGI, ISO
CRE upregulated	GO:0009653	anatomical structure morphogenesis	ENSMUSG00000027198	Ext2	IMP, IGI
CRE upregulated	GO:0009653	anatomical structure morphogenesis	ENSMUSG00000018507	Trpv2	IMP
CRE upregulated	GO:0009653	anatomical structure morphogenesis	ENSMUSG00000037568	Vash2	IMP, ISO, IBA, IEA
CRE upregulated	GO:0009653	anatomical structure morphogenesis	ENSMUSG00000045136	Tubb2b	ISS, IEA
CRE upregulated	GO:0009653	anatomical structure morphogenesis	ENSMUSG00000029201	Ugdh	IMP
CRE upregulated	GO:0009653	anatomical structure morphogenesis	ENSMUSG00000001420	Tmem79	IMP
CRE upregulated	GO:0009653	anatomical structure morphogenesis	ENSMUSG00000063506	Arhgap22	IEA
CRE upregulated	GO:0009653	anatomical structure morphogenesis	ENSMUSG00000053436	Mapk14	IMP, IGI
CRE upregulated	GO:0009653	anatomical structure morphogenesis	ENSMUSG00000025809	Itgb1	IMP, IGI, ISS, IEA
CRE upregulated	GO:0009653	anatomical structure morphogenesis	ENSMUSG00000040025	Ythdf2	ISS
CRE upregulated	GO:0009653	anatomical structure morphogenesis	ENSMUSG00000025239	Limd1	ISS, IEA
CRE upregulated	GO:0009653	anatomical structure morphogenesis	ENSMUSG00000023030	Slc11a2	IMP
CRE upregulated	GO:0009653	anatomical structure morphogenesis	ENSMUSG00000022272	Myo10	ISS, IBA, IEA
CRE upregulated	GO:0009653	anatomical structure morphogenesis	ENSMUSG00000013089	Etv5	IDA
CRE upregulated	GO:0009653	anatomical structure morphogenesis	ENSMUSG00000025746	Il6	IDA, IMP, ISO
CRE upregulated	GO:0009653	anatomical structure morphogenesis	ENSMUSG00000002233	Rhoc	ISS
CRE upregulated	GO:0009653	anatomical structure morphogenesis	ENSMUSG00000032231	Anxa2	IMP, IEA
CRE upregulated	GO:0009653	anatomical structure morphogenesis	ENSMUSG00000031078	Cttn	ISS, ISO
CRE upregulated	GO:0009653	anatomical structure morphogenesis	ENSMUSG00000022607	Ptk2	IMP, ISS, IEA
CRE upregulated	GO:0009653	anatomical structure morphogenesis	ENSMUSG00000024014	Pim1	IEA
CRE upregulated	GO:0009653	anatomical structure morphogenesis	ENSMUSG00000037062	Sh3glb1	ISO
CRE upregulated	GO:0009653	anatomical structure morphogenesis	ENSMUSG00000024772	Ehd1	IMP
CRE upregulated	GO:0009653	anatomical structure morphogenesis	ENSMUSG00000020580	Rock2	IEA
CRE upregulated	GO:0009653	anatomical structure morphogenesis	ENSMUSG00000059923	Grb2	IMP
CRE upregulated	GO:0009653	anatomical structure morphogenesis	ENSMUSG00000042406	Atf4	IMP
CRE upregulated	GO:0009653	anatomical structure morphogenesis	ENSMUSG00000017929	B4galt5	IMP
CRE upregulated	GO:0009653	anatomical structure morphogenesis	ENSMUSG00000020271	Fbxw11	IBA
CRE upregulated	GO:0009653	anatomical structure morphogenesis	ENSMUSG00000020838	Slc6a4	IMP
CRE upregulated	GO:0009653	anatomical structure morphogenesis	ENSMUSG00000001507	Itga3	IEA
CRE upregulated	GO:0009653	anatomical structure morphogenesis	ENSMUSG00000031628	Casp3	IMP
CRE upregulated	GO:0009653	anatomical structure morphogenesis	ENSMUSG00000040435	Ppp1r15a	ISO
CRE upregulated	GO:0009653	anatomical structure morphogenesis	ENSMUSG00000055407	Map6	ISS, ISO, IBA, IEA
CRE upregulated	GO:0009653	anatomical structure morphogenesis	ENSMUSG00000001847	Rac1	IMP, IGI, IBA, IEA
CRE upregulated	GO:0009653	anatomical structure morphogenesis	ENSMUSG00000042121	Ssh1	IEA
CRE upregulated	GO:0009653	anatomical structure morphogenesis	ENSMUSG00000050271	Prag1	ISS, ISO, IEA
CRE upregulated	GO:0009653	anatomical structure morphogenesis	ENSMUSG00000030077	Chl1	IMP
CRE upregulated	GO:0009653	anatomical structure morphogenesis	ENSMUSG00000044667	Plppr4	ISO, IBA
CRE upregulated	GO:0009653	anatomical structure morphogenesis	ENSMUSG00000054008	Ndst1	IMP
CRE upregulated	GO:0009653	anatomical structure morphogenesis	ENSMUSG00000057531	Dtnbp1	IDA, IMP, ISO, IEA
CRE upregulated	GO:0009653	anatomical structure morphogenesis	ENSMUSG00000004768	Rab23	IEA
CRE upregulated	GO:0009653	anatomical structure morphogenesis	ENSMUSG00000030309	Caprin2	IMP
CRE upregulated	GO:0009653	anatomical structure morphogenesis	ENSMUSG00000029131	Dnajb6	IMP
CRE upregulated	GO:0009653	anatomical structure morphogenesis	ENSMUSG00000001627	Ifrd1	IGI
CRE upregulated	GO:0009653	anatomical structure morphogenesis	ENSMUSG00000029765	Plxna4	IMP, IGI, IBA
CRE upregulated	GO:0009653	anatomical structure morphogenesis	ENSMUSG00000022346	Myc	IMP
CRE upregulated	GO:0009653	anatomical structure morphogenesis	ENSMUSG00000036478	Btg1	ISS, IEA
CRE upregulated	GO:0009653	anatomical structure morphogenesis	ENSMUSG00000053113	Socs3	IMP
CRE upregulated	GO:0009653	anatomical structure morphogenesis	ENSMUSG00000036437	Npy1r	IEA
CRE upregulated	GO:0009653	anatomical structure morphogenesis	ENSMUSG00000027954	Efna1	IDA, IMP, IGI, IBA, IEA
CRE upregulated	GO:0009653	anatomical structure morphogenesis	ENSMUSG00000004040	ENSMUSG00000004040	IDA, IMP
CRE upregulated	GO:0009653	anatomical structure morphogenesis	ENSMUSG00000022602	Arc	ISS, ISO, IEA
CRE upregulated	GO:0009653	anatomical structure morphogenesis	ENSMUSG00000029135	Fosl2	IMP
CRE upregulated	GO:0009653	anatomical structure morphogenesis	ENSMUSG00000054136	Adm2	ISO, IEA
CRE upregulated	GO:0009653	anatomical structure morphogenesis	ENSMUSG00000031310	ENSMUSG00000031310	ISS, IEA
CRE upregulated	GO:0009653	anatomical structure morphogenesis	ENSMUSG00000024190	Dusp1	IBA, IEA
CRE upregulated	GO:0009653	anatomical structure morphogenesis	ENSMUSG00000030223	ENSMUSG00000030223	IMP, IBA
CRE upregulated	GO:0009653	anatomical structure morphogenesis	ENSMUSG00000027797	Dclk1	IMP, IGI, IBA
CRE upregulated	GO:0009653	anatomical structure morphogenesis	ENSMUSG00000003762	Coq8b	IEA
CRE upregulated	GO:0009653	anatomical structure morphogenesis	ENSMUSG00000036882	ENSMUSG00000036882	ISO, IEA
CRE upregulated	GO:0009653	anatomical structure morphogenesis	ENSMUSG00000030029	Lrig1	IGI
CRE upregulated	GO:0009653	anatomical structure morphogenesis	ENSMUSG00000040033	ENSMUSG00000040033	IEA
CRE upregulated	GO:0009653	anatomical structure morphogenesis	ENSMUSG00000024803	Ankrd1	IEA
CRE upregulated	GO:0009653	anatomical structure morphogenesis	ENSMUSG00000024927	Rela	IMP, IEA
CRE upregulated	GO:0009653	anatomical structure morphogenesis	ENSMUSG00000042608	Stk40	IMP
CRE upregulated	GO:0009653	anatomical structure morphogenesis	ENSMUSG00000025793	ENSMUSG00000025793	IEA
CRE upregulated	GO:0009653	anatomical structure morphogenesis	ENSMUSG00000027692	Tnik	ISS, ISO, IBA, IEA
CRE upregulated	GO:0009653	anatomical structure morphogenesis	ENSMUSG00000024238	Zeb1	IMP, IGI
CRE upregulated	GO:0009653	anatomical structure morphogenesis	ENSMUSG00000026078	Pdcl3	IMP, ISO, IBA, IEA
CRE upregulated	GO:0009653	anatomical structure morphogenesis	ENSMUSG00000024947	Men1	IMP
CRE upregulated	GO:0009653	anatomical structure morphogenesis	ENSMUSG00000067006	ENSMUSG00000067006	IMP
CRE upregulated	GO:0009653	anatomical structure morphogenesis	ENSMUSG00000029071	ENSMUSG00000029071	IDA, IMP, IGI, ISO, IEA
CRE upregulated	GO:0009653	anatomical structure morphogenesis	ENSMUSG00000037514	Pank2	IEA
CRE upregulated	GO:0009653	anatomical structure morphogenesis	ENSMUSG00000024335	Brd2	IMP
CRE upregulated	GO:0009653	anatomical structure morphogenesis	ENSMUSG00000025485	ENSMUSG00000025485	IMP
CRE upregulated	GO:0009653	anatomical structure morphogenesis	ENSMUSG00000037876	Jmjd1c	IMP
CRE upregulated	GO:0009653	anatomical structure morphogenesis	ENSMUSG00000010660	Plcd1	IGI
CRE upregulated	GO:0009653	anatomical structure morphogenesis	ENSMUSG00000052921	Arhgef15	IMP
CRE upregulated	GO:0009653	anatomical structure morphogenesis	ENSMUSG00000031668	ENSMUSG00000031668	IEA
CRE upregulated	GO:0009653	anatomical structure morphogenesis	ENSMUSG00000053175	Bcl3	IMP
CRE upregulated	GO:0009653	anatomical structure morphogenesis	ENSMUSG00000068739	ENSMUSG00000068739	ISS, IEA
CRE upregulated	GO:0009653	anatomical structure morphogenesis	ENSMUSG00000037815	Ctnna1	IEA
CRE upregulated	GO:0009653	anatomical structure morphogenesis	ENSMUSG00000003154	Foxj2	IEA
CRE upregulated	GO:0009653	anatomical structure morphogenesis	ENSMUSG00000023307	Marchf5	ISS, IBA, IEA
CRE upregulated	GO:0009653	anatomical structure morphogenesis	ENSMUSG00000028599	Tnfrsf1b	IGI
CRE upregulated	GO:0009653	anatomical structure morphogenesis	ENSMUSG00000004530	ENSMUSG00000004530	IEA
CRE upregulated	GO:0009653	anatomical structure morphogenesis	ENSMUSG00000052298	Cdc42se2	IEA
CRE upregulated	GO:0009653	anatomical structure morphogenesis	ENSMUSG00000036180	ENSMUSG00000036180	IMP
CRE upregulated	GO:0009653	anatomical structure morphogenesis	ENSMUSG00000008435	Rdh13	IMP
CRE upregulated	GO:0009653	anatomical structure morphogenesis	ENSMUSG00000052837	ENSMUSG00000052837	IDA, IMP
CRE upregulated	GO:0009653	anatomical structure morphogenesis	ENSMUSG00000021796	Bmpr1a	IMP, IGI, IEA
CRE upregulated	GO:0009653	anatomical structure morphogenesis	ENSMUSG00000024750	ENSMUSG00000024750	IMP
CRE upregulated	GO:0009653	anatomical structure morphogenesis	ENSMUSG00000041598	Cdc42ep4	IBA, IEA
CRE upregulated	GO:0009653	anatomical structure morphogenesis	ENSMUSG00000045664	Cdc42ep2	IBA, IEA
CRE upregulated	GO:0009653	anatomical structure morphogenesis	ENSMUSG00000027465	Tbc1d20	IMP
CRE upregulated	GO:0009653	anatomical structure morphogenesis	ENSMUSG00000020250	ENSMUSG00000020250	IMP
CRE upregulated	GO:0009653	anatomical structure morphogenesis	ENSMUSG00000039191	Rbpj	IMP, IGI, TAS
CRE upregulated	GO:0009653	anatomical structure morphogenesis	ENSMUSG00000022656	ENSMUSG00000022656	IMP
CRE upregulated	GO:0009653	anatomical structure morphogenesis	ENSMUSG00000035725	ENSMUSG00000035725	IMP, ISS, IEA
CRE upregulated	GO:0009653	anatomical structure morphogenesis	ENSMUSG00000001552	ENSMUSG00000001552	IEA
CRE upregulated	GO:0009653	anatomical structure morphogenesis	ENSMUSG00000020671	ENSMUSG00000020671	ISS, ISO
CRE upregulated	GO:0009653	anatomical structure morphogenesis	ENSMUSG00000027997	Casp6	ISO
CRE upregulated	GO:0009653	anatomical structure morphogenesis	ENSMUSG00000058354	Krt6a	IMP, IGI
CRE upregulated	GO:0009653	anatomical structure morphogenesis	ENSMUSG00000020594	ENSMUSG00000020594	ISO, IEA
CRE upregulated	GO:0009653	anatomical structure morphogenesis	ENSMUSG00000008859	ENSMUSG00000008859	IMP, ISS, IEA
CRE upregulated	GO:0009653	anatomical structure morphogenesis	ENSMUSG00000008730	Hipk1	IMP
CRE upregulated	GO:0009653	anatomical structure morphogenesis	ENSMUSG00000046722	ENSMUSG00000046722	ISS, IEA
CRE upregulated	GO:0009653	anatomical structure morphogenesis	ENSMUSG00000066595	ENSMUSG00000066595	IMP
CRE upregulated	GO:0009653	anatomical structure morphogenesis	ENSMUSG00000020097	ENSMUSG00000020097	IMP
CRE upregulated	GO:0009653	anatomical structure morphogenesis	ENSMUSG00000026864	ENSMUSG00000026864	IMP
CRE upregulated	GO:0009653	anatomical structure morphogenesis	ENSMUSG00000002633	Shh	IDA, IMP, IGI, ISO, TAS
CRE upregulated	GO:0009653	anatomical structure morphogenesis	ENSMUSG00000032462	ENSMUSG00000032462	IMP, IEA
CRE upregulated	GO:0009653	anatomical structure morphogenesis	ENSMUSG00000061244	ENSMUSG00000061244	IMP
CRE upregulated	GO:0009653	anatomical structure morphogenesis	ENSMUSG00000056050	ENSMUSG00000056050	IEA
CRE upregulated	GO:0009653	anatomical structure morphogenesis	ENSMUSG00000037411	Serpine1	IEA
CRE upregulated	GO:0009653	anatomical structure morphogenesis	ENSMUSG00000020340	ENSMUSG00000020340	IMP, IBA
CRE upregulated	GO:0009653	anatomical structure morphogenesis	ENSMUSG00000024613	ENSMUSG00000024613	ISS, IEA
CRE upregulated	GO:0009653	anatomical structure morphogenesis	ENSMUSG00000023277	ENSMUSG00000023277	IEA
CRE upregulated	GO:0009653	anatomical structure morphogenesis	ENSMUSG00000019843	ENSMUSG00000019843	IDA, IMP
CRE upregulated	GO:0009653	anatomical structure morphogenesis	ENSMUSG00000027646	ENSMUSG00000027646	IMP, IEA
CRE upregulated	GO:0009653	anatomical structure morphogenesis	ENSMUSG00000021340	ENSMUSG00000021340	IEA
CRE upregulated	GO:0009653	anatomical structure morphogenesis	ENSMUSG00000004698	ENSMUSG00000004698	IEA
CRE upregulated	GO:0009653	anatomical structure morphogenesis	ENSMUSG00000053825	ENSMUSG00000053825	IEA
CRE upregulated	GO:0009653	anatomical structure morphogenesis	ENSMUSG00000047261	ENSMUSG00000047261	IMP, IBA
CRE upregulated	GO:0009653	anatomical structure morphogenesis	ENSMUSG00000026159	ENSMUSG00000026159	IMP, IBA
CRE upregulated	GO:0009653	anatomical structure morphogenesis	ENSMUSG00000031073	Fgf15	IBA, IEA
CRE upregulated	GO:0009653	anatomical structure morphogenesis	ENSMUSG00000015839	Nfe2l2	ISO, IEA
CRE upregulated	GO:0009653	anatomical structure morphogenesis	ENSMUSG00000021477	ENSMUSG00000021477	IMP
CRE upregulated	GO:0009653	anatomical structure morphogenesis	ENSMUSG00000000627	ENSMUSG00000000627	ISO, IBA, IEA
CRE upregulated	GO:0009653	anatomical structure morphogenesis	ENSMUSG00000053797	ENSMUSG00000053797	IMP
CRE upregulated	GO:0009653	anatomical structure morphogenesis	ENSMUSG00000029475	ENSMUSG00000029475	IMP
CRE upregulated	GO:0032501	multicellular organismal process	ENSMUSG00000036390	Gadd45a	IMP
CRE upregulated	GO:0032501	multicellular organismal process	ENSMUSG00000051379	Flrt3	IDA, IMP, ISS, ISO, IEA
CRE upregulated	GO:0032501	multicellular organismal process	ENSMUSG00000052684	Jun	IDA, IMP, ISO
CRE upregulated	GO:0032501	multicellular organismal process	ENSMUSG00000063632	Sox11	IDA, IMP, ISS, ISO, IBA, IEA
CRE upregulated	GO:0032501	multicellular organismal process	ENSMUSG00000019647	Sema6a	IMP, IBA, NAS, IEA
CRE upregulated	GO:0032501	multicellular organismal process	ENSMUSG00000037428	Vgf	IDA, IMP, IGI
CRE upregulated	GO:0032501	multicellular organismal process	ENSMUSG00000046223	Plaur	ISO, NAS
CRE upregulated	GO:0032501	multicellular organismal process	ENSMUSG00000031574	Star	ISO, IEA
CRE upregulated	GO:0032501	multicellular organismal process	ENSMUSG00000004951	Hspb1	IDA, ISO, IEA
CRE upregulated	GO:0032501	multicellular organismal process	ENSMUSG00000025473	Adam8	IDA, IMP, NAS
CRE upregulated	GO:0032501	multicellular organismal process	ENSMUSG00000050164	Mchr1	TAS
CRE upregulated	GO:0032501	multicellular organismal process	ENSMUSG00000022044	Stmn4	IBA
CRE upregulated	GO:0032501	multicellular organismal process	ENSMUSG00000030898	Cckbr	IMP, IGI, ISO
CRE upregulated	GO:0032501	multicellular organismal process	ENSMUSG00000046731	Kctd11	IDA, IBA
CRE upregulated	GO:0032501	multicellular organismal process	ENSMUSG00000056749	Nfil3	IMP
CRE upregulated	GO:0032501	multicellular organismal process	ENSMUSG00000022895	Ets2	IMP, IGI
CRE upregulated	GO:0032501	multicellular organismal process	ENSMUSG00000037447	Arid5a	IDA, IMP
CRE upregulated	GO:0032501	multicellular organismal process	ENSMUSG00000033902	Mapkbp1	IEA
CRE upregulated	GO:0032501	multicellular organismal process	ENSMUSG00000030748	Il4ra	IMP, IGI, IEA
CRE upregulated	GO:0032501	multicellular organismal process	ENSMUSG00000023905	Tnfrsf12a	IDA, IEA
CRE upregulated	GO:0032501	multicellular organismal process	ENSMUSG00000030102	Itpr1	IMP, ISO
CRE upregulated	GO:0032501	multicellular organismal process	ENSMUSG00000032515	Csrnp1	IMP
CRE upregulated	GO:0032501	multicellular organismal process	ENSMUSG00000025089	Gfra1	IMP, ISO, IBA, IEA
CRE upregulated	GO:0032501	multicellular organismal process	ENSMUSG00000021765	Fst	IMP, IGI, ISO, IEA
CRE upregulated	GO:0032501	multicellular organismal process	ENSMUSG00000025348	Itga7	IEA
CRE upregulated	GO:0032501	multicellular organismal process	ENSMUSG00000030256	Bhlhe41	IBA
CRE upregulated	GO:0032501	multicellular organismal process	ENSMUSG00000040151	Hs2st1	IMP
CRE upregulated	GO:0032501	multicellular organismal process	ENSMUSG00000037705	Tecta	IGI, TAS, IEA
CRE upregulated	GO:0032501	multicellular organismal process	ENSMUSG00000014599	Csf1	IDA, IMP, IGI, ISO, IBA, IEA
CRE upregulated	GO:0032501	multicellular organismal process	ENSMUSG00000020427	Igfbp3	IEP
CRE upregulated	GO:0032501	multicellular organismal process	ENSMUSG00000023067	Cdkn1a	IMP, IGI
CRE upregulated	GO:0032501	multicellular organismal process	ENSMUSG00000024404	Riok3	IEA
CRE upregulated	GO:0032501	multicellular organismal process	ENSMUSG00000038650	Rnh1	IBA, IEA
CRE upregulated	GO:0032501	multicellular organismal process	ENSMUSG00000027495	Fam210b	ISS, IEA
CRE upregulated	GO:0032501	multicellular organismal process	ENSMUSG00000028226	Mmp16	IGI, IBA
CRE upregulated	GO:0032501	multicellular organismal process	ENSMUSG00000031074	Fgf3	IEA
CRE upregulated	GO:0032501	multicellular organismal process	ENSMUSG00000030272	Camk1	ISS, IEA
CRE upregulated	GO:0032501	multicellular organismal process	ENSMUSG00000004846	Plod3	IMP
CRE upregulated	GO:0032501	multicellular organismal process	ENSMUSG00000031681	Smad1	IDA, IMP, IGI, IEP, ISS, ISO, IEA
CRE upregulated	GO:0032501	multicellular organismal process	ENSMUSG00000050989	Selenon	IMP
CRE upregulated	GO:0032501	multicellular organismal process	ENSMUSG00000035673	Sbno2	IMP, IBA, IEA
CRE upregulated	GO:0032501	multicellular organismal process	ENSMUSG00000058153	Sez6l	IGI, IBA
CRE upregulated	GO:0032501	multicellular organismal process	ENSMUSG00000024261	Syt4	IMP, IEA
CRE upregulated	GO:0032501	multicellular organismal process	ENSMUSG00000003644	Rps6ka1	IDA, ISS, IEA
CRE upregulated	GO:0032501	multicellular organismal process	ENSMUSG00000029378	Areg	IMP, ISO, IEA
CRE upregulated	GO:0032501	multicellular organismal process	ENSMUSG00000042688	Mapk6	IGI
CRE upregulated	GO:0032501	multicellular organismal process	ENSMUSG00000005087	Cd44	IEA
CRE upregulated	GO:0032501	multicellular organismal process	ENSMUSG00000026836	Acvr1	IMP, ISO, IBA, IEA
CRE upregulated	GO:0032501	multicellular organismal process	ENSMUSG00000027611	Procr	IBA, TAS, IEA
CRE upregulated	GO:0032501	multicellular organismal process	ENSMUSG00000026670	Uap1	IEA
CRE upregulated	GO:0032501	multicellular organismal process	ENSMUSG00000068566	Myadm	IBA, IEA
CRE upregulated	GO:0032501	multicellular organismal process	ENSMUSG00000048482	Bdnf	IDA, IMP, IGI, ISO, IBA, IEA
CRE upregulated	GO:0032501	multicellular organismal process	ENSMUSG00000024256	Adcyap1	IMP, ISS, ISO, IBA, IEA
CRE upregulated	GO:0032501	multicellular organismal process	ENSMUSG00000021070	Bdkrb2	IMP, ISO, IEA
CRE upregulated	GO:0032501	multicellular organismal process	ENSMUSG00000018736	Ndel1	IMP, IGI, ISO, IBA, IEA
CRE upregulated	GO:0032501	multicellular organismal process	ENSMUSG00000002250	Ppard	IDA, IMP, ISO, TAS, IEA
CRE upregulated	GO:0032501	multicellular organismal process	ENSMUSG00000027198	Ext2	IMP, IGI, IEA
CRE upregulated	GO:0032501	multicellular organismal process	ENSMUSG00000044734	Serpinb1a	IMP, IBA
CRE upregulated	GO:0032501	multicellular organismal process	ENSMUSG00000018507	Trpv2	IMP
CRE upregulated	GO:0032501	multicellular organismal process	ENSMUSG00000021501	Caml	IMP
CRE upregulated	GO:0032501	multicellular organismal process	ENSMUSG00000038894	Irs2	IDA, IMP, IGI
CRE upregulated	GO:0032501	multicellular organismal process	ENSMUSG00000037568	Vash2	IMP, ISS, ISO, IBA, IEA
CRE upregulated	GO:0032501	multicellular organismal process	ENSMUSG00000024883	Rin1	IMP
CRE upregulated	GO:0032501	multicellular organismal process	ENSMUSG00000025337	Sbds	IMP, IEA
CRE upregulated	GO:0032501	multicellular organismal process	ENSMUSG00000031545	Gpat4	IMP
CRE upregulated	GO:0032501	multicellular organismal process	ENSMUSG00000007041	Clic1	IDA
CRE upregulated	GO:0032501	multicellular organismal process	ENSMUSG00000005069	Pex5	IMP
CRE upregulated	GO:0032501	multicellular organismal process	ENSMUSG00000029518	Rab35	IMP
CRE upregulated	GO:0032501	multicellular organismal process	ENSMUSG00000020142	Slc1a4	IEA
CRE upregulated	GO:0032501	multicellular organismal process	ENSMUSG00000045136	Tubb2b	IMP, ISS, ISO, IEA
CRE upregulated	GO:0032501	multicellular organismal process	ENSMUSG00000054855	Rnd1	IEA
CRE upregulated	GO:0032501	multicellular organismal process	ENSMUSG00000029201	Ugdh	IMP, ISS, IEA
CRE upregulated	GO:0032501	multicellular organismal process	ENSMUSG00000027313	Chac1	IMP, IEA
CRE upregulated	GO:0032501	multicellular organismal process	ENSMUSG00000026796	Niban2	IEA
CRE upregulated	GO:0032501	multicellular organismal process	ENSMUSG00000027540	Ptpn1	IEA
CRE upregulated	GO:0032501	multicellular organismal process	ENSMUSG00000043895	S1pr2	EXP, IDA, IMP, IEA
CRE upregulated	GO:0032501	multicellular organismal process	ENSMUSG00000022661	Cd200	IEA
CRE upregulated	GO:0032501	multicellular organismal process	ENSMUSG00000011179	Odc1	IMP
CRE upregulated	GO:0032501	multicellular organismal process	ENSMUSG00000026655	Fam107b	IMP
CRE upregulated	GO:0032501	multicellular organismal process	ENSMUSG00000027035	Cers6	IEA
CRE upregulated	GO:0032501	multicellular organismal process	ENSMUSG00000027583	Zbtb46	IMP
CRE upregulated	GO:0032501	multicellular organismal process	ENSMUSG00000028063	Lmna	IMP, ISO
CRE upregulated	GO:0032501	multicellular organismal process	ENSMUSG00000050359	Sprr1a	IEA
CRE upregulated	GO:0032501	multicellular organismal process	ENSMUSG00000000278	Scpep1	IGI
CRE upregulated	GO:0032501	multicellular organismal process	ENSMUSG00000026675	Hsd17b7	IMP
CRE upregulated	GO:0032501	multicellular organismal process	ENSMUSG00000001420	Tmem79	IMP
CRE upregulated	GO:0032501	multicellular organismal process	ENSMUSG00000026254	Eif4e2	IMP
CRE upregulated	GO:0032501	multicellular organismal process	ENSMUSG00000029121	Crmp1	IDA, IEP, IEA
CRE upregulated	GO:0032501	multicellular organismal process	ENSMUSG00000028645	Slc2a1	ISS, IEA
CRE upregulated	GO:0032501	multicellular organismal process	ENSMUSG00000063506	Arhgap22	IEA
CRE upregulated	GO:0032501	multicellular organismal process	ENSMUSG00000027597	Ahcy	ISO
CRE upregulated	GO:0032501	multicellular organismal process	ENSMUSG00000053436	Mapk14	IDA, IMP, IGI, IEA
CRE upregulated	GO:0032501	multicellular organismal process	ENSMUSG00000025809	Itgb1	IMP, IGI, ISS, ISO, IEA
CRE upregulated	GO:0032501	multicellular organismal process	ENSMUSG00000040025	Ythdf2	IMP, ISS, IEA
CRE upregulated	GO:0032501	multicellular organismal process	ENSMUSG00000028156	Eif4e	IMP, IGI
CRE upregulated	GO:0032501	multicellular organismal process	ENSMUSG00000025239	Limd1	IMP
CRE upregulated	GO:0032501	multicellular organismal process	ENSMUSG00000005370	Msh6	IMP, IGI
CRE upregulated	GO:0032501	multicellular organismal process	ENSMUSG00000023030	Slc11a2	IMP, IEA
CRE upregulated	GO:0032501	multicellular organismal process	ENSMUSG00000011008	Mcoln2	IMP
CRE upregulated	GO:0032501	multicellular organismal process	ENSMUSG00000048490	Nrip1	IMP
CRE upregulated	GO:0032501	multicellular organismal process	ENSMUSG00000015243	Abca1	IMP, IEA
CRE upregulated	GO:0032501	multicellular organismal process	ENSMUSG00000013089	Etv5	IDA, IMP, ISO, IEA
CRE upregulated	GO:0032501	multicellular organismal process	ENSMUSG00000020592	Sdc1	IEA
CRE upregulated	GO:0032501	multicellular organismal process	ENSMUSG00000025746	Il6	IDA, IMP, IGI, ISS, ISO, IEA
CRE upregulated	GO:0032501	multicellular organismal process	ENSMUSG00000032231	Anxa2	IDA, IMP, IEA
CRE upregulated	GO:0032501	multicellular organismal process	ENSMUSG00000032280	Tle3	IMP
CRE upregulated	GO:0032501	multicellular organismal process	ENSMUSG00000031078	Cttn	ISS, ISO, IEA
CRE upregulated	GO:0032501	multicellular organismal process	ENSMUSG00000022607	Ptk2	IDA, IMP, IGI, ISS, ISO, IEA
CRE upregulated	GO:0032501	multicellular organismal process	ENSMUSG00000055994	Nod2	IDA, IMP, IGI, ISS, ISO, IEA
CRE upregulated	GO:0032501	multicellular organismal process	ENSMUSG00000024014	Pim1	IEA
CRE upregulated	GO:0032501	multicellular organismal process	ENSMUSG00000037062	Sh3glb1	ISO
CRE upregulated	GO:0032501	multicellular organismal process	ENSMUSG00000034247	Plekhm1	IMP
CRE upregulated	GO:0032501	multicellular organismal process	ENSMUSG00000024772	Ehd1	IMP, ISS, ISO, IEA
CRE upregulated	GO:0032501	multicellular organismal process	ENSMUSG00000023169	Slc38a1	IEA
CRE upregulated	GO:0032501	multicellular organismal process	ENSMUSG00000020580	Rock2	IEA
CRE upregulated	GO:0032501	multicellular organismal process	ENSMUSG00000027560	Dok5	IDA
CRE upregulated	GO:0032501	multicellular organismal process	ENSMUSG00000027613	Eif6	IMP
CRE upregulated	GO:0032501	multicellular organismal process	ENSMUSG00000033039	Micall1	IMP, ISO
CRE upregulated	GO:0032501	multicellular organismal process	ENSMUSG00000059923	Grb2	IMP, IEA
CRE upregulated	GO:0032501	multicellular organismal process	ENSMUSG00000042406	Atf4	IMP, IEA
CRE upregulated	GO:0032501	multicellular organismal process	ENSMUSG00000079049	Serpinb1c	IMP, IBA
CRE upregulated	GO:0032501	multicellular organismal process	ENSMUSG00000055078	Gabra5	IMP, IBA
CRE upregulated	GO:0032501	multicellular organismal process	ENSMUSG00000023079	Gtf2ird1	IDA
CRE upregulated	GO:0032501	multicellular organismal process	ENSMUSG00000017929	B4galt5	IMP
CRE upregulated	GO:0032501	multicellular organismal process	ENSMUSG00000020271	Fbxw11	IBA
CRE upregulated	GO:0032501	multicellular organismal process	ENSMUSG00000005950	P2rx5	IEA
CRE upregulated	GO:0032501	multicellular organismal process	ENSMUSG00000020838	Slc6a4	IMP, ISO, IEA
CRE upregulated	GO:0032501	multicellular organismal process	ENSMUSG00000001507	Itga3	IMP, IGI, ISO, IEA
CRE upregulated	GO:0032501	multicellular organismal process	ENSMUSG00000055723	Rras2	IGI
CRE upregulated	GO:0032501	multicellular organismal process	ENSMUSG00000031628	Casp3	IMP, IGI, ISO, IBA, IEA
CRE upregulated	GO:0032501	multicellular organismal process	ENSMUSG00000025408	Ddit3	IDA, IMP, IGI, IEA
CRE upregulated	GO:0032501	multicellular organismal process	ENSMUSG00000040435	Ppp1r15a	ISO
CRE upregulated	GO:0032501	multicellular organismal process	ENSMUSG00000032078	Zpr1	IMP, IBA, IEA
CRE upregulated	GO:0032501	multicellular organismal process	ENSMUSG00000035199	Arl6ip5	IMP
CRE upregulated	GO:0032501	multicellular organismal process	ENSMUSG00000055407	Map6	ISS, ISO, IBA, IEA
CRE upregulated	GO:0032501	multicellular organismal process	ENSMUSG00000001847	Rac1	IDA, IMP, IGI, ISO, IBA, IEA
CRE upregulated	GO:0032501	multicellular organismal process	ENSMUSG00000042121	Ssh1	ISO, IEA
CRE upregulated	GO:0032501	multicellular organismal process	ENSMUSG00000050271	Prag1	ISS, ISO, IEA
CRE upregulated	GO:0032501	multicellular organismal process	ENSMUSG00000030077	Chl1	IDA, IMP, IEA
CRE upregulated	GO:0032501	multicellular organismal process	ENSMUSG00000018909	Arrb1	ISO, IBA, IEA
CRE upregulated	GO:0032501	multicellular organismal process	ENSMUSG00000024349	Sting1	IDA, IMP, ISS, ISO, IBA, IEA
CRE upregulated	GO:0032501	multicellular organismal process	ENSMUSG00000024521	Pmaip1	IMP
CRE upregulated	GO:0032501	multicellular organismal process	ENSMUSG00000053091	Lins1	IEA
CRE upregulated	GO:0032501	multicellular organismal process	ENSMUSG00000026317	Cln8	IMP, ISS, IBA, IEA
CRE upregulated	GO:0032501	multicellular organismal process	ENSMUSG00000061039	Or8b53	ISA, IBA, IEA
CRE upregulated	GO:0032501	multicellular organismal process	ENSMUSG00000044667	Plppr4	ISO, IBA
CRE upregulated	GO:0032501	multicellular organismal process	ENSMUSG00000054008	Ndst1	IMP, IGI
CRE upregulated	GO:0032501	multicellular organismal process	ENSMUSG00000057531	Dtnbp1	IDA, IMP, ISS, ISO, IBA, NAS, IEA
CRE upregulated	GO:0032501	multicellular organismal process	ENSMUSG00000000134	Tfe3	IMP, IGI, IEA
CRE upregulated	GO:0032501	multicellular organismal process	ENSMUSG00000004768	Rab23	IEA
CRE upregulated	GO:0032501	multicellular organismal process	ENSMUSG00000015837	Sqstm1	IMP
CRE upregulated	GO:0032501	multicellular organismal process	ENSMUSG00000022951	Rcan1	IGI
CRE upregulated	GO:0032501	multicellular organismal process	ENSMUSG00000030309	Caprin2	IMP
CRE upregulated	GO:0032501	multicellular organismal process	ENSMUSG00000029131	Dnajb6	IMP
CRE upregulated	GO:0032501	multicellular organismal process	ENSMUSG00000036737	Oxsr1	IEA
CRE upregulated	GO:0032501	multicellular organismal process	ENSMUSG00000037580	Gch1	IMP, ISS, ISO, IEA
CRE upregulated	GO:0032501	multicellular organismal process	ENSMUSG00000023087	Noct	IMP
CRE upregulated	GO:0032501	multicellular organismal process	ENSMUSG00000001627	Ifrd1	IGI
CRE upregulated	GO:0032501	multicellular organismal process	ENSMUSG00000036057	Ptpn23	IEA
CRE upregulated	GO:0032501	multicellular organismal process	ENSMUSG00000015316	Slamf1	IDA, IMP, IBA, IEA
CRE upregulated	GO:0032501	multicellular organismal process	ENSMUSG00000032502	Stac	IMP, IBA
CRE upregulated	GO:0032501	multicellular organismal process	ENSMUSG00000029765	Plxna4	IMP, IGI, IBA
CRE upregulated	GO:0032501	multicellular organismal process	ENSMUSG00000022433	Csnk1e	ISO, IEA
CRE upregulated	GO:0032501	multicellular organismal process	ENSMUSG00000022346	Myc	IDA, IMP, ISS, ISO, IEA
CRE upregulated	GO:0032501	multicellular organismal process	ENSMUSG00000036478	Btg1	ISS, IEA
CRE upregulated	GO:0032501	multicellular organismal process	ENSMUSG00000053113	Socs3	IMP
CRE upregulated	GO:0032501	multicellular organismal process	ENSMUSG00000042246	Tmc7	IMP
CRE upregulated	GO:0032501	multicellular organismal process	ENSMUSG00000036437	Npy1r	IMP, ISO, IEA
CRE upregulated	GO:0032501	multicellular organismal process	ENSMUSG00000030616	Sytl2	IMP
CRE upregulated	GO:0032501	multicellular organismal process	ENSMUSG00000026072	Il1r1	ISS, ISO, IEA
CRE upregulated	GO:0032501	multicellular organismal process	ENSMUSG00000027954	Efna1	IDA, IMP, IGI, IBA, IEA
CRE upregulated	GO:0032501	multicellular organismal process	ENSMUSG00000026247	Ecel1	IMP
CRE upregulated	GO:0032501	multicellular organismal process	ENSMUSG00000055809	Dnaaf3	IMP
CRE upregulated	GO:0032501	multicellular organismal process	ENSMUSG00000024789	Jak2	IDA, IMP, IGI, ISS, ISO, IBA, NAS, IEA
CRE upregulated	GO:0032501	multicellular organismal process	ENSMUSG00000004040	ENSMUSG00000004040	IDA, IMP, IGI, ISS, ISO, IEA
CRE upregulated	GO:0032501	multicellular organismal process	ENSMUSG00000042292	Mrtfa	IGI
CRE upregulated	GO:0032501	multicellular organismal process	ENSMUSG00000025178	Pi4k2a	ISO
CRE upregulated	GO:0032501	multicellular organismal process	ENSMUSG00000022602	Arc	IMP, ISS, ISO, IEA
CRE upregulated	GO:0032501	multicellular organismal process	ENSMUSG00000022555	Dgat1	ISO, IEA
CRE upregulated	GO:0032501	multicellular organismal process	ENSMUSG00000020027	Socs2	IDA, IMP, IGI
CRE upregulated	GO:0032501	multicellular organismal process	ENSMUSG00000103523	2210017I01Rik	IEA
CRE upregulated	GO:0032501	multicellular organismal process	ENSMUSG00000029135	Fosl2	IDA, IMP
CRE upregulated	GO:0032501	multicellular organismal process	ENSMUSG00000054136	Adm2	ISO, IBA, IEA
CRE upregulated	GO:0032501	multicellular organismal process	ENSMUSG00000020395	Itk	IMP, IGI, IBA
CRE upregulated	GO:0032501	multicellular organismal process	ENSMUSG00000047554	Tmem41b	IEA
CRE upregulated	GO:0032501	multicellular organismal process	ENSMUSG00000044017	Adgrd1	IEA
CRE upregulated	GO:0032501	multicellular organismal process	ENSMUSG00000004347	ENSMUSG00000004347	IMP, IGI
CRE upregulated	GO:0032501	multicellular organismal process	ENSMUSG00000018143	Mafk	ISO
CRE upregulated	GO:0032501	multicellular organismal process	ENSMUSG00000029826	Zc3hav1	IDA, IBA
CRE upregulated	GO:0032501	multicellular organismal process	ENSMUSG00000050335	Lgals3	IEA
CRE upregulated	GO:0032501	multicellular organismal process	ENSMUSG00000021209	ENSMUSG00000021209	IMP
CRE upregulated	GO:0032501	multicellular organismal process	ENSMUSG00000024190	Dusp1	IBA, IEA
CRE upregulated	GO:0032501	multicellular organismal process	ENSMUSG00000063919	Srrm4	IMP, IBA
CRE upregulated	GO:0032501	multicellular organismal process	ENSMUSG00000030223	ENSMUSG00000030223	IMP, ISS, ISO, IBA, IEA
CRE upregulated	GO:0032501	multicellular organismal process	ENSMUSG00000027797	Dclk1	IDA, IMP, IGI, IBA, IEA
CRE upregulated	GO:0032501	multicellular organismal process	ENSMUSG00000031960	Aars1	IMP
CRE upregulated	GO:0032501	multicellular organismal process	ENSMUSG00000059866	Tnip2	IMP
CRE upregulated	GO:0032501	multicellular organismal process	ENSMUSG00000003762	Coq8b	IEA
CRE upregulated	GO:0032501	multicellular organismal process	ENSMUSG00000036882	ENSMUSG00000036882	IDA, IMP, ISO, IEA
CRE upregulated	GO:0032501	multicellular organismal process	ENSMUSG00000041594	ENSMUSG00000041594	IMP, IGI
CRE upregulated	GO:0032501	multicellular organismal process	ENSMUSG00000030029	Lrig1	IMP, IGI
CRE upregulated	GO:0032501	multicellular organismal process	ENSMUSG00000026930	Gpsm1	IEA
CRE upregulated	GO:0032501	multicellular organismal process	ENSMUSG00000021360	ENSMUSG00000021360	IMP, IEA
CRE upregulated	GO:0032501	multicellular organismal process	ENSMUSG00000059316	Slc27a4	IEA
CRE upregulated	GO:0032501	multicellular organismal process	ENSMUSG00000024803	Ankrd1	ISO, IEA
CRE upregulated	GO:0032501	multicellular organismal process	ENSMUSG00000031934	ENSMUSG00000031934	IMP, IEA
CRE upregulated	GO:0032501	multicellular organismal process	ENSMUSG00000019188	ENSMUSG00000019188	IMP
CRE upregulated	GO:0032501	multicellular organismal process	ENSMUSG00000023915	Tnfrsf21	IMP, ISO, IBA, IEA
CRE upregulated	GO:0032501	multicellular organismal process	ENSMUSG00000024912	Fosl1	IMP, IEA
CRE upregulated	GO:0032501	multicellular organismal process	ENSMUSG00000024927	Rela	IDA, IMP, ISO, IEA
CRE upregulated	GO:0032501	multicellular organismal process	ENSMUSG00000042608	Stk40	IMP
CRE upregulated	GO:0032501	multicellular organismal process	ENSMUSG00000025793	ENSMUSG00000025793	IEA
CRE upregulated	GO:0032501	multicellular organismal process	ENSMUSG00000038591	Colec10	NAS
CRE upregulated	GO:0032501	multicellular organismal process	ENSMUSG00000027692	Tnik	ISS, ISO, IBA, IEA
CRE upregulated	GO:0032501	multicellular organismal process	ENSMUSG00000050730	Arhgap42	IMP, IGI
CRE upregulated	GO:0032501	multicellular organismal process	ENSMUSG00000055044	Pdlim1	IBA
CRE upregulated	GO:0032501	multicellular organismal process	ENSMUSG00000024238	Zeb1	IDA, IMP, IGI, IEA
CRE upregulated	GO:0032501	multicellular organismal process	ENSMUSG00000026078	Pdcl3	IMP, ISO, IBA, IEA
CRE upregulated	GO:0032501	multicellular organismal process	ENSMUSG00000025279	ENSMUSG00000025279	IDA
CRE upregulated	GO:0032501	multicellular organismal process	ENSMUSG00000024947	Men1	IDA, IMP, IGI, ISO, IEA
CRE upregulated	GO:0032501	multicellular organismal process	ENSMUSG00000067006	ENSMUSG00000067006	IMP
CRE upregulated	GO:0032501	multicellular organismal process	ENSMUSG00000029071	ENSMUSG00000029071	IDA, IMP, IGI, ISO, IEA
CRE upregulated	GO:0032501	multicellular organismal process	ENSMUSG00000036894	Rap2b	IEA
CRE upregulated	GO:0032501	multicellular organismal process	ENSMUSG00000022125	Cln5	IMP, ISS, IEA
CRE upregulated	GO:0032501	multicellular organismal process	ENSMUSG00000044453	Ffar1	IEA
CRE upregulated	GO:0032501	multicellular organismal process	ENSMUSG00000037514	Pank2	IEA
CRE upregulated	GO:0032501	multicellular organismal process	ENSMUSG00000064210	ENSMUSG00000064210	IMP, IEA
CRE upregulated	GO:0032501	multicellular organismal process	ENSMUSG00000032902	Slc16a1	IMP
CRE upregulated	GO:0032501	multicellular organismal process	ENSMUSG00000024777	ENSMUSG00000024777	ISO, IEA
CRE upregulated	GO:0032501	multicellular organismal process	ENSMUSG00000035594	Chrna5	ISO, IEA
CRE upregulated	GO:0032501	multicellular organismal process	ENSMUSG00000024335	Brd2	IDA, IMP, IEA
CRE upregulated	GO:0032501	multicellular organismal process	ENSMUSG00000026074	Map4k4	IEA
CRE upregulated	GO:0032501	multicellular organismal process	ENSMUSG00000048047	Zbtb33	IBA
CRE upregulated	GO:0032501	multicellular organismal process	ENSMUSG00000025485	ENSMUSG00000025485	IMP
CRE upregulated	GO:0032501	multicellular organismal process	ENSMUSG00000027919	Lce1g	IEA
CRE upregulated	GO:0032501	multicellular organismal process	ENSMUSG00000031168	ENSMUSG00000031168	IEA
CRE upregulated	GO:0032501	multicellular organismal process	ENSMUSG00000037876	Jmjd1c	IMP
CRE upregulated	GO:0032501	multicellular organismal process	ENSMUSG00000022526	Zfp251	IMP
CRE upregulated	GO:0032501	multicellular organismal process	ENSMUSG00000071637	Cebpd	IDA
CRE upregulated	GO:0032501	multicellular organismal process	ENSMUSG00000066441	ENSMUSG00000066441	IMP
CRE upregulated	GO:0032501	multicellular organismal process	ENSMUSG00000025162	ENSMUSG00000025162	IGI
CRE upregulated	GO:0032501	multicellular organismal process	ENSMUSG00000010660	Plcd1	IGI
CRE upregulated	GO:0032501	multicellular organismal process	ENSMUSG00000052921	Arhgef15	IDA, IMP
CRE upregulated	GO:0032501	multicellular organismal process	ENSMUSG00000031278	ENSMUSG00000031278	IMP, ISO, IBA
CRE upregulated	GO:0032501	multicellular organismal process	ENSMUSG00000031668	ENSMUSG00000031668	IEA
CRE upregulated	GO:0032501	multicellular organismal process	ENSMUSG00000053175	Bcl3	IMP, IEA
CRE upregulated	GO:0032501	multicellular organismal process	ENSMUSG00000068739	ENSMUSG00000068739	ISS, IEA
CRE upregulated	GO:0032501	multicellular organismal process	ENSMUSG00000030199	Etv6	IMP
CRE upregulated	GO:0032501	multicellular organismal process	ENSMUSG00000037815	Ctnna1	IMP, IGI, IEA
CRE upregulated	GO:0032501	multicellular organismal process	ENSMUSG00000003154	Foxj2	IEA
CRE upregulated	GO:0032501	multicellular organismal process	ENSMUSG00000020349	ENSMUSG00000020349	IMP, IEA
CRE upregulated	GO:0032501	multicellular organismal process	ENSMUSG00000024517	Grp	IDA, IMP, ISO, IEA
CRE upregulated	GO:0032501	multicellular organismal process	ENSMUSG00000040118	ENSMUSG00000040118	ISS, IEA
CRE upregulated	GO:0032501	multicellular organismal process	ENSMUSG00000025340	Rabgef1	IMP
CRE upregulated	GO:0032501	multicellular organismal process	ENSMUSG00000039108	ENSMUSG00000039108	IMP
CRE upregulated	GO:0032501	multicellular organismal process	ENSMUSG00000029752	ENSMUSG00000029752	IEA
CRE upregulated	GO:0032501	multicellular organismal process	ENSMUSG00000021587	Pcsk1	IEA
CRE upregulated	GO:0032501	multicellular organismal process	ENSMUSG00000028599	Tnfrsf1b	IMP, IGI, IBA
CRE upregulated	GO:0032501	multicellular organismal process	ENSMUSG00000004530	ENSMUSG00000004530	IMP, IEA
CRE upregulated	GO:0032501	multicellular organismal process	ENSMUSG00000044147	Arf6	IMP, ISO, IBA, IEA
CRE upregulated	GO:0032501	multicellular organismal process	ENSMUSG00000027605	Acss2	IMP
CRE upregulated	GO:0032501	multicellular organismal process	ENSMUSG00000036180	ENSMUSG00000036180	IMP
CRE upregulated	GO:0032501	multicellular organismal process	ENSMUSG00000011877	Git1	IMP, ISO, IBA, IEA
CRE upregulated	GO:0032501	multicellular organismal process	ENSMUSG00000024270	ENSMUSG00000024270	ISS, IEA
CRE upregulated	GO:0032501	multicellular organismal process	ENSMUSG00000040046	Tph1	IGI, ISO, IEA
CRE upregulated	GO:0032501	multicellular organismal process	ENSMUSG00000039985	Sinhcaf	NAS
CRE upregulated	GO:0032501	multicellular organismal process	ENSMUSG00000031937	ENSMUSG00000031937	IMP, IEP, IBA
CRE upregulated	GO:0032501	multicellular organismal process	ENSMUSG00000052512	ENSMUSG00000052512	IMP, ISO, IEA
CRE upregulated	GO:0032501	multicellular organismal process	ENSMUSG00000009566	Fpgs	IEA
CRE upregulated	GO:0032501	multicellular organismal process	ENSMUSG00000059991	ENSMUSG00000059991	IMP
CRE upregulated	GO:0032501	multicellular organismal process	ENSMUSG00000008435	Rdh13	IMP
CRE upregulated	GO:0032501	multicellular organismal process	ENSMUSG00000062234	ENSMUSG00000062234	IEA
CRE upregulated	GO:0032501	multicellular organismal process	ENSMUSG00000052837	ENSMUSG00000052837	IDA, IMP
CRE upregulated	GO:0032501	multicellular organismal process	ENSMUSG00000047281	ENSMUSG00000047281	IMP
CRE upregulated	GO:0032501	multicellular organismal process	ENSMUSG00000025351	Cd63	ISO
CRE upregulated	GO:0032501	multicellular organismal process	ENSMUSG00000021796	Bmpr1a	IDA, IMP, IGI, IBA, IEA
CRE upregulated	GO:0032501	multicellular organismal process	ENSMUSG00000049649	Gpr3	IMP
CRE upregulated	GO:0032501	multicellular organismal process	ENSMUSG00000019842	ENSMUSG00000019842	IDA, IMP
CRE upregulated	GO:0032501	multicellular organismal process	ENSMUSG00000024750	ENSMUSG00000024750	IMP
CRE upregulated	GO:0032501	multicellular organismal process	ENSMUSG00000070056	ENSMUSG00000070056	ISS, IEA
CRE upregulated	GO:0032501	multicellular organismal process	ENSMUSG00000027465	Tbc1d20	IMP
CRE upregulated	GO:0032501	multicellular organismal process	ENSMUSG00000045763	ENSMUSG00000045763	IDA
CRE upregulated	GO:0032501	multicellular organismal process	ENSMUSG00000037860	Aim2	IDA, IMP, IGI, ISO, IEA
CRE upregulated	GO:0032501	multicellular organismal process	ENSMUSG00000020250	ENSMUSG00000020250	IMP
CRE upregulated	GO:0032501	multicellular organismal process	ENSMUSG00000028434	Epb41l4b	IEA
CRE upregulated	GO:0032501	multicellular organismal process	ENSMUSG00000039191	Rbpj	IMP, IGI, TAS, IEA
CRE upregulated	GO:0032501	multicellular organismal process	ENSMUSG00000022270	ENSMUSG00000022270	ISS, IEA
CRE upregulated	GO:0032501	multicellular organismal process	ENSMUSG00000019256	ENSMUSG00000019256	IEA
CRE upregulated	GO:0032501	multicellular organismal process	ENSMUSG00000022656	ENSMUSG00000022656	IDA, IMP
CRE upregulated	GO:0032501	multicellular organismal process	ENSMUSG00000039844	ENSMUSG00000039844	IMP, ISO, IEA
CRE upregulated	GO:0032501	multicellular organismal process	ENSMUSG00000035725	ENSMUSG00000035725	IMP, ISS, IEA
CRE upregulated	GO:0032501	multicellular organismal process	ENSMUSG00000001552	ENSMUSG00000001552	IEA
CRE upregulated	GO:0032501	multicellular organismal process	ENSMUSG00000040010	Slc7a5	ISO, IEA
CRE upregulated	GO:0032501	multicellular organismal process	ENSMUSG00000020671	ENSMUSG00000020671	ISS, ISO
CRE upregulated	GO:0032501	multicellular organismal process	ENSMUSG00000004099	ENSMUSG00000004099	IEA
CRE upregulated	GO:0032501	multicellular organismal process	ENSMUSG00000022858	ENSMUSG00000022858	IMP
CRE upregulated	GO:0032501	multicellular organismal process	ENSMUSG00000027997	Casp6	ISO
CRE upregulated	GO:0032501	multicellular organismal process	ENSMUSG00000058354	Krt6a	IGI, IBA
CRE upregulated	GO:0032501	multicellular organismal process	ENSMUSG00000061947	ENSMUSG00000061947	IEA
CRE upregulated	GO:0032501	multicellular organismal process	ENSMUSG00000020594	ENSMUSG00000020594	IDA, ISO, IEA
CRE upregulated	GO:0032501	multicellular organismal process	ENSMUSG00000011256	ENSMUSG00000011256	IMP
CRE upregulated	GO:0032501	multicellular organismal process	ENSMUSG00000000787	ENSMUSG00000000787	ISS
CRE upregulated	GO:0032501	multicellular organismal process	ENSMUSG00000008859	ENSMUSG00000008859	IMP
CRE upregulated	GO:0032501	multicellular organismal process	ENSMUSG00000008730	Hipk1	IMP, IGI
CRE upregulated	GO:0032501	multicellular organismal process	ENSMUSG00000054934	Kcnmb4	ISS, IEA
CRE upregulated	GO:0032501	multicellular organismal process	ENSMUSG00000022948	Setd4	IDA
CRE upregulated	GO:0032501	multicellular organismal process	ENSMUSG00000022094	ENSMUSG00000022094	IMP
CRE upregulated	GO:0032501	multicellular organismal process	ENSMUSG00000038676	Ucn	IMP, ISO, IBA, IEA
CRE upregulated	GO:0032501	multicellular organismal process	ENSMUSG00000059743	ENSMUSG00000059743	ISO
CRE upregulated	GO:0032501	multicellular organismal process	ENSMUSG00000038467	ENSMUSG00000038467	IEA
CRE upregulated	GO:0032501	multicellular organismal process	ENSMUSG00000066595	ENSMUSG00000066595	IMP, ISO, IBA, IEA
CRE upregulated	GO:0032501	multicellular organismal process	ENSMUSG00000020097	ENSMUSG00000020097	IMP
CRE upregulated	GO:0032501	multicellular organismal process	ENSMUSG00000042185	ENSMUSG00000042185	IMP
CRE upregulated	GO:0032501	multicellular organismal process	ENSMUSG00000028826	ENSMUSG00000028826	IEP
CRE upregulated	GO:0032501	multicellular organismal process	ENSMUSG00000032508	Myd88	IMP, IGI, ISS, IEA
CRE upregulated	GO:0032501	multicellular organismal process	ENSMUSG00000028370	Pappa	IEA
CRE upregulated	GO:0032501	multicellular organismal process	ENSMUSG00000026864	ENSMUSG00000026864	IMP, ISO, TAS
CRE upregulated	GO:0032501	multicellular organismal process	ENSMUSG00000021072	Tmx1	IMP, IEA
CRE upregulated	GO:0032501	multicellular organismal process	ENSMUSG00000002633	Shh	IDA, IMP, IGI, ISO, IBA, TAS, IEA
CRE upregulated	GO:0032501	multicellular organismal process	ENSMUSG00000032462	ENSMUSG00000032462	IMP, IEA
CRE upregulated	GO:0032501	multicellular organismal process	ENSMUSG00000004270	ENSMUSG00000004270	IMP
CRE upregulated	GO:0032501	multicellular organismal process	ENSMUSG00000027944	Hax1	IEA
CRE upregulated	GO:0032501	multicellular organismal process	ENSMUSG00000039671	ENSMUSG00000039671	ISO, IEA
CRE upregulated	GO:0032501	multicellular organismal process	ENSMUSG00000005089	Slc1a2	IMP
CRE upregulated	GO:0032501	multicellular organismal process	ENSMUSG00000029145	ENSMUSG00000029145	ISS, IEA
CRE upregulated	GO:0032501	multicellular organismal process	ENSMUSG00000067586	ENSMUSG00000067586	IMP, IEA
CRE upregulated	GO:0032501	multicellular organismal process	ENSMUSG00000056050	ENSMUSG00000056050	IEA
CRE upregulated	GO:0032501	multicellular organismal process	ENSMUSG00000063952	Brpf3	NAS
CRE upregulated	GO:0032501	multicellular organismal process	ENSMUSG00000028291	ENSMUSG00000028291	IDA, IMP
CRE upregulated	GO:0032501	multicellular organismal process	ENSMUSG00000037411	Serpine1	IEA
CRE upregulated	GO:0032501	multicellular organismal process	ENSMUSG00000032786	ENSMUSG00000032786	IBA
CRE upregulated	GO:0032501	multicellular organismal process	ENSMUSG00000020340	ENSMUSG00000020340	IMP, IBA, IEA
CRE upregulated	GO:0032501	multicellular organismal process	ENSMUSG00000028382	ENSMUSG00000028382	IEA
CRE upregulated	GO:0032501	multicellular organismal process	ENSMUSG00000037465	Klf10	IDA, IMP
CRE upregulated	GO:0032501	multicellular organismal process	ENSMUSG00000024613	ENSMUSG00000024613	ISS, IEA
CRE upregulated	GO:0032501	multicellular organismal process	ENSMUSG00000023277	ENSMUSG00000023277	IBA, IEA
CRE upregulated	GO:0032501	multicellular organismal process	ENSMUSG00000019843	ENSMUSG00000019843	IMP, IGI, TAS, IEA
CRE upregulated	GO:0032501	multicellular organismal process	ENSMUSG00000027646	ENSMUSG00000027646	IDA, IMP, IGI, ISO, IEA
CRE upregulated	GO:0032501	multicellular organismal process	ENSMUSG00000021340	ENSMUSG00000021340	IEA
CRE upregulated	GO:0032501	multicellular organismal process	ENSMUSG00000004698	ENSMUSG00000004698	IEA
CRE upregulated	GO:0032501	multicellular organismal process	ENSMUSG00000032501	Trib1	IMP
CRE upregulated	GO:0032501	multicellular organismal process	ENSMUSG00000053825	ENSMUSG00000053825	IEA
CRE upregulated	GO:0032501	multicellular organismal process	ENSMUSG00000047261	ENSMUSG00000047261	IMP, ISO, IBA, IEA
CRE upregulated	GO:0032501	multicellular organismal process	ENSMUSG00000031073	Fgf15	IMP
CRE upregulated	GO:0032501	multicellular organismal process	ENSMUSG00000027433	ENSMUSG00000027433	IEA
CRE upregulated	GO:0032501	multicellular organismal process	ENSMUSG00000038205	ENSMUSG00000038205	IGI
CRE upregulated	GO:0032501	multicellular organismal process	ENSMUSG00000015839	Nfe2l2	IMP, IGI, ISO, IEA
CRE upregulated	GO:0032501	multicellular organismal process	ENSMUSG00000049550	ENSMUSG00000049550	ISO
CRE upregulated	GO:0032501	multicellular organismal process	ENSMUSG00000034145	ENSMUSG00000034145	ISS, ISO, IEA
CRE upregulated	GO:0032501	multicellular organismal process	ENSMUSG00000021477	ENSMUSG00000021477	IMP, IGI, ISS
CRE upregulated	GO:0032501	multicellular organismal process	ENSMUSG00000000627	ENSMUSG00000000627	ISO, IBA, IEA
CRE upregulated	GO:0032501	multicellular organismal process	ENSMUSG00000074656	Eif2s2	IMP
CRE upregulated	GO:0032501	multicellular organismal process	ENSMUSG00000034390	ENSMUSG00000034390	IMP
CRE upregulated	GO:0032501	multicellular organismal process	ENSMUSG00000024907	Gal	IDA, IMP, ISO, IEA
CRE upregulated	GO:0032501	multicellular organismal process	ENSMUSG00000069227	ENSMUSG00000069227	IDA, IBA
CRE upregulated	GO:0032501	multicellular organismal process	ENSMUSG00000031751	ENSMUSG00000031751	IEA
CRE upregulated	GO:0032501	multicellular organismal process	ENSMUSG00000054204	ENSMUSG00000054204	ISS, IEA
CRE upregulated	GO:0032501	multicellular organismal process	ENSMUSG00000053797	ENSMUSG00000053797	IDA, IEA
CRE upregulated	GO:0032501	multicellular organismal process	ENSMUSG00000003541	ENSMUSG00000003541	IMP
CRE upregulated	GO:0032501	multicellular organismal process	ENSMUSG00000029475	ENSMUSG00000029475	IDA, IMP
CRE upregulated	GO:0010604	positive regulation of macromolecule metabolic process	ENSMUSG00000026628	Atf3	IMP, IGI, ISO, IEA
CRE upregulated	GO:0010604	positive regulation of macromolecule metabolic process	ENSMUSG00000052684	Jun	IDA, IMP, IGI, ISS, ISO
CRE upregulated	GO:0010604	positive regulation of macromolecule metabolic process	ENSMUSG00000063632	Sox11	IDA, IMP, ISO, IBA, IEA
CRE upregulated	GO:0010604	positive regulation of macromolecule metabolic process	ENSMUSG00000031574	Star	ISO, IEA
CRE upregulated	GO:0010604	positive regulation of macromolecule metabolic process	ENSMUSG00000004951	Hspb1	IDA
CRE upregulated	GO:0010604	positive regulation of macromolecule metabolic process	ENSMUSG00000025473	Adam8	IDA, IMP, IBA, IEA
CRE upregulated	GO:0010604	positive regulation of macromolecule metabolic process	ENSMUSG00000056749	Nfil3	IDA, IMP
CRE upregulated	GO:0010604	positive regulation of macromolecule metabolic process	ENSMUSG00000024143	Rhoq	IEA
CRE upregulated	GO:0010604	positive regulation of macromolecule metabolic process	ENSMUSG00000022895	Ets2	ISO, IEA
CRE upregulated	GO:0010604	positive regulation of macromolecule metabolic process	ENSMUSG00000019876	Pkib	IEA
CRE upregulated	GO:0010604	positive regulation of macromolecule metabolic process	ENSMUSG00000037447	Arid5a	IDA, IMP, IGI, ISS, IEA
CRE upregulated	GO:0010604	positive regulation of macromolecule metabolic process	ENSMUSG00000030748	Il4ra	IMP
CRE upregulated	GO:0010604	positive regulation of macromolecule metabolic process	ENSMUSG00000032515	Csrnp1	IDA
CRE upregulated	GO:0010604	positive regulation of macromolecule metabolic process	ENSMUSG00000025089	Gfra1	ISO, IEA
CRE upregulated	GO:0010604	positive regulation of macromolecule metabolic process	ENSMUSG00000014599	Csf1	IDA, IEA
CRE upregulated	GO:0010604	positive regulation of macromolecule metabolic process	ENSMUSG00000025612	Bach1	IDA
CRE upregulated	GO:0010604	positive regulation of macromolecule metabolic process	ENSMUSG00000020427	Igfbp3	ISO
CRE upregulated	GO:0010604	positive regulation of macromolecule metabolic process	ENSMUSG00000024404	Riok3	IEA
CRE upregulated	GO:0010604	positive regulation of macromolecule metabolic process	ENSMUSG00000000078	Klf6	IEA
CRE upregulated	GO:0010604	positive regulation of macromolecule metabolic process	ENSMUSG00000030272	Camk1	ISS, IEA
CRE upregulated	GO:0010604	positive regulation of macromolecule metabolic process	ENSMUSG00000001542	Ell2	ISO, IBA
CRE upregulated	GO:0010604	positive regulation of macromolecule metabolic process	ENSMUSG00000031681	Smad1	IDA, IMP, IGI, IEA
CRE upregulated	GO:0010604	positive regulation of macromolecule metabolic process	ENSMUSG00000035673	Sbno2	IMP, IBA
CRE upregulated	GO:0010604	positive regulation of macromolecule metabolic process	ENSMUSG00000033060	Lmo7	IDA, ISS, ISO
CRE upregulated	GO:0010604	positive regulation of macromolecule metabolic process	ENSMUSG00000003644	Rps6ka1	ISO, IBA, IEA
CRE upregulated	GO:0010604	positive regulation of macromolecule metabolic process	ENSMUSG00000029378	Areg	IDA
CRE upregulated	GO:0010604	positive regulation of macromolecule metabolic process	ENSMUSG00000005087	Cd44	IEA
CRE upregulated	GO:0010604	positive regulation of macromolecule metabolic process	ENSMUSG00000026836	Acvr1	IMP, IEA
CRE upregulated	GO:0010604	positive regulation of macromolecule metabolic process	ENSMUSG00000026670	Uap1	IEA
CRE upregulated	GO:0010604	positive regulation of macromolecule metabolic process	ENSMUSG00000048482	Bdnf	IMP, ISO, IEA
CRE upregulated	GO:0010604	positive regulation of macromolecule metabolic process	ENSMUSG00000024256	Adcyap1	IDA, ISS, ISO, IEA
CRE upregulated	GO:0010604	positive regulation of macromolecule metabolic process	ENSMUSG00000034832	Tet3	ISS, IBA, IEA
CRE upregulated	GO:0010604	positive regulation of macromolecule metabolic process	ENSMUSG00000002250	Ppard	IMP, ISS, IBA, IEA
CRE upregulated	GO:0010604	positive regulation of macromolecule metabolic process	ENSMUSG00000038894	Irs2	IEA
CRE upregulated	GO:0010604	positive regulation of macromolecule metabolic process	ENSMUSG00000026796	Niban2	IEA
CRE upregulated	GO:0010604	positive regulation of macromolecule metabolic process	ENSMUSG00000027540	Ptpn1	IMP, IEA
CRE upregulated	GO:0010604	positive regulation of macromolecule metabolic process	ENSMUSG00000043895	S1pr2	IMP, IEA
CRE upregulated	GO:0010604	positive regulation of macromolecule metabolic process	ENSMUSG00000022661	Cd200	IEA
CRE upregulated	GO:0010604	positive regulation of macromolecule metabolic process	ENSMUSG00000028063	Lmna	IMP
CRE upregulated	GO:0010604	positive regulation of macromolecule metabolic process	ENSMUSG00000030678	Maz	IEA
CRE upregulated	GO:0010604	positive regulation of macromolecule metabolic process	ENSMUSG00000053436	Mapk14	IMP, ISO, IEA
CRE upregulated	GO:0010604	positive regulation of macromolecule metabolic process	ENSMUSG00000025809	Itgb1	ISO
CRE upregulated	GO:0010604	positive regulation of macromolecule metabolic process	ENSMUSG00000040025	Ythdf2	IMP, ISS, IBA, IEA
CRE upregulated	GO:0010604	positive regulation of macromolecule metabolic process	ENSMUSG00000011008	Mcoln2	IMP
CRE upregulated	GO:0010604	positive regulation of macromolecule metabolic process	ENSMUSG00000048490	Nrip1	IBA, IEA
CRE upregulated	GO:0010604	positive regulation of macromolecule metabolic process	ENSMUSG00000013089	Etv5	IDA, IEA
CRE upregulated	GO:0010604	positive regulation of macromolecule metabolic process	ENSMUSG00000025139	Tollip	ISO, IEA
CRE upregulated	GO:0010604	positive regulation of macromolecule metabolic process	ENSMUSG00000025746	Il6	IDA, IMP, IGI, ISO
CRE upregulated	GO:0010604	positive regulation of macromolecule metabolic process	ENSMUSG00000032231	Anxa2	IDA, IMP, ISO, IEA
CRE upregulated	GO:0010604	positive regulation of macromolecule metabolic process	ENSMUSG00000022607	Ptk2	IMP, ISS
CRE upregulated	GO:0010604	positive regulation of macromolecule metabolic process	ENSMUSG00000055994	Nod2	IDA, IMP, IGI, ISS, ISO, IEA
CRE upregulated	GO:0010604	positive regulation of macromolecule metabolic process	ENSMUSG00000024014	Pim1	IMP
CRE upregulated	GO:0010604	positive regulation of macromolecule metabolic process	ENSMUSG00000027293	Ehd4	ISO, IEA
CRE upregulated	GO:0010604	positive regulation of macromolecule metabolic process	ENSMUSG00000020580	Rock2	IEA
CRE upregulated	GO:0010604	positive regulation of macromolecule metabolic process	ENSMUSG00000063889	Crem	IGI
CRE upregulated	GO:0010604	positive regulation of macromolecule metabolic process	ENSMUSG00000027613	Eif6	IMP
CRE upregulated	GO:0010604	positive regulation of macromolecule metabolic process	ENSMUSG00000042406	Atf4	IDA, IMP, IGI, ISS, ISO, IEA
CRE upregulated	GO:0010604	positive regulation of macromolecule metabolic process	ENSMUSG00000020271	Fbxw11	IMP, ISS
CRE upregulated	GO:0010604	positive regulation of macromolecule metabolic process	ENSMUSG00000020838	Slc6a4	IMP
CRE upregulated	GO:0010604	positive regulation of macromolecule metabolic process	ENSMUSG00000029641	Rasl11a	IDA
CRE upregulated	GO:0010604	positive regulation of macromolecule metabolic process	ENSMUSG00000001507	Itga3	ISO, IEA
CRE upregulated	GO:0010604	positive regulation of macromolecule metabolic process	ENSMUSG00000031628	Casp3	ISS, ISO, IEA
CRE upregulated	GO:0010604	positive regulation of macromolecule metabolic process	ENSMUSG00000025408	Ddit3	IDA, IMP, IGI, ISO, NAS, IEA
CRE upregulated	GO:0010604	positive regulation of macromolecule metabolic process	ENSMUSG00000040435	Ppp1r15a	IDA, ISO
CRE upregulated	GO:0010604	positive regulation of macromolecule metabolic process	ENSMUSG00000032078	Zpr1	IMP, ISS, IBA, IEA
CRE upregulated	GO:0010604	positive regulation of macromolecule metabolic process	ENSMUSG00000001847	Rac1	ISS, ISO
CRE upregulated	GO:0010604	positive regulation of macromolecule metabolic process	ENSMUSG00000018909	Arrb1	IMP, ISS, ISO, IEA
CRE upregulated	GO:0010604	positive regulation of macromolecule metabolic process	ENSMUSG00000020248	Nfyb	IDA, ISO, IEA
CRE upregulated	GO:0010604	positive regulation of macromolecule metabolic process	ENSMUSG00000024349	Sting1	IDA, IMP, ISS, ISO, IBA, IEA
CRE upregulated	GO:0010604	positive regulation of macromolecule metabolic process	ENSMUSG00000030057	Cnbp	IDA, IBA, IEA
CRE upregulated	GO:0010604	positive regulation of macromolecule metabolic process	ENSMUSG00000033955	Tnks1bp1	IEA
CRE upregulated	GO:0010604	positive regulation of macromolecule metabolic process	ENSMUSG00000057531	Dtnbp1	IDA, ISO
CRE upregulated	GO:0010604	positive regulation of macromolecule metabolic process	ENSMUSG00000000134	Tfe3	IDA, IMP, IEA
CRE upregulated	GO:0010604	positive regulation of macromolecule metabolic process	ENSMUSG00000015837	Sqstm1	ISO
CRE upregulated	GO:0010604	positive regulation of macromolecule metabolic process	ENSMUSG00000028901	Gmeb1	IDA
CRE upregulated	GO:0010604	positive regulation of macromolecule metabolic process	ENSMUSG00000037580	Gch1	ISO, IEA
CRE upregulated	GO:0010604	positive regulation of macromolecule metabolic process	ENSMUSG00000023087	Noct	IMP, IGI
CRE upregulated	GO:0010604	positive regulation of macromolecule metabolic process	ENSMUSG00000001627	Ifrd1	ISO
CRE upregulated	GO:0010604	positive regulation of macromolecule metabolic process	ENSMUSG00000015316	Slamf1	IDA, IBA
CRE upregulated	GO:0010604	positive regulation of macromolecule metabolic process	ENSMUSG00000022433	Csnk1e	IMP, ISO, IBA, IEA
CRE upregulated	GO:0010604	positive regulation of macromolecule metabolic process	ENSMUSG00000022346	Myc	IDA, IMP, ISS, ISO, IEA
CRE upregulated	GO:0010604	positive regulation of macromolecule metabolic process	ENSMUSG00000026072	Il1r1	ISS, IEA
CRE upregulated	GO:0010604	positive regulation of macromolecule metabolic process	ENSMUSG00000027954	Efna1	IEA
CRE upregulated	GO:0010604	positive regulation of macromolecule metabolic process	ENSMUSG00000024789	Jak2	IDA, IGI, ISS, ISO, NAS, IEA
CRE upregulated	GO:0010604	positive regulation of macromolecule metabolic process	ENSMUSG00000004040	ENSMUSG00000004040	IDA, IMP, IGI, ISO, IEA
CRE upregulated	GO:0010604	positive regulation of macromolecule metabolic process	ENSMUSG00000042292	Mrtfa	IDA, ISS, IBA, IEA
CRE upregulated	GO:0010604	positive regulation of macromolecule metabolic process	ENSMUSG00000061589	Dot1l	ISO, IEA
CRE upregulated	GO:0010604	positive regulation of macromolecule metabolic process	ENSMUSG00000109511	Nup62	IEA
CRE upregulated	GO:0010604	positive regulation of macromolecule metabolic process	ENSMUSG00000029135	Fosl2	IDA, ISO, IEA
CRE upregulated	GO:0010604	positive regulation of macromolecule metabolic process	ENSMUSG00000054136	Adm2	IEA
CRE upregulated	GO:0010604	positive regulation of macromolecule metabolic process	ENSMUSG00000020395	Itk	IMP
CRE upregulated	GO:0010604	positive regulation of macromolecule metabolic process	ENSMUSG00000029826	Zc3hav1	IDA, ISS, ISO, IBA, IEA
CRE upregulated	GO:0010604	positive regulation of macromolecule metabolic process	ENSMUSG00000020358	Hnrnpab	IDA, ISO, IEA
CRE upregulated	GO:0010604	positive regulation of macromolecule metabolic process	ENSMUSG00000059866	Tnip2	ISS, IEA
CRE upregulated	GO:0010604	positive regulation of macromolecule metabolic process	ENSMUSG00000017615	Tnfaip1	ISO, IEA
CRE upregulated	GO:0010604	positive regulation of macromolecule metabolic process	ENSMUSG00000040033	ENSMUSG00000040033	IEA
CRE upregulated	GO:0010604	positive regulation of macromolecule metabolic process	ENSMUSG00000024803	Ankrd1	IEA
CRE upregulated	GO:0010604	positive regulation of macromolecule metabolic process	ENSMUSG00000031934	ENSMUSG00000031934	IMP, IEA
CRE upregulated	GO:0010604	positive regulation of macromolecule metabolic process	ENSMUSG00000024912	Fosl1	ISO, IEA
CRE upregulated	GO:0010604	positive regulation of macromolecule metabolic process	ENSMUSG00000024927	Rela	IDA, IMP, ISS, ISO, IBA, TAS, IEA
CRE upregulated	GO:0010604	positive regulation of macromolecule metabolic process	ENSMUSG00000025793	ENSMUSG00000025793	IEA
CRE upregulated	GO:0010604	positive regulation of macromolecule metabolic process	ENSMUSG00000003435	ENSMUSG00000003435	ISO, IEA
CRE upregulated	GO:0010604	positive regulation of macromolecule metabolic process	ENSMUSG00000055044	Pdlim1	IEA
CRE upregulated	GO:0010604	positive regulation of macromolecule metabolic process	ENSMUSG00000024238	Zeb1	IDA, IGI, ISO, IEA
CRE upregulated	GO:0010604	positive regulation of macromolecule metabolic process	ENSMUSG00000026078	Pdcl3	IMP, IBA, IEA
CRE upregulated	GO:0010604	positive regulation of macromolecule metabolic process	ENSMUSG00000024947	Men1	IDA, IMP, IGI, ISO, IEA
CRE upregulated	GO:0010604	positive regulation of macromolecule metabolic process	ENSMUSG00000029071	ENSMUSG00000029071	IDA, IEA
CRE upregulated	GO:0010604	positive regulation of macromolecule metabolic process	ENSMUSG00000036894	Rap2b	IDA, IEA
CRE upregulated	GO:0010604	positive regulation of macromolecule metabolic process	ENSMUSG00000040433	Zbtb38	ISO
CRE upregulated	GO:0010604	positive regulation of macromolecule metabolic process	ENSMUSG00000032715	Trib3	IDA, IBA, TAS, IC
CRE upregulated	GO:0010604	positive regulation of macromolecule metabolic process	ENSMUSG00000024777	ENSMUSG00000024777	ISO, IEA
CRE upregulated	GO:0010604	positive regulation of macromolecule metabolic process	ENSMUSG00000028466	Creb3	IEA
CRE upregulated	GO:0010604	positive regulation of macromolecule metabolic process	ENSMUSG00000071637	Cebpd	IDA, ISO, IEA
CRE upregulated	GO:0010604	positive regulation of macromolecule metabolic process	ENSMUSG00000025162	ENSMUSG00000025162	IMP, IBA, IEA
CRE upregulated	GO:0010604	positive regulation of macromolecule metabolic process	ENSMUSG00000015776	Med22	NAS
CRE upregulated	GO:0010604	positive regulation of macromolecule metabolic process	ENSMUSG00000031668	ENSMUSG00000031668	IEA
CRE upregulated	GO:0010604	positive regulation of macromolecule metabolic process	ENSMUSG00000053175	Bcl3	IDA, IMP, IBA, IEA
CRE upregulated	GO:0010604	positive regulation of macromolecule metabolic process	ENSMUSG00000059796	Eif4a1	ISS, IEA
CRE upregulated	GO:0010604	positive regulation of macromolecule metabolic process	ENSMUSG00000032599	ENSMUSG00000032599	IMP
CRE upregulated	GO:0010604	positive regulation of macromolecule metabolic process	ENSMUSG00000030199	Etv6	IDA
CRE upregulated	GO:0010604	positive regulation of macromolecule metabolic process	ENSMUSG00000003154	Foxj2	IEA
CRE upregulated	GO:0010604	positive regulation of macromolecule metabolic process	ENSMUSG00000028599	Tnfrsf1b	IMP, IBA, IEA
CRE upregulated	GO:0010604	positive regulation of macromolecule metabolic process	ENSMUSG00000027605	Acss2	IEA
CRE upregulated	GO:0010604	positive regulation of macromolecule metabolic process	ENSMUSG00000036180	ENSMUSG00000036180	NAS
CRE upregulated	GO:0010604	positive regulation of macromolecule metabolic process	ENSMUSG00000011877	Git1	ISO
CRE upregulated	GO:0010604	positive regulation of macromolecule metabolic process	ENSMUSG00000055491	ENSMUSG00000055491	IBA
CRE upregulated	GO:0010604	positive regulation of macromolecule metabolic process	ENSMUSG00000052837	ENSMUSG00000052837	IMP, IEA
CRE upregulated	GO:0010604	positive regulation of macromolecule metabolic process	ENSMUSG00000028840	Zfp593	IEA
CRE upregulated	GO:0010604	positive regulation of macromolecule metabolic process	ENSMUSG00000021796	Bmpr1a	IDA, IMP, IEA
CRE upregulated	GO:0010604	positive regulation of macromolecule metabolic process	ENSMUSG00000019842	ENSMUSG00000019842	IDA, IMP
CRE upregulated	GO:0010604	positive regulation of macromolecule metabolic process	ENSMUSG00000029110	ENSMUSG00000029110	IDA, ISS, ISO, IBA, IEA
CRE upregulated	GO:0010604	positive regulation of macromolecule metabolic process	ENSMUSG00000021890	ENSMUSG00000021890	ISO
CRE upregulated	GO:0010604	positive regulation of macromolecule metabolic process	ENSMUSG00000037860	Aim2	IDA, IMP, IGI, ISO, IEA
CRE upregulated	GO:0010604	positive regulation of macromolecule metabolic process	ENSMUSG00000028434	Epb41l4b	IEA
CRE upregulated	GO:0010604	positive regulation of macromolecule metabolic process	ENSMUSG00000039191	Rbpj	IDA, IMP, IGI, ISS, ISO, IEA
CRE upregulated	GO:0010604	positive regulation of macromolecule metabolic process	ENSMUSG00000019256	ENSMUSG00000019256	IEA
CRE upregulated	GO:0010604	positive regulation of macromolecule metabolic process	ENSMUSG00000019763	ENSMUSG00000019763	ISS, IBA, IEA
CRE upregulated	GO:0010604	positive regulation of macromolecule metabolic process	ENSMUSG00000051316	Taf7	ISS, ISO, NAS, IEA
CRE upregulated	GO:0010604	positive regulation of macromolecule metabolic process	ENSMUSG00000001552	ENSMUSG00000001552	IBA
CRE upregulated	GO:0010604	positive regulation of macromolecule metabolic process	ENSMUSG00000040010	Slc7a5	IEA
CRE upregulated	GO:0010604	positive regulation of macromolecule metabolic process	ENSMUSG00000040463	ENSMUSG00000040463	ISO, NAS, IEA
CRE upregulated	GO:0010604	positive regulation of macromolecule metabolic process	ENSMUSG00000004099	ENSMUSG00000004099	IEA
CRE upregulated	GO:0010604	positive regulation of macromolecule metabolic process	ENSMUSG00000022858	ENSMUSG00000022858	IMP, ISS, IBA, IEA
CRE upregulated	GO:0010604	positive regulation of macromolecule metabolic process	ENSMUSG00000053007	Creb5	IEA
CRE upregulated	GO:0010604	positive regulation of macromolecule metabolic process	ENSMUSG00000011256	ENSMUSG00000011256	ISS
CRE upregulated	GO:0010604	positive regulation of macromolecule metabolic process	ENSMUSG00000020448	Rnf185	ISS, IEA
CRE upregulated	GO:0010604	positive regulation of macromolecule metabolic process	ENSMUSG00000000787	ENSMUSG00000000787	ISS
CRE upregulated	GO:0010604	positive regulation of macromolecule metabolic process	ENSMUSG00000022948	Setd4	IDA, IBA
CRE upregulated	GO:0010604	positive regulation of macromolecule metabolic process	ENSMUSG00000038676	Ucn	IMP, ISO, IEA
CRE upregulated	GO:0010604	positive regulation of macromolecule metabolic process	ENSMUSG00000042185	ENSMUSG00000042185	IDA, IMP, ISO, IEA
CRE upregulated	GO:0010604	positive regulation of macromolecule metabolic process	ENSMUSG00000032508	Myd88	IMP, IGI, ISS, IEA
CRE upregulated	GO:0010604	positive regulation of macromolecule metabolic process	ENSMUSG00000026864	ENSMUSG00000026864	IMP
CRE upregulated	GO:0010604	positive regulation of macromolecule metabolic process	ENSMUSG00000021072	Tmx1	ISS, IEA
CRE upregulated	GO:0010604	positive regulation of macromolecule metabolic process	ENSMUSG00000002633	Shh	IDA, IMP, IGI, IEA
CRE upregulated	GO:0010604	positive regulation of macromolecule metabolic process	ENSMUSG00000008384	Sertad1	IDA, IGI
CRE upregulated	GO:0010604	positive regulation of macromolecule metabolic process	ENSMUSG00000028680	ENSMUSG00000028680	IEA
CRE upregulated	GO:0010604	positive regulation of macromolecule metabolic process	ENSMUSG00000053581	ENSMUSG00000053581	IMP
CRE upregulated	GO:0010604	positive regulation of macromolecule metabolic process	ENSMUSG00000032462	ENSMUSG00000032462	ISO, IEA
CRE upregulated	GO:0010604	positive regulation of macromolecule metabolic process	ENSMUSG00000027944	Hax1	IEA
CRE upregulated	GO:0010604	positive regulation of macromolecule metabolic process	ENSMUSG00000039671	ENSMUSG00000039671	IEA
CRE upregulated	GO:0010604	positive regulation of macromolecule metabolic process	ENSMUSG00000063952	Brpf3	ISS, IEA
CRE upregulated	GO:0010604	positive regulation of macromolecule metabolic process	ENSMUSG00000040652	ENSMUSG00000040652	IDA, IBA
CRE upregulated	GO:0010604	positive regulation of macromolecule metabolic process	ENSMUSG00000048027	ENSMUSG00000048027	IDA
CRE upregulated	GO:0010604	positive regulation of macromolecule metabolic process	ENSMUSG00000028291	ENSMUSG00000028291	IDA, IMP, IBA
CRE upregulated	GO:0010604	positive regulation of macromolecule metabolic process	ENSMUSG00000037411	Serpine1	IEA
CRE upregulated	GO:0010604	positive regulation of macromolecule metabolic process	ENSMUSG00000020340	ENSMUSG00000020340	IEA
CRE upregulated	GO:0010604	positive regulation of macromolecule metabolic process	ENSMUSG00000037465	Klf10	IEA
CRE upregulated	GO:0010604	positive regulation of macromolecule metabolic process	ENSMUSG00000019843	ENSMUSG00000019843	IMP
CRE upregulated	GO:0010604	positive regulation of macromolecule metabolic process	ENSMUSG00000027646	ENSMUSG00000027646	IGI, ISO, IEA
CRE upregulated	GO:0010604	positive regulation of macromolecule metabolic process	ENSMUSG00000020680	ENSMUSG00000020680	ISO, IEA
CRE upregulated	GO:0010604	positive regulation of macromolecule metabolic process	ENSMUSG00000021340	ENSMUSG00000021340	IEA
CRE upregulated	GO:0010604	positive regulation of macromolecule metabolic process	ENSMUSG00000032501	Trib1	IDA, IBA, IC
CRE upregulated	GO:0010604	positive regulation of macromolecule metabolic process	ENSMUSG00000003119	ENSMUSG00000003119	ISS, ISO, IBA, IEA
CRE upregulated	GO:0010604	positive regulation of macromolecule metabolic process	ENSMUSG00000055067	ENSMUSG00000055067	IMP
CRE upregulated	GO:0010604	positive regulation of macromolecule metabolic process	ENSMUSG00000031073	Fgf15	IBA, IEA
CRE upregulated	GO:0010604	positive regulation of macromolecule metabolic process	ENSMUSG00000015839	Nfe2l2	IDA, IMP, IGI, ISO, IEA
CRE upregulated	GO:0010604	positive regulation of macromolecule metabolic process	ENSMUSG00000022332	ENSMUSG00000022332	ISO
CRE upregulated	GO:0010604	positive regulation of macromolecule metabolic process	ENSMUSG00000024907	Gal	ISS, IEA
CRE upregulated	GO:0010604	positive regulation of macromolecule metabolic process	ENSMUSG00000003541	ENSMUSG00000003541	IDA
CRE upregulated	GO:0051641	cellular localization	ENSMUSG00000037428	Vgf	IGI
CRE upregulated	GO:0051641	cellular localization	ENSMUSG00000042816	Gpr151	EXP, IDA, IMP
CRE upregulated	GO:0051641	cellular localization	ENSMUSG00000031574	Star	IBA, IEA
CRE upregulated	GO:0051641	cellular localization	ENSMUSG00000004951	Hspb1	ISS, IEA
CRE upregulated	GO:0051641	cellular localization	ENSMUSG00000024143	Rhoq	IDA, IEA
CRE upregulated	GO:0051641	cellular localization	ENSMUSG00000030748	Il4ra	IMP
CRE upregulated	GO:0051641	cellular localization	ENSMUSG00000030102	Itpr1	IMP, IGI, ISS, ISO, IBA, IEA
CRE upregulated	GO:0051641	cellular localization	ENSMUSG00000023067	Cdkn1a	IMP, IEA
CRE upregulated	GO:0051641	cellular localization	ENSMUSG00000006304	Arpc2	ISO
CRE upregulated	GO:0051641	cellular localization	ENSMUSG00000041831	Sytl3	IEA
CRE upregulated	GO:0051641	cellular localization	ENSMUSG00000109901	Chmp1b	ISO, IBA, NAS, IEA
CRE upregulated	GO:0051641	cellular localization	ENSMUSG00000030272	Camk1	IDA, IGI, ISS, IEA
CRE upregulated	GO:0051641	cellular localization	ENSMUSG00000004846	Plod3	IMP
CRE upregulated	GO:0051641	cellular localization	ENSMUSG00000035621	Midn	ISO, IEA
CRE upregulated	GO:0051641	cellular localization	ENSMUSG00000034300	Fam53c	IBA
CRE upregulated	GO:0051641	cellular localization	ENSMUSG00000050989	Selenon	ISS
CRE upregulated	GO:0051641	cellular localization	ENSMUSG00000024261	Syt4	EXP, IDA, IMP, ISO, IBA, TAS, IEA
CRE upregulated	GO:0051641	cellular localization	ENSMUSG00000032939	Nup93	IBA, NAS, IEA
CRE upregulated	GO:0051641	cellular localization	ENSMUSG00000068566	Myadm	IEA
CRE upregulated	GO:0051641	cellular localization	ENSMUSG00000024256	Adcyap1	IDA, ISO, IBA, IEA
CRE upregulated	GO:0051641	cellular localization	ENSMUSG00000018736	Ndel1	IDA, IGI, IBA, IEA
CRE upregulated	GO:0051641	cellular localization	ENSMUSG00000002250	Ppard	ISO, NAS
CRE upregulated	GO:0051641	cellular localization	ENSMUSG00000021501	Caml	ISS, ISO, IBA, IEA
CRE upregulated	GO:0051641	cellular localization	ENSMUSG00000041870	Ankrd13a	ISS, IEA
CRE upregulated	GO:0051641	cellular localization	ENSMUSG00000038894	Irs2	IMP
CRE upregulated	GO:0051641	cellular localization	ENSMUSG00000035828	Pim3	IMP
CRE upregulated	GO:0051641	cellular localization	ENSMUSG00000005069	Pex5	IMP, ISS, IBA, TAS, IEA
CRE upregulated	GO:0051641	cellular localization	ENSMUSG00000029518	Rab35	ISS, ISO, IBA, IEA
CRE upregulated	GO:0051641	cellular localization	ENSMUSG00000027540	Ptpn1	IEA
CRE upregulated	GO:0051641	cellular localization	ENSMUSG00000022661	Cd200	IEA
CRE upregulated	GO:0051641	cellular localization	ENSMUSG00000039232	Stx11	IEA
CRE upregulated	GO:0051641	cellular localization	ENSMUSG00000028063	Lmna	IMP, IBA
CRE upregulated	GO:0051641	cellular localization	ENSMUSG00000051343	Rab11fip5	IDA, IMP, IEA
CRE upregulated	GO:0051641	cellular localization	ENSMUSG00000015341	Golga7	ISS, ISO, IBA, IEA
CRE upregulated	GO:0051641	cellular localization	ENSMUSG00000053436	Mapk14	IMP
CRE upregulated	GO:0051641	cellular localization	ENSMUSG00000025809	Itgb1	IMP, ISS, ISO, IEA
CRE upregulated	GO:0051641	cellular localization	ENSMUSG00000028156	Eif4e	IDA, IMP
CRE upregulated	GO:0051641	cellular localization	ENSMUSG00000018362	Kpna2	IDA, ISS, IBA, IEA
CRE upregulated	GO:0051641	cellular localization	ENSMUSG00000023030	Slc11a2	IMP
CRE upregulated	GO:0051641	cellular localization	ENSMUSG00000011008	Mcoln2	IEA
CRE upregulated	GO:0051641	cellular localization	ENSMUSG00000015243	Abca1	IMP, IEA
CRE upregulated	GO:0051641	cellular localization	ENSMUSG00000022272	Myo10	ISS, IBA
CRE upregulated	GO:0051641	cellular localization	ENSMUSG00000013089	Etv5	IMP
CRE upregulated	GO:0051641	cellular localization	ENSMUSG00000025139	Tollip	IEA
CRE upregulated	GO:0051641	cellular localization	ENSMUSG00000020592	Sdc1	IEA
CRE upregulated	GO:0051641	cellular localization	ENSMUSG00000025746	Il6	IDA, ISO
CRE upregulated	GO:0051641	cellular localization	ENSMUSG00000032231	Anxa2	IMP, ISO, IBA, IEA
CRE upregulated	GO:0051641	cellular localization	ENSMUSG00000047368	Abhd17b	IMP
CRE upregulated	GO:0051641	cellular localization	ENSMUSG00000021843	Ktn1	IEA
CRE upregulated	GO:0051641	cellular localization	ENSMUSG00000031078	Cttn	IMP, ISS, IEA
CRE upregulated	GO:0051641	cellular localization	ENSMUSG00000022607	Ptk2	IDA
CRE upregulated	GO:0051641	cellular localization	ENSMUSG00000055994	Nod2	IMP
CRE upregulated	GO:0051641	cellular localization	ENSMUSG00000040312	Cchcr1	IDA, IBA
CRE upregulated	GO:0051641	cellular localization	ENSMUSG00000037062	Sh3glb1	IMP, ISO, IEA
CRE upregulated	GO:0051641	cellular localization	ENSMUSG00000034247	Plekhm1	ISS, IEA
CRE upregulated	GO:0051641	cellular localization	ENSMUSG00000024772	Ehd1	IDA, IMP, ISS, IBA, IEA
CRE upregulated	GO:0051641	cellular localization	ENSMUSG00000027293	Ehd4	ISS, IBA, IEA
CRE upregulated	GO:0051641	cellular localization	ENSMUSG00000035392	Dennd1a	IDA, IBA, IEA
CRE upregulated	GO:0051641	cellular localization	ENSMUSG00000020580	Rock2	IEA
CRE upregulated	GO:0051641	cellular localization	ENSMUSG00000027613	Eif6	IBA, IEA
CRE upregulated	GO:0051641	cellular localization	ENSMUSG00000033039	Micall1	ISS, ISO, IEA
CRE upregulated	GO:0051641	cellular localization	ENSMUSG00000049303	Syt12	ISO, IEA
CRE upregulated	GO:0051641	cellular localization	ENSMUSG00000007458	M6pr	IDA, IBA, TAS, IEA
CRE upregulated	GO:0051641	cellular localization	ENSMUSG00000020271	Fbxw11	IBA
CRE upregulated	GO:0051641	cellular localization	ENSMUSG00000020838	Slc6a4	IDA, IMP, ISO, IBA, NAS, IEA
CRE upregulated	GO:0051641	cellular localization	ENSMUSG00000001507	Itga3	ISS, IEA
CRE upregulated	GO:0051641	cellular localization	ENSMUSG00000031628	Casp3	IDA, IMP
CRE upregulated	GO:0051641	cellular localization	ENSMUSG00000025408	Ddit3	IDA, IMP
CRE upregulated	GO:0051641	cellular localization	ENSMUSG00000032078	Zpr1	IMP, ISS, IBA, IEA
CRE upregulated	GO:0051641	cellular localization	ENSMUSG00000035199	Arl6ip5	IMP, ISO, IEA
CRE upregulated	GO:0051641	cellular localization	ENSMUSG00000055407	Map6	ISO, IBA
CRE upregulated	GO:0051641	cellular localization	ENSMUSG00000001847	Rac1	IDA, IMP, IGI, ISO, IEA
CRE upregulated	GO:0051641	cellular localization	ENSMUSG00000042121	Ssh1	ISO, IEA
CRE upregulated	GO:0051641	cellular localization	ENSMUSG00000018909	Arrb1	IMP, IEA
CRE upregulated	GO:0051641	cellular localization	ENSMUSG00000024349	Sting1	IEA
CRE upregulated	GO:0051641	cellular localization	ENSMUSG00000024521	Pmaip1	IMP
CRE upregulated	GO:0051641	cellular localization	ENSMUSG00000026317	Cln8	IMP
CRE upregulated	GO:0051641	cellular localization	ENSMUSG00000027455	Nsfl1c	IEA
CRE upregulated	GO:0051641	cellular localization	ENSMUSG00000057531	Dtnbp1	IDA, IMP, ISO, IBA, IEA
CRE upregulated	GO:0051641	cellular localization	ENSMUSG00000058355	Abce1	IBA, IEA
CRE upregulated	GO:0051641	cellular localization	ENSMUSG00000004768	Rab23	IEA
CRE upregulated	GO:0051641	cellular localization	ENSMUSG00000015837	Sqstm1	IDA, IMP, ISS, IEA
CRE upregulated	GO:0051641	cellular localization	ENSMUSG00000030677	Kif22	ISS, IEA
CRE upregulated	GO:0051641	cellular localization	ENSMUSG00000029131	Dnajb6	IMP, IEA
CRE upregulated	GO:0051641	cellular localization	ENSMUSG00000036057	Ptpn23	IBA, IEA
CRE upregulated	GO:0051641	cellular localization	ENSMUSG00000032502	Stac	IMP, IBA
CRE upregulated	GO:0051641	cellular localization	ENSMUSG00000022433	Csnk1e	IDA, IMP, IEA
CRE upregulated	GO:0051641	cellular localization	ENSMUSG00000036437	Npy1r	ISO
CRE upregulated	GO:0051641	cellular localization	ENSMUSG00000030616	Sytl2	IDA, IEA
CRE upregulated	GO:0051641	cellular localization	ENSMUSG00000047604	Frat2	ISS
CRE upregulated	GO:0051641	cellular localization	ENSMUSG00000023032	Slc4a8	EXP, IDA, IMP, ISO, IEA
CRE upregulated	GO:0051641	cellular localization	ENSMUSG00000024789	Jak2	ISS, ISO, IEA
CRE upregulated	GO:0051641	cellular localization	ENSMUSG00000038949	Cnst	ISS, IBA, IEA
CRE upregulated	GO:0051641	cellular localization	ENSMUSG00000004040	ENSMUSG00000004040	ISS, IEA
CRE upregulated	GO:0051641	cellular localization	ENSMUSG00000025178	Pi4k2a	ISO
CRE upregulated	GO:0051641	cellular localization	ENSMUSG00000022602	Arc	IDA, IMP
CRE upregulated	GO:0051641	cellular localization	ENSMUSG00000022555	Dgat1	ISO
CRE upregulated	GO:0051641	cellular localization	ENSMUSG00000029578	Wipi2	IPI, IBA, IEA
CRE upregulated	GO:0051641	cellular localization	ENSMUSG00000109511	Nup62	ISO, IBA, NAS, IEA
CRE upregulated	GO:0051641	cellular localization	ENSMUSG00000047554	Tmem41b	IEA
CRE upregulated	GO:0051641	cellular localization	ENSMUSG00000004347	ENSMUSG00000004347	ISO
CRE upregulated	GO:0051641	cellular localization	ENSMUSG00000033769	Exoc6b	IBA, NAS, IEA
CRE upregulated	GO:0051641	cellular localization	ENSMUSG00000050335	Lgals3	IEA
CRE upregulated	GO:0051641	cellular localization	ENSMUSG00000027797	Dclk1	IDA
CRE upregulated	GO:0051641	cellular localization	ENSMUSG00000020358	Hnrnpab	ISO
CRE upregulated	GO:0051641	cellular localization	ENSMUSG00000036882	ENSMUSG00000036882	IEA
CRE upregulated	GO:0051641	cellular localization	ENSMUSG00000026930	Gpsm1	IBA
CRE upregulated	GO:0051641	cellular localization	ENSMUSG00000026426	ENSMUSG00000026426	IDA, IBA, IEA
CRE upregulated	GO:0051641	cellular localization	ENSMUSG00000059316	Slc27a4	IMP
CRE upregulated	GO:0051641	cellular localization	ENSMUSG00000024803	Ankrd1	IEA
CRE upregulated	GO:0051641	cellular localization	ENSMUSG00000021306	Gpr137b	IEA
CRE upregulated	GO:0051641	cellular localization	ENSMUSG00000019188	ENSMUSG00000019188	IEA
CRE upregulated	GO:0051641	cellular localization	ENSMUSG00000036206	Sh3bp4	ISS, IEA
CRE upregulated	GO:0051641	cellular localization	ENSMUSG00000025793	ENSMUSG00000025793	ISO, IBA, IEA
CRE upregulated	GO:0051641	cellular localization	ENSMUSG00000027692	Tnik	IDA, IMP, IEA
CRE upregulated	GO:0051641	cellular localization	ENSMUSG00000002733	Plekha3	IBA
CRE upregulated	GO:0051641	cellular localization	ENSMUSG00000026718	ENSMUSG00000026718	IBA, IEA
CRE upregulated	GO:0051641	cellular localization	ENSMUSG00000028893	Sesn2	ISS, ISO, IEA
CRE upregulated	GO:0051641	cellular localization	ENSMUSG00000029071	ENSMUSG00000029071	IDA, IMP, IGI, IEA
CRE upregulated	GO:0051641	cellular localization	ENSMUSG00000042743	Sgtb	IBA
CRE upregulated	GO:0051641	cellular localization	ENSMUSG00000022125	Cln5	IEA
CRE upregulated	GO:0051641	cellular localization	ENSMUSG00000044453	Ffar1	IDA, IMP, ISO, IBA
CRE upregulated	GO:0051641	cellular localization	ENSMUSG00000064210	ENSMUSG00000064210	IDA, IMP
CRE upregulated	GO:0051641	cellular localization	ENSMUSG00000032902	Slc16a1	IMP
CRE upregulated	GO:0051641	cellular localization	ENSMUSG00000024335	Brd2	IDA, IEA
CRE upregulated	GO:0051641	cellular localization	ENSMUSG00000026074	Map4k4	IEA
CRE upregulated	GO:0051641	cellular localization	ENSMUSG00000049866	Arl4c	ISS, IBA, IEA
CRE upregulated	GO:0051641	cellular localization	ENSMUSG00000025162	ENSMUSG00000025162	IEA
CRE upregulated	GO:0051641	cellular localization	ENSMUSG00000010660	Plcd1	IBA
CRE upregulated	GO:0051641	cellular localization	ENSMUSG00000031278	ENSMUSG00000031278	ISS, ISO
CRE upregulated	GO:0051641	cellular localization	ENSMUSG00000053175	Bcl3	IEA
CRE upregulated	GO:0051641	cellular localization	ENSMUSG00000040640	ENSMUSG00000040640	IDA, IMP
CRE upregulated	GO:0051641	cellular localization	ENSMUSG00000037815	Ctnna1	IMP
CRE upregulated	GO:0051641	cellular localization	ENSMUSG00000024517	Grp	IDA, IEA
CRE upregulated	GO:0051641	cellular localization	ENSMUSG00000023307	Marchf5	IEA
CRE upregulated	GO:0051641	cellular localization	ENSMUSG00000025340	Rabgef1	IDA, IMP, IEA
CRE upregulated	GO:0051641	cellular localization	ENSMUSG00000021587	Pcsk1	ISO, IEA
CRE upregulated	GO:0051641	cellular localization	ENSMUSG00000004530	ENSMUSG00000004530	IMP, IGI, ISS, IEA
CRE upregulated	GO:0051641	cellular localization	ENSMUSG00000044147	Arf6	IDA, IMP, ISS, ISO, IBA, TAS, IEA
CRE upregulated	GO:0051641	cellular localization	ENSMUSG00000030662	ENSMUSG00000030662	IDA, IMP, IBA, IEA
CRE upregulated	GO:0051641	cellular localization	ENSMUSG00000011877	Git1	IDA, IMP, ISO, IBA
CRE upregulated	GO:0051641	cellular localization	ENSMUSG00000040046	Tph1	IMP
CRE upregulated	GO:0051641	cellular localization	ENSMUSG00000059991	ENSMUSG00000059991	ISO
CRE upregulated	GO:0051641	cellular localization	ENSMUSG00000062234	ENSMUSG00000062234	IEA
CRE upregulated	GO:0051641	cellular localization	ENSMUSG00000007411	ENSMUSG00000007411	ISS, IEA
CRE upregulated	GO:0051641	cellular localization	ENSMUSG00000047281	ENSMUSG00000047281	IDA, ISS, IBA, IEA
CRE upregulated	GO:0051641	cellular localization	ENSMUSG00000025351	Cd63	ISS, ISO, IEA
CRE upregulated	GO:0051641	cellular localization	ENSMUSG00000019842	ENSMUSG00000019842	IDA
CRE upregulated	GO:0051641	cellular localization	ENSMUSG00000044465	ENSMUSG00000044465	ISS, IBA, IEA
CRE upregulated	GO:0051641	cellular localization	ENSMUSG00000016534	ENSMUSG00000016534	IMP, ISO, IBA, IEA
CRE upregulated	GO:0051641	cellular localization	ENSMUSG00000070056	ENSMUSG00000070056	ISS, IEA
CRE upregulated	GO:0051641	cellular localization	ENSMUSG00000029110	ENSMUSG00000029110	IEA
CRE upregulated	GO:0051641	cellular localization	ENSMUSG00000027465	Tbc1d20	IBA, IEA
CRE upregulated	GO:0051641	cellular localization	ENSMUSG00000048668	Rhno1	IEA
CRE upregulated	GO:0051641	cellular localization	ENSMUSG00000022656	ENSMUSG00000022656	IDA, IMP
CRE upregulated	GO:0051641	cellular localization	ENSMUSG00000001552	ENSMUSG00000001552	IEA
CRE upregulated	GO:0051641	cellular localization	ENSMUSG00000020671	ENSMUSG00000020671	IMP, ISS, ISO, IBA, TAS, IEA
CRE upregulated	GO:0051641	cellular localization	ENSMUSG00000047547	Cltb	IEA
CRE upregulated	GO:0051641	cellular localization	ENSMUSG00000020594	ENSMUSG00000020594	ISO, IEA
CRE upregulated	GO:0051641	cellular localization	ENSMUSG00000008859	ENSMUSG00000008859	IDA, ISS, ISO, IEA
CRE upregulated	GO:0051641	cellular localization	ENSMUSG00000022094	ENSMUSG00000022094	IMP, IEA
CRE upregulated	GO:0051641	cellular localization	ENSMUSG00000038467	ENSMUSG00000038467	ISO, IBA, NAS, IEA
CRE upregulated	GO:0051641	cellular localization	ENSMUSG00000052681	Rap1b	IGI, IBA, IEA
CRE upregulated	GO:0051641	cellular localization	ENSMUSG00000037553	ENSMUSG00000037553	IDA, IBA
CRE upregulated	GO:0051641	cellular localization	ENSMUSG00000026864	ENSMUSG00000026864	ISS, IEA
CRE upregulated	GO:0051641	cellular localization	ENSMUSG00000002633	Shh	IDA, IGI, IEA
CRE upregulated	GO:0051641	cellular localization	ENSMUSG00000028680	ENSMUSG00000028680	IEA
CRE upregulated	GO:0051641	cellular localization	ENSMUSG00000053581	ENSMUSG00000053581	IBA
CRE upregulated	GO:0051641	cellular localization	ENSMUSG00000039671	ENSMUSG00000039671	ISO, IEA
CRE upregulated	GO:0051641	cellular localization	ENSMUSG00000005089	Slc1a2	IDA, IMP
CRE upregulated	GO:0051641	cellular localization	ENSMUSG00000061244	ENSMUSG00000061244	IMP, IBA, NAS, IEA
CRE upregulated	GO:0051641	cellular localization	ENSMUSG00000056050	ENSMUSG00000056050	IEA
CRE upregulated	GO:0051641	cellular localization	ENSMUSG00000040652	ENSMUSG00000040652	IDA
CRE upregulated	GO:0051641	cellular localization	ENSMUSG00000028291	ENSMUSG00000028291	ISS, IEA
CRE upregulated	GO:0051641	cellular localization	ENSMUSG00000078676	ENSMUSG00000078676	IDA, NAS
CRE upregulated	GO:0051641	cellular localization	ENSMUSG00000051209	ENSMUSG00000051209	IDA
CRE upregulated	GO:0051641	cellular localization	ENSMUSG00000019843	ENSMUSG00000019843	IDA, IMP, IGI
CRE upregulated	GO:0051641	cellular localization	ENSMUSG00000027646	ENSMUSG00000027646	IGI, ISO, IEA
CRE upregulated	GO:0051641	cellular localization	ENSMUSG00000042532	ENSMUSG00000042532	IBA
CRE upregulated	GO:0051641	cellular localization	ENSMUSG00000052316	ENSMUSG00000052316	IEA
CRE upregulated	GO:0051641	cellular localization	ENSMUSG00000046761	ENSMUSG00000046761	ISS, IBA, IEA
CRE upregulated	GO:0051641	cellular localization	ENSMUSG00000053825	ENSMUSG00000053825	IEA
CRE upregulated	GO:0051641	cellular localization	ENSMUSG00000019726	ENSMUSG00000019726	IEA
CRE upregulated	GO:0051641	cellular localization	ENSMUSG00000055067	ENSMUSG00000055067	IMP
CRE upregulated	GO:0051641	cellular localization	ENSMUSG00000038115	ENSMUSG00000038115	IDA, IMP
CRE upregulated	GO:0051641	cellular localization	ENSMUSG00000036667	ENSMUSG00000036667	IBA, IEA
CRE upregulated	GO:0051641	cellular localization	ENSMUSG00000049550	ENSMUSG00000049550	IMP
CRE upregulated	GO:0051641	cellular localization	ENSMUSG00000034006	ENSMUSG00000034006	IBA
CRE upregulated	GO:0051641	cellular localization	ENSMUSG00000019998	ENSMUSG00000019998	IEA
CRE upregulated	GO:0051641	cellular localization	ENSMUSG00000003541	ENSMUSG00000003541	IMP
CRE upregulated	GO:0051641	cellular localization	ENSMUSG00000024287	ENSMUSG00000024287	ISS, IBA, IEA
CRE upregulated	GO:0080090	regulation of primary metabolic process	ENSMUSG00000026628	Atf3	IDA, IGI, ISO, IBA, IEA
CRE upregulated	GO:0080090	regulation of primary metabolic process	ENSMUSG00000036390	Gadd45a	IMP, IEA
CRE upregulated	GO:0080090	regulation of primary metabolic process	ENSMUSG00000052684	Jun	IDA, IMP, IGI, ISS, ISO, IBA, NAS, IEA
CRE upregulated	GO:0080090	regulation of primary metabolic process	ENSMUSG00000063632	Sox11	IDA, IMP, ISO, IBA, IEA
CRE upregulated	GO:0080090	regulation of primary metabolic process	ENSMUSG00000046223	Plaur	NAS
CRE upregulated	GO:0080090	regulation of primary metabolic process	ENSMUSG00000031574	Star	IDA, IBA, IEA
CRE upregulated	GO:0080090	regulation of primary metabolic process	ENSMUSG00000004951	Hspb1	IDA, IEA
CRE upregulated	GO:0080090	regulation of primary metabolic process	ENSMUSG00000025473	Adam8	IDA, IBA, IEA
CRE upregulated	GO:0080090	regulation of primary metabolic process	ENSMUSG00000056749	Nfil3	IDA, IMP, IBA, IEA
CRE upregulated	GO:0080090	regulation of primary metabolic process	ENSMUSG00000024143	Rhoq	IEA
CRE upregulated	GO:0080090	regulation of primary metabolic process	ENSMUSG00000022895	Ets2	ISO, IBA, IEA
CRE upregulated	GO:0080090	regulation of primary metabolic process	ENSMUSG00000019876	Pkib	IEA
CRE upregulated	GO:0080090	regulation of primary metabolic process	ENSMUSG00000037447	Arid5a	IDA, IGI, ISS, IBA, IEA
CRE upregulated	GO:0080090	regulation of primary metabolic process	ENSMUSG00000032515	Csrnp1	IDA, IMP, IBA
CRE upregulated	GO:0080090	regulation of primary metabolic process	ENSMUSG00000025089	Gfra1	ISO, IEA
CRE upregulated	GO:0080090	regulation of primary metabolic process	ENSMUSG00000021765	Fst	IEA
CRE upregulated	GO:0080090	regulation of primary metabolic process	ENSMUSG00000030256	Bhlhe41	IDA, IBA, TAS, IEA
CRE upregulated	GO:0080090	regulation of primary metabolic process	ENSMUSG00000014599	Csf1	IEA
CRE upregulated	GO:0080090	regulation of primary metabolic process	ENSMUSG00000025612	Bach1	IDA, ISS, IBA, IEA
CRE upregulated	GO:0080090	regulation of primary metabolic process	ENSMUSG00000020427	Igfbp3	IGI, ISO, IEA
CRE upregulated	GO:0080090	regulation of primary metabolic process	ENSMUSG00000023067	Cdkn1a	IMP, IEA
CRE upregulated	GO:0080090	regulation of primary metabolic process	ENSMUSG00000000078	Klf6	IEA
CRE upregulated	GO:0080090	regulation of primary metabolic process	ENSMUSG00000030681	Mvp	IEA
CRE upregulated	GO:0080090	regulation of primary metabolic process	ENSMUSG00000058093	Zfp729b	IBA, IEA
CRE upregulated	GO:0080090	regulation of primary metabolic process	ENSMUSG00000044934	Zfp367	ISO, IBA, IEA
CRE upregulated	GO:0080090	regulation of primary metabolic process	ENSMUSG00000030272	Camk1	ISS, IEA
CRE upregulated	GO:0080090	regulation of primary metabolic process	ENSMUSG00000001542	Ell2	ISO, IBA
CRE upregulated	GO:0080090	regulation of primary metabolic process	ENSMUSG00000031681	Smad1	IDA, IMP, IGI, IBA, IEA
CRE upregulated	GO:0080090	regulation of primary metabolic process	ENSMUSG00000035673	Sbno2	IMP, IBA, IEA
CRE upregulated	GO:0080090	regulation of primary metabolic process	ENSMUSG00000033060	Lmo7	IDA, ISS, ISO
CRE upregulated	GO:0080090	regulation of primary metabolic process	ENSMUSG00000003644	Rps6ka1	ISO, IBA, IEA
CRE upregulated	GO:0080090	regulation of primary metabolic process	ENSMUSG00000029378	Areg	IDA
CRE upregulated	GO:0080090	regulation of primary metabolic process	ENSMUSG00000005087	Cd44	IEA
CRE upregulated	GO:0080090	regulation of primary metabolic process	ENSMUSG00000026836	Acvr1	IMP, IEA
CRE upregulated	GO:0080090	regulation of primary metabolic process	ENSMUSG00000021400	Wrnip1	ISS, IEA
CRE upregulated	GO:0080090	regulation of primary metabolic process	ENSMUSG00000048482	Bdnf	IMP, ISO, IEA
CRE upregulated	GO:0080090	regulation of primary metabolic process	ENSMUSG00000024256	Adcyap1	ISS, ISO, IEA
CRE upregulated	GO:0080090	regulation of primary metabolic process	ENSMUSG00000034832	Tet3	ISS, IBA, IEA
CRE upregulated	GO:0080090	regulation of primary metabolic process	ENSMUSG00000056076	Eif3b	IEA
CRE upregulated	GO:0080090	regulation of primary metabolic process	ENSMUSG00000037458	Azin1	ISS, ISO, IBA, IEA
CRE upregulated	GO:0080090	regulation of primary metabolic process	ENSMUSG00000021070	Bdkrb2	IMP
CRE upregulated	GO:0080090	regulation of primary metabolic process	ENSMUSG00000002250	Ppard	IDA, ISS, ISO, IBA, IEA
CRE upregulated	GO:0080090	regulation of primary metabolic process	ENSMUSG00000044734	Serpinb1a	IPI
CRE upregulated	GO:0080090	regulation of primary metabolic process	ENSMUSG00000037638	Zbtb42	IDA, IBA
CRE upregulated	GO:0080090	regulation of primary metabolic process	ENSMUSG00000021501	Caml	ISS, IEA
CRE upregulated	GO:0080090	regulation of primary metabolic process	ENSMUSG00000038894	Irs2	IEA
CRE upregulated	GO:0080090	regulation of primary metabolic process	ENSMUSG00000066838	Zfp772	IBA, IEA
CRE upregulated	GO:0080090	regulation of primary metabolic process	ENSMUSG00000007812	Zfp655	IBA, IEA
CRE upregulated	GO:0080090	regulation of primary metabolic process	ENSMUSG00000042507	Mideas	IBA
CRE upregulated	GO:0080090	regulation of primary metabolic process	ENSMUSG00000027313	Chac1	ISS, IEA
CRE upregulated	GO:0080090	regulation of primary metabolic process	ENSMUSG00000028789	Azin2	IBA, IEA
CRE upregulated	GO:0080090	regulation of primary metabolic process	ENSMUSG00000026796	Niban2	IEA
CRE upregulated	GO:0080090	regulation of primary metabolic process	ENSMUSG00000027540	Ptpn1	IMP, IGI, IEA
CRE upregulated	GO:0080090	regulation of primary metabolic process	ENSMUSG00000043895	S1pr2	IMP, IEA
CRE upregulated	GO:0080090	regulation of primary metabolic process	ENSMUSG00000011179	Odc1	IDA
CRE upregulated	GO:0080090	regulation of primary metabolic process	ENSMUSG00000027583	Zbtb46	IDA, IBA, IEA
CRE upregulated	GO:0080090	regulation of primary metabolic process	ENSMUSG00000026254	Eif4e2	ISS, ISO, IEA
CRE upregulated	GO:0080090	regulation of primary metabolic process	ENSMUSG00000030678	Maz	IEA
CRE upregulated	GO:0080090	regulation of primary metabolic process	ENSMUSG00000053436	Mapk14	IDA, IMP, ISO
CRE upregulated	GO:0080090	regulation of primary metabolic process	ENSMUSG00000025809	Itgb1	ISO
CRE upregulated	GO:0080090	regulation of primary metabolic process	ENSMUSG00000040025	Ythdf2	IMP, ISS, IBA, IEA
CRE upregulated	GO:0080090	regulation of primary metabolic process	ENSMUSG00000028156	Eif4e	IDA, IMP, IEP, ISS, IEA
CRE upregulated	GO:0080090	regulation of primary metabolic process	ENSMUSG00000025239	Limd1	ISS, IBA, IEA
CRE upregulated	GO:0080090	regulation of primary metabolic process	ENSMUSG00000005370	Msh6	IMP, IEA
CRE upregulated	GO:0080090	regulation of primary metabolic process	ENSMUSG00000048490	Nrip1	IDA, IBA, IEA
CRE upregulated	GO:0080090	regulation of primary metabolic process	ENSMUSG00000022096	Hr	IDA, IBA
CRE upregulated	GO:0080090	regulation of primary metabolic process	ENSMUSG00000013089	Etv5	IDA, IBA, IEA
CRE upregulated	GO:0080090	regulation of primary metabolic process	ENSMUSG00000025139	Tollip	ISO, IEA
CRE upregulated	GO:0080090	regulation of primary metabolic process	ENSMUSG00000025746	Il6	IDA, IGI, ISO
CRE upregulated	GO:0080090	regulation of primary metabolic process	ENSMUSG00000032231	Anxa2	IDA, IMP, ISO, IEA
CRE upregulated	GO:0080090	regulation of primary metabolic process	ENSMUSG00000032280	Tle3	ISO, IEA
CRE upregulated	GO:0080090	regulation of primary metabolic process	ENSMUSG00000022607	Ptk2	IMP, ISS
CRE upregulated	GO:0080090	regulation of primary metabolic process	ENSMUSG00000055994	Nod2	IDA, IMP, ISS, IEA
CRE upregulated	GO:0080090	regulation of primary metabolic process	ENSMUSG00000024014	Pim1	IMP
CRE upregulated	GO:0080090	regulation of primary metabolic process	ENSMUSG00000027293	Ehd4	ISO, IEA
CRE upregulated	GO:0080090	regulation of primary metabolic process	ENSMUSG00000020580	Rock2	IEA
CRE upregulated	GO:0080090	regulation of primary metabolic process	ENSMUSG00000063889	Crem	IGI, IBA, IEA
CRE upregulated	GO:0080090	regulation of primary metabolic process	ENSMUSG00000027613	Eif6	IMP, ISS, IEA
CRE upregulated	GO:0080090	regulation of primary metabolic process	ENSMUSG00000042406	Atf4	IDA, IMP, IGI, ISS, ISO, IBA, IEA
CRE upregulated	GO:0080090	regulation of primary metabolic process	ENSMUSG00000023079	Gtf2ird1	IEA
CRE upregulated	GO:0080090	regulation of primary metabolic process	ENSMUSG00000020271	Fbxw11	IMP, ISS
CRE upregulated	GO:0080090	regulation of primary metabolic process	ENSMUSG00000046854	Pip5kl1	IEA
CRE upregulated	GO:0080090	regulation of primary metabolic process	ENSMUSG00000029641	Rasl11a	IDA
CRE upregulated	GO:0080090	regulation of primary metabolic process	ENSMUSG00000031628	Casp3	ISS, ISO, IEA
CRE upregulated	GO:0080090	regulation of primary metabolic process	ENSMUSG00000025408	Ddit3	IDA, IMP, IGI, ISS, ISO, IBA, NAS, IEA
CRE upregulated	GO:0080090	regulation of primary metabolic process	ENSMUSG00000040435	Ppp1r15a	IDA, ISO, IEA
CRE upregulated	GO:0080090	regulation of primary metabolic process	ENSMUSG00000032078	Zpr1	ISS, IEA
CRE upregulated	GO:0080090	regulation of primary metabolic process	ENSMUSG00000001847	Rac1	ISS, ISO
CRE upregulated	GO:0080090	regulation of primary metabolic process	ENSMUSG00000042121	Ssh1	ISO, IEA
CRE upregulated	GO:0080090	regulation of primary metabolic process	ENSMUSG00000018909	Arrb1	IMP, ISS, ISO, IEA
CRE upregulated	GO:0080090	regulation of primary metabolic process	ENSMUSG00000020248	Nfyb	IDA, ISO, IBA, IEA
CRE upregulated	GO:0080090	regulation of primary metabolic process	ENSMUSG00000024349	Sting1	IDA, IEA
CRE upregulated	GO:0080090	regulation of primary metabolic process	ENSMUSG00000030057	Cnbp	IDA, IBA, IEA
CRE upregulated	GO:0080090	regulation of primary metabolic process	ENSMUSG00000033955	Tnks1bp1	IEA
CRE upregulated	GO:0080090	regulation of primary metabolic process	ENSMUSG00000024360	Etf1	IEA
CRE upregulated	GO:0080090	regulation of primary metabolic process	ENSMUSG00000057531	Dtnbp1	IMP, ISO
CRE upregulated	GO:0080090	regulation of primary metabolic process	ENSMUSG00000058355	Abce1	IEA
CRE upregulated	GO:0080090	regulation of primary metabolic process	ENSMUSG00000000134	Tfe3	IDA, IMP, IBA, IEA
CRE upregulated	GO:0080090	regulation of primary metabolic process	ENSMUSG00000008393	Carhsp1	IMP, IBA, IEA
CRE upregulated	GO:0080090	regulation of primary metabolic process	ENSMUSG00000015837	Sqstm1	IDA, IMP, ISS, ISO, IEA
CRE upregulated	GO:0080090	regulation of primary metabolic process	ENSMUSG00000028901	Gmeb1	IDA, IBA
CRE upregulated	GO:0080090	regulation of primary metabolic process	ENSMUSG00000030309	Caprin2	IEA
CRE upregulated	GO:0080090	regulation of primary metabolic process	ENSMUSG00000029131	Dnajb6	IDA
CRE upregulated	GO:0080090	regulation of primary metabolic process	ENSMUSG00000037580	Gch1	ISO, IEA
CRE upregulated	GO:0080090	regulation of primary metabolic process	ENSMUSG00000023087	Noct	IMP, IGI
CRE upregulated	GO:0080090	regulation of primary metabolic process	ENSMUSG00000001627	Ifrd1	ISO
CRE upregulated	GO:0080090	regulation of primary metabolic process	ENSMUSG00000022433	Csnk1e	IMP, ISO, IBA, IEA
CRE upregulated	GO:0080090	regulation of primary metabolic process	ENSMUSG00000022346	Myc	IDA, IMP, IGI, ISS, ISO, IBA, IEA
CRE upregulated	GO:0080090	regulation of primary metabolic process	ENSMUSG00000053113	Socs3	IDA, IEA
CRE upregulated	GO:0080090	regulation of primary metabolic process	ENSMUSG00000027954	Efna1	IDA, IMP, IEA
CRE upregulated	GO:0080090	regulation of primary metabolic process	ENSMUSG00000024789	Jak2	IDA, IGI, ISS
CRE upregulated	GO:0080090	regulation of primary metabolic process	ENSMUSG00000004040	ENSMUSG00000004040	IDA, IMP, IGI, ISO, IBA, NAS, IEA
CRE upregulated	GO:0080090	regulation of primary metabolic process	ENSMUSG00000042292	Mrtfa	IDA, ISS, ISO, IBA, IEA
CRE upregulated	GO:0080090	regulation of primary metabolic process	ENSMUSG00000061589	Dot1l	ISO, IEA
CRE upregulated	GO:0080090	regulation of primary metabolic process	ENSMUSG00000022555	Dgat1	ISO
CRE upregulated	GO:0080090	regulation of primary metabolic process	ENSMUSG00000109511	Nup62	IMP, IEA
CRE upregulated	GO:0080090	regulation of primary metabolic process	ENSMUSG00000029135	Fosl2	IDA, IMP, ISO, IBA, IEA
CRE upregulated	GO:0080090	regulation of primary metabolic process	ENSMUSG00000036990	Otud4	ISS, IBA, IEA
CRE upregulated	GO:0080090	regulation of primary metabolic process	ENSMUSG00000018143	Mafk	IDA, IBA, IEA
CRE upregulated	GO:0080090	regulation of primary metabolic process	ENSMUSG00000029826	Zc3hav1	ISS, ISO, IBA, IEA
CRE upregulated	GO:0080090	regulation of primary metabolic process	ENSMUSG00000024190	Dusp1	ISS, ISO
CRE upregulated	GO:0080090	regulation of primary metabolic process	ENSMUSG00000063919	Srrm4	IDA, IMP, ISS, IBA, IEA
CRE upregulated	GO:0080090	regulation of primary metabolic process	ENSMUSG00000030223	ENSMUSG00000030223	IDA
CRE upregulated	GO:0080090	regulation of primary metabolic process	ENSMUSG00000035236	Scai	IEA
CRE upregulated	GO:0080090	regulation of primary metabolic process	ENSMUSG00000031960	Aars1	IMP
CRE upregulated	GO:0080090	regulation of primary metabolic process	ENSMUSG00000020358	Hnrnpab	IDA, IGI, ISO, IEA
CRE upregulated	GO:0080090	regulation of primary metabolic process	ENSMUSG00000059866	Tnip2	ISS, IBA, IEA
CRE upregulated	GO:0080090	regulation of primary metabolic process	ENSMUSG00000004865	ENSMUSG00000004865	IDA, IBA, IEA
CRE upregulated	GO:0080090	regulation of primary metabolic process	ENSMUSG00000027806	Tsc22d2	IEA
CRE upregulated	GO:0080090	regulation of primary metabolic process	ENSMUSG00000017615	Tnfaip1	ISO, IEA
CRE upregulated	GO:0080090	regulation of primary metabolic process	ENSMUSG00000040033	ENSMUSG00000040033	IEA
CRE upregulated	GO:0080090	regulation of primary metabolic process	ENSMUSG00000024803	Ankrd1	IDA, ISO, IBA, IEA
CRE upregulated	GO:0080090	regulation of primary metabolic process	ENSMUSG00000032497	Lrrfip2	IEA
CRE upregulated	GO:0080090	regulation of primary metabolic process	ENSMUSG00000024912	Fosl1	ISO, IBA, IEA
CRE upregulated	GO:0080090	regulation of primary metabolic process	ENSMUSG00000024927	Rela	IDA, IMP, ISS, ISO, IBA, TAS, IEA
CRE upregulated	GO:0080090	regulation of primary metabolic process	ENSMUSG00000003435	ENSMUSG00000003435	ISO, IEA
CRE upregulated	GO:0080090	regulation of primary metabolic process	ENSMUSG00000055044	Pdlim1	IDA, IEA
CRE upregulated	GO:0080090	regulation of primary metabolic process	ENSMUSG00000024238	Zeb1	IDA, IMP, IGI, ISS, ISO, IBA, IEA
CRE upregulated	GO:0080090	regulation of primary metabolic process	ENSMUSG00000026078	Pdcl3	ISO, IEA
CRE upregulated	GO:0080090	regulation of primary metabolic process	ENSMUSG00000028893	Sesn2	IMP, IEA
CRE upregulated	GO:0080090	regulation of primary metabolic process	ENSMUSG00000024947	Men1	IDA, IMP, IGI, ISO, IBA, IEA
CRE upregulated	GO:0080090	regulation of primary metabolic process	ENSMUSG00000029071	ENSMUSG00000029071	IDA, IGI, IEA
CRE upregulated	GO:0080090	regulation of primary metabolic process	ENSMUSG00000036894	Rap2b	IDA, IEA
CRE upregulated	GO:0080090	regulation of primary metabolic process	ENSMUSG00000040433	Zbtb38	ISO, IBA, IEA
CRE upregulated	GO:0080090	regulation of primary metabolic process	ENSMUSG00000037514	Pank2	IEA
CRE upregulated	GO:0080090	regulation of primary metabolic process	ENSMUSG00000032715	Trib3	IDA, IMP, ISS, IBA, TAS, IC, IEA
CRE upregulated	GO:0080090	regulation of primary metabolic process	ENSMUSG00000024777	ENSMUSG00000024777	ISO, IEA
CRE upregulated	GO:0080090	regulation of primary metabolic process	ENSMUSG00000024335	Brd2	IDA, ISS, IBA, IEA
CRE upregulated	GO:0080090	regulation of primary metabolic process	ENSMUSG00000048047	Zbtb33	ISS, IBA, IEA
CRE upregulated	GO:0080090	regulation of primary metabolic process	ENSMUSG00000020547	Bzw2	ISS, IEA
CRE upregulated	GO:0080090	regulation of primary metabolic process	ENSMUSG00000020694	ENSMUSG00000020694	ISS, IEA
CRE upregulated	GO:0080090	regulation of primary metabolic process	ENSMUSG00000028466	Creb3	IEA
CRE upregulated	GO:0080090	regulation of primary metabolic process	ENSMUSG00000037876	Jmjd1c	IBA
CRE upregulated	GO:0080090	regulation of primary metabolic process	ENSMUSG00000022526	Zfp251	IBA, IEA
CRE upregulated	GO:0080090	regulation of primary metabolic process	ENSMUSG00000071637	Cebpd	IDA, ISO, IBA, IEA
CRE upregulated	GO:0080090	regulation of primary metabolic process	ENSMUSG00000025162	ENSMUSG00000025162	IMP, IBA, IEA
CRE upregulated	GO:0080090	regulation of primary metabolic process	ENSMUSG00000010660	Plcd1	ISO
CRE upregulated	GO:0080090	regulation of primary metabolic process	ENSMUSG00000015776	Med22	NAS, IEA
CRE upregulated	GO:0080090	regulation of primary metabolic process	ENSMUSG00000031278	ENSMUSG00000031278	TAS
CRE upregulated	GO:0080090	regulation of primary metabolic process	ENSMUSG00000031668	ENSMUSG00000031668	IEA
CRE upregulated	GO:0080090	regulation of primary metabolic process	ENSMUSG00000053175	Bcl3	IDA, IBA, IEA
CRE upregulated	GO:0080090	regulation of primary metabolic process	ENSMUSG00000068739	ENSMUSG00000068739	ISS, IEA
CRE upregulated	GO:0080090	regulation of primary metabolic process	ENSMUSG00000059796	Eif4a1	ISS, IEA
CRE upregulated	GO:0080090	regulation of primary metabolic process	ENSMUSG00000032599	ENSMUSG00000032599	IMP
CRE upregulated	GO:0080090	regulation of primary metabolic process	ENSMUSG00000030199	Etv6	IDA, IBA, IEA
CRE upregulated	GO:0080090	regulation of primary metabolic process	ENSMUSG00000003154	Foxj2	IBA, IEA
CRE upregulated	GO:0080090	regulation of primary metabolic process	ENSMUSG00000040857	Erf	IEA
CRE upregulated	GO:0080090	regulation of primary metabolic process	ENSMUSG00000020349	ENSMUSG00000020349	IMP, ISO
CRE upregulated	GO:0080090	regulation of primary metabolic process	ENSMUSG00000025340	Rabgef1	IMP
CRE upregulated	GO:0080090	regulation of primary metabolic process	ENSMUSG00000039108	ENSMUSG00000039108	IEA
CRE upregulated	GO:0080090	regulation of primary metabolic process	ENSMUSG00000033159	ENSMUSG00000033159	IEA
CRE upregulated	GO:0080090	regulation of primary metabolic process	ENSMUSG00000028599	Tnfrsf1b	IMP, IBA, IEA
CRE upregulated	GO:0080090	regulation of primary metabolic process	ENSMUSG00000004530	ENSMUSG00000004530	IEA
CRE upregulated	GO:0080090	regulation of primary metabolic process	ENSMUSG00000027605	Acss2	IEA
CRE upregulated	GO:0080090	regulation of primary metabolic process	ENSMUSG00000036180	ENSMUSG00000036180	ISS, IBA, NAS, IEA
CRE upregulated	GO:0080090	regulation of primary metabolic process	ENSMUSG00000011877	Git1	IMP
CRE upregulated	GO:0080090	regulation of primary metabolic process	ENSMUSG00000039985	Sinhcaf	NAS
CRE upregulated	GO:0080090	regulation of primary metabolic process	ENSMUSG00000055491	ENSMUSG00000055491	IBA
CRE upregulated	GO:0080090	regulation of primary metabolic process	ENSMUSG00000052837	ENSMUSG00000052837	IDA, IMP, IBA, IEA
CRE upregulated	GO:0080090	regulation of primary metabolic process	ENSMUSG00000013483	Card14	ISS
CRE upregulated	GO:0080090	regulation of primary metabolic process	ENSMUSG00000028840	Zfp593	IEA
CRE upregulated	GO:0080090	regulation of primary metabolic process	ENSMUSG00000047281	ENSMUSG00000047281	IDA
CRE upregulated	GO:0080090	regulation of primary metabolic process	ENSMUSG00000021796	Bmpr1a	IDA, IMP, IEA
CRE upregulated	GO:0080090	regulation of primary metabolic process	ENSMUSG00000019842	ENSMUSG00000019842	IDA, IMP
CRE upregulated	GO:0080090	regulation of primary metabolic process	ENSMUSG00000034543	ENSMUSG00000034543	IMP, ISS
CRE upregulated	GO:0080090	regulation of primary metabolic process	ENSMUSG00000029110	ENSMUSG00000029110	IDA, ISS, ISO, IBA, IEA
CRE upregulated	GO:0080090	regulation of primary metabolic process	ENSMUSG00000021890	ENSMUSG00000021890	ISO, IEA
CRE upregulated	GO:0080090	regulation of primary metabolic process	ENSMUSG00000045763	ENSMUSG00000045763	ISS, IBA, IEA
CRE upregulated	GO:0080090	regulation of primary metabolic process	ENSMUSG00000109336	ENSMUSG00000109336	IEA
CRE upregulated	GO:0080090	regulation of primary metabolic process	ENSMUSG00000039191	Rbpj	IDA, IMP, IGI, ISS, ISO, IEA
CRE upregulated	GO:0080090	regulation of primary metabolic process	ENSMUSG00000019256	ENSMUSG00000019256	IEA
CRE upregulated	GO:0080090	regulation of primary metabolic process	ENSMUSG00000046962	ENSMUSG00000046962	IBA, IEA
CRE upregulated	GO:0080090	regulation of primary metabolic process	ENSMUSG00000019763	ENSMUSG00000019763	ISS, IBA, IEA
CRE upregulated	GO:0080090	regulation of primary metabolic process	ENSMUSG00000051316	Taf7	IDA, ISS, ISO, IBA, NAS, IEA
CRE upregulated	GO:0080090	regulation of primary metabolic process	ENSMUSG00000001552	ENSMUSG00000001552	IBA
CRE upregulated	GO:0080090	regulation of primary metabolic process	ENSMUSG00000040463	ENSMUSG00000040463	IDA, ISO, NAS, IEA
CRE upregulated	GO:0080090	regulation of primary metabolic process	ENSMUSG00000004099	ENSMUSG00000004099	IDA, IMP
CRE upregulated	GO:0080090	regulation of primary metabolic process	ENSMUSG00000022858	ENSMUSG00000022858	IMP, ISS, IBA, IEA
CRE upregulated	GO:0080090	regulation of primary metabolic process	ENSMUSG00000053007	Creb5	IEA
CRE upregulated	GO:0080090	regulation of primary metabolic process	ENSMUSG00000020594	ENSMUSG00000020594	ISS, ISO, IBA, IEA
CRE upregulated	GO:0080090	regulation of primary metabolic process	ENSMUSG00000020448	Rnf185	ISS, IEA
CRE upregulated	GO:0080090	regulation of primary metabolic process	ENSMUSG00000000787	ENSMUSG00000000787	ISS, IEA
CRE upregulated	GO:0080090	regulation of primary metabolic process	ENSMUSG00000008730	Hipk1	ISS
CRE upregulated	GO:0080090	regulation of primary metabolic process	ENSMUSG00000059288	ENSMUSG00000059288	IDA, IEA
CRE upregulated	GO:0080090	regulation of primary metabolic process	ENSMUSG00000022948	Setd4	IBA
CRE upregulated	GO:0080090	regulation of primary metabolic process	ENSMUSG00000038676	Ucn	IMP, ISO, IEA
CRE upregulated	GO:0080090	regulation of primary metabolic process	ENSMUSG00000059743	ENSMUSG00000059743	ISO
CRE upregulated	GO:0080090	regulation of primary metabolic process	ENSMUSG00000042185	ENSMUSG00000042185	IDA, IMP, ISO, IEA
CRE upregulated	GO:0080090	regulation of primary metabolic process	ENSMUSG00000025403	ENSMUSG00000025403	IMP, IEA
CRE upregulated	GO:0080090	regulation of primary metabolic process	ENSMUSG00000032508	Myd88	IMP, IEA
CRE upregulated	GO:0080090	regulation of primary metabolic process	ENSMUSG00000026864	ENSMUSG00000026864	IMP
CRE upregulated	GO:0080090	regulation of primary metabolic process	ENSMUSG00000021072	Tmx1	ISS, IEA
CRE upregulated	GO:0080090	regulation of primary metabolic process	ENSMUSG00000002633	Shh	IDA, IMP, IGI, IEA
CRE upregulated	GO:0080090	regulation of primary metabolic process	ENSMUSG00000008384	Sertad1	IDA, IGI
CRE upregulated	GO:0080090	regulation of primary metabolic process	ENSMUSG00000032540	ENSMUSG00000032540	IDA, IMP, IBA, IEA
CRE upregulated	GO:0080090	regulation of primary metabolic process	ENSMUSG00000028680	ENSMUSG00000028680	IEA
CRE upregulated	GO:0080090	regulation of primary metabolic process	ENSMUSG00000053581	ENSMUSG00000053581	IMP
CRE upregulated	GO:0080090	regulation of primary metabolic process	ENSMUSG00000025198	ENSMUSG00000025198	IEA
CRE upregulated	GO:0080090	regulation of primary metabolic process	ENSMUSG00000004270	ENSMUSG00000004270	IMP
CRE upregulated	GO:0080090	regulation of primary metabolic process	ENSMUSG00000027944	Hax1	IEA
CRE upregulated	GO:0080090	regulation of primary metabolic process	ENSMUSG00000039671	ENSMUSG00000039671	IEA
CRE upregulated	GO:0080090	regulation of primary metabolic process	ENSMUSG00000038250	ENSMUSG00000038250	IEA
CRE upregulated	GO:0080090	regulation of primary metabolic process	ENSMUSG00000063952	Brpf3	ISS, IBA, IEA
CRE upregulated	GO:0080090	regulation of primary metabolic process	ENSMUSG00000040652	ENSMUSG00000040652	IDA, IBA
CRE upregulated	GO:0080090	regulation of primary metabolic process	ENSMUSG00000048027	ENSMUSG00000048027	IDA
CRE upregulated	GO:0080090	regulation of primary metabolic process	ENSMUSG00000028291	ENSMUSG00000028291	IDA, IMP, ISO, IBA, IEA
CRE upregulated	GO:0080090	regulation of primary metabolic process	ENSMUSG00000037411	Serpine1	IEA
CRE upregulated	GO:0080090	regulation of primary metabolic process	ENSMUSG00000078676	ENSMUSG00000078676	ISS, ISO, IEA
CRE upregulated	GO:0080090	regulation of primary metabolic process	ENSMUSG00000020340	ENSMUSG00000020340	IEA
CRE upregulated	GO:0080090	regulation of primary metabolic process	ENSMUSG00000028382	ENSMUSG00000028382	IMP, IBA, IEA
CRE upregulated	GO:0080090	regulation of primary metabolic process	ENSMUSG00000037465	Klf10	IDA, IMP, IBA, IEA
CRE upregulated	GO:0080090	regulation of primary metabolic process	ENSMUSG00000024613	ENSMUSG00000024613	ISS, IEA
CRE upregulated	GO:0080090	regulation of primary metabolic process	ENSMUSG00000019843	ENSMUSG00000019843	IDA, IMP, IGI
CRE upregulated	GO:0080090	regulation of primary metabolic process	ENSMUSG00000020755	ENSMUSG00000020755	IEA
CRE upregulated	GO:0080090	regulation of primary metabolic process	ENSMUSG00000027646	ENSMUSG00000027646	IDA, IGI, ISO, IEA
CRE upregulated	GO:0080090	regulation of primary metabolic process	ENSMUSG00000020680	ENSMUSG00000020680	ISO, IEA
CRE upregulated	GO:0080090	regulation of primary metabolic process	ENSMUSG00000021340	ENSMUSG00000021340	IEA
CRE upregulated	GO:0080090	regulation of primary metabolic process	ENSMUSG00000004698	ENSMUSG00000004698	IEA
CRE upregulated	GO:0080090	regulation of primary metabolic process	ENSMUSG00000032501	Trib1	IDA, ISS, IBA, IC
CRE upregulated	GO:0080090	regulation of primary metabolic process	ENSMUSG00000003119	ENSMUSG00000003119	ISS, ISO, IBA, IEA
CRE upregulated	GO:0080090	regulation of primary metabolic process	ENSMUSG00000042197	ENSMUSG00000042197	ISS, IBA, IEA
CRE upregulated	GO:0080090	regulation of primary metabolic process	ENSMUSG00000055067	ENSMUSG00000055067	IMP
CRE upregulated	GO:0080090	regulation of primary metabolic process	ENSMUSG00000021282	ENSMUSG00000021282	IEA
CRE upregulated	GO:0080090	regulation of primary metabolic process	ENSMUSG00000031073	Fgf15	IGI, IEA
CRE upregulated	GO:0080090	regulation of primary metabolic process	ENSMUSG00000015839	Nfe2l2	IDA, IMP, IGI, ISO, IBA, IEA
CRE upregulated	GO:0080090	regulation of primary metabolic process	ENSMUSG00000022332	ENSMUSG00000022332	IDA, ISO, IBA, IEA
CRE upregulated	GO:0080090	regulation of primary metabolic process	ENSMUSG00000024907	Gal	ISS, ISO, IEA
CRE upregulated	GO:0080090	regulation of primary metabolic process	ENSMUSG00000046707	ENSMUSG00000046707	IEA
CRE upregulated	GO:0080090	regulation of primary metabolic process	ENSMUSG00000003541	ENSMUSG00000003541	IDA, IMP
CRE upregulated	GO:0080090	regulation of primary metabolic process	ENSMUSG00000024026	ENSMUSG00000024026	IDA
CRE upregulated	GO:0080090	regulation of primary metabolic process	ENSMUSG00000029475	ENSMUSG00000029475	IDA, IMP, IBA
CRE upregulated	GO:0016310	phosphorylation	ENSMUSG00000036390	Gadd45a	IMP, IEA
CRE upregulated	GO:0016310	phosphorylation	ENSMUSG00000052684	Jun	IMP
CRE upregulated	GO:0016310	phosphorylation	ENSMUSG00000004951	Hspb1	IDA, IEA
CRE upregulated	GO:0016310	phosphorylation	ENSMUSG00000019876	Pkib	IEA
CRE upregulated	GO:0016310	phosphorylation	ENSMUSG00000025089	Gfra1	ISO, IEA
CRE upregulated	GO:0016310	phosphorylation	ENSMUSG00000020427	Igfbp3	ISO, IEA
CRE upregulated	GO:0016310	phosphorylation	ENSMUSG00000023067	Cdkn1a	IMP
CRE upregulated	GO:0016310	phosphorylation	ENSMUSG00000024404	Riok3	IEA
CRE upregulated	GO:0016310	phosphorylation	ENSMUSG00000030681	Mvp	IEA
CRE upregulated	GO:0016310	phosphorylation	ENSMUSG00000030272	Camk1	ISS, IEA
CRE upregulated	GO:0016310	phosphorylation	ENSMUSG00000003644	Rps6ka1	IEA
CRE upregulated	GO:0016310	phosphorylation	ENSMUSG00000029378	Areg	IDA, ISO, IEA
CRE upregulated	GO:0016310	phosphorylation	ENSMUSG00000042688	Mapk6	IDA, IEA
CRE upregulated	GO:0016310	phosphorylation	ENSMUSG00000005087	Cd44	IEA
CRE upregulated	GO:0016310	phosphorylation	ENSMUSG00000026836	Acvr1	IEA
CRE upregulated	GO:0016310	phosphorylation	ENSMUSG00000048482	Bdnf	IMP, ISO, IEA
CRE upregulated	GO:0016310	phosphorylation	ENSMUSG00000024256	Adcyap1	ISS, ISO, IEA
CRE upregulated	GO:0016310	phosphorylation	ENSMUSG00000021070	Bdkrb2	IMP
CRE upregulated	GO:0016310	phosphorylation	ENSMUSG00000038894	Irs2	IMP
CRE upregulated	GO:0016310	phosphorylation	ENSMUSG00000025648	Pfkfb4	IEA
CRE upregulated	GO:0016310	phosphorylation	ENSMUSG00000035828	Pim3	ISS, IEA
CRE upregulated	GO:0016310	phosphorylation	ENSMUSG00000039954	Stk32a	IEA
CRE upregulated	GO:0016310	phosphorylation	ENSMUSG00000027540	Ptpn1	IMP, IGI
CRE upregulated	GO:0016310	phosphorylation	ENSMUSG00000043895	S1pr2	IMP, IEA
CRE upregulated	GO:0016310	phosphorylation	ENSMUSG00000053436	Mapk14	IDA, IEA
CRE upregulated	GO:0016310	phosphorylation	ENSMUSG00000025809	Itgb1	ISO
CRE upregulated	GO:0016310	phosphorylation	ENSMUSG00000025239	Limd1	ISS
CRE upregulated	GO:0016310	phosphorylation	ENSMUSG00000025139	Tollip	ISS
CRE upregulated	GO:0016310	phosphorylation	ENSMUSG00000025746	Il6	ISO
CRE upregulated	GO:0016310	phosphorylation	ENSMUSG00000032231	Anxa2	ISO
CRE upregulated	GO:0016310	phosphorylation	ENSMUSG00000073563	Csnk1g3	IEA
CRE upregulated	GO:0016310	phosphorylation	ENSMUSG00000022607	Ptk2	IDA, IMP, ISS, IEA
CRE upregulated	GO:0016310	phosphorylation	ENSMUSG00000055994	Nod2	IMP
CRE upregulated	GO:0016310	phosphorylation	ENSMUSG00000024014	Pim1	IDA, IEA
CRE upregulated	GO:0016310	phosphorylation	ENSMUSG00000027293	Ehd4	ISO, IEA
CRE upregulated	GO:0016310	phosphorylation	ENSMUSG00000020580	Rock2	IEA
CRE upregulated	GO:0016310	phosphorylation	ENSMUSG00000046854	Pip5kl1	IEA
CRE upregulated	GO:0016310	phosphorylation	ENSMUSG00000040435	Ppp1r15a	IDA, ISO
CRE upregulated	GO:0016310	phosphorylation	ENSMUSG00000001847	Rac1	ISS
CRE upregulated	GO:0016310	phosphorylation	ENSMUSG00000050271	Prag1	IEA
CRE upregulated	GO:0016310	phosphorylation	ENSMUSG00000018909	Arrb1	IMP, ISS, ISO
CRE upregulated	GO:0016310	phosphorylation	ENSMUSG00000033955	Tnks1bp1	IEA
CRE upregulated	GO:0016310	phosphorylation	ENSMUSG00000057531	Dtnbp1	IMP, ISO
CRE upregulated	GO:0016310	phosphorylation	ENSMUSG00000015837	Sqstm1	ISO
CRE upregulated	GO:0016310	phosphorylation	ENSMUSG00000036737	Oxsr1	IGI, ISS, IEA
CRE upregulated	GO:0016310	phosphorylation	ENSMUSG00000020015	Cdk17	IEA
CRE upregulated	GO:0016310	phosphorylation	ENSMUSG00000022433	Csnk1e	IDA, IMP, IGI, IEA
CRE upregulated	GO:0016310	phosphorylation	ENSMUSG00000053113	Socs3	IDA, IEA
CRE upregulated	GO:0016310	phosphorylation	ENSMUSG00000027954	Efna1	IDA, IEA
CRE upregulated	GO:0016310	phosphorylation	ENSMUSG00000024789	Jak2	IDA, ISS, IEA
CRE upregulated	GO:0016310	phosphorylation	ENSMUSG00000004040	ENSMUSG00000004040	IDA
CRE upregulated	GO:0016310	phosphorylation	ENSMUSG00000109511	Nup62	IMP
CRE upregulated	GO:0016310	phosphorylation	ENSMUSG00000020395	Itk	IMP, IEA
CRE upregulated	GO:0016310	phosphorylation	ENSMUSG00000024190	Dusp1	ISS
CRE upregulated	GO:0016310	phosphorylation	ENSMUSG00000030223	ENSMUSG00000030223	IDA
CRE upregulated	GO:0016310	phosphorylation	ENSMUSG00000027797	Dclk1	IEA
CRE upregulated	GO:0016310	phosphorylation	ENSMUSG00000004865	ENSMUSG00000004865	IDA, IEA
CRE upregulated	GO:0016310	phosphorylation	ENSMUSG00000040033	ENSMUSG00000040033	IEA
CRE upregulated	GO:0016310	phosphorylation	ENSMUSG00000042608	Stk40	IEA
CRE upregulated	GO:0016310	phosphorylation	ENSMUSG00000027692	Tnik	ISS, IEA
CRE upregulated	GO:0016310	phosphorylation	ENSMUSG00000026078	Pdcl3	ISO, IEA
CRE upregulated	GO:0016310	phosphorylation	ENSMUSG00000028893	Sesn2	IMP, IEA
CRE upregulated	GO:0016310	phosphorylation	ENSMUSG00000024947	Men1	IEA
CRE upregulated	GO:0016310	phosphorylation	ENSMUSG00000029071	ENSMUSG00000029071	IDA, IGI
CRE upregulated	GO:0016310	phosphorylation	ENSMUSG00000036894	Rap2b	IDA, IEA
CRE upregulated	GO:0016310	phosphorylation	ENSMUSG00000032715	Trib3	IDA, ISS, IEA
CRE upregulated	GO:0016310	phosphorylation	ENSMUSG00000024777	ENSMUSG00000024777	ISO, IEA
CRE upregulated	GO:0016310	phosphorylation	ENSMUSG00000026074	Map4k4	IEA
CRE upregulated	GO:0016310	phosphorylation	ENSMUSG00000020694	ENSMUSG00000020694	ISS, IEA
CRE upregulated	GO:0016310	phosphorylation	ENSMUSG00000025162	ENSMUSG00000025162	IDA, IMP, IGI, ISS, IEA
CRE upregulated	GO:0016310	phosphorylation	ENSMUSG00000031668	ENSMUSG00000031668	IEA
CRE upregulated	GO:0016310	phosphorylation	ENSMUSG00000032599	ENSMUSG00000032599	IMP
CRE upregulated	GO:0016310	phosphorylation	ENSMUSG00000020349	ENSMUSG00000020349	ISO
CRE upregulated	GO:0016310	phosphorylation	ENSMUSG00000026773	ENSMUSG00000026773	IEA
CRE upregulated	GO:0016310	phosphorylation	ENSMUSG00000025340	Rabgef1	IMP
CRE upregulated	GO:0016310	phosphorylation	ENSMUSG00000033159	ENSMUSG00000033159	IEA
CRE upregulated	GO:0016310	phosphorylation	ENSMUSG00000004530	ENSMUSG00000004530	IEA
CRE upregulated	GO:0016310	phosphorylation	ENSMUSG00000025060	ENSMUSG00000025060	ISS, IEA
CRE upregulated	GO:0016310	phosphorylation	ENSMUSG00000062234	ENSMUSG00000062234	IEA
CRE upregulated	GO:0016310	phosphorylation	ENSMUSG00000007411	ENSMUSG00000007411	ISS, IEA
CRE upregulated	GO:0016310	phosphorylation	ENSMUSG00000021796	Bmpr1a	IEA
CRE upregulated	GO:0016310	phosphorylation	ENSMUSG00000035725	ENSMUSG00000035725	ISS, IEA
CRE upregulated	GO:0016310	phosphorylation	ENSMUSG00000000787	ENSMUSG00000000787	ISS
CRE upregulated	GO:0016310	phosphorylation	ENSMUSG00000008730	Hipk1	ISS, IEA
CRE upregulated	GO:0016310	phosphorylation	ENSMUSG00000038676	Ucn	ISO
CRE upregulated	GO:0016310	phosphorylation	ENSMUSG00000028680	ENSMUSG00000028680	IEA
CRE upregulated	GO:0016310	phosphorylation	ENSMUSG00000027944	Hax1	IEA
CRE upregulated	GO:0016310	phosphorylation	ENSMUSG00000019843	ENSMUSG00000019843	IDA, IMP, IGI, IEA
CRE upregulated	GO:0016310	phosphorylation	ENSMUSG00000027646	ENSMUSG00000027646	IMP, IGI, ISO, IEA
CRE upregulated	GO:0016310	phosphorylation	ENSMUSG00000032501	Trib1	ISS, IEA
CRE upregulated	GO:0016310	phosphorylation	ENSMUSG00000003119	ENSMUSG00000003119	ISS, IEA
CRE upregulated	GO:0016310	phosphorylation	ENSMUSG00000055067	ENSMUSG00000055067	IMP
CRE upregulated	GO:0016310	phosphorylation	ENSMUSG00000074886	ENSMUSG00000074886	IEA
CRE upregulated	GO:0016310	phosphorylation	ENSMUSG00000031073	Fgf15	IEA
CRE upregulated	GO:0016310	phosphorylation	ENSMUSG00000046707	ENSMUSG00000046707	IEA
CRE upregulated	GO:0023057	negative regulation of signaling	ENSMUSG00000026628	Atf3	IMP
CRE upregulated	GO:0023057	negative regulation of signaling	ENSMUSG00000019647	Sema6a	IEA
CRE upregulated	GO:0023057	negative regulation of signaling	ENSMUSG00000073680	Tmem88b	IBA
CRE upregulated	GO:0023057	negative regulation of signaling	ENSMUSG00000046223	Plaur	IEA
CRE upregulated	GO:0023057	negative regulation of signaling	ENSMUSG00000004951	Hspb1	IDA
CRE upregulated	GO:0023057	negative regulation of signaling	ENSMUSG00000046731	Kctd11	IDA
CRE upregulated	GO:0023057	negative regulation of signaling	ENSMUSG00000033902	Mapkbp1	IEA
CRE upregulated	GO:0023057	negative regulation of signaling	ENSMUSG00000030102	Itpr1	IEA
CRE upregulated	GO:0023057	negative regulation of signaling	ENSMUSG00000021765	Fst	IBA, IEA
CRE upregulated	GO:0023057	negative regulation of signaling	ENSMUSG00000020427	Igfbp3	ISO
CRE upregulated	GO:0023057	negative regulation of signaling	ENSMUSG00000024404	Riok3	IEA
CRE upregulated	GO:0023057	negative regulation of signaling	ENSMUSG00000030681	Mvp	IEA
CRE upregulated	GO:0023057	negative regulation of signaling	ENSMUSG00000035621	Midn	ISO, IEA
CRE upregulated	GO:0023057	negative regulation of signaling	ENSMUSG00000024261	Syt4	IMP
CRE upregulated	GO:0023057	negative regulation of signaling	ENSMUSG00000003644	Rps6ka1	IEA
CRE upregulated	GO:0023057	negative regulation of signaling	ENSMUSG00000005087	Cd44	IEA
CRE upregulated	GO:0023057	negative regulation of signaling	ENSMUSG00000026836	Acvr1	IEA
CRE upregulated	GO:0023057	negative regulation of signaling	ENSMUSG00000002459	Rgs20	IEA
CRE upregulated	GO:0023057	negative regulation of signaling	ENSMUSG00000048482	Bdnf	IDA, IGI
CRE upregulated	GO:0023057	negative regulation of signaling	ENSMUSG00000021070	Bdkrb2	IMP, IGI
CRE upregulated	GO:0023057	negative regulation of signaling	ENSMUSG00000035828	Pim3	IMP
CRE upregulated	GO:0023057	negative regulation of signaling	ENSMUSG00000032578	Cish	IEA
CRE upregulated	GO:0023057	negative regulation of signaling	ENSMUSG00000027313	Chac1	ISS, IEA
CRE upregulated	GO:0023057	negative regulation of signaling	ENSMUSG00000027540	Ptpn1	IMP, IGI, IBA, IEA
CRE upregulated	GO:0023057	negative regulation of signaling	ENSMUSG00000028063	Lmna	IMP
CRE upregulated	GO:0023057	negative regulation of signaling	ENSMUSG00000026254	Eif4e2	IEA
CRE upregulated	GO:0023057	negative regulation of signaling	ENSMUSG00000030678	Maz	IEA
CRE upregulated	GO:0023057	negative regulation of signaling	ENSMUSG00000053436	Mapk14	IMP, IEA
CRE upregulated	GO:0023057	negative regulation of signaling	ENSMUSG00000025809	Itgb1	IGI
CRE upregulated	GO:0023057	negative regulation of signaling	ENSMUSG00000040025	Ythdf2	ISS, IEA
CRE upregulated	GO:0023057	negative regulation of signaling	ENSMUSG00000025239	Limd1	IMP, ISS, IBA, IEA
CRE upregulated	GO:0023057	negative regulation of signaling	ENSMUSG00000025746	Il6	IDA, IMP
CRE upregulated	GO:0023057	negative regulation of signaling	ENSMUSG00000032280	Tle3	IBA
CRE upregulated	GO:0023057	negative regulation of signaling	ENSMUSG00000031078	Cttn	IGI
CRE upregulated	GO:0023057	negative regulation of signaling	ENSMUSG00000055994	Nod2	IMP
CRE upregulated	GO:0023057	negative regulation of signaling	ENSMUSG00000037062	Sh3glb1	IMP
CRE upregulated	GO:0023057	negative regulation of signaling	ENSMUSG00000042406	Atf4	ISO, IEA
CRE upregulated	GO:0023057	negative regulation of signaling	ENSMUSG00000020271	Fbxw11	IMP
CRE upregulated	GO:0023057	negative regulation of signaling	ENSMUSG00000020838	Slc6a4	ISO, IEA
CRE upregulated	GO:0023057	negative regulation of signaling	ENSMUSG00000001507	Itga3	IGI
CRE upregulated	GO:0023057	negative regulation of signaling	ENSMUSG00000025408	Ddit3	IDA, IEA
CRE upregulated	GO:0023057	negative regulation of signaling	ENSMUSG00000018909	Arrb1	IMP, ISS, ISO, IBA, IEA
CRE upregulated	GO:0023057	negative regulation of signaling	ENSMUSG00000020064	Herc4	IEA
CRE upregulated	GO:0023057	negative regulation of signaling	ENSMUSG00000028145	Them4	ISS, IEA
CRE upregulated	GO:0023057	negative regulation of signaling	ENSMUSG00000015837	Sqstm1	IEA
CRE upregulated	GO:0023057	negative regulation of signaling	ENSMUSG00000022951	Rcan1	ISS, IEA
CRE upregulated	GO:0023057	negative regulation of signaling	ENSMUSG00000015316	Slamf1	IEA
CRE upregulated	GO:0023057	negative regulation of signaling	ENSMUSG00000022433	Csnk1e	IGI
CRE upregulated	GO:0023057	negative regulation of signaling	ENSMUSG00000053113	Socs3	IDA, IGI, IEA
CRE upregulated	GO:0023057	negative regulation of signaling	ENSMUSG00000036437	Npy1r	ISO
CRE upregulated	GO:0023057	negative regulation of signaling	ENSMUSG00000027954	Efna1	IDA
CRE upregulated	GO:0023057	negative regulation of signaling	ENSMUSG00000042292	Mrtfa	IDA
CRE upregulated	GO:0023057	negative regulation of signaling	ENSMUSG00000022602	Arc	IDA
CRE upregulated	GO:0023057	negative regulation of signaling	ENSMUSG00000020027	Socs2	IMP, IGI, IEA
CRE upregulated	GO:0023057	negative regulation of signaling	ENSMUSG00000109511	Nup62	IMP
CRE upregulated	GO:0023057	negative regulation of signaling	ENSMUSG00000036990	Otud4	IDA, IBA, IEA
CRE upregulated	GO:0023057	negative regulation of signaling	ENSMUSG00000004347	ENSMUSG00000004347	ISO
CRE upregulated	GO:0023057	negative regulation of signaling	ENSMUSG00000050335	Lgals3	IEA
CRE upregulated	GO:0023057	negative regulation of signaling	ENSMUSG00000024190	Dusp1	IMP, ISS, ISO, IBA, IEA
CRE upregulated	GO:0023057	negative regulation of signaling	ENSMUSG00000030223	ENSMUSG00000030223	IDA, IBA
CRE upregulated	GO:0023057	negative regulation of signaling	ENSMUSG00000035236	Scai	IDA, IEA
CRE upregulated	GO:0023057	negative regulation of signaling	ENSMUSG00000031960	Aars1	ISS, IEA
CRE upregulated	GO:0023057	negative regulation of signaling	ENSMUSG00000059866	Tnip2	IDA
CRE upregulated	GO:0023057	negative regulation of signaling	ENSMUSG00000017615	Tnfaip1	ISS, IBA, IEA
CRE upregulated	GO:0023057	negative regulation of signaling	ENSMUSG00000040033	ENSMUSG00000040033	IEA
CRE upregulated	GO:0023057	negative regulation of signaling	ENSMUSG00000059316	Slc27a4	IEA
CRE upregulated	GO:0023057	negative regulation of signaling	ENSMUSG00000024927	Rela	IDA, ISO, IEA
CRE upregulated	GO:0023057	negative regulation of signaling	ENSMUSG00000029458	ENSMUSG00000029458	IEA
CRE upregulated	GO:0023057	negative regulation of signaling	ENSMUSG00000053716	Dusp7	IBA
CRE upregulated	GO:0023057	negative regulation of signaling	ENSMUSG00000036206	Sh3bp4	ISS, IEA
CRE upregulated	GO:0023057	negative regulation of signaling	ENSMUSG00000025793	ENSMUSG00000025793	IEA
CRE upregulated	GO:0023057	negative regulation of signaling	ENSMUSG00000050730	Arhgap42	IMP
CRE upregulated	GO:0023057	negative regulation of signaling	ENSMUSG00000028893	Sesn2	IMP, IBA, IEA
CRE upregulated	GO:0023057	negative regulation of signaling	ENSMUSG00000024947	Men1	IEA
CRE upregulated	GO:0023057	negative regulation of signaling	ENSMUSG00000026074	Map4k4	IEA
CRE upregulated	GO:0023057	negative regulation of signaling	ENSMUSG00000028466	Creb3	IEA
CRE upregulated	GO:0023057	negative regulation of signaling	ENSMUSG00000029175	Slc35f6	ISS, IEA
CRE upregulated	GO:0023057	negative regulation of signaling	ENSMUSG00000053175	Bcl3	IEA
CRE upregulated	GO:0023057	negative regulation of signaling	ENSMUSG00000037815	Ctnna1	IMP
CRE upregulated	GO:0023057	negative regulation of signaling	ENSMUSG00000020349	ENSMUSG00000020349	IMP, ISS, IEA
CRE upregulated	GO:0023057	negative regulation of signaling	ENSMUSG00000025340	Rabgef1	IMP
CRE upregulated	GO:0023057	negative regulation of signaling	ENSMUSG00000011877	Git1	ISO
CRE upregulated	GO:0023057	negative regulation of signaling	ENSMUSG00000039985	Sinhcaf	NAS
CRE upregulated	GO:0023057	negative regulation of signaling	ENSMUSG00000007411	ENSMUSG00000007411	ISS, IEA
CRE upregulated	GO:0023057	negative regulation of signaling	ENSMUSG00000031383	Dusp9	IDA, IBA
CRE upregulated	GO:0023057	negative regulation of signaling	ENSMUSG00000070056	ENSMUSG00000070056	IMP, ISS, IEA
CRE upregulated	GO:0023057	negative regulation of signaling	ENSMUSG00000037860	Aim2	IDA
CRE upregulated	GO:0023057	negative regulation of signaling	ENSMUSG00000000001	ENSMUSG00000000001	ISO
CRE upregulated	GO:0023057	negative regulation of signaling	ENSMUSG00000039844	ENSMUSG00000039844	IMP, IGI
CRE upregulated	GO:0023057	negative regulation of signaling	ENSMUSG00000000787	ENSMUSG00000000787	ISS
CRE upregulated	GO:0023057	negative regulation of signaling	ENSMUSG00000046722	ENSMUSG00000046722	ISS
CRE upregulated	GO:0023057	negative regulation of signaling	ENSMUSG00000038676	Ucn	ISO, IEA
CRE upregulated	GO:0023057	negative regulation of signaling	ENSMUSG00000037553	ENSMUSG00000037553	IEA
CRE upregulated	GO:0023057	negative regulation of signaling	ENSMUSG00000026864	ENSMUSG00000026864	IGI, ISS
CRE upregulated	GO:0023057	negative regulation of signaling	ENSMUSG00000002633	Shh	IDA, IMP
CRE upregulated	GO:0023057	negative regulation of signaling	ENSMUSG00000032462	ENSMUSG00000032462	IMP, IEA
CRE upregulated	GO:0023057	negative regulation of signaling	ENSMUSG00000037411	Serpine1	IEA
CRE upregulated	GO:0023057	negative regulation of signaling	ENSMUSG00000019843	ENSMUSG00000019843	ISO
CRE upregulated	GO:0023057	negative regulation of signaling	ENSMUSG00000027646	ENSMUSG00000027646	IBA, IEA
CRE upregulated	GO:0023057	negative regulation of signaling	ENSMUSG00000032501	Trib1	IEA
CRE upregulated	GO:0023057	negative regulation of signaling	ENSMUSG00000031642	Sh3rf1	IEA
CRE upregulated	GO:0023057	negative regulation of signaling	ENSMUSG00000042197	ENSMUSG00000042197	ISS, IEA
CRE upregulated	GO:0023057	negative regulation of signaling	ENSMUSG00000074886	ENSMUSG00000074886	ISO
CRE upregulated	GO:0023057	negative regulation of signaling	ENSMUSG00000015839	Nfe2l2	IEA
CRE upregulated	GO:0023057	negative regulation of signaling	ENSMUSG00000031751	ENSMUSG00000031751	IMP, IEA
CRE upregulated	GO:0023057	negative regulation of signaling	ENSMUSG00000003541	ENSMUSG00000003541	IDA
CRE upregulated	GO:0007166	cell surface receptor signaling pathway	ENSMUSG00000026628	Atf3	IEA
CRE upregulated	GO:0007166	cell surface receptor signaling pathway	ENSMUSG00000036390	Gadd45a	IMP, IEA
CRE upregulated	GO:0007166	cell surface receptor signaling pathway	ENSMUSG00000051379	Flrt3	IMP
CRE upregulated	GO:0007166	cell surface receptor signaling pathway	ENSMUSG00000052684	Jun	IDA
CRE upregulated	GO:0007166	cell surface receptor signaling pathway	ENSMUSG00000063632	Sox11	IMP, IEA
CRE upregulated	GO:0007166	cell surface receptor signaling pathway	ENSMUSG00000019647	Sema6a	IDA, IMP, IBA, IEA
CRE upregulated	GO:0007166	cell surface receptor signaling pathway	ENSMUSG00000073680	Tmem88b	IBA
CRE upregulated	GO:0007166	cell surface receptor signaling pathway	ENSMUSG00000046223	Plaur	NAS, IEA
CRE upregulated	GO:0007166	cell surface receptor signaling pathway	ENSMUSG00000004951	Hspb1	IEA
CRE upregulated	GO:0007166	cell surface receptor signaling pathway	ENSMUSG00000046688	Tifa	IPI
CRE upregulated	GO:0007166	cell surface receptor signaling pathway	ENSMUSG00000050164	Mchr1	ISO, IEA
CRE upregulated	GO:0007166	cell surface receptor signaling pathway	ENSMUSG00000046731	Kctd11	IDA
CRE upregulated	GO:0007166	cell surface receptor signaling pathway	ENSMUSG00000024143	Rhoq	IEA
CRE upregulated	GO:0007166	cell surface receptor signaling pathway	ENSMUSG00000030748	Il4ra	IBA, IEA
CRE upregulated	GO:0007166	cell surface receptor signaling pathway	ENSMUSG00000023905	Tnfrsf12a	IDA, IBA
CRE upregulated	GO:0007166	cell surface receptor signaling pathway	ENSMUSG00000032515	Csrnp1	IMP
CRE upregulated	GO:0007166	cell surface receptor signaling pathway	ENSMUSG00000025089	Gfra1	ISS, TAS, IEA
CRE upregulated	GO:0007166	cell surface receptor signaling pathway	ENSMUSG00000021765	Fst	IGI, IBA, IEA
CRE upregulated	GO:0007166	cell surface receptor signaling pathway	ENSMUSG00000025348	Itga7	IEA
CRE upregulated	GO:0007166	cell surface receptor signaling pathway	ENSMUSG00000014599	Csf1	IDA, IEA
CRE upregulated	GO:0007166	cell surface receptor signaling pathway	ENSMUSG00000020427	Igfbp3	IGI, IBA
CRE upregulated	GO:0007166	cell surface receptor signaling pathway	ENSMUSG00000030681	Mvp	IEA
CRE upregulated	GO:0007166	cell surface receptor signaling pathway	ENSMUSG00000031074	Fgf3	IEA
CRE upregulated	GO:0007166	cell surface receptor signaling pathway	ENSMUSG00000031681	Smad1	IDA, IMP, IGI, ISS, ISO, IBA, TAS, IEA
CRE upregulated	GO:0007166	cell surface receptor signaling pathway	ENSMUSG00000050989	Selenon	IMP
CRE upregulated	GO:0007166	cell surface receptor signaling pathway	ENSMUSG00000032939	Nup93	IDA, IEA
CRE upregulated	GO:0007166	cell surface receptor signaling pathway	ENSMUSG00000029378	Areg	IGI, ISO, IBA, IEA
CRE upregulated	GO:0007166	cell surface receptor signaling pathway	ENSMUSG00000005087	Cd44	IEA
CRE upregulated	GO:0007166	cell surface receptor signaling pathway	ENSMUSG00000026836	Acvr1	IDA, IMP, ISO, IBA, TAS, IEA
CRE upregulated	GO:0007166	cell surface receptor signaling pathway	ENSMUSG00000048482	Bdnf	IMP, ISO, IBA, IEA
CRE upregulated	GO:0007166	cell surface receptor signaling pathway	ENSMUSG00000018736	Ndel1	IDA
CRE upregulated	GO:0007166	cell surface receptor signaling pathway	ENSMUSG00000021501	Caml	IDA
CRE upregulated	GO:0007166	cell surface receptor signaling pathway	ENSMUSG00000038894	Irs2	IDA, IMP, ISO, IBA, IEA
CRE upregulated	GO:0007166	cell surface receptor signaling pathway	ENSMUSG00000027313	Chac1	ISS, IEA
CRE upregulated	GO:0007166	cell surface receptor signaling pathway	ENSMUSG00000027540	Ptpn1	IMP, IGI, ISO, IEA
CRE upregulated	GO:0007166	cell surface receptor signaling pathway	ENSMUSG00000043895	S1pr2	IMP
CRE upregulated	GO:0007166	cell surface receptor signaling pathway	ENSMUSG00000028063	Lmna	IMP
CRE upregulated	GO:0007166	cell surface receptor signaling pathway	ENSMUSG00000026254	Eif4e2	IEA
CRE upregulated	GO:0007166	cell surface receptor signaling pathway	ENSMUSG00000029121	Crmp1	IGI, IEP
CRE upregulated	GO:0007166	cell surface receptor signaling pathway	ENSMUSG00000053436	Mapk14	IDA, IMP, IGI, IEA
CRE upregulated	GO:0007166	cell surface receptor signaling pathway	ENSMUSG00000025809	Itgb1	ISO, IBA, NAS, IEA
CRE upregulated	GO:0007166	cell surface receptor signaling pathway	ENSMUSG00000040025	Ythdf2	ISS, IEA
CRE upregulated	GO:0007166	cell surface receptor signaling pathway	ENSMUSG00000025239	Limd1	IMP
CRE upregulated	GO:0007166	cell surface receptor signaling pathway	ENSMUSG00000015243	Abca1	IEA
CRE upregulated	GO:0007166	cell surface receptor signaling pathway	ENSMUSG00000025139	Tollip	IDA, IEA
CRE upregulated	GO:0007166	cell surface receptor signaling pathway	ENSMUSG00000020592	Sdc1	IMP
CRE upregulated	GO:0007166	cell surface receptor signaling pathway	ENSMUSG00000025746	Il6	IDA, IMP, ISO, IBA
CRE upregulated	GO:0007166	cell surface receptor signaling pathway	ENSMUSG00000032280	Tle3	IBA, IEA
CRE upregulated	GO:0007166	cell surface receptor signaling pathway	ENSMUSG00000073563	Csnk1g3	IBA, IEA
CRE upregulated	GO:0007166	cell surface receptor signaling pathway	ENSMUSG00000031078	Cttn	IGI
CRE upregulated	GO:0007166	cell surface receptor signaling pathway	ENSMUSG00000022607	Ptk2	ISS, ISO, IBA, TAS
CRE upregulated	GO:0007166	cell surface receptor signaling pathway	ENSMUSG00000055994	Nod2	IDA, IMP
CRE upregulated	GO:0007166	cell surface receptor signaling pathway	ENSMUSG00000037062	Sh3glb1	ISO
CRE upregulated	GO:0007166	cell surface receptor signaling pathway	ENSMUSG00000027560	Dok5	IPI, ISO, IBA, IEA
CRE upregulated	GO:0007166	cell surface receptor signaling pathway	ENSMUSG00000059923	Grb2	IDA, IGI, ISO, IEA
CRE upregulated	GO:0007166	cell surface receptor signaling pathway	ENSMUSG00000020271	Fbxw11	IEA
CRE upregulated	GO:0007166	cell surface receptor signaling pathway	ENSMUSG00000005950	P2rx5	IEA
CRE upregulated	GO:0007166	cell surface receptor signaling pathway	ENSMUSG00000001507	Itga3	IBA, IEA
CRE upregulated	GO:0007166	cell surface receptor signaling pathway	ENSMUSG00000031628	Casp3	ISO, IEA
CRE upregulated	GO:0007166	cell surface receptor signaling pathway	ENSMUSG00000025408	Ddit3	IDA, IEA
CRE upregulated	GO:0007166	cell surface receptor signaling pathway	ENSMUSG00000001847	Rac1	IMP, IGI, ISS, ISO, IEA
CRE upregulated	GO:0007166	cell surface receptor signaling pathway	ENSMUSG00000042121	Ssh1	ISO, IEA
CRE upregulated	GO:0007166	cell surface receptor signaling pathway	ENSMUSG00000050271	Prag1	IMP
CRE upregulated	GO:0007166	cell surface receptor signaling pathway	ENSMUSG00000018909	Arrb1	IMP, ISS, IBA, IEA
CRE upregulated	GO:0007166	cell surface receptor signaling pathway	ENSMUSG00000024349	Sting1	IDA, IEA
CRE upregulated	GO:0007166	cell surface receptor signaling pathway	ENSMUSG00000020064	Herc4	IEA
CRE upregulated	GO:0007166	cell surface receptor signaling pathway	ENSMUSG00000054008	Ndst1	IMP, IGI
CRE upregulated	GO:0007166	cell surface receptor signaling pathway	ENSMUSG00000015837	Sqstm1	IEA
CRE upregulated	GO:0007166	cell surface receptor signaling pathway	ENSMUSG00000030309	Caprin2	IBA
CRE upregulated	GO:0007166	cell surface receptor signaling pathway	ENSMUSG00000036737	Oxsr1	IMP, IEA
CRE upregulated	GO:0007166	cell surface receptor signaling pathway	ENSMUSG00000031955	Bcar1	IDA, ISS, ISO, IBA, IEA
CRE upregulated	GO:0007166	cell surface receptor signaling pathway	ENSMUSG00000015316	Slamf1	IEA
CRE upregulated	GO:0007166	cell surface receptor signaling pathway	ENSMUSG00000029765	Plxna4	IMP, IGI, IEA
CRE upregulated	GO:0007166	cell surface receptor signaling pathway	ENSMUSG00000022433	Csnk1e	IGI, IBA, IEA
CRE upregulated	GO:0007166	cell surface receptor signaling pathway	ENSMUSG00000022346	Myc	IDA
CRE upregulated	GO:0007166	cell surface receptor signaling pathway	ENSMUSG00000053113	Socs3	IDA, ISO, IEA
CRE upregulated	GO:0007166	cell surface receptor signaling pathway	ENSMUSG00000047604	Frat2	IGI, ISS
CRE upregulated	GO:0007166	cell surface receptor signaling pathway	ENSMUSG00000026072	Il1r1	IDA, IMP, ISO, IBA, IEA
CRE upregulated	GO:0007166	cell surface receptor signaling pathway	ENSMUSG00000027954	Efna1	IDA, IBA, IEA
CRE upregulated	GO:0007166	cell surface receptor signaling pathway	ENSMUSG00000024789	Jak2	IDA, IMP, IGI, ISS, ISO, IBA, TAS, IEA
CRE upregulated	GO:0007166	cell surface receptor signaling pathway	ENSMUSG00000004040	ENSMUSG00000004040	IDA, IMP, ISS, IBA, TAS, NAS, IEA
CRE upregulated	GO:0007166	cell surface receptor signaling pathway	ENSMUSG00000061589	Dot1l	IEA
CRE upregulated	GO:0007166	cell surface receptor signaling pathway	ENSMUSG00000020027	Socs2	IMP, IGI, IEA
CRE upregulated	GO:0007166	cell surface receptor signaling pathway	ENSMUSG00000109511	Nup62	IMP, ISS, IEA
CRE upregulated	GO:0007166	cell surface receptor signaling pathway	ENSMUSG00000029135	Fosl2	IDA, IMP
CRE upregulated	GO:0007166	cell surface receptor signaling pathway	ENSMUSG00000020395	Itk	IMP, IBA
CRE upregulated	GO:0007166	cell surface receptor signaling pathway	ENSMUSG00000036990	Otud4	IDA, IBA, IEA
CRE upregulated	GO:0007166	cell surface receptor signaling pathway	ENSMUSG00000029860	Zyx	IMP, IBA, IEA
CRE upregulated	GO:0007166	cell surface receptor signaling pathway	ENSMUSG00000044017	Adgrd1	IEA
CRE upregulated	GO:0007166	cell surface receptor signaling pathway	ENSMUSG00000050335	Lgals3	IEA
CRE upregulated	GO:0007166	cell surface receptor signaling pathway	ENSMUSG00000030223	ENSMUSG00000030223	IDA, IBA
CRE upregulated	GO:0007166	cell surface receptor signaling pathway	ENSMUSG00000059866	Tnip2	IMP, IBA
CRE upregulated	GO:0007166	cell surface receptor signaling pathway	ENSMUSG00000033545	Znrf1	IEA
CRE upregulated	GO:0007166	cell surface receptor signaling pathway	ENSMUSG00000040033	ENSMUSG00000040033	IEA
CRE upregulated	GO:0007166	cell surface receptor signaling pathway	ENSMUSG00000021360	ENSMUSG00000021360	IMP, IBA, IEA
CRE upregulated	GO:0007166	cell surface receptor signaling pathway	ENSMUSG00000059316	Slc27a4	IEA
CRE upregulated	GO:0007166	cell surface receptor signaling pathway	ENSMUSG00000023915	Tnfrsf21	IMP
CRE upregulated	GO:0007166	cell surface receptor signaling pathway	ENSMUSG00000024912	Fosl1	IMP
CRE upregulated	GO:0007166	cell surface receptor signaling pathway	ENSMUSG00000024927	Rela	IDA, ISO, IEA
CRE upregulated	GO:0007166	cell surface receptor signaling pathway	ENSMUSG00000025793	ENSMUSG00000025793	IEA
CRE upregulated	GO:0007166	cell surface receptor signaling pathway	ENSMUSG00000027692	Tnik	IEA
CRE upregulated	GO:0007166	cell surface receptor signaling pathway	ENSMUSG00000024238	Zeb1	IGI
CRE upregulated	GO:0007166	cell surface receptor signaling pathway	ENSMUSG00000024947	Men1	ISO, IEA
CRE upregulated	GO:0007166	cell surface receptor signaling pathway	ENSMUSG00000029071	ENSMUSG00000029071	IDA, IMP, IGI, ISO, IBA, TAS, IEA
CRE upregulated	GO:0007166	cell surface receptor signaling pathway	ENSMUSG00000064210	ENSMUSG00000064210	IMP, IEA
CRE upregulated	GO:0007166	cell surface receptor signaling pathway	ENSMUSG00000024777	ENSMUSG00000024777	ISO, IEA
CRE upregulated	GO:0007166	cell surface receptor signaling pathway	ENSMUSG00000035594	Chrna5	IEA
CRE upregulated	GO:0007166	cell surface receptor signaling pathway	ENSMUSG00000040365	Trim41	ISS, IEA
CRE upregulated	GO:0007166	cell surface receptor signaling pathway	ENSMUSG00000048047	Zbtb33	IEA
CRE upregulated	GO:0007166	cell surface receptor signaling pathway	ENSMUSG00000025162	ENSMUSG00000025162	IGI, IBA, IEA
CRE upregulated	GO:0007166	cell surface receptor signaling pathway	ENSMUSG00000053175	Bcl3	IEA
CRE upregulated	GO:0007166	cell surface receptor signaling pathway	ENSMUSG00000037815	Ctnna1	IMP, IGI
CRE upregulated	GO:0007166	cell surface receptor signaling pathway	ENSMUSG00000025340	Rabgef1	IDA, IMP
CRE upregulated	GO:0007166	cell surface receptor signaling pathway	ENSMUSG00000028599	Tnfrsf1b	IMP, IBA, IEA
CRE upregulated	GO:0007166	cell surface receptor signaling pathway	ENSMUSG00000044147	Arf6	NAS
CRE upregulated	GO:0007166	cell surface receptor signaling pathway	ENSMUSG00000011877	Git1	IDA
CRE upregulated	GO:0007166	cell surface receptor signaling pathway	ENSMUSG00000024270	ENSMUSG00000024270	ISS, IEA
CRE upregulated	GO:0007166	cell surface receptor signaling pathway	ENSMUSG00000039985	Sinhcaf	NAS
CRE upregulated	GO:0007166	cell surface receptor signaling pathway	ENSMUSG00000013483	Card14	ISS, IEA
CRE upregulated	GO:0007166	cell surface receptor signaling pathway	ENSMUSG00000025351	Cd63	IMP, ISS, IBA, IEA
CRE upregulated	GO:0007166	cell surface receptor signaling pathway	ENSMUSG00000021796	Bmpr1a	IDA, IMP, IGI, IBA, IEA
CRE upregulated	GO:0007166	cell surface receptor signaling pathway	ENSMUSG00000019842	ENSMUSG00000019842	IDA, IMP, IGI, ISO, IEA
CRE upregulated	GO:0007166	cell surface receptor signaling pathway	ENSMUSG00000024750	ENSMUSG00000024750	IMP
CRE upregulated	GO:0007166	cell surface receptor signaling pathway	ENSMUSG00000070056	ENSMUSG00000070056	IMP, ISS, IEA
CRE upregulated	GO:0007166	cell surface receptor signaling pathway	ENSMUSG00000037860	Aim2	IEA
CRE upregulated	GO:0007166	cell surface receptor signaling pathway	ENSMUSG00000039191	Rbpj	IMP, IGI, ISS, IBA, TAS, IEA
CRE upregulated	GO:0007166	cell surface receptor signaling pathway	ENSMUSG00000039844	ENSMUSG00000039844	IMP, IGI, ISO, IEA
CRE upregulated	GO:0007166	cell surface receptor signaling pathway	ENSMUSG00000001552	ENSMUSG00000001552	IBA
CRE upregulated	GO:0007166	cell surface receptor signaling pathway	ENSMUSG00000058354	Krt6a	IDA
CRE upregulated	GO:0007166	cell surface receptor signaling pathway	ENSMUSG00000020448	Rnf185	ISS, IEA
CRE upregulated	GO:0007166	cell surface receptor signaling pathway	ENSMUSG00000000787	ENSMUSG00000000787	ISS
CRE upregulated	GO:0007166	cell surface receptor signaling pathway	ENSMUSG00000008859	ENSMUSG00000008859	IEA
CRE upregulated	GO:0007166	cell surface receptor signaling pathway	ENSMUSG00000008730	Hipk1	IGI, IBA, IEA
CRE upregulated	GO:0007166	cell surface receptor signaling pathway	ENSMUSG00000022094	ENSMUSG00000022094	IMP
CRE upregulated	GO:0007166	cell surface receptor signaling pathway	ENSMUSG00000020097	ENSMUSG00000020097	IMP
CRE upregulated	GO:0007166	cell surface receptor signaling pathway	ENSMUSG00000032508	Myd88	IDA, IMP, ISO, IBA, TAS, IEA
CRE upregulated	GO:0007166	cell surface receptor signaling pathway	ENSMUSG00000028370	Pappa	IBA
CRE upregulated	GO:0007166	cell surface receptor signaling pathway	ENSMUSG00000026864	ENSMUSG00000026864	IGI
CRE upregulated	GO:0007166	cell surface receptor signaling pathway	ENSMUSG00000002633	Shh	IDA, IMP, IGI, ISS, IBA, IEA
CRE upregulated	GO:0007166	cell surface receptor signaling pathway	ENSMUSG00000032462	ENSMUSG00000032462	IEA
CRE upregulated	GO:0007166	cell surface receptor signaling pathway	ENSMUSG00000027944	Hax1	TAS, IEA
CRE upregulated	GO:0007166	cell surface receptor signaling pathway	ENSMUSG00000039671	ENSMUSG00000039671	ISO, IEA
CRE upregulated	GO:0007166	cell surface receptor signaling pathway	ENSMUSG00000045174	ENSMUSG00000045174	IBA, IEA
CRE upregulated	GO:0007166	cell surface receptor signaling pathway	ENSMUSG00000029145	ENSMUSG00000029145	ISS, IEA
CRE upregulated	GO:0007166	cell surface receptor signaling pathway	ENSMUSG00000067586	ENSMUSG00000067586	IDA
CRE upregulated	GO:0007166	cell surface receptor signaling pathway	ENSMUSG00000048027	ENSMUSG00000048027	IDA, IBA
CRE upregulated	GO:0007166	cell surface receptor signaling pathway	ENSMUSG00000037411	Serpine1	IEA
CRE upregulated	GO:0007166	cell surface receptor signaling pathway	ENSMUSG00000020340	ENSMUSG00000020340	IMP
CRE upregulated	GO:0007166	cell surface receptor signaling pathway	ENSMUSG00000019843	ENSMUSG00000019843	IDA, IMP, IGI, ISO, IBA, IEA
CRE upregulated	GO:0007166	cell surface receptor signaling pathway	ENSMUSG00000027646	ENSMUSG00000027646	IDA, IMP, IGI, ISO, IBA, IEA
CRE upregulated	GO:0007166	cell surface receptor signaling pathway	ENSMUSG00000021340	ENSMUSG00000021340	IEA
CRE upregulated	GO:0007166	cell surface receptor signaling pathway	ENSMUSG00000032501	Trib1	IEA
CRE upregulated	GO:0007166	cell surface receptor signaling pathway	ENSMUSG00000031642	Sh3rf1	IEA
CRE upregulated	GO:0007166	cell surface receptor signaling pathway	ENSMUSG00000042197	ENSMUSG00000042197	ISS, IEA
CRE upregulated	GO:0007166	cell surface receptor signaling pathway	ENSMUSG00000074886	ENSMUSG00000074886	IEA
CRE upregulated	GO:0007166	cell surface receptor signaling pathway	ENSMUSG00000031073	Fgf15	ISO, IBA, IEA
CRE upregulated	GO:0007166	cell surface receptor signaling pathway	ENSMUSG00000000627	ENSMUSG00000000627	IBA
CRE upregulated	GO:0007166	cell surface receptor signaling pathway	ENSMUSG00000054499	ENSMUSG00000054499	IBA, IEA
CRE upregulated	GO:0007166	cell surface receptor signaling pathway	ENSMUSG00000031751	ENSMUSG00000031751	IMP, IEA
CRE upregulated	GO:0007166	cell surface receptor signaling pathway	ENSMUSG00000054204	ENSMUSG00000054204	IEA
CRE upregulated	GO:0007166	cell surface receptor signaling pathway	ENSMUSG00000046707	ENSMUSG00000046707	IEA
CRE upregulated	GO:0010648	negative regulation of cell communication	ENSMUSG00000026628	Atf3	IMP
CRE upregulated	GO:0010648	negative regulation of cell communication	ENSMUSG00000019647	Sema6a	IEA
CRE upregulated	GO:0010648	negative regulation of cell communication	ENSMUSG00000073680	Tmem88b	IBA
CRE upregulated	GO:0010648	negative regulation of cell communication	ENSMUSG00000046223	Plaur	IEA
CRE upregulated	GO:0010648	negative regulation of cell communication	ENSMUSG00000004951	Hspb1	IDA
CRE upregulated	GO:0010648	negative regulation of cell communication	ENSMUSG00000046731	Kctd11	IDA
CRE upregulated	GO:0010648	negative regulation of cell communication	ENSMUSG00000033902	Mapkbp1	IEA
CRE upregulated	GO:0010648	negative regulation of cell communication	ENSMUSG00000030102	Itpr1	IEA
CRE upregulated	GO:0010648	negative regulation of cell communication	ENSMUSG00000021765	Fst	IBA, IEA
CRE upregulated	GO:0010648	negative regulation of cell communication	ENSMUSG00000020427	Igfbp3	ISO
CRE upregulated	GO:0010648	negative regulation of cell communication	ENSMUSG00000024404	Riok3	IEA
CRE upregulated	GO:0010648	negative regulation of cell communication	ENSMUSG00000030681	Mvp	IEA
CRE upregulated	GO:0010648	negative regulation of cell communication	ENSMUSG00000035621	Midn	ISO, IEA
CRE upregulated	GO:0010648	negative regulation of cell communication	ENSMUSG00000024261	Syt4	IMP
CRE upregulated	GO:0010648	negative regulation of cell communication	ENSMUSG00000003644	Rps6ka1	IEA
CRE upregulated	GO:0010648	negative regulation of cell communication	ENSMUSG00000005087	Cd44	IEA
CRE upregulated	GO:0010648	negative regulation of cell communication	ENSMUSG00000026836	Acvr1	IEA
CRE upregulated	GO:0010648	negative regulation of cell communication	ENSMUSG00000002459	Rgs20	IEA
CRE upregulated	GO:0010648	negative regulation of cell communication	ENSMUSG00000048482	Bdnf	IDA, IGI
CRE upregulated	GO:0010648	negative regulation of cell communication	ENSMUSG00000021070	Bdkrb2	IMP, IGI
CRE upregulated	GO:0010648	negative regulation of cell communication	ENSMUSG00000035828	Pim3	IMP
CRE upregulated	GO:0010648	negative regulation of cell communication	ENSMUSG00000032578	Cish	IEA
CRE upregulated	GO:0010648	negative regulation of cell communication	ENSMUSG00000027313	Chac1	ISS, IEA
CRE upregulated	GO:0010648	negative regulation of cell communication	ENSMUSG00000027540	Ptpn1	IMP, IGI, IBA, IEA
CRE upregulated	GO:0010648	negative regulation of cell communication	ENSMUSG00000028063	Lmna	IMP
CRE upregulated	GO:0010648	negative regulation of cell communication	ENSMUSG00000026254	Eif4e2	IEA
CRE upregulated	GO:0010648	negative regulation of cell communication	ENSMUSG00000030678	Maz	IEA
CRE upregulated	GO:0010648	negative regulation of cell communication	ENSMUSG00000053436	Mapk14	IMP, IEA
CRE upregulated	GO:0010648	negative regulation of cell communication	ENSMUSG00000025809	Itgb1	IGI
CRE upregulated	GO:0010648	negative regulation of cell communication	ENSMUSG00000040025	Ythdf2	ISS, IEA
CRE upregulated	GO:0010648	negative regulation of cell communication	ENSMUSG00000025239	Limd1	IMP, ISS, IBA, IEA
CRE upregulated	GO:0010648	negative regulation of cell communication	ENSMUSG00000025746	Il6	IDA, IMP
CRE upregulated	GO:0010648	negative regulation of cell communication	ENSMUSG00000032280	Tle3	IBA
CRE upregulated	GO:0010648	negative regulation of cell communication	ENSMUSG00000031078	Cttn	IGI
CRE upregulated	GO:0010648	negative regulation of cell communication	ENSMUSG00000055994	Nod2	IMP
CRE upregulated	GO:0010648	negative regulation of cell communication	ENSMUSG00000037062	Sh3glb1	IMP
CRE upregulated	GO:0010648	negative regulation of cell communication	ENSMUSG00000042406	Atf4	ISO, IEA
CRE upregulated	GO:0010648	negative regulation of cell communication	ENSMUSG00000020271	Fbxw11	IMP
CRE upregulated	GO:0010648	negative regulation of cell communication	ENSMUSG00000020838	Slc6a4	ISO, IEA
CRE upregulated	GO:0010648	negative regulation of cell communication	ENSMUSG00000001507	Itga3	IGI
CRE upregulated	GO:0010648	negative regulation of cell communication	ENSMUSG00000025408	Ddit3	IDA, IEA
CRE upregulated	GO:0010648	negative regulation of cell communication	ENSMUSG00000018909	Arrb1	IMP, ISS, ISO, IBA, IEA
CRE upregulated	GO:0010648	negative regulation of cell communication	ENSMUSG00000020064	Herc4	IEA
CRE upregulated	GO:0010648	negative regulation of cell communication	ENSMUSG00000028145	Them4	ISS, IEA
CRE upregulated	GO:0010648	negative regulation of cell communication	ENSMUSG00000015837	Sqstm1	IEA
CRE upregulated	GO:0010648	negative regulation of cell communication	ENSMUSG00000022951	Rcan1	ISS, IEA
CRE upregulated	GO:0010648	negative regulation of cell communication	ENSMUSG00000015316	Slamf1	IEA
CRE upregulated	GO:0010648	negative regulation of cell communication	ENSMUSG00000022433	Csnk1e	IGI
CRE upregulated	GO:0010648	negative regulation of cell communication	ENSMUSG00000053113	Socs3	IDA, IGI, IEA
CRE upregulated	GO:0010648	negative regulation of cell communication	ENSMUSG00000036437	Npy1r	ISO
CRE upregulated	GO:0010648	negative regulation of cell communication	ENSMUSG00000027954	Efna1	IDA
CRE upregulated	GO:0010648	negative regulation of cell communication	ENSMUSG00000042292	Mrtfa	IDA
CRE upregulated	GO:0010648	negative regulation of cell communication	ENSMUSG00000022602	Arc	IDA
CRE upregulated	GO:0010648	negative regulation of cell communication	ENSMUSG00000020027	Socs2	IMP, IGI, IEA
CRE upregulated	GO:0010648	negative regulation of cell communication	ENSMUSG00000109511	Nup62	IMP
CRE upregulated	GO:0010648	negative regulation of cell communication	ENSMUSG00000036990	Otud4	IDA, IBA, IEA
CRE upregulated	GO:0010648	negative regulation of cell communication	ENSMUSG00000004347	ENSMUSG00000004347	ISO
CRE upregulated	GO:0010648	negative regulation of cell communication	ENSMUSG00000050335	Lgals3	IEA
CRE upregulated	GO:0010648	negative regulation of cell communication	ENSMUSG00000024190	Dusp1	IMP, ISS, ISO, IBA, IEA
CRE upregulated	GO:0010648	negative regulation of cell communication	ENSMUSG00000030223	ENSMUSG00000030223	IDA, IBA
CRE upregulated	GO:0010648	negative regulation of cell communication	ENSMUSG00000035236	Scai	IDA, IEA
CRE upregulated	GO:0010648	negative regulation of cell communication	ENSMUSG00000031960	Aars1	ISS, IEA
CRE upregulated	GO:0010648	negative regulation of cell communication	ENSMUSG00000059866	Tnip2	IDA
CRE upregulated	GO:0010648	negative regulation of cell communication	ENSMUSG00000017615	Tnfaip1	ISS, IBA, IEA
CRE upregulated	GO:0010648	negative regulation of cell communication	ENSMUSG00000040033	ENSMUSG00000040033	IEA
CRE upregulated	GO:0010648	negative regulation of cell communication	ENSMUSG00000059316	Slc27a4	IEA
CRE upregulated	GO:0010648	negative regulation of cell communication	ENSMUSG00000024927	Rela	IDA, ISO, IEA
CRE upregulated	GO:0010648	negative regulation of cell communication	ENSMUSG00000029458	ENSMUSG00000029458	IEA
CRE upregulated	GO:0010648	negative regulation of cell communication	ENSMUSG00000053716	Dusp7	IBA
CRE upregulated	GO:0010648	negative regulation of cell communication	ENSMUSG00000036206	Sh3bp4	ISS, IEA
CRE upregulated	GO:0010648	negative regulation of cell communication	ENSMUSG00000025793	ENSMUSG00000025793	IEA
CRE upregulated	GO:0010648	negative regulation of cell communication	ENSMUSG00000050730	Arhgap42	IMP
CRE upregulated	GO:0010648	negative regulation of cell communication	ENSMUSG00000028893	Sesn2	IMP, IBA, IEA
CRE upregulated	GO:0010648	negative regulation of cell communication	ENSMUSG00000024947	Men1	IEA
CRE upregulated	GO:0010648	negative regulation of cell communication	ENSMUSG00000026074	Map4k4	IEA
CRE upregulated	GO:0010648	negative regulation of cell communication	ENSMUSG00000028466	Creb3	IEA
CRE upregulated	GO:0010648	negative regulation of cell communication	ENSMUSG00000029175	Slc35f6	ISS, IEA
CRE upregulated	GO:0010648	negative regulation of cell communication	ENSMUSG00000053175	Bcl3	IEA
CRE upregulated	GO:0010648	negative regulation of cell communication	ENSMUSG00000037815	Ctnna1	IMP
CRE upregulated	GO:0010648	negative regulation of cell communication	ENSMUSG00000020349	ENSMUSG00000020349	IMP, ISS, IEA
CRE upregulated	GO:0010648	negative regulation of cell communication	ENSMUSG00000025340	Rabgef1	IMP
CRE upregulated	GO:0010648	negative regulation of cell communication	ENSMUSG00000011877	Git1	ISO
CRE upregulated	GO:0010648	negative regulation of cell communication	ENSMUSG00000039985	Sinhcaf	NAS
CRE upregulated	GO:0010648	negative regulation of cell communication	ENSMUSG00000007411	ENSMUSG00000007411	ISS, IEA
CRE upregulated	GO:0010648	negative regulation of cell communication	ENSMUSG00000031383	Dusp9	IDA, IBA
CRE upregulated	GO:0010648	negative regulation of cell communication	ENSMUSG00000070056	ENSMUSG00000070056	IMP, ISS, IEA
CRE upregulated	GO:0010648	negative regulation of cell communication	ENSMUSG00000037860	Aim2	IDA
CRE upregulated	GO:0010648	negative regulation of cell communication	ENSMUSG00000000001	ENSMUSG00000000001	ISO
CRE upregulated	GO:0010648	negative regulation of cell communication	ENSMUSG00000039844	ENSMUSG00000039844	IMP, IGI
CRE upregulated	GO:0010648	negative regulation of cell communication	ENSMUSG00000000787	ENSMUSG00000000787	ISS
CRE upregulated	GO:0010648	negative regulation of cell communication	ENSMUSG00000046722	ENSMUSG00000046722	ISS
CRE upregulated	GO:0010648	negative regulation of cell communication	ENSMUSG00000038676	Ucn	ISO, IEA
CRE upregulated	GO:0010648	negative regulation of cell communication	ENSMUSG00000037553	ENSMUSG00000037553	IEA
CRE upregulated	GO:0010648	negative regulation of cell communication	ENSMUSG00000026864	ENSMUSG00000026864	IGI, ISS
CRE upregulated	GO:0010648	negative regulation of cell communication	ENSMUSG00000002633	Shh	IDA, IMP
CRE upregulated	GO:0010648	negative regulation of cell communication	ENSMUSG00000032462	ENSMUSG00000032462	IMP, IEA
CRE upregulated	GO:0010648	negative regulation of cell communication	ENSMUSG00000037411	Serpine1	IEA
CRE upregulated	GO:0010648	negative regulation of cell communication	ENSMUSG00000019843	ENSMUSG00000019843	ISO
CRE upregulated	GO:0010648	negative regulation of cell communication	ENSMUSG00000027646	ENSMUSG00000027646	IBA, IEA
CRE upregulated	GO:0010648	negative regulation of cell communication	ENSMUSG00000032501	Trib1	IEA
CRE upregulated	GO:0010648	negative regulation of cell communication	ENSMUSG00000031642	Sh3rf1	IEA
CRE upregulated	GO:0010648	negative regulation of cell communication	ENSMUSG00000042197	ENSMUSG00000042197	ISS, IEA
CRE upregulated	GO:0010648	negative regulation of cell communication	ENSMUSG00000074886	ENSMUSG00000074886	ISO
CRE upregulated	GO:0010648	negative regulation of cell communication	ENSMUSG00000015839	Nfe2l2	IEA
CRE upregulated	GO:0010648	negative regulation of cell communication	ENSMUSG00000031751	ENSMUSG00000031751	IMP, IEA
CRE upregulated	GO:0010648	negative regulation of cell communication	ENSMUSG00000003541	ENSMUSG00000003541	IDA
CRE upregulated	GO:0007399	nervous system development	ENSMUSG00000051379	Flrt3	IDA, IMP, ISS, ISO, IEA
CRE upregulated	GO:0007399	nervous system development	ENSMUSG00000052684	Jun	IMP
CRE upregulated	GO:0007399	nervous system development	ENSMUSG00000063632	Sox11	IDA, IMP, ISO, IBA, IEA
CRE upregulated	GO:0007399	nervous system development	ENSMUSG00000019647	Sema6a	IMP, IBA, NAS, IEA
CRE upregulated	GO:0007399	nervous system development	ENSMUSG00000031574	Star	ISO, IEA
CRE upregulated	GO:0007399	nervous system development	ENSMUSG00000004951	Hspb1	ISO
CRE upregulated	GO:0007399	nervous system development	ENSMUSG00000022044	Stmn4	IBA
CRE upregulated	GO:0007399	nervous system development	ENSMUSG00000046731	Kctd11	IDA, IBA
CRE upregulated	GO:0007399	nervous system development	ENSMUSG00000023905	Tnfrsf12a	IDA
CRE upregulated	GO:0007399	nervous system development	ENSMUSG00000030102	Itpr1	ISO
CRE upregulated	GO:0007399	nervous system development	ENSMUSG00000025089	Gfra1	IMP, ISO, IBA, IEA
CRE upregulated	GO:0007399	nervous system development	ENSMUSG00000030256	Bhlhe41	IBA
CRE upregulated	GO:0007399	nervous system development	ENSMUSG00000037705	Tecta	IGI
CRE upregulated	GO:0007399	nervous system development	ENSMUSG00000014599	Csf1	IGI, IEA
CRE upregulated	GO:0007399	nervous system development	ENSMUSG00000030272	Camk1	ISS, IEA
CRE upregulated	GO:0007399	nervous system development	ENSMUSG00000004846	Plod3	IMP
CRE upregulated	GO:0007399	nervous system development	ENSMUSG00000031681	Smad1	IMP
CRE upregulated	GO:0007399	nervous system development	ENSMUSG00000058153	Sez6l	IGI, IBA
CRE upregulated	GO:0007399	nervous system development	ENSMUSG00000024261	Syt4	IMP, IEA
CRE upregulated	GO:0007399	nervous system development	ENSMUSG00000029378	Areg	ISO, IEA
CRE upregulated	GO:0007399	nervous system development	ENSMUSG00000042688	Mapk6	IGI
CRE upregulated	GO:0007399	nervous system development	ENSMUSG00000048482	Bdnf	IDA, IMP, IGI, ISO, IBA, IEA
CRE upregulated	GO:0007399	nervous system development	ENSMUSG00000024256	Adcyap1	ISS, ISO, IBA, IEA
CRE upregulated	GO:0007399	nervous system development	ENSMUSG00000018736	Ndel1	IMP, IGI, ISO, IBA, IEA
CRE upregulated	GO:0007399	nervous system development	ENSMUSG00000002250	Ppard	IMP
CRE upregulated	GO:0007399	nervous system development	ENSMUSG00000018507	Trpv2	IMP
CRE upregulated	GO:0007399	nervous system development	ENSMUSG00000038894	Irs2	IMP
CRE upregulated	GO:0007399	nervous system development	ENSMUSG00000037568	Vash2	ISS, IEA
CRE upregulated	GO:0007399	nervous system development	ENSMUSG00000005069	Pex5	IMP
CRE upregulated	GO:0007399	nervous system development	ENSMUSG00000029518	Rab35	IMP
CRE upregulated	GO:0007399	nervous system development	ENSMUSG00000045136	Tubb2b	IMP, ISS, ISO, IEA
CRE upregulated	GO:0007399	nervous system development	ENSMUSG00000054855	Rnd1	IEA
CRE upregulated	GO:0007399	nervous system development	ENSMUSG00000029201	Ugdh	ISS, IEA
CRE upregulated	GO:0007399	nervous system development	ENSMUSG00000027313	Chac1	IMP, IEA
CRE upregulated	GO:0007399	nervous system development	ENSMUSG00000027540	Ptpn1	IEA
CRE upregulated	GO:0007399	nervous system development	ENSMUSG00000043895	S1pr2	EXP, IDA
CRE upregulated	GO:0007399	nervous system development	ENSMUSG00000027035	Cers6	IEA
CRE upregulated	GO:0007399	nervous system development	ENSMUSG00000026675	Hsd17b7	IMP
CRE upregulated	GO:0007399	nervous system development	ENSMUSG00000029121	Crmp1	IDA, IEP, IEA
CRE upregulated	GO:0007399	nervous system development	ENSMUSG00000028645	Slc2a1	IEA
CRE upregulated	GO:0007399	nervous system development	ENSMUSG00000025809	Itgb1	IMP, IGI, ISO
CRE upregulated	GO:0007399	nervous system development	ENSMUSG00000040025	Ythdf2	IMP, ISS, IEA
CRE upregulated	GO:0007399	nervous system development	ENSMUSG00000028156	Eif4e	IMP
CRE upregulated	GO:0007399	nervous system development	ENSMUSG00000023030	Slc11a2	IMP
CRE upregulated	GO:0007399	nervous system development	ENSMUSG00000013089	Etv5	ISO, IEA
CRE upregulated	GO:0007399	nervous system development	ENSMUSG00000025746	Il6	IMP, ISO
CRE upregulated	GO:0007399	nervous system development	ENSMUSG00000032231	Anxa2	IDA
CRE upregulated	GO:0007399	nervous system development	ENSMUSG00000031078	Cttn	ISS, ISO
CRE upregulated	GO:0007399	nervous system development	ENSMUSG00000022607	Ptk2	IDA, IMP, ISO
CRE upregulated	GO:0007399	nervous system development	ENSMUSG00000037062	Sh3glb1	ISO
CRE upregulated	GO:0007399	nervous system development	ENSMUSG00000024772	Ehd1	ISS, ISO, IEA
CRE upregulated	GO:0007399	nervous system development	ENSMUSG00000027560	Dok5	IDA
CRE upregulated	GO:0007399	nervous system development	ENSMUSG00000033039	Micall1	IMP, ISO
CRE upregulated	GO:0007399	nervous system development	ENSMUSG00000059923	Grb2	IMP
CRE upregulated	GO:0007399	nervous system development	ENSMUSG00000042406	Atf4	IEA
CRE upregulated	GO:0007399	nervous system development	ENSMUSG00000055078	Gabra5	IMP, IBA
CRE upregulated	GO:0007399	nervous system development	ENSMUSG00000017929	B4galt5	IMP
CRE upregulated	GO:0007399	nervous system development	ENSMUSG00000020271	Fbxw11	IBA
CRE upregulated	GO:0007399	nervous system development	ENSMUSG00000020838	Slc6a4	IMP, ISO, IEA
CRE upregulated	GO:0007399	nervous system development	ENSMUSG00000001507	Itga3	IMP, ISO, IEA
CRE upregulated	GO:0007399	nervous system development	ENSMUSG00000055723	Rras2	IGI
CRE upregulated	GO:0007399	nervous system development	ENSMUSG00000031628	Casp3	IMP, ISO, IBA, IEA
CRE upregulated	GO:0007399	nervous system development	ENSMUSG00000032078	Zpr1	IMP, IBA, IEA
CRE upregulated	GO:0007399	nervous system development	ENSMUSG00000055407	Map6	ISS, ISO, IBA, IEA
CRE upregulated	GO:0007399	nervous system development	ENSMUSG00000001847	Rac1	IDA, IMP, IGI, IBA, IEA
CRE upregulated	GO:0007399	nervous system development	ENSMUSG00000050271	Prag1	ISS, ISO, IEA
CRE upregulated	GO:0007399	nervous system development	ENSMUSG00000030077	Chl1	IDA, IMP, IEA
CRE upregulated	GO:0007399	nervous system development	ENSMUSG00000026317	Cln8	IMP, ISS, IBA, IEA
CRE upregulated	GO:0007399	nervous system development	ENSMUSG00000044667	Plppr4	ISO, IBA
CRE upregulated	GO:0007399	nervous system development	ENSMUSG00000054008	Ndst1	IMP, IGI
CRE upregulated	GO:0007399	nervous system development	ENSMUSG00000057531	Dtnbp1	IDA, IMP, ISS, ISO, IBA, NAS, IEA
CRE upregulated	GO:0007399	nervous system development	ENSMUSG00000030309	Caprin2	IMP
CRE upregulated	GO:0007399	nervous system development	ENSMUSG00000001627	Ifrd1	IGI
CRE upregulated	GO:0007399	nervous system development	ENSMUSG00000029765	Plxna4	IMP, IGI, IBA
CRE upregulated	GO:0007399	nervous system development	ENSMUSG00000022346	Myc	ISO
CRE upregulated	GO:0007399	nervous system development	ENSMUSG00000026072	Il1r1	ISO
CRE upregulated	GO:0007399	nervous system development	ENSMUSG00000027954	Efna1	IDA, IGI, IBA
CRE upregulated	GO:0007399	nervous system development	ENSMUSG00000024789	Jak2	ISS, ISO, IEA
CRE upregulated	GO:0007399	nervous system development	ENSMUSG00000004040	ENSMUSG00000004040	IMP, IGI
CRE upregulated	GO:0007399	nervous system development	ENSMUSG00000042292	Mrtfa	IGI
CRE upregulated	GO:0007399	nervous system development	ENSMUSG00000022602	Arc	ISO, IEA
CRE upregulated	GO:0007399	nervous system development	ENSMUSG00000020027	Socs2	IDA
CRE upregulated	GO:0007399	nervous system development	ENSMUSG00000047554	Tmem41b	IEA
CRE upregulated	GO:0007399	nervous system development	ENSMUSG00000044017	Adgrd1	IEA
CRE upregulated	GO:0007399	nervous system development	ENSMUSG00000018143	Mafk	ISO
CRE upregulated	GO:0007399	nervous system development	ENSMUSG00000063919	Srrm4	IMP, IBA
CRE upregulated	GO:0007399	nervous system development	ENSMUSG00000030223	ENSMUSG00000030223	IMP, IBA
CRE upregulated	GO:0007399	nervous system development	ENSMUSG00000027797	Dclk1	IDA, IMP, IGI, IBA, IEA
CRE upregulated	GO:0007399	nervous system development	ENSMUSG00000031960	Aars1	IMP
CRE upregulated	GO:0007399	nervous system development	ENSMUSG00000003762	Coq8b	IEA
CRE upregulated	GO:0007399	nervous system development	ENSMUSG00000036882	ENSMUSG00000036882	IDA, IMP, ISO, IEA
CRE upregulated	GO:0007399	nervous system development	ENSMUSG00000030029	Lrig1	IGI
CRE upregulated	GO:0007399	nervous system development	ENSMUSG00000026930	Gpsm1	IEA
CRE upregulated	GO:0007399	nervous system development	ENSMUSG00000024803	Ankrd1	ISO
CRE upregulated	GO:0007399	nervous system development	ENSMUSG00000023915	Tnfrsf21	IMP, ISO, IBA, IEA
CRE upregulated	GO:0007399	nervous system development	ENSMUSG00000024927	Rela	ISO, IEA
CRE upregulated	GO:0007399	nervous system development	ENSMUSG00000027692	Tnik	ISS, ISO, IBA, IEA
CRE upregulated	GO:0007399	nervous system development	ENSMUSG00000024238	Zeb1	IDA, IGI, IEA
CRE upregulated	GO:0007399	nervous system development	ENSMUSG00000029071	ENSMUSG00000029071	IDA, IMP, ISO, IEA
CRE upregulated	GO:0007399	nervous system development	ENSMUSG00000022125	Cln5	ISS, IEA
CRE upregulated	GO:0007399	nervous system development	ENSMUSG00000024777	ENSMUSG00000024777	ISO, IEA
CRE upregulated	GO:0007399	nervous system development	ENSMUSG00000024335	Brd2	IMP
CRE upregulated	GO:0007399	nervous system development	ENSMUSG00000026074	Map4k4	IEA
CRE upregulated	GO:0007399	nervous system development	ENSMUSG00000025162	ENSMUSG00000025162	IGI
CRE upregulated	GO:0007399	nervous system development	ENSMUSG00000052921	Arhgef15	IDA, IMP
CRE upregulated	GO:0007399	nervous system development	ENSMUSG00000031278	ENSMUSG00000031278	ISO, IBA
CRE upregulated	GO:0007399	nervous system development	ENSMUSG00000030199	Etv6	IMP
CRE upregulated	GO:0007399	nervous system development	ENSMUSG00000037815	Ctnna1	IMP, IGI, IEA
CRE upregulated	GO:0007399	nervous system development	ENSMUSG00000021587	Pcsk1	IEA
CRE upregulated	GO:0007399	nervous system development	ENSMUSG00000028599	Tnfrsf1b	IMP, IGI, IBA
CRE upregulated	GO:0007399	nervous system development	ENSMUSG00000004530	ENSMUSG00000004530	IMP
CRE upregulated	GO:0007399	nervous system development	ENSMUSG00000044147	Arf6	IMP, ISO, IBA, IEA
CRE upregulated	GO:0007399	nervous system development	ENSMUSG00000036180	ENSMUSG00000036180	IMP
CRE upregulated	GO:0007399	nervous system development	ENSMUSG00000011877	Git1	IMP, ISO, IBA, IEA
CRE upregulated	GO:0007399	nervous system development	ENSMUSG00000031937	ENSMUSG00000031937	IMP, IEP, IBA
CRE upregulated	GO:0007399	nervous system development	ENSMUSG00000052512	ENSMUSG00000052512	IMP, ISO, IEA
CRE upregulated	GO:0007399	nervous system development	ENSMUSG00000008435	Rdh13	IMP
CRE upregulated	GO:0007399	nervous system development	ENSMUSG00000062234	ENSMUSG00000062234	IEA
CRE upregulated	GO:0007399	nervous system development	ENSMUSG00000021796	Bmpr1a	IMP, IGI
CRE upregulated	GO:0007399	nervous system development	ENSMUSG00000037860	Aim2	IDA
CRE upregulated	GO:0007399	nervous system development	ENSMUSG00000039191	Rbpj	IMP
CRE upregulated	GO:0007399	nervous system development	ENSMUSG00000022656	ENSMUSG00000022656	IDA, IMP
CRE upregulated	GO:0007399	nervous system development	ENSMUSG00000039844	ENSMUSG00000039844	ISO, IEA
CRE upregulated	GO:0007399	nervous system development	ENSMUSG00000040010	Slc7a5	ISO, IEA
CRE upregulated	GO:0007399	nervous system development	ENSMUSG00000020671	ENSMUSG00000020671	ISS, ISO
CRE upregulated	GO:0007399	nervous system development	ENSMUSG00000022858	ENSMUSG00000022858	IMP
CRE upregulated	GO:0007399	nervous system development	ENSMUSG00000027997	Casp6	ISO
CRE upregulated	GO:0007399	nervous system development	ENSMUSG00000020594	ENSMUSG00000020594	ISO, IEA
CRE upregulated	GO:0007399	nervous system development	ENSMUSG00000008859	ENSMUSG00000008859	IMP
CRE upregulated	GO:0007399	nervous system development	ENSMUSG00000008730	Hipk1	IMP
CRE upregulated	GO:0007399	nervous system development	ENSMUSG00000038676	Ucn	ISO, IEA
CRE upregulated	GO:0007399	nervous system development	ENSMUSG00000028826	ENSMUSG00000028826	IEP
CRE upregulated	GO:0007399	nervous system development	ENSMUSG00000032508	Myd88	IMP
CRE upregulated	GO:0007399	nervous system development	ENSMUSG00000026864	ENSMUSG00000026864	IMP, ISO
CRE upregulated	GO:0007399	nervous system development	ENSMUSG00000002633	Shh	IDA, IMP, IGI, ISO, IBA, TAS, IEA
CRE upregulated	GO:0007399	nervous system development	ENSMUSG00000039671	ENSMUSG00000039671	ISO, IEA
CRE upregulated	GO:0007399	nervous system development	ENSMUSG00000005089	Slc1a2	IMP
CRE upregulated	GO:0007399	nervous system development	ENSMUSG00000029145	ENSMUSG00000029145	ISS, IEA
CRE upregulated	GO:0007399	nervous system development	ENSMUSG00000028291	ENSMUSG00000028291	IMP
CRE upregulated	GO:0007399	nervous system development	ENSMUSG00000020340	ENSMUSG00000020340	IMP, IBA, IEA
CRE upregulated	GO:0007399	nervous system development	ENSMUSG00000023277	ENSMUSG00000023277	IBA, IEA
CRE upregulated	GO:0007399	nervous system development	ENSMUSG00000019843	ENSMUSG00000019843	IMP, IGI, TAS
CRE upregulated	GO:0007399	nervous system development	ENSMUSG00000027646	ENSMUSG00000027646	IGI
CRE upregulated	GO:0007399	nervous system development	ENSMUSG00000004698	ENSMUSG00000004698	IEA
CRE upregulated	GO:0007399	nervous system development	ENSMUSG00000053825	ENSMUSG00000053825	IEA
CRE upregulated	GO:0007399	nervous system development	ENSMUSG00000047261	ENSMUSG00000047261	IMP, ISO, IBA, IEA
CRE upregulated	GO:0007399	nervous system development	ENSMUSG00000027433	ENSMUSG00000027433	IEA
CRE upregulated	GO:0007399	nervous system development	ENSMUSG00000015839	Nfe2l2	ISO, IEA
CRE upregulated	GO:0007399	nervous system development	ENSMUSG00000049550	ENSMUSG00000049550	ISO
CRE upregulated	GO:0007399	nervous system development	ENSMUSG00000021477	ENSMUSG00000021477	ISS
CRE upregulated	GO:0007399	nervous system development	ENSMUSG00000000627	ENSMUSG00000000627	ISO, IBA, IEA
CRE upregulated	GO:0007399	nervous system development	ENSMUSG00000024907	Gal	IMP
CRE upregulated	GO:0007399	nervous system development	ENSMUSG00000069227	ENSMUSG00000069227	IDA, IBA
CRE upregulated	GO:0007399	nervous system development	ENSMUSG00000054204	ENSMUSG00000054204	ISS, IEA
CRE upregulated	GO:0007399	nervous system development	ENSMUSG00000029475	ENSMUSG00000029475	IMP
CRE upregulated	GO:0033036	macromolecule localization	ENSMUSG00000037428	Vgf	IGI
CRE upregulated	GO:0033036	macromolecule localization	ENSMUSG00000031574	Star	IBA, IEA
CRE upregulated	GO:0033036	macromolecule localization	ENSMUSG00000004951	Hspb1	ISS, IEA
CRE upregulated	GO:0033036	macromolecule localization	ENSMUSG00000028494	Plin2	IDA, IBA
CRE upregulated	GO:0033036	macromolecule localization	ENSMUSG00000024143	Rhoq	IDA, IEA
CRE upregulated	GO:0033036	macromolecule localization	ENSMUSG00000030102	Itpr1	IMP, IGI
CRE upregulated	GO:0033036	macromolecule localization	ENSMUSG00000020427	Igfbp3	ISO
CRE upregulated	GO:0033036	macromolecule localization	ENSMUSG00000023067	Cdkn1a	IMP
CRE upregulated	GO:0033036	macromolecule localization	ENSMUSG00000006304	Arpc2	ISO
CRE upregulated	GO:0033036	macromolecule localization	ENSMUSG00000041831	Sytl3	IEA
CRE upregulated	GO:0033036	macromolecule localization	ENSMUSG00000109901	Chmp1b	IBA, IEA
CRE upregulated	GO:0033036	macromolecule localization	ENSMUSG00000030272	Camk1	IDA, ISS, IEA
CRE upregulated	GO:0033036	macromolecule localization	ENSMUSG00000004846	Plod3	IMP
CRE upregulated	GO:0033036	macromolecule localization	ENSMUSG00000035621	Midn	ISO, IEA
CRE upregulated	GO:0033036	macromolecule localization	ENSMUSG00000034300	Fam53c	IBA
CRE upregulated	GO:0033036	macromolecule localization	ENSMUSG00000024261	Syt4	IMP
CRE upregulated	GO:0033036	macromolecule localization	ENSMUSG00000032939	Nup93	IBA, IEA
CRE upregulated	GO:0033036	macromolecule localization	ENSMUSG00000068566	Myadm	IEA
CRE upregulated	GO:0033036	macromolecule localization	ENSMUSG00000024256	Adcyap1	IDA, ISO, IBA, IEA
CRE upregulated	GO:0033036	macromolecule localization	ENSMUSG00000021070	Bdkrb2	IEA
CRE upregulated	GO:0033036	macromolecule localization	ENSMUSG00000018736	Ndel1	IEA
CRE upregulated	GO:0033036	macromolecule localization	ENSMUSG00000002250	Ppard	IEP, ISO, IBA, NAS, IEA
CRE upregulated	GO:0033036	macromolecule localization	ENSMUSG00000021501	Caml	ISS, ISO, IBA, IEA
CRE upregulated	GO:0033036	macromolecule localization	ENSMUSG00000041870	Ankrd13a	ISS, IEA
CRE upregulated	GO:0033036	macromolecule localization	ENSMUSG00000038894	Irs2	IMP, IEA
CRE upregulated	GO:0033036	macromolecule localization	ENSMUSG00000035828	Pim3	IMP
CRE upregulated	GO:0033036	macromolecule localization	ENSMUSG00000005069	Pex5	IMP, ISS, IBA, TAS, IEA
CRE upregulated	GO:0033036	macromolecule localization	ENSMUSG00000029518	Rab35	ISS, ISO, IEA
CRE upregulated	GO:0033036	macromolecule localization	ENSMUSG00000027540	Ptpn1	IEA
CRE upregulated	GO:0033036	macromolecule localization	ENSMUSG00000019461	Plscr3	IBA, IEA
CRE upregulated	GO:0033036	macromolecule localization	ENSMUSG00000022661	Cd200	IEA
CRE upregulated	GO:0033036	macromolecule localization	ENSMUSG00000039232	Stx11	IEA
CRE upregulated	GO:0033036	macromolecule localization	ENSMUSG00000028063	Lmna	IMP, IBA
CRE upregulated	GO:0033036	macromolecule localization	ENSMUSG00000029321	Slc10a6	IBA, IEA
CRE upregulated	GO:0033036	macromolecule localization	ENSMUSG00000051343	Rab11fip5	IMP, IEA
CRE upregulated	GO:0033036	macromolecule localization	ENSMUSG00000015341	Golga7	ISS, IBA, IEA
CRE upregulated	GO:0033036	macromolecule localization	ENSMUSG00000028645	Slc2a1	IEA
CRE upregulated	GO:0033036	macromolecule localization	ENSMUSG00000053436	Mapk14	IMP
CRE upregulated	GO:0033036	macromolecule localization	ENSMUSG00000025809	Itgb1	ISS, ISO, IEA
CRE upregulated	GO:0033036	macromolecule localization	ENSMUSG00000028156	Eif4e	IDA, IMP, IEA
CRE upregulated	GO:0033036	macromolecule localization	ENSMUSG00000018362	Kpna2	IDA, ISS, IBA, IEA
CRE upregulated	GO:0033036	macromolecule localization	ENSMUSG00000011008	Mcoln2	IEA
CRE upregulated	GO:0033036	macromolecule localization	ENSMUSG00000015243	Abca1	IDA, IMP, ISO, IBA, IEA
CRE upregulated	GO:0033036	macromolecule localization	ENSMUSG00000013089	Etv5	IMP
CRE upregulated	GO:0033036	macromolecule localization	ENSMUSG00000025139	Tollip	IEA
CRE upregulated	GO:0033036	macromolecule localization	ENSMUSG00000025746	Il6	IDA, ISO
CRE upregulated	GO:0033036	macromolecule localization	ENSMUSG00000032231	Anxa2	IMP, ISO, IBA, IEA
CRE upregulated	GO:0033036	macromolecule localization	ENSMUSG00000047368	Abhd17b	IMP
CRE upregulated	GO:0033036	macromolecule localization	ENSMUSG00000021843	Ktn1	IEA
CRE upregulated	GO:0033036	macromolecule localization	ENSMUSG00000031078	Cttn	IMP, ISS, IEA
CRE upregulated	GO:0033036	macromolecule localization	ENSMUSG00000040312	Cchcr1	IDA, IBA
CRE upregulated	GO:0033036	macromolecule localization	ENSMUSG00000037062	Sh3glb1	IMP, IEA
CRE upregulated	GO:0033036	macromolecule localization	ENSMUSG00000034247	Plekhm1	IEA
CRE upregulated	GO:0033036	macromolecule localization	ENSMUSG00000024772	Ehd1	IMP, ISS, IBA, IEA
CRE upregulated	GO:0033036	macromolecule localization	ENSMUSG00000027293	Ehd4	IBA
CRE upregulated	GO:0033036	macromolecule localization	ENSMUSG00000035392	Dennd1a	IEA
CRE upregulated	GO:0033036	macromolecule localization	ENSMUSG00000020580	Rock2	IEA
CRE upregulated	GO:0033036	macromolecule localization	ENSMUSG00000020435	Osbp2	IEA
CRE upregulated	GO:0033036	macromolecule localization	ENSMUSG00000033039	Micall1	ISS, ISO, IEA
CRE upregulated	GO:0033036	macromolecule localization	ENSMUSG00000007458	M6pr	IDA, IBA, TAS, IEA
CRE upregulated	GO:0033036	macromolecule localization	ENSMUSG00000001507	Itga3	ISS, IEA
CRE upregulated	GO:0033036	macromolecule localization	ENSMUSG00000025408	Ddit3	IDA
CRE upregulated	GO:0033036	macromolecule localization	ENSMUSG00000032078	Zpr1	IMP, ISS, IBA, IEA
CRE upregulated	GO:0033036	macromolecule localization	ENSMUSG00000035199	Arl6ip5	IMP, ISO, IEA
CRE upregulated	GO:0033036	macromolecule localization	ENSMUSG00000001847	Rac1	IDA, IMP, IGI, ISO
CRE upregulated	GO:0033036	macromolecule localization	ENSMUSG00000042121	Ssh1	ISO, IEA
CRE upregulated	GO:0033036	macromolecule localization	ENSMUSG00000018909	Arrb1	IMP, IEA
CRE upregulated	GO:0033036	macromolecule localization	ENSMUSG00000024349	Sting1	IEA
CRE upregulated	GO:0033036	macromolecule localization	ENSMUSG00000024521	Pmaip1	IMP
CRE upregulated	GO:0033036	macromolecule localization	ENSMUSG00000044667	Plppr4	IMP
CRE upregulated	GO:0033036	macromolecule localization	ENSMUSG00000027455	Nsfl1c	IEA
CRE upregulated	GO:0033036	macromolecule localization	ENSMUSG00000057531	Dtnbp1	IMP
CRE upregulated	GO:0033036	macromolecule localization	ENSMUSG00000004768	Rab23	IEA
CRE upregulated	GO:0033036	macromolecule localization	ENSMUSG00000015837	Sqstm1	IDA, IMP, ISS, IEA
CRE upregulated	GO:0033036	macromolecule localization	ENSMUSG00000029131	Dnajb6	IMP, IEA
CRE upregulated	GO:0033036	macromolecule localization	ENSMUSG00000036057	Ptpn23	IBA, IEA
CRE upregulated	GO:0033036	macromolecule localization	ENSMUSG00000032502	Stac	IMP, IBA
CRE upregulated	GO:0033036	macromolecule localization	ENSMUSG00000022433	Csnk1e	IDA, IMP, IEA
CRE upregulated	GO:0033036	macromolecule localization	ENSMUSG00000030616	Sytl2	IDA, IEA
CRE upregulated	GO:0033036	macromolecule localization	ENSMUSG00000047604	Frat2	ISS
CRE upregulated	GO:0033036	macromolecule localization	ENSMUSG00000023032	Slc4a8	ISO, IEA
CRE upregulated	GO:0033036	macromolecule localization	ENSMUSG00000024789	Jak2	ISS, ISO, IEA
CRE upregulated	GO:0033036	macromolecule localization	ENSMUSG00000038949	Cnst	ISS, IBA, IEA
CRE upregulated	GO:0033036	macromolecule localization	ENSMUSG00000004040	ENSMUSG00000004040	ISS, IEA
CRE upregulated	GO:0033036	macromolecule localization	ENSMUSG00000022602	Arc	ISS, ISO, IEA
CRE upregulated	GO:0033036	macromolecule localization	ENSMUSG00000022555	Dgat1	ISO
CRE upregulated	GO:0033036	macromolecule localization	ENSMUSG00000029578	Wipi2	IPI, IBA, IEA
CRE upregulated	GO:0033036	macromolecule localization	ENSMUSG00000109511	Nup62	ISO, IBA, IEA
CRE upregulated	GO:0033036	macromolecule localization	ENSMUSG00000047554	Tmem41b	IEA
CRE upregulated	GO:0033036	macromolecule localization	ENSMUSG00000004347	ENSMUSG00000004347	ISO
CRE upregulated	GO:0033036	macromolecule localization	ENSMUSG00000033769	Exoc6b	IEA
CRE upregulated	GO:0033036	macromolecule localization	ENSMUSG00000050335	Lgals3	IEA
CRE upregulated	GO:0033036	macromolecule localization	ENSMUSG00000027797	Dclk1	IDA
CRE upregulated	GO:0033036	macromolecule localization	ENSMUSG00000020358	Hnrnpab	ISO
CRE upregulated	GO:0033036	macromolecule localization	ENSMUSG00000036882	ENSMUSG00000036882	IEA
CRE upregulated	GO:0033036	macromolecule localization	ENSMUSG00000026426	ENSMUSG00000026426	IEA
CRE upregulated	GO:0033036	macromolecule localization	ENSMUSG00000059316	Slc27a4	IDA, IMP, IGI, IBA, IEA
CRE upregulated	GO:0033036	macromolecule localization	ENSMUSG00000024803	Ankrd1	IEA
CRE upregulated	GO:0033036	macromolecule localization	ENSMUSG00000026020	Nop58	IEA
CRE upregulated	GO:0033036	macromolecule localization	ENSMUSG00000021306	Gpr137b	IEA
CRE upregulated	GO:0033036	macromolecule localization	ENSMUSG00000019188	ENSMUSG00000019188	IEA
CRE upregulated	GO:0033036	macromolecule localization	ENSMUSG00000036206	Sh3bp4	ISS, IEA
CRE upregulated	GO:0033036	macromolecule localization	ENSMUSG00000025793	ENSMUSG00000025793	IEA
CRE upregulated	GO:0033036	macromolecule localization	ENSMUSG00000027692	Tnik	IDA, IMP, IEA
CRE upregulated	GO:0033036	macromolecule localization	ENSMUSG00000026718	ENSMUSG00000026718	IBA, IEA
CRE upregulated	GO:0033036	macromolecule localization	ENSMUSG00000028893	Sesn2	ISS, ISO, IEA
CRE upregulated	GO:0033036	macromolecule localization	ENSMUSG00000029071	ENSMUSG00000029071	IMP, IGI, IEA
CRE upregulated	GO:0033036	macromolecule localization	ENSMUSG00000042743	Sgtb	IBA
CRE upregulated	GO:0033036	macromolecule localization	ENSMUSG00000044453	Ffar1	IDA, IMP, ISO, IBA
CRE upregulated	GO:0033036	macromolecule localization	ENSMUSG00000064210	ENSMUSG00000064210	IDA, IMP, IBA, IEA
CRE upregulated	GO:0033036	macromolecule localization	ENSMUSG00000032902	Slc16a1	IMP
CRE upregulated	GO:0033036	macromolecule localization	ENSMUSG00000024335	Brd2	IDA, IEA
CRE upregulated	GO:0033036	macromolecule localization	ENSMUSG00000026074	Map4k4	IEA
CRE upregulated	GO:0033036	macromolecule localization	ENSMUSG00000049866	Arl4c	IBA
CRE upregulated	GO:0033036	macromolecule localization	ENSMUSG00000025162	ENSMUSG00000025162	IEA
CRE upregulated	GO:0033036	macromolecule localization	ENSMUSG00000031278	ENSMUSG00000031278	ISS, ISO
CRE upregulated	GO:0033036	macromolecule localization	ENSMUSG00000053175	Bcl3	IEA
CRE upregulated	GO:0033036	macromolecule localization	ENSMUSG00000037815	Ctnna1	IMP
CRE upregulated	GO:0033036	macromolecule localization	ENSMUSG00000023307	Marchf5	IEA
CRE upregulated	GO:0033036	macromolecule localization	ENSMUSG00000025340	Rabgef1	IEA
CRE upregulated	GO:0033036	macromolecule localization	ENSMUSG00000021587	Pcsk1	ISO, IEA
CRE upregulated	GO:0033036	macromolecule localization	ENSMUSG00000004530	ENSMUSG00000004530	IMP, IGI
CRE upregulated	GO:0033036	macromolecule localization	ENSMUSG00000044147	Arf6	IDA, IMP, ISS, IBA, TAS, IEA
CRE upregulated	GO:0033036	macromolecule localization	ENSMUSG00000030662	ENSMUSG00000030662	IDA, IMP, IBA, IEA
CRE upregulated	GO:0033036	macromolecule localization	ENSMUSG00000011877	Git1	ISO
CRE upregulated	GO:0033036	macromolecule localization	ENSMUSG00000059991	ENSMUSG00000059991	ISO
CRE upregulated	GO:0033036	macromolecule localization	ENSMUSG00000062234	ENSMUSG00000062234	IEA
CRE upregulated	GO:0033036	macromolecule localization	ENSMUSG00000007411	ENSMUSG00000007411	ISS, IEA
CRE upregulated	GO:0033036	macromolecule localization	ENSMUSG00000047281	ENSMUSG00000047281	IDA, ISS, IBA, IEA
CRE upregulated	GO:0033036	macromolecule localization	ENSMUSG00000025351	Cd63	ISO, IEA
CRE upregulated	GO:0033036	macromolecule localization	ENSMUSG00000019842	ENSMUSG00000019842	IDA
CRE upregulated	GO:0033036	macromolecule localization	ENSMUSG00000044465	ENSMUSG00000044465	ISS, IEA
CRE upregulated	GO:0033036	macromolecule localization	ENSMUSG00000016534	ENSMUSG00000016534	IMP, ISO, IBA, IEA
CRE upregulated	GO:0033036	macromolecule localization	ENSMUSG00000025366	ENSMUSG00000025366	ISS, IEA
CRE upregulated	GO:0033036	macromolecule localization	ENSMUSG00000070056	ENSMUSG00000070056	ISS, IEA
CRE upregulated	GO:0033036	macromolecule localization	ENSMUSG00000029110	ENSMUSG00000029110	IEA
CRE upregulated	GO:0033036	macromolecule localization	ENSMUSG00000048668	Rhno1	IEA
CRE upregulated	GO:0033036	macromolecule localization	ENSMUSG00000022656	ENSMUSG00000022656	IDA, IMP
CRE upregulated	GO:0033036	macromolecule localization	ENSMUSG00000001552	ENSMUSG00000001552	IEA
CRE upregulated	GO:0033036	macromolecule localization	ENSMUSG00000020671	ENSMUSG00000020671	IMP, ISS, IBA, TAS, IEA
CRE upregulated	GO:0033036	macromolecule localization	ENSMUSG00000047547	Cltb	IEA
CRE upregulated	GO:0033036	macromolecule localization	ENSMUSG00000020798	ENSMUSG00000020798	IEA
CRE upregulated	GO:0033036	macromolecule localization	ENSMUSG00000020594	ENSMUSG00000020594	ISO, IEA
CRE upregulated	GO:0033036	macromolecule localization	ENSMUSG00000008859	ENSMUSG00000008859	ISS, IEA
CRE upregulated	GO:0033036	macromolecule localization	ENSMUSG00000038467	ENSMUSG00000038467	IEA
CRE upregulated	GO:0033036	macromolecule localization	ENSMUSG00000037553	ENSMUSG00000037553	IDA, IBA
CRE upregulated	GO:0033036	macromolecule localization	ENSMUSG00000026864	ENSMUSG00000026864	ISS, IEA
CRE upregulated	GO:0033036	macromolecule localization	ENSMUSG00000002633	Shh	IDA, IMP, IGI, IEA
CRE upregulated	GO:0033036	macromolecule localization	ENSMUSG00000032540	ENSMUSG00000032540	IDA, IBA, IEA
CRE upregulated	GO:0033036	macromolecule localization	ENSMUSG00000028680	ENSMUSG00000028680	IEA
CRE upregulated	GO:0033036	macromolecule localization	ENSMUSG00000003623	ENSMUSG00000003623	IDA
CRE upregulated	GO:0033036	macromolecule localization	ENSMUSG00000053581	ENSMUSG00000053581	IBA
CRE upregulated	GO:0033036	macromolecule localization	ENSMUSG00000004270	ENSMUSG00000004270	IMP
CRE upregulated	GO:0033036	macromolecule localization	ENSMUSG00000039671	ENSMUSG00000039671	ISO, IEA
CRE upregulated	GO:0033036	macromolecule localization	ENSMUSG00000061244	ENSMUSG00000061244	IMP, IEA
CRE upregulated	GO:0033036	macromolecule localization	ENSMUSG00000056050	ENSMUSG00000056050	IEA
CRE upregulated	GO:0033036	macromolecule localization	ENSMUSG00000040652	ENSMUSG00000040652	IDA
CRE upregulated	GO:0033036	macromolecule localization	ENSMUSG00000028291	ENSMUSG00000028291	ISS, IEA
CRE upregulated	GO:0033036	macromolecule localization	ENSMUSG00000078676	ENSMUSG00000078676	IDA, NAS, IEA
CRE upregulated	GO:0033036	macromolecule localization	ENSMUSG00000051209	ENSMUSG00000051209	IDA
CRE upregulated	GO:0033036	macromolecule localization	ENSMUSG00000019843	ENSMUSG00000019843	IDA, IMP, IGI
CRE upregulated	GO:0033036	macromolecule localization	ENSMUSG00000027646	ENSMUSG00000027646	IGI, ISO, IEA
CRE upregulated	GO:0033036	macromolecule localization	ENSMUSG00000042532	ENSMUSG00000042532	IBA
CRE upregulated	GO:0033036	macromolecule localization	ENSMUSG00000052316	ENSMUSG00000052316	IEA
CRE upregulated	GO:0033036	macromolecule localization	ENSMUSG00000046761	ENSMUSG00000046761	ISS, IBA, IEA
CRE upregulated	GO:0033036	macromolecule localization	ENSMUSG00000055067	ENSMUSG00000055067	IMP
CRE upregulated	GO:0033036	macromolecule localization	ENSMUSG00000031073	Fgf15	IEA
CRE upregulated	GO:0033036	macromolecule localization	ENSMUSG00000036667	ENSMUSG00000036667	IBA, IEA
CRE upregulated	GO:0033036	macromolecule localization	ENSMUSG00000049550	ENSMUSG00000049550	IMP
CRE upregulated	GO:0033036	macromolecule localization	ENSMUSG00000034006	ENSMUSG00000034006	IBA
CRE upregulated	GO:0033036	macromolecule localization	ENSMUSG00000019998	ENSMUSG00000019998	IEA
CRE upregulated	GO:0033036	macromolecule localization	ENSMUSG00000024907	Gal	IEA
CRE upregulated	GO:0033036	macromolecule localization	ENSMUSG00000024287	ENSMUSG00000024287	ISS, IBA, IEA
CRE upregulated	GO:0051246	regulation of protein metabolic process	ENSMUSG00000036390	Gadd45a	IMP, IEA
CRE upregulated	GO:0051246	regulation of protein metabolic process	ENSMUSG00000052684	Jun	IMP
CRE upregulated	GO:0051246	regulation of protein metabolic process	ENSMUSG00000046223	Plaur	NAS
CRE upregulated	GO:0051246	regulation of protein metabolic process	ENSMUSG00000004951	Hspb1	IDA, IEA
CRE upregulated	GO:0051246	regulation of protein metabolic process	ENSMUSG00000025473	Adam8	IDA, IBA, IEA
CRE upregulated	GO:0051246	regulation of protein metabolic process	ENSMUSG00000019876	Pkib	IEA
CRE upregulated	GO:0051246	regulation of protein metabolic process	ENSMUSG00000037447	Arid5a	IDA
CRE upregulated	GO:0051246	regulation of protein metabolic process	ENSMUSG00000025089	Gfra1	ISO, IEA
CRE upregulated	GO:0051246	regulation of protein metabolic process	ENSMUSG00000014599	Csf1	IEA
CRE upregulated	GO:0051246	regulation of protein metabolic process	ENSMUSG00000020427	Igfbp3	ISO, IEA
CRE upregulated	GO:0051246	regulation of protein metabolic process	ENSMUSG00000023067	Cdkn1a	IMP
CRE upregulated	GO:0051246	regulation of protein metabolic process	ENSMUSG00000030681	Mvp	IEA
CRE upregulated	GO:0051246	regulation of protein metabolic process	ENSMUSG00000030272	Camk1	ISS
CRE upregulated	GO:0051246	regulation of protein metabolic process	ENSMUSG00000029378	Areg	IDA
CRE upregulated	GO:0051246	regulation of protein metabolic process	ENSMUSG00000005087	Cd44	IEA
CRE upregulated	GO:0051246	regulation of protein metabolic process	ENSMUSG00000026836	Acvr1	IEA
CRE upregulated	GO:0051246	regulation of protein metabolic process	ENSMUSG00000048482	Bdnf	IMP, ISO, IEA
CRE upregulated	GO:0051246	regulation of protein metabolic process	ENSMUSG00000024256	Adcyap1	ISS, ISO, IEA
CRE upregulated	GO:0051246	regulation of protein metabolic process	ENSMUSG00000056076	Eif3b	IEA
CRE upregulated	GO:0051246	regulation of protein metabolic process	ENSMUSG00000037458	Azin1	ISS, ISO, IBA, IEA
CRE upregulated	GO:0051246	regulation of protein metabolic process	ENSMUSG00000021070	Bdkrb2	IMP
CRE upregulated	GO:0051246	regulation of protein metabolic process	ENSMUSG00000044734	Serpinb1a	IPI
CRE upregulated	GO:0051246	regulation of protein metabolic process	ENSMUSG00000021501	Caml	ISS, IEA
CRE upregulated	GO:0051246	regulation of protein metabolic process	ENSMUSG00000027313	Chac1	ISS, IEA
CRE upregulated	GO:0051246	regulation of protein metabolic process	ENSMUSG00000028789	Azin2	IBA, IEA
CRE upregulated	GO:0051246	regulation of protein metabolic process	ENSMUSG00000027540	Ptpn1	IMP, IGI, IEA
CRE upregulated	GO:0051246	regulation of protein metabolic process	ENSMUSG00000043895	S1pr2	IMP, IEA
CRE upregulated	GO:0051246	regulation of protein metabolic process	ENSMUSG00000011179	Odc1	IDA
CRE upregulated	GO:0051246	regulation of protein metabolic process	ENSMUSG00000026254	Eif4e2	ISS, ISO, IEA
CRE upregulated	GO:0051246	regulation of protein metabolic process	ENSMUSG00000025809	Itgb1	ISO
CRE upregulated	GO:0051246	regulation of protein metabolic process	ENSMUSG00000040025	Ythdf2	ISS
CRE upregulated	GO:0051246	regulation of protein metabolic process	ENSMUSG00000028156	Eif4e	IDA, IMP, IEP, ISS, IEA
CRE upregulated	GO:0051246	regulation of protein metabolic process	ENSMUSG00000025239	Limd1	ISS, IEA
CRE upregulated	GO:0051246	regulation of protein metabolic process	ENSMUSG00000025139	Tollip	ISO, IEA
CRE upregulated	GO:0051246	regulation of protein metabolic process	ENSMUSG00000025746	Il6	ISO
CRE upregulated	GO:0051246	regulation of protein metabolic process	ENSMUSG00000032231	Anxa2	IMP, ISO, IEA
CRE upregulated	GO:0051246	regulation of protein metabolic process	ENSMUSG00000022607	Ptk2	IMP, ISS
CRE upregulated	GO:0051246	regulation of protein metabolic process	ENSMUSG00000055994	Nod2	IDA, IMP, IEA
CRE upregulated	GO:0051246	regulation of protein metabolic process	ENSMUSG00000027293	Ehd4	ISO, IEA
CRE upregulated	GO:0051246	regulation of protein metabolic process	ENSMUSG00000020580	Rock2	IEA
CRE upregulated	GO:0051246	regulation of protein metabolic process	ENSMUSG00000027613	Eif6	IMP, ISS, IEA
CRE upregulated	GO:0051246	regulation of protein metabolic process	ENSMUSG00000020271	Fbxw11	ISS
CRE upregulated	GO:0051246	regulation of protein metabolic process	ENSMUSG00000046854	Pip5kl1	IEA
CRE upregulated	GO:0051246	regulation of protein metabolic process	ENSMUSG00000031628	Casp3	ISS, ISO, IEA
CRE upregulated	GO:0051246	regulation of protein metabolic process	ENSMUSG00000040435	Ppp1r15a	IDA, ISO, IEA
CRE upregulated	GO:0051246	regulation of protein metabolic process	ENSMUSG00000001847	Rac1	ISS
CRE upregulated	GO:0051246	regulation of protein metabolic process	ENSMUSG00000042121	Ssh1	ISO, IEA
CRE upregulated	GO:0051246	regulation of protein metabolic process	ENSMUSG00000018909	Arrb1	IMP, ISS, ISO, IEA
CRE upregulated	GO:0051246	regulation of protein metabolic process	ENSMUSG00000030057	Cnbp	IBA, IEA
CRE upregulated	GO:0051246	regulation of protein metabolic process	ENSMUSG00000033955	Tnks1bp1	IEA
CRE upregulated	GO:0051246	regulation of protein metabolic process	ENSMUSG00000024360	Etf1	IEA
CRE upregulated	GO:0051246	regulation of protein metabolic process	ENSMUSG00000057531	Dtnbp1	IMP, ISO
CRE upregulated	GO:0051246	regulation of protein metabolic process	ENSMUSG00000058355	Abce1	IEA
CRE upregulated	GO:0051246	regulation of protein metabolic process	ENSMUSG00000015837	Sqstm1	IDA, ISS, ISO, IEA
CRE upregulated	GO:0051246	regulation of protein metabolic process	ENSMUSG00000030309	Caprin2	IEA
CRE upregulated	GO:0051246	regulation of protein metabolic process	ENSMUSG00000022433	Csnk1e	IMP, ISO, IBA, IEA
CRE upregulated	GO:0051246	regulation of protein metabolic process	ENSMUSG00000053113	Socs3	IDA, IEA
CRE upregulated	GO:0051246	regulation of protein metabolic process	ENSMUSG00000027954	Efna1	IDA, IEA
CRE upregulated	GO:0051246	regulation of protein metabolic process	ENSMUSG00000024789	Jak2	IDA
CRE upregulated	GO:0051246	regulation of protein metabolic process	ENSMUSG00000109511	Nup62	IMP
CRE upregulated	GO:0051246	regulation of protein metabolic process	ENSMUSG00000036990	Otud4	ISS, IBA, IEA
CRE upregulated	GO:0051246	regulation of protein metabolic process	ENSMUSG00000024190	Dusp1	ISS
CRE upregulated	GO:0051246	regulation of protein metabolic process	ENSMUSG00000030223	ENSMUSG00000030223	IDA
CRE upregulated	GO:0051246	regulation of protein metabolic process	ENSMUSG00000031960	Aars1	IMP
CRE upregulated	GO:0051246	regulation of protein metabolic process	ENSMUSG00000040033	ENSMUSG00000040033	IEA
CRE upregulated	GO:0051246	regulation of protein metabolic process	ENSMUSG00000024927	Rela	IDA, IMP
CRE upregulated	GO:0051246	regulation of protein metabolic process	ENSMUSG00000026078	Pdcl3	ISO, IEA
CRE upregulated	GO:0051246	regulation of protein metabolic process	ENSMUSG00000028893	Sesn2	IMP, IEA
CRE upregulated	GO:0051246	regulation of protein metabolic process	ENSMUSG00000024947	Men1	IEA
CRE upregulated	GO:0051246	regulation of protein metabolic process	ENSMUSG00000029071	ENSMUSG00000029071	IDA, IGI, IEA
CRE upregulated	GO:0051246	regulation of protein metabolic process	ENSMUSG00000036894	Rap2b	IDA, IEA
CRE upregulated	GO:0051246	regulation of protein metabolic process	ENSMUSG00000032715	Trib3	IDA, ISS, IBA, TAS, IC
CRE upregulated	GO:0051246	regulation of protein metabolic process	ENSMUSG00000024777	ENSMUSG00000024777	ISO, IEA
CRE upregulated	GO:0051246	regulation of protein metabolic process	ENSMUSG00000020547	Bzw2	ISS, IEA
CRE upregulated	GO:0051246	regulation of protein metabolic process	ENSMUSG00000020694	ENSMUSG00000020694	ISS, IEA
CRE upregulated	GO:0051246	regulation of protein metabolic process	ENSMUSG00000025162	ENSMUSG00000025162	IMP, IBA, IEA
CRE upregulated	GO:0051246	regulation of protein metabolic process	ENSMUSG00000031668	ENSMUSG00000031668	IEA
CRE upregulated	GO:0051246	regulation of protein metabolic process	ENSMUSG00000053175	Bcl3	IEA
CRE upregulated	GO:0051246	regulation of protein metabolic process	ENSMUSG00000068739	ENSMUSG00000068739	ISS, IEA
CRE upregulated	GO:0051246	regulation of protein metabolic process	ENSMUSG00000032599	ENSMUSG00000032599	IMP
CRE upregulated	GO:0051246	regulation of protein metabolic process	ENSMUSG00000020349	ENSMUSG00000020349	ISO
CRE upregulated	GO:0051246	regulation of protein metabolic process	ENSMUSG00000025340	Rabgef1	IMP
CRE upregulated	GO:0051246	regulation of protein metabolic process	ENSMUSG00000039108	ENSMUSG00000039108	IEA
CRE upregulated	GO:0051246	regulation of protein metabolic process	ENSMUSG00000033159	ENSMUSG00000033159	IEA
CRE upregulated	GO:0051246	regulation of protein metabolic process	ENSMUSG00000028599	Tnfrsf1b	IBA, IEA
CRE upregulated	GO:0051246	regulation of protein metabolic process	ENSMUSG00000004530	ENSMUSG00000004530	IEA
CRE upregulated	GO:0051246	regulation of protein metabolic process	ENSMUSG00000109336	ENSMUSG00000109336	IEA
CRE upregulated	GO:0051246	regulation of protein metabolic process	ENSMUSG00000019763	ENSMUSG00000019763	ISS, IBA, IEA
CRE upregulated	GO:0051246	regulation of protein metabolic process	ENSMUSG00000020594	ENSMUSG00000020594	ISO, IEA
CRE upregulated	GO:0051246	regulation of protein metabolic process	ENSMUSG00000020448	Rnf185	ISS, IEA
CRE upregulated	GO:0051246	regulation of protein metabolic process	ENSMUSG00000000787	ENSMUSG00000000787	ISS, IEA
CRE upregulated	GO:0051246	regulation of protein metabolic process	ENSMUSG00000059288	ENSMUSG00000059288	IDA, IEA
CRE upregulated	GO:0051246	regulation of protein metabolic process	ENSMUSG00000038676	Ucn	ISO, IEA
CRE upregulated	GO:0051246	regulation of protein metabolic process	ENSMUSG00000025403	ENSMUSG00000025403	IMP, IEA
CRE upregulated	GO:0051246	regulation of protein metabolic process	ENSMUSG00000026864	ENSMUSG00000026864	IMP
CRE upregulated	GO:0051246	regulation of protein metabolic process	ENSMUSG00000021072	Tmx1	ISS, IEA
CRE upregulated	GO:0051246	regulation of protein metabolic process	ENSMUSG00000002633	Shh	IDA, IMP
CRE upregulated	GO:0051246	regulation of protein metabolic process	ENSMUSG00000028680	ENSMUSG00000028680	IEA
CRE upregulated	GO:0051246	regulation of protein metabolic process	ENSMUSG00000053581	ENSMUSG00000053581	IMP
CRE upregulated	GO:0051246	regulation of protein metabolic process	ENSMUSG00000027944	Hax1	IEA
CRE upregulated	GO:0051246	regulation of protein metabolic process	ENSMUSG00000038250	ENSMUSG00000038250	IEA
CRE upregulated	GO:0051246	regulation of protein metabolic process	ENSMUSG00000040652	ENSMUSG00000040652	IDA, IBA
CRE upregulated	GO:0051246	regulation of protein metabolic process	ENSMUSG00000037411	Serpine1	IEA
CRE upregulated	GO:0051246	regulation of protein metabolic process	ENSMUSG00000078676	ENSMUSG00000078676	IEA
CRE upregulated	GO:0051246	regulation of protein metabolic process	ENSMUSG00000020340	ENSMUSG00000020340	IEA
CRE upregulated	GO:0051246	regulation of protein metabolic process	ENSMUSG00000024613	ENSMUSG00000024613	ISS, IEA
CRE upregulated	GO:0051246	regulation of protein metabolic process	ENSMUSG00000019843	ENSMUSG00000019843	IDA, IMP, IGI
CRE upregulated	GO:0051246	regulation of protein metabolic process	ENSMUSG00000027646	ENSMUSG00000027646	IGI, ISO, IEA
CRE upregulated	GO:0051246	regulation of protein metabolic process	ENSMUSG00000021340	ENSMUSG00000021340	IEA
CRE upregulated	GO:0051246	regulation of protein metabolic process	ENSMUSG00000032501	Trib1	IDA, ISS, IBA, IC
CRE upregulated	GO:0051246	regulation of protein metabolic process	ENSMUSG00000003119	ENSMUSG00000003119	ISS
CRE upregulated	GO:0051246	regulation of protein metabolic process	ENSMUSG00000055067	ENSMUSG00000055067	IMP
CRE upregulated	GO:0051246	regulation of protein metabolic process	ENSMUSG00000021282	ENSMUSG00000021282	IEA
CRE upregulated	GO:0051246	regulation of protein metabolic process	ENSMUSG00000031073	Fgf15	IEA
CRE upregulated	GO:0051246	regulation of protein metabolic process	ENSMUSG00000046707	ENSMUSG00000046707	IEA
CRE upregulated	GO:0051246	regulation of protein metabolic process	ENSMUSG00000003541	ENSMUSG00000003541	IDA
CRE upregulated	GO:0048585	negative regulation of response to stimulus	ENSMUSG00000026628	Atf3	IMP
CRE upregulated	GO:0048585	negative regulation of response to stimulus	ENSMUSG00000019647	Sema6a	IEA
CRE upregulated	GO:0048585	negative regulation of response to stimulus	ENSMUSG00000073680	Tmem88b	IBA
CRE upregulated	GO:0048585	negative regulation of response to stimulus	ENSMUSG00000046223	Plaur	NAS, IEA
CRE upregulated	GO:0048585	negative regulation of response to stimulus	ENSMUSG00000004951	Hspb1	IDA, ISO
CRE upregulated	GO:0048585	negative regulation of response to stimulus	ENSMUSG00000046731	Kctd11	IDA
CRE upregulated	GO:0048585	negative regulation of response to stimulus	ENSMUSG00000033902	Mapkbp1	IEA
CRE upregulated	GO:0048585	negative regulation of response to stimulus	ENSMUSG00000030748	Il4ra	IGI
CRE upregulated	GO:0048585	negative regulation of response to stimulus	ENSMUSG00000030102	Itpr1	IEA
CRE upregulated	GO:0048585	negative regulation of response to stimulus	ENSMUSG00000021765	Fst	IBA, IEA
CRE upregulated	GO:0048585	negative regulation of response to stimulus	ENSMUSG00000024404	Riok3	IEA
CRE upregulated	GO:0048585	negative regulation of response to stimulus	ENSMUSG00000030681	Mvp	IEA
CRE upregulated	GO:0048585	negative regulation of response to stimulus	ENSMUSG00000003644	Rps6ka1	IEA
CRE upregulated	GO:0048585	negative regulation of response to stimulus	ENSMUSG00000005087	Cd44	IEA
CRE upregulated	GO:0048585	negative regulation of response to stimulus	ENSMUSG00000026836	Acvr1	IEA
CRE upregulated	GO:0048585	negative regulation of response to stimulus	ENSMUSG00000002459	Rgs20	IEA
CRE upregulated	GO:0048585	negative regulation of response to stimulus	ENSMUSG00000048482	Bdnf	IGI
CRE upregulated	GO:0048585	negative regulation of response to stimulus	ENSMUSG00000024256	Adcyap1	ISO, IEA
CRE upregulated	GO:0048585	negative regulation of response to stimulus	ENSMUSG00000021070	Bdkrb2	IMP, IGI
CRE upregulated	GO:0048585	negative regulation of response to stimulus	ENSMUSG00000002250	Ppard	IBA, IEA
CRE upregulated	GO:0048585	negative regulation of response to stimulus	ENSMUSG00000035828	Pim3	IMP
CRE upregulated	GO:0048585	negative regulation of response to stimulus	ENSMUSG00000032578	Cish	IEA
CRE upregulated	GO:0048585	negative regulation of response to stimulus	ENSMUSG00000027313	Chac1	ISS, IEA
CRE upregulated	GO:0048585	negative regulation of response to stimulus	ENSMUSG00000027540	Ptpn1	IMP, IGI, IBA, IEA
CRE upregulated	GO:0048585	negative regulation of response to stimulus	ENSMUSG00000028063	Lmna	IMP
CRE upregulated	GO:0048585	negative regulation of response to stimulus	ENSMUSG00000026254	Eif4e2	IEA
CRE upregulated	GO:0048585	negative regulation of response to stimulus	ENSMUSG00000030678	Maz	IEA
CRE upregulated	GO:0048585	negative regulation of response to stimulus	ENSMUSG00000053436	Mapk14	IMP, IEA
CRE upregulated	GO:0048585	negative regulation of response to stimulus	ENSMUSG00000025809	Itgb1	IGI
CRE upregulated	GO:0048585	negative regulation of response to stimulus	ENSMUSG00000040025	Ythdf2	ISS, IEA
CRE upregulated	GO:0048585	negative regulation of response to stimulus	ENSMUSG00000025239	Limd1	IMP, ISS, IBA, IEA
CRE upregulated	GO:0048585	negative regulation of response to stimulus	ENSMUSG00000025746	Il6	IMP
CRE upregulated	GO:0048585	negative regulation of response to stimulus	ENSMUSG00000032231	Anxa2	IMP
CRE upregulated	GO:0048585	negative regulation of response to stimulus	ENSMUSG00000032280	Tle3	IBA
CRE upregulated	GO:0048585	negative regulation of response to stimulus	ENSMUSG00000031078	Cttn	IGI
CRE upregulated	GO:0048585	negative regulation of response to stimulus	ENSMUSG00000055994	Nod2	IMP
CRE upregulated	GO:0048585	negative regulation of response to stimulus	ENSMUSG00000024014	Pim1	ISS, IEA
CRE upregulated	GO:0048585	negative regulation of response to stimulus	ENSMUSG00000037062	Sh3glb1	IMP
CRE upregulated	GO:0048585	negative regulation of response to stimulus	ENSMUSG00000042406	Atf4	ISO, IEA
CRE upregulated	GO:0048585	negative regulation of response to stimulus	ENSMUSG00000042726	Trafd1	IMP, IBA
CRE upregulated	GO:0048585	negative regulation of response to stimulus	ENSMUSG00000020271	Fbxw11	IMP
CRE upregulated	GO:0048585	negative regulation of response to stimulus	ENSMUSG00000001507	Itga3	IGI
CRE upregulated	GO:0048585	negative regulation of response to stimulus	ENSMUSG00000025408	Ddit3	IDA, IEA
CRE upregulated	GO:0048585	negative regulation of response to stimulus	ENSMUSG00000018909	Arrb1	IMP, ISS, ISO, IBA, IEA
CRE upregulated	GO:0048585	negative regulation of response to stimulus	ENSMUSG00000020064	Herc4	IEA
CRE upregulated	GO:0048585	negative regulation of response to stimulus	ENSMUSG00000028145	Them4	ISS, IEA
CRE upregulated	GO:0048585	negative regulation of response to stimulus	ENSMUSG00000038552	Fndc4	IDA, IBA, IEA
CRE upregulated	GO:0048585	negative regulation of response to stimulus	ENSMUSG00000015837	Sqstm1	IEA
CRE upregulated	GO:0048585	negative regulation of response to stimulus	ENSMUSG00000022951	Rcan1	ISS, IEA
CRE upregulated	GO:0048585	negative regulation of response to stimulus	ENSMUSG00000015316	Slamf1	IDA, IEA
CRE upregulated	GO:0048585	negative regulation of response to stimulus	ENSMUSG00000022433	Csnk1e	IGI
CRE upregulated	GO:0048585	negative regulation of response to stimulus	ENSMUSG00000053113	Socs3	IDA, IGI, IEA
CRE upregulated	GO:0048585	negative regulation of response to stimulus	ENSMUSG00000027954	Efna1	IDA
CRE upregulated	GO:0048585	negative regulation of response to stimulus	ENSMUSG00000004040	ENSMUSG00000004040	IDA, IEA
CRE upregulated	GO:0048585	negative regulation of response to stimulus	ENSMUSG00000042292	Mrtfa	IDA
CRE upregulated	GO:0048585	negative regulation of response to stimulus	ENSMUSG00000020027	Socs2	IMP, IGI, IEA
CRE upregulated	GO:0048585	negative regulation of response to stimulus	ENSMUSG00000109511	Nup62	IMP
CRE upregulated	GO:0048585	negative regulation of response to stimulus	ENSMUSG00000036990	Otud4	IDA, IBA, IEA
CRE upregulated	GO:0048585	negative regulation of response to stimulus	ENSMUSG00000004347	ENSMUSG00000004347	ISO
CRE upregulated	GO:0048585	negative regulation of response to stimulus	ENSMUSG00000050335	Lgals3	IEA
CRE upregulated	GO:0048585	negative regulation of response to stimulus	ENSMUSG00000024190	Dusp1	IMP, ISS, ISO, IBA, IEA
CRE upregulated	GO:0048585	negative regulation of response to stimulus	ENSMUSG00000030223	ENSMUSG00000030223	IDA, IBA
CRE upregulated	GO:0048585	negative regulation of response to stimulus	ENSMUSG00000035236	Scai	IDA, IEA
CRE upregulated	GO:0048585	negative regulation of response to stimulus	ENSMUSG00000031960	Aars1	ISS, IEA
CRE upregulated	GO:0048585	negative regulation of response to stimulus	ENSMUSG00000059866	Tnip2	IDA
CRE upregulated	GO:0048585	negative regulation of response to stimulus	ENSMUSG00000017615	Tnfaip1	ISS, IBA, IEA
CRE upregulated	GO:0048585	negative regulation of response to stimulus	ENSMUSG00000040033	ENSMUSG00000040033	IEA
CRE upregulated	GO:0048585	negative regulation of response to stimulus	ENSMUSG00000059316	Slc27a4	IEA
CRE upregulated	GO:0048585	negative regulation of response to stimulus	ENSMUSG00000024927	Rela	IDA, ISO, IEA
CRE upregulated	GO:0048585	negative regulation of response to stimulus	ENSMUSG00000029458	ENSMUSG00000029458	IEA
CRE upregulated	GO:0048585	negative regulation of response to stimulus	ENSMUSG00000053716	Dusp7	IBA
CRE upregulated	GO:0048585	negative regulation of response to stimulus	ENSMUSG00000036206	Sh3bp4	ISS, IEA
CRE upregulated	GO:0048585	negative regulation of response to stimulus	ENSMUSG00000025793	ENSMUSG00000025793	IEA
CRE upregulated	GO:0048585	negative regulation of response to stimulus	ENSMUSG00000050730	Arhgap42	IMP
CRE upregulated	GO:0048585	negative regulation of response to stimulus	ENSMUSG00000028893	Sesn2	IMP, IBA, IEA
CRE upregulated	GO:0048585	negative regulation of response to stimulus	ENSMUSG00000024947	Men1	IEA
CRE upregulated	GO:0048585	negative regulation of response to stimulus	ENSMUSG00000029071	ENSMUSG00000029071	IMP
CRE upregulated	GO:0048585	negative regulation of response to stimulus	ENSMUSG00000026074	Map4k4	IEA
CRE upregulated	GO:0048585	negative regulation of response to stimulus	ENSMUSG00000028466	Creb3	IEA
CRE upregulated	GO:0048585	negative regulation of response to stimulus	ENSMUSG00000029175	Slc35f6	ISS, IEA
CRE upregulated	GO:0048585	negative regulation of response to stimulus	ENSMUSG00000053175	Bcl3	IEA
CRE upregulated	GO:0048585	negative regulation of response to stimulus	ENSMUSG00000037815	Ctnna1	IMP
CRE upregulated	GO:0048585	negative regulation of response to stimulus	ENSMUSG00000020349	ENSMUSG00000020349	IMP, ISS, IEA
CRE upregulated	GO:0048585	negative regulation of response to stimulus	ENSMUSG00000025340	Rabgef1	IMP
CRE upregulated	GO:0048585	negative regulation of response to stimulus	ENSMUSG00000028599	Tnfrsf1b	IMP, IBA
CRE upregulated	GO:0048585	negative regulation of response to stimulus	ENSMUSG00000011877	Git1	IMP, ISO
CRE upregulated	GO:0048585	negative regulation of response to stimulus	ENSMUSG00000039985	Sinhcaf	NAS
CRE upregulated	GO:0048585	negative regulation of response to stimulus	ENSMUSG00000007411	ENSMUSG00000007411	ISS, IEA
CRE upregulated	GO:0048585	negative regulation of response to stimulus	ENSMUSG00000047281	ENSMUSG00000047281	ISS, IEA
CRE upregulated	GO:0048585	negative regulation of response to stimulus	ENSMUSG00000031383	Dusp9	IDA, IBA
CRE upregulated	GO:0048585	negative regulation of response to stimulus	ENSMUSG00000070056	ENSMUSG00000070056	IMP, ISS, IEA
CRE upregulated	GO:0048585	negative regulation of response to stimulus	ENSMUSG00000037860	Aim2	IDA
CRE upregulated	GO:0048585	negative regulation of response to stimulus	ENSMUSG00000000001	ENSMUSG00000000001	ISO
CRE upregulated	GO:0048585	negative regulation of response to stimulus	ENSMUSG00000019256	ENSMUSG00000019256	IEA
CRE upregulated	GO:0048585	negative regulation of response to stimulus	ENSMUSG00000039844	ENSMUSG00000039844	IMP, IGI
CRE upregulated	GO:0048585	negative regulation of response to stimulus	ENSMUSG00000000787	ENSMUSG00000000787	ISS
CRE upregulated	GO:0048585	negative regulation of response to stimulus	ENSMUSG00000046722	ENSMUSG00000046722	ISS
CRE upregulated	GO:0048585	negative regulation of response to stimulus	ENSMUSG00000038676	Ucn	ISO, IEA
CRE upregulated	GO:0048585	negative regulation of response to stimulus	ENSMUSG00000037553	ENSMUSG00000037553	ISS, IEA
CRE upregulated	GO:0048585	negative regulation of response to stimulus	ENSMUSG00000026864	ENSMUSG00000026864	IGI, ISS
CRE upregulated	GO:0048585	negative regulation of response to stimulus	ENSMUSG00000021072	Tmx1	IMP, IEA
CRE upregulated	GO:0048585	negative regulation of response to stimulus	ENSMUSG00000002633	Shh	IDA, IMP
CRE upregulated	GO:0048585	negative regulation of response to stimulus	ENSMUSG00000032462	ENSMUSG00000032462	IMP, IEA
CRE upregulated	GO:0048585	negative regulation of response to stimulus	ENSMUSG00000004270	ENSMUSG00000004270	IDA, IMP
CRE upregulated	GO:0048585	negative regulation of response to stimulus	ENSMUSG00000038250	ENSMUSG00000038250	IEA
CRE upregulated	GO:0048585	negative regulation of response to stimulus	ENSMUSG00000037411	Serpine1	IEA
CRE upregulated	GO:0048585	negative regulation of response to stimulus	ENSMUSG00000019843	ENSMUSG00000019843	ISO
CRE upregulated	GO:0048585	negative regulation of response to stimulus	ENSMUSG00000027646	ENSMUSG00000027646	IBA, IEA
CRE upregulated	GO:0048585	negative regulation of response to stimulus	ENSMUSG00000032501	Trib1	IEA
CRE upregulated	GO:0048585	negative regulation of response to stimulus	ENSMUSG00000031642	Sh3rf1	IEA
CRE upregulated	GO:0048585	negative regulation of response to stimulus	ENSMUSG00000042197	ENSMUSG00000042197	ISS, IEA
CRE upregulated	GO:0048585	negative regulation of response to stimulus	ENSMUSG00000074886	ENSMUSG00000074886	ISO
CRE upregulated	GO:0048585	negative regulation of response to stimulus	ENSMUSG00000015839	Nfe2l2	ISO, IEA
CRE upregulated	GO:0048585	negative regulation of response to stimulus	ENSMUSG00000031751	ENSMUSG00000031751	IMP, IEA
CRE upregulated	GO:0048585	negative regulation of response to stimulus	ENSMUSG00000003541	ENSMUSG00000003541	IDA, IMP
CRE upregulated	GO:0006468	protein phosphorylation	ENSMUSG00000036390	Gadd45a	IMP, IEA
CRE upregulated	GO:0006468	protein phosphorylation	ENSMUSG00000052684	Jun	IMP
CRE upregulated	GO:0006468	protein phosphorylation	ENSMUSG00000004951	Hspb1	IDA, IEA
CRE upregulated	GO:0006468	protein phosphorylation	ENSMUSG00000019876	Pkib	IEA
CRE upregulated	GO:0006468	protein phosphorylation	ENSMUSG00000025089	Gfra1	ISO, IEA
CRE upregulated	GO:0006468	protein phosphorylation	ENSMUSG00000020427	Igfbp3	ISO, IEA
CRE upregulated	GO:0006468	protein phosphorylation	ENSMUSG00000023067	Cdkn1a	IMP
CRE upregulated	GO:0006468	protein phosphorylation	ENSMUSG00000024404	Riok3	IEA
CRE upregulated	GO:0006468	protein phosphorylation	ENSMUSG00000030681	Mvp	IEA
CRE upregulated	GO:0006468	protein phosphorylation	ENSMUSG00000030272	Camk1	ISS, IEA
CRE upregulated	GO:0006468	protein phosphorylation	ENSMUSG00000003644	Rps6ka1	IEA
CRE upregulated	GO:0006468	protein phosphorylation	ENSMUSG00000029378	Areg	IDA
CRE upregulated	GO:0006468	protein phosphorylation	ENSMUSG00000042688	Mapk6	IDA, IEA
CRE upregulated	GO:0006468	protein phosphorylation	ENSMUSG00000005087	Cd44	IEA
CRE upregulated	GO:0006468	protein phosphorylation	ENSMUSG00000026836	Acvr1	IEA
CRE upregulated	GO:0006468	protein phosphorylation	ENSMUSG00000048482	Bdnf	IMP, ISO, IEA
CRE upregulated	GO:0006468	protein phosphorylation	ENSMUSG00000024256	Adcyap1	ISS, ISO, IEA
CRE upregulated	GO:0006468	protein phosphorylation	ENSMUSG00000021070	Bdkrb2	IMP
CRE upregulated	GO:0006468	protein phosphorylation	ENSMUSG00000035828	Pim3	ISS, IEA
CRE upregulated	GO:0006468	protein phosphorylation	ENSMUSG00000039954	Stk32a	IEA
CRE upregulated	GO:0006468	protein phosphorylation	ENSMUSG00000027540	Ptpn1	IMP, IGI
CRE upregulated	GO:0006468	protein phosphorylation	ENSMUSG00000043895	S1pr2	IMP, IEA
CRE upregulated	GO:0006468	protein phosphorylation	ENSMUSG00000053436	Mapk14	IDA, IEA
CRE upregulated	GO:0006468	protein phosphorylation	ENSMUSG00000025809	Itgb1	ISO
CRE upregulated	GO:0006468	protein phosphorylation	ENSMUSG00000025746	Il6	ISO
CRE upregulated	GO:0006468	protein phosphorylation	ENSMUSG00000032231	Anxa2	ISO
CRE upregulated	GO:0006468	protein phosphorylation	ENSMUSG00000073563	Csnk1g3	IEA
CRE upregulated	GO:0006468	protein phosphorylation	ENSMUSG00000022607	Ptk2	IDA, IMP, ISS, IEA
CRE upregulated	GO:0006468	protein phosphorylation	ENSMUSG00000055994	Nod2	IMP
CRE upregulated	GO:0006468	protein phosphorylation	ENSMUSG00000024014	Pim1	IDA, IEA
CRE upregulated	GO:0006468	protein phosphorylation	ENSMUSG00000027293	Ehd4	ISO, IEA
CRE upregulated	GO:0006468	protein phosphorylation	ENSMUSG00000020580	Rock2	IEA
CRE upregulated	GO:0006468	protein phosphorylation	ENSMUSG00000046854	Pip5kl1	IEA
CRE upregulated	GO:0006468	protein phosphorylation	ENSMUSG00000040435	Ppp1r15a	IDA, ISO
CRE upregulated	GO:0006468	protein phosphorylation	ENSMUSG00000001847	Rac1	ISS
CRE upregulated	GO:0006468	protein phosphorylation	ENSMUSG00000050271	Prag1	IEA
CRE upregulated	GO:0006468	protein phosphorylation	ENSMUSG00000018909	Arrb1	IMP, ISS, ISO
CRE upregulated	GO:0006468	protein phosphorylation	ENSMUSG00000033955	Tnks1bp1	IEA
CRE upregulated	GO:0006468	protein phosphorylation	ENSMUSG00000057531	Dtnbp1	IMP, ISO
CRE upregulated	GO:0006468	protein phosphorylation	ENSMUSG00000015837	Sqstm1	ISO
CRE upregulated	GO:0006468	protein phosphorylation	ENSMUSG00000036737	Oxsr1	IGI, ISS, IEA
CRE upregulated	GO:0006468	protein phosphorylation	ENSMUSG00000020015	Cdk17	IEA
CRE upregulated	GO:0006468	protein phosphorylation	ENSMUSG00000022433	Csnk1e	IDA, IMP, IGI, IEA
CRE upregulated	GO:0006468	protein phosphorylation	ENSMUSG00000053113	Socs3	IDA, IEA
CRE upregulated	GO:0006468	protein phosphorylation	ENSMUSG00000027954	Efna1	IDA, IEA
CRE upregulated	GO:0006468	protein phosphorylation	ENSMUSG00000024789	Jak2	IDA, ISS, IEA
CRE upregulated	GO:0006468	protein phosphorylation	ENSMUSG00000109511	Nup62	IMP
CRE upregulated	GO:0006468	protein phosphorylation	ENSMUSG00000020395	Itk	IMP, IEA
CRE upregulated	GO:0006468	protein phosphorylation	ENSMUSG00000024190	Dusp1	ISS
CRE upregulated	GO:0006468	protein phosphorylation	ENSMUSG00000030223	ENSMUSG00000030223	IDA
CRE upregulated	GO:0006468	protein phosphorylation	ENSMUSG00000027797	Dclk1	IEA
CRE upregulated	GO:0006468	protein phosphorylation	ENSMUSG00000004865	ENSMUSG00000004865	IDA, IEA
CRE upregulated	GO:0006468	protein phosphorylation	ENSMUSG00000040033	ENSMUSG00000040033	IEA
CRE upregulated	GO:0006468	protein phosphorylation	ENSMUSG00000042608	Stk40	IEA
CRE upregulated	GO:0006468	protein phosphorylation	ENSMUSG00000027692	Tnik	ISS, IEA
CRE upregulated	GO:0006468	protein phosphorylation	ENSMUSG00000026078	Pdcl3	ISO, IEA
CRE upregulated	GO:0006468	protein phosphorylation	ENSMUSG00000028893	Sesn2	IMP, IEA
CRE upregulated	GO:0006468	protein phosphorylation	ENSMUSG00000024947	Men1	IEA
CRE upregulated	GO:0006468	protein phosphorylation	ENSMUSG00000029071	ENSMUSG00000029071	IDA, IGI
CRE upregulated	GO:0006468	protein phosphorylation	ENSMUSG00000036894	Rap2b	IDA, IEA
CRE upregulated	GO:0006468	protein phosphorylation	ENSMUSG00000032715	Trib3	IDA, ISS, IEA
CRE upregulated	GO:0006468	protein phosphorylation	ENSMUSG00000024777	ENSMUSG00000024777	ISO, IEA
CRE upregulated	GO:0006468	protein phosphorylation	ENSMUSG00000026074	Map4k4	IEA
CRE upregulated	GO:0006468	protein phosphorylation	ENSMUSG00000020694	ENSMUSG00000020694	ISS, IEA
CRE upregulated	GO:0006468	protein phosphorylation	ENSMUSG00000025162	ENSMUSG00000025162	IDA, IMP, IGI, ISS, IEA
CRE upregulated	GO:0006468	protein phosphorylation	ENSMUSG00000031668	ENSMUSG00000031668	IEA
CRE upregulated	GO:0006468	protein phosphorylation	ENSMUSG00000032599	ENSMUSG00000032599	IMP
CRE upregulated	GO:0006468	protein phosphorylation	ENSMUSG00000020349	ENSMUSG00000020349	ISO
CRE upregulated	GO:0006468	protein phosphorylation	ENSMUSG00000025340	Rabgef1	IMP
CRE upregulated	GO:0006468	protein phosphorylation	ENSMUSG00000033159	ENSMUSG00000033159	IEA
CRE upregulated	GO:0006468	protein phosphorylation	ENSMUSG00000004530	ENSMUSG00000004530	IEA
CRE upregulated	GO:0006468	protein phosphorylation	ENSMUSG00000025060	ENSMUSG00000025060	ISS, IEA
CRE upregulated	GO:0006468	protein phosphorylation	ENSMUSG00000062234	ENSMUSG00000062234	IEA
CRE upregulated	GO:0006468	protein phosphorylation	ENSMUSG00000007411	ENSMUSG00000007411	ISS, IEA
CRE upregulated	GO:0006468	protein phosphorylation	ENSMUSG00000021796	Bmpr1a	IEA
CRE upregulated	GO:0006468	protein phosphorylation	ENSMUSG00000035725	ENSMUSG00000035725	ISS, IEA
CRE upregulated	GO:0006468	protein phosphorylation	ENSMUSG00000000787	ENSMUSG00000000787	ISS
CRE upregulated	GO:0006468	protein phosphorylation	ENSMUSG00000008730	Hipk1	ISS, IEA
CRE upregulated	GO:0006468	protein phosphorylation	ENSMUSG00000038676	Ucn	ISO
CRE upregulated	GO:0006468	protein phosphorylation	ENSMUSG00000028680	ENSMUSG00000028680	IEA
CRE upregulated	GO:0006468	protein phosphorylation	ENSMUSG00000027944	Hax1	IEA
CRE upregulated	GO:0006468	protein phosphorylation	ENSMUSG00000019843	ENSMUSG00000019843	IDA, IMP, IGI, IEA
CRE upregulated	GO:0006468	protein phosphorylation	ENSMUSG00000027646	ENSMUSG00000027646	IGI, ISO, IEA
CRE upregulated	GO:0006468	protein phosphorylation	ENSMUSG00000032501	Trib1	ISS, IEA
CRE upregulated	GO:0006468	protein phosphorylation	ENSMUSG00000003119	ENSMUSG00000003119	ISS, IEA
CRE upregulated	GO:0006468	protein phosphorylation	ENSMUSG00000055067	ENSMUSG00000055067	IMP
CRE upregulated	GO:0006468	protein phosphorylation	ENSMUSG00000074886	ENSMUSG00000074886	IEA
CRE upregulated	GO:0006468	protein phosphorylation	ENSMUSG00000031073	Fgf15	IEA
CRE upregulated	GO:0006468	protein phosphorylation	ENSMUSG00000046707	ENSMUSG00000046707	IEA
CRE upregulated	GO:0019222	regulation of metabolic process	ENSMUSG00000026628	Atf3	IDA, IMP, IGI, ISO, IBA, IEA
CRE upregulated	GO:0019222	regulation of metabolic process	ENSMUSG00000036390	Gadd45a	IMP, IEA
CRE upregulated	GO:0019222	regulation of metabolic process	ENSMUSG00000052684	Jun	IDA, IMP, IGI, ISS, ISO, IBA, NAS, IEA
CRE upregulated	GO:0019222	regulation of metabolic process	ENSMUSG00000063632	Sox11	IDA, IMP, ISO, IBA, IEA
CRE upregulated	GO:0019222	regulation of metabolic process	ENSMUSG00000046223	Plaur	NAS
CRE upregulated	GO:0019222	regulation of metabolic process	ENSMUSG00000031574	Star	IDA, ISO, IBA, IEA
CRE upregulated	GO:0019222	regulation of metabolic process	ENSMUSG00000004951	Hspb1	IDA, IEA
CRE upregulated	GO:0019222	regulation of metabolic process	ENSMUSG00000025473	Adam8	IDA, IMP, IBA, IEA
CRE upregulated	GO:0019222	regulation of metabolic process	ENSMUSG00000056749	Nfil3	IDA, IMP, IBA, IEA
CRE upregulated	GO:0019222	regulation of metabolic process	ENSMUSG00000024143	Rhoq	IEA
CRE upregulated	GO:0019222	regulation of metabolic process	ENSMUSG00000022895	Ets2	ISO, IBA, IEA
CRE upregulated	GO:0019222	regulation of metabolic process	ENSMUSG00000019876	Pkib	IEA
CRE upregulated	GO:0019222	regulation of metabolic process	ENSMUSG00000037447	Arid5a	IDA, IMP, IGI, ISS, IBA, IEA
CRE upregulated	GO:0019222	regulation of metabolic process	ENSMUSG00000033902	Mapkbp1	IEA
CRE upregulated	GO:0019222	regulation of metabolic process	ENSMUSG00000030748	Il4ra	IMP
CRE upregulated	GO:0019222	regulation of metabolic process	ENSMUSG00000032515	Csrnp1	IDA, IMP, IBA
CRE upregulated	GO:0019222	regulation of metabolic process	ENSMUSG00000025089	Gfra1	ISO, IEA
CRE upregulated	GO:0019222	regulation of metabolic process	ENSMUSG00000021765	Fst	IEA
CRE upregulated	GO:0019222	regulation of metabolic process	ENSMUSG00000030256	Bhlhe41	IDA, IMP, IBA, TAS, IEA
CRE upregulated	GO:0019222	regulation of metabolic process	ENSMUSG00000014599	Csf1	IDA, IEA
CRE upregulated	GO:0019222	regulation of metabolic process	ENSMUSG00000025612	Bach1	IDA, ISS, IBA, IEA
CRE upregulated	GO:0019222	regulation of metabolic process	ENSMUSG00000020427	Igfbp3	IGI, ISO, IEA
CRE upregulated	GO:0019222	regulation of metabolic process	ENSMUSG00000023067	Cdkn1a	IMP, IEA
CRE upregulated	GO:0019222	regulation of metabolic process	ENSMUSG00000024404	Riok3	IEA
CRE upregulated	GO:0019222	regulation of metabolic process	ENSMUSG00000000078	Klf6	IEA
CRE upregulated	GO:0019222	regulation of metabolic process	ENSMUSG00000030681	Mvp	IEA
CRE upregulated	GO:0019222	regulation of metabolic process	ENSMUSG00000058093	Zfp729b	IBA, IEA
CRE upregulated	GO:0019222	regulation of metabolic process	ENSMUSG00000044934	Zfp367	ISO, IBA, IEA
CRE upregulated	GO:0019222	regulation of metabolic process	ENSMUSG00000030272	Camk1	ISS, IEA
CRE upregulated	GO:0019222	regulation of metabolic process	ENSMUSG00000001542	Ell2	ISO, IBA
CRE upregulated	GO:0019222	regulation of metabolic process	ENSMUSG00000031681	Smad1	IDA, IMP, IGI, IBA, IEA
CRE upregulated	GO:0019222	regulation of metabolic process	ENSMUSG00000035673	Sbno2	IMP, IBA, IEA
CRE upregulated	GO:0019222	regulation of metabolic process	ENSMUSG00000033060	Lmo7	IDA, ISS, ISO
CRE upregulated	GO:0019222	regulation of metabolic process	ENSMUSG00000003644	Rps6ka1	ISO, IBA, IEA
CRE upregulated	GO:0019222	regulation of metabolic process	ENSMUSG00000029378	Areg	IDA, ISO, IEA
CRE upregulated	GO:0019222	regulation of metabolic process	ENSMUSG00000005087	Cd44	IEA
CRE upregulated	GO:0019222	regulation of metabolic process	ENSMUSG00000026836	Acvr1	IMP, IEA
CRE upregulated	GO:0019222	regulation of metabolic process	ENSMUSG00000026670	Uap1	IEA
CRE upregulated	GO:0019222	regulation of metabolic process	ENSMUSG00000021400	Wrnip1	ISS, IEA
CRE upregulated	GO:0019222	regulation of metabolic process	ENSMUSG00000068566	Myadm	IEA
CRE upregulated	GO:0019222	regulation of metabolic process	ENSMUSG00000048482	Bdnf	IMP, ISO, IEA
CRE upregulated	GO:0019222	regulation of metabolic process	ENSMUSG00000024256	Adcyap1	IDA, IMP, ISS, ISO, IEA
CRE upregulated	GO:0019222	regulation of metabolic process	ENSMUSG00000034832	Tet3	IMP, ISS, IBA, IEA
CRE upregulated	GO:0019222	regulation of metabolic process	ENSMUSG00000056076	Eif3b	IEA
CRE upregulated	GO:0019222	regulation of metabolic process	ENSMUSG00000037458	Azin1	ISS, ISO, IBA, IEA
CRE upregulated	GO:0019222	regulation of metabolic process	ENSMUSG00000021070	Bdkrb2	IMP
CRE upregulated	GO:0019222	regulation of metabolic process	ENSMUSG00000002250	Ppard	IDA, IMP, ISS, ISO, IBA, IEA
CRE upregulated	GO:0019222	regulation of metabolic process	ENSMUSG00000044734	Serpinb1a	IPI, IMP, IBA
CRE upregulated	GO:0019222	regulation of metabolic process	ENSMUSG00000018507	Trpv2	IMP
CRE upregulated	GO:0019222	regulation of metabolic process	ENSMUSG00000037638	Zbtb42	IDA, IBA
CRE upregulated	GO:0019222	regulation of metabolic process	ENSMUSG00000021501	Caml	ISS, IEA
CRE upregulated	GO:0019222	regulation of metabolic process	ENSMUSG00000038894	Irs2	IMP, IEA
CRE upregulated	GO:0019222	regulation of metabolic process	ENSMUSG00000066838	Zfp772	IBA, IEA
CRE upregulated	GO:0019222	regulation of metabolic process	ENSMUSG00000007812	Zfp655	IBA, IEA
CRE upregulated	GO:0019222	regulation of metabolic process	ENSMUSG00000042507	Mideas	IBA
CRE upregulated	GO:0019222	regulation of metabolic process	ENSMUSG00000027313	Chac1	ISS, IEA
CRE upregulated	GO:0019222	regulation of metabolic process	ENSMUSG00000028789	Azin2	IBA, IEA
CRE upregulated	GO:0019222	regulation of metabolic process	ENSMUSG00000026796	Niban2	IEA
CRE upregulated	GO:0019222	regulation of metabolic process	ENSMUSG00000027540	Ptpn1	IMP, IGI, IEA
CRE upregulated	GO:0019222	regulation of metabolic process	ENSMUSG00000043895	S1pr2	IMP, IBA, IEA
CRE upregulated	GO:0019222	regulation of metabolic process	ENSMUSG00000022661	Cd200	IEA
CRE upregulated	GO:0019222	regulation of metabolic process	ENSMUSG00000011179	Odc1	IDA
CRE upregulated	GO:0019222	regulation of metabolic process	ENSMUSG00000027583	Zbtb46	IDA, IBA, IEA
CRE upregulated	GO:0019222	regulation of metabolic process	ENSMUSG00000028063	Lmna	IMP, IBA
CRE upregulated	GO:0019222	regulation of metabolic process	ENSMUSG00000041548	Hspb8	IEA
CRE upregulated	GO:0019222	regulation of metabolic process	ENSMUSG00000026254	Eif4e2	ISS, ISO, IEA
CRE upregulated	GO:0019222	regulation of metabolic process	ENSMUSG00000030678	Maz	IEA
CRE upregulated	GO:0019222	regulation of metabolic process	ENSMUSG00000053436	Mapk14	IDA, IMP, ISO, IEA
CRE upregulated	GO:0019222	regulation of metabolic process	ENSMUSG00000025809	Itgb1	ISS, ISO, IEA
CRE upregulated	GO:0019222	regulation of metabolic process	ENSMUSG00000040025	Ythdf2	IMP, ISS, IBA, IEA
CRE upregulated	GO:0019222	regulation of metabolic process	ENSMUSG00000028156	Eif4e	IDA, IMP, IEP, ISS, IEA
CRE upregulated	GO:0019222	regulation of metabolic process	ENSMUSG00000025239	Limd1	ISS, ISO, IBA, IEA
CRE upregulated	GO:0019222	regulation of metabolic process	ENSMUSG00000005370	Msh6	IMP, IEA
CRE upregulated	GO:0019222	regulation of metabolic process	ENSMUSG00000011008	Mcoln2	IMP
CRE upregulated	GO:0019222	regulation of metabolic process	ENSMUSG00000048490	Nrip1	IDA, IMP, IBA, IEA
CRE upregulated	GO:0019222	regulation of metabolic process	ENSMUSG00000022096	Hr	IDA, IBA
CRE upregulated	GO:0019222	regulation of metabolic process	ENSMUSG00000013089	Etv5	IDA, IBA, IEA
CRE upregulated	GO:0019222	regulation of metabolic process	ENSMUSG00000025139	Tollip	ISO, IEA
CRE upregulated	GO:0019222	regulation of metabolic process	ENSMUSG00000025746	Il6	IDA, IMP, IGI, ISO
CRE upregulated	GO:0019222	regulation of metabolic process	ENSMUSG00000032231	Anxa2	IDA, IMP, ISO, IEA
CRE upregulated	GO:0019222	regulation of metabolic process	ENSMUSG00000032280	Tle3	IMP, ISO, IEA
CRE upregulated	GO:0019222	regulation of metabolic process	ENSMUSG00000031078	Cttn	IMP
CRE upregulated	GO:0019222	regulation of metabolic process	ENSMUSG00000022607	Ptk2	IDA, IMP, ISS
CRE upregulated	GO:0019222	regulation of metabolic process	ENSMUSG00000055994	Nod2	IDA, IMP, IGI, ISS, ISO, IEA
CRE upregulated	GO:0019222	regulation of metabolic process	ENSMUSG00000024014	Pim1	IMP
CRE upregulated	GO:0019222	regulation of metabolic process	ENSMUSG00000037062	Sh3glb1	IMP, IEA
CRE upregulated	GO:0019222	regulation of metabolic process	ENSMUSG00000027293	Ehd4	ISO, IEA
CRE upregulated	GO:0019222	regulation of metabolic process	ENSMUSG00000020580	Rock2	IEA
CRE upregulated	GO:0019222	regulation of metabolic process	ENSMUSG00000063889	Crem	IGI, IBA, IEA
CRE upregulated	GO:0019222	regulation of metabolic process	ENSMUSG00000027613	Eif6	IMP, ISS, IEA
CRE upregulated	GO:0019222	regulation of metabolic process	ENSMUSG00000059923	Grb2	IEA
CRE upregulated	GO:0019222	regulation of metabolic process	ENSMUSG00000042406	Atf4	IDA, IMP, IGI, ISS, ISO, IBA, IEA
CRE upregulated	GO:0019222	regulation of metabolic process	ENSMUSG00000079049	Serpinb1c	IMP, IBA
CRE upregulated	GO:0019222	regulation of metabolic process	ENSMUSG00000023079	Gtf2ird1	IEA
CRE upregulated	GO:0019222	regulation of metabolic process	ENSMUSG00000020271	Fbxw11	IMP, ISS
CRE upregulated	GO:0019222	regulation of metabolic process	ENSMUSG00000020838	Slc6a4	IMP
CRE upregulated	GO:0019222	regulation of metabolic process	ENSMUSG00000046854	Pip5kl1	IEA
CRE upregulated	GO:0019222	regulation of metabolic process	ENSMUSG00000029641	Rasl11a	IDA
CRE upregulated	GO:0019222	regulation of metabolic process	ENSMUSG00000001507	Itga3	ISO, IEA
CRE upregulated	GO:0019222	regulation of metabolic process	ENSMUSG00000031628	Casp3	ISS, ISO, IEA
CRE upregulated	GO:0019222	regulation of metabolic process	ENSMUSG00000025408	Ddit3	IDA, IMP, IGI, ISS, ISO, IBA, NAS, IEA
CRE upregulated	GO:0019222	regulation of metabolic process	ENSMUSG00000040435	Ppp1r15a	IDA, ISO, IEA
CRE upregulated	GO:0019222	regulation of metabolic process	ENSMUSG00000032078	Zpr1	IMP, ISS, IBA, IEA
CRE upregulated	GO:0019222	regulation of metabolic process	ENSMUSG00000001847	Rac1	ISS, ISO, IEA
CRE upregulated	GO:0019222	regulation of metabolic process	ENSMUSG00000042121	Ssh1	ISO, IEA
CRE upregulated	GO:0019222	regulation of metabolic process	ENSMUSG00000018909	Arrb1	IMP, ISS, ISO, IEA
CRE upregulated	GO:0019222	regulation of metabolic process	ENSMUSG00000020248	Nfyb	IDA, ISO, IBA, IEA
CRE upregulated	GO:0019222	regulation of metabolic process	ENSMUSG00000050410	Tcf19	IEA
CRE upregulated	GO:0019222	regulation of metabolic process	ENSMUSG00000024349	Sting1	IDA, IMP, IGI, ISS, ISO, IBA, IEA
CRE upregulated	GO:0019222	regulation of metabolic process	ENSMUSG00000030057	Cnbp	IDA, IBA, IEA
CRE upregulated	GO:0019222	regulation of metabolic process	ENSMUSG00000033955	Tnks1bp1	IEA
CRE upregulated	GO:0019222	regulation of metabolic process	ENSMUSG00000024360	Etf1	IEA
CRE upregulated	GO:0019222	regulation of metabolic process	ENSMUSG00000057531	Dtnbp1	IDA, IMP, ISO
CRE upregulated	GO:0019222	regulation of metabolic process	ENSMUSG00000058355	Abce1	IEA
CRE upregulated	GO:0019222	regulation of metabolic process	ENSMUSG00000000134	Tfe3	IDA, IMP, IBA, IEA
CRE upregulated	GO:0019222	regulation of metabolic process	ENSMUSG00000008393	Carhsp1	IMP, IBA, IEA
CRE upregulated	GO:0019222	regulation of metabolic process	ENSMUSG00000015837	Sqstm1	IDA, IMP, ISS, ISO, IEA
CRE upregulated	GO:0019222	regulation of metabolic process	ENSMUSG00000028901	Gmeb1	IDA, IBA
CRE upregulated	GO:0019222	regulation of metabolic process	ENSMUSG00000030309	Caprin2	IEA
CRE upregulated	GO:0019222	regulation of metabolic process	ENSMUSG00000029131	Dnajb6	IDA
CRE upregulated	GO:0019222	regulation of metabolic process	ENSMUSG00000037580	Gch1	ISO, NAS, IEA
CRE upregulated	GO:0019222	regulation of metabolic process	ENSMUSG00000023087	Noct	IMP, IGI
CRE upregulated	GO:0019222	regulation of metabolic process	ENSMUSG00000001627	Ifrd1	ISO
CRE upregulated	GO:0019222	regulation of metabolic process	ENSMUSG00000015316	Slamf1	IDA, IBA, IEA
CRE upregulated	GO:0019222	regulation of metabolic process	ENSMUSG00000022433	Csnk1e	IMP, ISO, IBA, IEA
CRE upregulated	GO:0019222	regulation of metabolic process	ENSMUSG00000022346	Myc	IDA, IMP, IGI, ISS, ISO, IBA, IEA
CRE upregulated	GO:0019222	regulation of metabolic process	ENSMUSG00000053113	Socs3	IDA, IEA
CRE upregulated	GO:0019222	regulation of metabolic process	ENSMUSG00000026072	Il1r1	ISS, IEA
CRE upregulated	GO:0019222	regulation of metabolic process	ENSMUSG00000027954	Efna1	IDA, IMP, IEA
CRE upregulated	GO:0019222	regulation of metabolic process	ENSMUSG00000024789	Jak2	IDA, IMP, IGI, ISS, ISO, NAS, IEA
CRE upregulated	GO:0019222	regulation of metabolic process	ENSMUSG00000004040	ENSMUSG00000004040	IDA, IMP, IGI, ISO, IBA, NAS, IEA
CRE upregulated	GO:0019222	regulation of metabolic process	ENSMUSG00000042292	Mrtfa	IDA, ISS, ISO, IBA, IEA
CRE upregulated	GO:0019222	regulation of metabolic process	ENSMUSG00000061589	Dot1l	ISO, IEA
CRE upregulated	GO:0019222	regulation of metabolic process	ENSMUSG00000022555	Dgat1	ISO
CRE upregulated	GO:0019222	regulation of metabolic process	ENSMUSG00000109511	Nup62	IMP, IEA
CRE upregulated	GO:0019222	regulation of metabolic process	ENSMUSG00000029135	Fosl2	IDA, IMP, ISO, IBA, IEA
CRE upregulated	GO:0019222	regulation of metabolic process	ENSMUSG00000054136	Adm2	IEA
CRE upregulated	GO:0019222	regulation of metabolic process	ENSMUSG00000020395	Itk	IMP
CRE upregulated	GO:0019222	regulation of metabolic process	ENSMUSG00000036990	Otud4	ISS, IBA, IEA
CRE upregulated	GO:0019222	regulation of metabolic process	ENSMUSG00000018143	Mafk	IDA, IBA, IEA
CRE upregulated	GO:0019222	regulation of metabolic process	ENSMUSG00000029826	Zc3hav1	IDA, ISS, ISO, IBA, IEA
CRE upregulated	GO:0019222	regulation of metabolic process	ENSMUSG00000024190	Dusp1	ISS, ISO
CRE upregulated	GO:0019222	regulation of metabolic process	ENSMUSG00000063919	Srrm4	IDA, IMP, ISS, IBA, IEA
CRE upregulated	GO:0019222	regulation of metabolic process	ENSMUSG00000030223	ENSMUSG00000030223	IDA
CRE upregulated	GO:0019222	regulation of metabolic process	ENSMUSG00000035236	Scai	IEA
CRE upregulated	GO:0019222	regulation of metabolic process	ENSMUSG00000031960	Aars1	IMP
CRE upregulated	GO:0019222	regulation of metabolic process	ENSMUSG00000020358	Hnrnpab	IDA, IGI, ISO, IBA, IEA
CRE upregulated	GO:0019222	regulation of metabolic process	ENSMUSG00000059866	Tnip2	ISS, IBA, IEA
CRE upregulated	GO:0019222	regulation of metabolic process	ENSMUSG00000004865	ENSMUSG00000004865	IDA, IBA, IEA
CRE upregulated	GO:0019222	regulation of metabolic process	ENSMUSG00000027806	Tsc22d2	IEA
CRE upregulated	GO:0019222	regulation of metabolic process	ENSMUSG00000017615	Tnfaip1	ISO, IEA
CRE upregulated	GO:0019222	regulation of metabolic process	ENSMUSG00000040033	ENSMUSG00000040033	IEA
CRE upregulated	GO:0019222	regulation of metabolic process	ENSMUSG00000021360	ENSMUSG00000021360	IMP, IEA
CRE upregulated	GO:0019222	regulation of metabolic process	ENSMUSG00000059316	Slc27a4	IDA
CRE upregulated	GO:0019222	regulation of metabolic process	ENSMUSG00000024803	Ankrd1	IDA, ISO, IBA, IEA
CRE upregulated	GO:0019222	regulation of metabolic process	ENSMUSG00000031934	ENSMUSG00000031934	IMP, IEA
CRE upregulated	GO:0019222	regulation of metabolic process	ENSMUSG00000021306	Gpr137b	IEA
CRE upregulated	GO:0019222	regulation of metabolic process	ENSMUSG00000032497	Lrrfip2	IEA
CRE upregulated	GO:0019222	regulation of metabolic process	ENSMUSG00000023915	Tnfrsf21	IMP
CRE upregulated	GO:0019222	regulation of metabolic process	ENSMUSG00000024912	Fosl1	ISO, IBA, IEA
CRE upregulated	GO:0019222	regulation of metabolic process	ENSMUSG00000024927	Rela	IDA, IMP, ISS, ISO, IBA, TAS, IEA
CRE upregulated	GO:0019222	regulation of metabolic process	ENSMUSG00000042608	Stk40	IMP
CRE upregulated	GO:0019222	regulation of metabolic process	ENSMUSG00000036206	Sh3bp4	ISS, IEA
CRE upregulated	GO:0019222	regulation of metabolic process	ENSMUSG00000025793	ENSMUSG00000025793	IEA
CRE upregulated	GO:0019222	regulation of metabolic process	ENSMUSG00000003435	ENSMUSG00000003435	ISO, IEA
CRE upregulated	GO:0019222	regulation of metabolic process	ENSMUSG00000055044	Pdlim1	IDA, IEA
CRE upregulated	GO:0019222	regulation of metabolic process	ENSMUSG00000024238	Zeb1	IDA, IMP, IGI, ISS, ISO, IBA, IEA
CRE upregulated	GO:0019222	regulation of metabolic process	ENSMUSG00000026078	Pdcl3	IMP, ISO, IBA, IEA
CRE upregulated	GO:0019222	regulation of metabolic process	ENSMUSG00000028893	Sesn2	IMP, ISS, IBA, IEA
CRE upregulated	GO:0019222	regulation of metabolic process	ENSMUSG00000024947	Men1	IDA, IMP, IGI, ISO, IBA, IEA
CRE upregulated	GO:0019222	regulation of metabolic process	ENSMUSG00000029071	ENSMUSG00000029071	IDA, IGI, IEA
CRE upregulated	GO:0019222	regulation of metabolic process	ENSMUSG00000036894	Rap2b	IDA, IEA
CRE upregulated	GO:0019222	regulation of metabolic process	ENSMUSG00000040433	Zbtb38	ISO, IBA, IEA
CRE upregulated	GO:0019222	regulation of metabolic process	ENSMUSG00000044453	Ffar1	IEA
CRE upregulated	GO:0019222	regulation of metabolic process	ENSMUSG00000037514	Pank2	IEA
CRE upregulated	GO:0019222	regulation of metabolic process	ENSMUSG00000032715	Trib3	IDA, IMP, ISS, ISO, IBA, TAS, IC, IEA
CRE upregulated	GO:0019222	regulation of metabolic process	ENSMUSG00000024777	ENSMUSG00000024777	ISO, IEA
CRE upregulated	GO:0019222	regulation of metabolic process	ENSMUSG00000024335	Brd2	IDA, IMP, ISS, IBA, IEA
CRE upregulated	GO:0019222	regulation of metabolic process	ENSMUSG00000048047	Zbtb33	ISS, IBA, IEA
CRE upregulated	GO:0019222	regulation of metabolic process	ENSMUSG00000020547	Bzw2	ISS, IEA
CRE upregulated	GO:0019222	regulation of metabolic process	ENSMUSG00000020694	ENSMUSG00000020694	ISS, IEA
CRE upregulated	GO:0019222	regulation of metabolic process	ENSMUSG00000028466	Creb3	IEA
CRE upregulated	GO:0019222	regulation of metabolic process	ENSMUSG00000037876	Jmjd1c	IBA
CRE upregulated	GO:0019222	regulation of metabolic process	ENSMUSG00000022526	Zfp251	IBA, IEA
CRE upregulated	GO:0019222	regulation of metabolic process	ENSMUSG00000071637	Cebpd	IDA, ISO, IBA, IEA
CRE upregulated	GO:0019222	regulation of metabolic process	ENSMUSG00000025162	ENSMUSG00000025162	IMP, IBA, IEA
CRE upregulated	GO:0019222	regulation of metabolic process	ENSMUSG00000010660	Plcd1	ISO
CRE upregulated	GO:0019222	regulation of metabolic process	ENSMUSG00000015776	Med22	NAS, IEA
CRE upregulated	GO:0019222	regulation of metabolic process	ENSMUSG00000031278	ENSMUSG00000031278	TAS
CRE upregulated	GO:0019222	regulation of metabolic process	ENSMUSG00000031668	ENSMUSG00000031668	IEA
CRE upregulated	GO:0019222	regulation of metabolic process	ENSMUSG00000053175	Bcl3	IDA, IMP, IBA, IEA
CRE upregulated	GO:0019222	regulation of metabolic process	ENSMUSG00000068739	ENSMUSG00000068739	ISS, IEA
CRE upregulated	GO:0019222	regulation of metabolic process	ENSMUSG00000059796	Eif4a1	ISS, IEA
CRE upregulated	GO:0019222	regulation of metabolic process	ENSMUSG00000032599	ENSMUSG00000032599	IMP
CRE upregulated	GO:0019222	regulation of metabolic process	ENSMUSG00000030199	Etv6	IDA, IBA, IEA
CRE upregulated	GO:0019222	regulation of metabolic process	ENSMUSG00000003154	Foxj2	IBA, IEA
CRE upregulated	GO:0019222	regulation of metabolic process	ENSMUSG00000040857	Erf	IEA
CRE upregulated	GO:0019222	regulation of metabolic process	ENSMUSG00000020349	ENSMUSG00000020349	IMP, ISO
CRE upregulated	GO:0019222	regulation of metabolic process	ENSMUSG00000024517	Grp	ISO, IEA
CRE upregulated	GO:0019222	regulation of metabolic process	ENSMUSG00000025340	Rabgef1	IMP
CRE upregulated	GO:0019222	regulation of metabolic process	ENSMUSG00000039108	ENSMUSG00000039108	IMP, IEA
CRE upregulated	GO:0019222	regulation of metabolic process	ENSMUSG00000033159	ENSMUSG00000033159	IEA
CRE upregulated	GO:0019222	regulation of metabolic process	ENSMUSG00000028599	Tnfrsf1b	IMP, IGI, IBA, IEA
CRE upregulated	GO:0019222	regulation of metabolic process	ENSMUSG00000004530	ENSMUSG00000004530	IEA
CRE upregulated	GO:0019222	regulation of metabolic process	ENSMUSG00000027605	Acss2	IEA
CRE upregulated	GO:0019222	regulation of metabolic process	ENSMUSG00000036180	ENSMUSG00000036180	ISS, IBA, NAS, IEA
CRE upregulated	GO:0019222	regulation of metabolic process	ENSMUSG00000011877	Git1	IMP, ISO
CRE upregulated	GO:0019222	regulation of metabolic process	ENSMUSG00000039985	Sinhcaf	NAS
CRE upregulated	GO:0019222	regulation of metabolic process	ENSMUSG00000055491	ENSMUSG00000055491	IBA
CRE upregulated	GO:0019222	regulation of metabolic process	ENSMUSG00000052837	ENSMUSG00000052837	IDA, IMP, IBA, IEA
CRE upregulated	GO:0019222	regulation of metabolic process	ENSMUSG00000013483	Card14	ISS
CRE upregulated	GO:0019222	regulation of metabolic process	ENSMUSG00000028840	Zfp593	IEA
CRE upregulated	GO:0019222	regulation of metabolic process	ENSMUSG00000047281	ENSMUSG00000047281	IDA
CRE upregulated	GO:0019222	regulation of metabolic process	ENSMUSG00000021796	Bmpr1a	IDA, IMP, IEA
CRE upregulated	GO:0019222	regulation of metabolic process	ENSMUSG00000049649	Gpr3	IMP, IBA
CRE upregulated	GO:0019222	regulation of metabolic process	ENSMUSG00000019842	ENSMUSG00000019842	IDA, IMP
CRE upregulated	GO:0019222	regulation of metabolic process	ENSMUSG00000034543	ENSMUSG00000034543	IMP, ISS
CRE upregulated	GO:0019222	regulation of metabolic process	ENSMUSG00000029110	ENSMUSG00000029110	IDA, ISS, ISO, IBA, IEA
CRE upregulated	GO:0019222	regulation of metabolic process	ENSMUSG00000021890	ENSMUSG00000021890	ISO, IEA
CRE upregulated	GO:0019222	regulation of metabolic process	ENSMUSG00000045763	ENSMUSG00000045763	ISS, IBA, IEA
CRE upregulated	GO:0019222	regulation of metabolic process	ENSMUSG00000037860	Aim2	IDA, IMP, IGI, ISO, IEA
CRE upregulated	GO:0019222	regulation of metabolic process	ENSMUSG00000028434	Epb41l4b	IEA
CRE upregulated	GO:0019222	regulation of metabolic process	ENSMUSG00000109336	ENSMUSG00000109336	IEA
CRE upregulated	GO:0019222	regulation of metabolic process	ENSMUSG00000039191	Rbpj	IDA, IMP, IGI, ISS, ISO, IEA
CRE upregulated	GO:0019222	regulation of metabolic process	ENSMUSG00000000001	ENSMUSG00000000001	ISO, IEA
CRE upregulated	GO:0019222	regulation of metabolic process	ENSMUSG00000019256	ENSMUSG00000019256	IEA
CRE upregulated	GO:0019222	regulation of metabolic process	ENSMUSG00000046962	ENSMUSG00000046962	IBA, IEA
CRE upregulated	GO:0019222	regulation of metabolic process	ENSMUSG00000019763	ENSMUSG00000019763	ISS, IBA, IEA
CRE upregulated	GO:0019222	regulation of metabolic process	ENSMUSG00000051316	Taf7	IDA, ISS, ISO, IBA, NAS, IEA
CRE upregulated	GO:0019222	regulation of metabolic process	ENSMUSG00000001552	ENSMUSG00000001552	IBA
CRE upregulated	GO:0019222	regulation of metabolic process	ENSMUSG00000040010	Slc7a5	ISO, IEA
CRE upregulated	GO:0019222	regulation of metabolic process	ENSMUSG00000040463	ENSMUSG00000040463	IDA, ISO, NAS, IEA
CRE upregulated	GO:0019222	regulation of metabolic process	ENSMUSG00000004099	ENSMUSG00000004099	IDA, IMP, IGI, ISO, IBA, IEA
CRE upregulated	GO:0019222	regulation of metabolic process	ENSMUSG00000022858	ENSMUSG00000022858	IMP, ISS, IBA, IEA
CRE upregulated	GO:0019222	regulation of metabolic process	ENSMUSG00000053007	Creb5	IEA
CRE upregulated	GO:0019222	regulation of metabolic process	ENSMUSG00000023952	ENSMUSG00000023952	IMP
CRE upregulated	GO:0019222	regulation of metabolic process	ENSMUSG00000020594	ENSMUSG00000020594	IMP, ISS, ISO, IBA, IEA
CRE upregulated	GO:0019222	regulation of metabolic process	ENSMUSG00000011256	ENSMUSG00000011256	ISS
CRE upregulated	GO:0019222	regulation of metabolic process	ENSMUSG00000020448	Rnf185	ISS, IEA
CRE upregulated	GO:0019222	regulation of metabolic process	ENSMUSG00000000787	ENSMUSG00000000787	IDA, IMP, ISS, IBA, IEA
CRE upregulated	GO:0019222	regulation of metabolic process	ENSMUSG00000008730	Hipk1	ISS
CRE upregulated	GO:0019222	regulation of metabolic process	ENSMUSG00000059288	ENSMUSG00000059288	IDA, IEA
CRE upregulated	GO:0019222	regulation of metabolic process	ENSMUSG00000022948	Setd4	IDA, IBA
CRE upregulated	GO:0019222	regulation of metabolic process	ENSMUSG00000038676	Ucn	IMP, ISO, IEA
CRE upregulated	GO:0019222	regulation of metabolic process	ENSMUSG00000059743	ENSMUSG00000059743	ISO
CRE upregulated	GO:0019222	regulation of metabolic process	ENSMUSG00000038467	ENSMUSG00000038467	IMP
CRE upregulated	GO:0019222	regulation of metabolic process	ENSMUSG00000042185	ENSMUSG00000042185	IDA, IMP, ISO, IEA
CRE upregulated	GO:0019222	regulation of metabolic process	ENSMUSG00000025403	ENSMUSG00000025403	IMP, IEA
CRE upregulated	GO:0019222	regulation of metabolic process	ENSMUSG00000032508	Myd88	IMP, IGI, ISS, IEA
CRE upregulated	GO:0019222	regulation of metabolic process	ENSMUSG00000026864	ENSMUSG00000026864	IMP
CRE upregulated	GO:0019222	regulation of metabolic process	ENSMUSG00000021072	Tmx1	ISS, IEA
CRE upregulated	GO:0019222	regulation of metabolic process	ENSMUSG00000002633	Shh	IDA, IMP, IGI, ISO, IBA, IEA
CRE upregulated	GO:0019222	regulation of metabolic process	ENSMUSG00000008384	Sertad1	IDA, IGI
CRE upregulated	GO:0019222	regulation of metabolic process	ENSMUSG00000032540	ENSMUSG00000032540	IDA, IMP, IBA, IEA
CRE upregulated	GO:0019222	regulation of metabolic process	ENSMUSG00000028680	ENSMUSG00000028680	IEA
CRE upregulated	GO:0019222	regulation of metabolic process	ENSMUSG00000053581	ENSMUSG00000053581	IMP
CRE upregulated	GO:0019222	regulation of metabolic process	ENSMUSG00000032462	ENSMUSG00000032462	ISO, IEA
CRE upregulated	GO:0019222	regulation of metabolic process	ENSMUSG00000025198	ENSMUSG00000025198	IEA
CRE upregulated	GO:0019222	regulation of metabolic process	ENSMUSG00000004270	ENSMUSG00000004270	IMP
CRE upregulated	GO:0019222	regulation of metabolic process	ENSMUSG00000027944	Hax1	IEA
CRE upregulated	GO:0019222	regulation of metabolic process	ENSMUSG00000039671	ENSMUSG00000039671	IEA
CRE upregulated	GO:0019222	regulation of metabolic process	ENSMUSG00000067586	ENSMUSG00000067586	IMP, IBA
CRE upregulated	GO:0019222	regulation of metabolic process	ENSMUSG00000038250	ENSMUSG00000038250	IEA
CRE upregulated	GO:0019222	regulation of metabolic process	ENSMUSG00000063952	Brpf3	ISS, IBA, IEA
CRE upregulated	GO:0019222	regulation of metabolic process	ENSMUSG00000040652	ENSMUSG00000040652	IDA, IBA
CRE upregulated	GO:0019222	regulation of metabolic process	ENSMUSG00000048027	ENSMUSG00000048027	IDA
CRE upregulated	GO:0019222	regulation of metabolic process	ENSMUSG00000028291	ENSMUSG00000028291	IDA, IMP, ISO, IBA, IEA
CRE upregulated	GO:0019222	regulation of metabolic process	ENSMUSG00000037411	Serpine1	IEA
CRE upregulated	GO:0019222	regulation of metabolic process	ENSMUSG00000078676	ENSMUSG00000078676	ISS, ISO, IEA
CRE upregulated	GO:0019222	regulation of metabolic process	ENSMUSG00000020340	ENSMUSG00000020340	IEA
CRE upregulated	GO:0019222	regulation of metabolic process	ENSMUSG00000028382	ENSMUSG00000028382	IMP, IBA, IEA
CRE upregulated	GO:0019222	regulation of metabolic process	ENSMUSG00000037465	Klf10	IDA, IMP, IBA, IEA
CRE upregulated	GO:0019222	regulation of metabolic process	ENSMUSG00000024613	ENSMUSG00000024613	ISS, IEA
CRE upregulated	GO:0019222	regulation of metabolic process	ENSMUSG00000051209	ENSMUSG00000051209	IBA, IEA
CRE upregulated	GO:0019222	regulation of metabolic process	ENSMUSG00000019843	ENSMUSG00000019843	IDA, IMP, IGI, ISO
CRE upregulated	GO:0019222	regulation of metabolic process	ENSMUSG00000020755	ENSMUSG00000020755	IEA
CRE upregulated	GO:0019222	regulation of metabolic process	ENSMUSG00000027646	ENSMUSG00000027646	IDA, IGI, ISO, IEA
CRE upregulated	GO:0019222	regulation of metabolic process	ENSMUSG00000020680	ENSMUSG00000020680	ISO, IEA
CRE upregulated	GO:0019222	regulation of metabolic process	ENSMUSG00000021340	ENSMUSG00000021340	IEA
CRE upregulated	GO:0019222	regulation of metabolic process	ENSMUSG00000033991	ENSMUSG00000033991	ISS, IBA, IEA
CRE upregulated	GO:0019222	regulation of metabolic process	ENSMUSG00000029313	Aff1	IEA
CRE upregulated	GO:0019222	regulation of metabolic process	ENSMUSG00000004698	ENSMUSG00000004698	IEA
CRE upregulated	GO:0019222	regulation of metabolic process	ENSMUSG00000032501	Trib1	IDA, ISS, IBA, IC
CRE upregulated	GO:0019222	regulation of metabolic process	ENSMUSG00000003119	ENSMUSG00000003119	ISS, ISO, IBA, IEA
CRE upregulated	GO:0019222	regulation of metabolic process	ENSMUSG00000042197	ENSMUSG00000042197	ISS, IBA, IEA
CRE upregulated	GO:0019222	regulation of metabolic process	ENSMUSG00000055067	ENSMUSG00000055067	IMP
CRE upregulated	GO:0019222	regulation of metabolic process	ENSMUSG00000021282	ENSMUSG00000021282	IEA
CRE upregulated	GO:0019222	regulation of metabolic process	ENSMUSG00000031073	Fgf15	IGI, IBA, IEA
CRE upregulated	GO:0019222	regulation of metabolic process	ENSMUSG00000027433	ENSMUSG00000027433	IBA
CRE upregulated	GO:0019222	regulation of metabolic process	ENSMUSG00000038205	ENSMUSG00000038205	IGI
CRE upregulated	GO:0019222	regulation of metabolic process	ENSMUSG00000015839	Nfe2l2	IDA, IMP, IGI, ISO, IBA, IEA
CRE upregulated	GO:0019222	regulation of metabolic process	ENSMUSG00000022332	ENSMUSG00000022332	IDA, ISO, IBA, IEA
CRE upregulated	GO:0019222	regulation of metabolic process	ENSMUSG00000024907	Gal	ISS, ISO, IEA
CRE upregulated	GO:0019222	regulation of metabolic process	ENSMUSG00000046707	ENSMUSG00000046707	IEA
CRE upregulated	GO:0019222	regulation of metabolic process	ENSMUSG00000003541	ENSMUSG00000003541	IDA, IMP
CRE upregulated	GO:0019222	regulation of metabolic process	ENSMUSG00000024026	ENSMUSG00000024026	IDA
CRE upregulated	GO:0019222	regulation of metabolic process	ENSMUSG00000029475	ENSMUSG00000029475	IDA, IMP, IBA
CRE upregulated	GO:0009968	negative regulation of signal transduction	ENSMUSG00000026628	Atf3	IMP
CRE upregulated	GO:0009968	negative regulation of signal transduction	ENSMUSG00000019647	Sema6a	IEA
CRE upregulated	GO:0009968	negative regulation of signal transduction	ENSMUSG00000073680	Tmem88b	IBA
CRE upregulated	GO:0009968	negative regulation of signal transduction	ENSMUSG00000046223	Plaur	IEA
CRE upregulated	GO:0009968	negative regulation of signal transduction	ENSMUSG00000004951	Hspb1	IDA
CRE upregulated	GO:0009968	negative regulation of signal transduction	ENSMUSG00000046731	Kctd11	IDA
CRE upregulated	GO:0009968	negative regulation of signal transduction	ENSMUSG00000033902	Mapkbp1	IEA
CRE upregulated	GO:0009968	negative regulation of signal transduction	ENSMUSG00000030102	Itpr1	IEA
CRE upregulated	GO:0009968	negative regulation of signal transduction	ENSMUSG00000021765	Fst	IBA, IEA
CRE upregulated	GO:0009968	negative regulation of signal transduction	ENSMUSG00000024404	Riok3	IEA
CRE upregulated	GO:0009968	negative regulation of signal transduction	ENSMUSG00000030681	Mvp	IEA
CRE upregulated	GO:0009968	negative regulation of signal transduction	ENSMUSG00000003644	Rps6ka1	IEA
CRE upregulated	GO:0009968	negative regulation of signal transduction	ENSMUSG00000005087	Cd44	IEA
CRE upregulated	GO:0009968	negative regulation of signal transduction	ENSMUSG00000026836	Acvr1	IEA
CRE upregulated	GO:0009968	negative regulation of signal transduction	ENSMUSG00000002459	Rgs20	IEA
CRE upregulated	GO:0009968	negative regulation of signal transduction	ENSMUSG00000048482	Bdnf	IGI
CRE upregulated	GO:0009968	negative regulation of signal transduction	ENSMUSG00000021070	Bdkrb2	IMP, IGI
CRE upregulated	GO:0009968	negative regulation of signal transduction	ENSMUSG00000032578	Cish	IEA
CRE upregulated	GO:0009968	negative regulation of signal transduction	ENSMUSG00000027313	Chac1	ISS, IEA
CRE upregulated	GO:0009968	negative regulation of signal transduction	ENSMUSG00000027540	Ptpn1	IMP, IGI, IBA, IEA
CRE upregulated	GO:0009968	negative regulation of signal transduction	ENSMUSG00000028063	Lmna	IMP
CRE upregulated	GO:0009968	negative regulation of signal transduction	ENSMUSG00000026254	Eif4e2	IEA
CRE upregulated	GO:0009968	negative regulation of signal transduction	ENSMUSG00000030678	Maz	IEA
CRE upregulated	GO:0009968	negative regulation of signal transduction	ENSMUSG00000053436	Mapk14	IMP, IEA
CRE upregulated	GO:0009968	negative regulation of signal transduction	ENSMUSG00000025809	Itgb1	IGI
CRE upregulated	GO:0009968	negative regulation of signal transduction	ENSMUSG00000040025	Ythdf2	ISS, IEA
CRE upregulated	GO:0009968	negative regulation of signal transduction	ENSMUSG00000025239	Limd1	IMP, ISS, IBA, IEA
CRE upregulated	GO:0009968	negative regulation of signal transduction	ENSMUSG00000025746	Il6	IMP
CRE upregulated	GO:0009968	negative regulation of signal transduction	ENSMUSG00000032280	Tle3	IBA
CRE upregulated	GO:0009968	negative regulation of signal transduction	ENSMUSG00000031078	Cttn	IGI
CRE upregulated	GO:0009968	negative regulation of signal transduction	ENSMUSG00000055994	Nod2	IMP
CRE upregulated	GO:0009968	negative regulation of signal transduction	ENSMUSG00000037062	Sh3glb1	IMP
CRE upregulated	GO:0009968	negative regulation of signal transduction	ENSMUSG00000042406	Atf4	ISO, IEA
CRE upregulated	GO:0009968	negative regulation of signal transduction	ENSMUSG00000020271	Fbxw11	IMP
CRE upregulated	GO:0009968	negative regulation of signal transduction	ENSMUSG00000001507	Itga3	IGI
CRE upregulated	GO:0009968	negative regulation of signal transduction	ENSMUSG00000025408	Ddit3	IDA, IEA
CRE upregulated	GO:0009968	negative regulation of signal transduction	ENSMUSG00000018909	Arrb1	IMP, ISS, ISO, IBA, IEA
CRE upregulated	GO:0009968	negative regulation of signal transduction	ENSMUSG00000020064	Herc4	IEA
CRE upregulated	GO:0009968	negative regulation of signal transduction	ENSMUSG00000028145	Them4	ISS, IEA
CRE upregulated	GO:0009968	negative regulation of signal transduction	ENSMUSG00000015837	Sqstm1	IEA
CRE upregulated	GO:0009968	negative regulation of signal transduction	ENSMUSG00000022951	Rcan1	ISS, IEA
CRE upregulated	GO:0009968	negative regulation of signal transduction	ENSMUSG00000015316	Slamf1	IEA
CRE upregulated	GO:0009968	negative regulation of signal transduction	ENSMUSG00000022433	Csnk1e	IGI
CRE upregulated	GO:0009968	negative regulation of signal transduction	ENSMUSG00000053113	Socs3	IDA, IGI, IEA
CRE upregulated	GO:0009968	negative regulation of signal transduction	ENSMUSG00000027954	Efna1	IDA
CRE upregulated	GO:0009968	negative regulation of signal transduction	ENSMUSG00000042292	Mrtfa	IDA
CRE upregulated	GO:0009968	negative regulation of signal transduction	ENSMUSG00000020027	Socs2	IMP, IGI, IEA
CRE upregulated	GO:0009968	negative regulation of signal transduction	ENSMUSG00000109511	Nup62	IMP
CRE upregulated	GO:0009968	negative regulation of signal transduction	ENSMUSG00000036990	Otud4	IDA, IBA, IEA
CRE upregulated	GO:0009968	negative regulation of signal transduction	ENSMUSG00000050335	Lgals3	IEA
CRE upregulated	GO:0009968	negative regulation of signal transduction	ENSMUSG00000024190	Dusp1	IMP, ISS, ISO, IBA, IEA
CRE upregulated	GO:0009968	negative regulation of signal transduction	ENSMUSG00000030223	ENSMUSG00000030223	IDA, IBA
CRE upregulated	GO:0009968	negative regulation of signal transduction	ENSMUSG00000035236	Scai	IDA, IEA
CRE upregulated	GO:0009968	negative regulation of signal transduction	ENSMUSG00000031960	Aars1	ISS, IEA
CRE upregulated	GO:0009968	negative regulation of signal transduction	ENSMUSG00000059866	Tnip2	IDA
CRE upregulated	GO:0009968	negative regulation of signal transduction	ENSMUSG00000017615	Tnfaip1	ISS, IBA, IEA
CRE upregulated	GO:0009968	negative regulation of signal transduction	ENSMUSG00000040033	ENSMUSG00000040033	IEA
CRE upregulated	GO:0009968	negative regulation of signal transduction	ENSMUSG00000059316	Slc27a4	IEA
CRE upregulated	GO:0009968	negative regulation of signal transduction	ENSMUSG00000024927	Rela	IDA, ISO, IEA
CRE upregulated	GO:0009968	negative regulation of signal transduction	ENSMUSG00000029458	ENSMUSG00000029458	IEA
CRE upregulated	GO:0009968	negative regulation of signal transduction	ENSMUSG00000053716	Dusp7	IBA
CRE upregulated	GO:0009968	negative regulation of signal transduction	ENSMUSG00000036206	Sh3bp4	ISS, IEA
CRE upregulated	GO:0009968	negative regulation of signal transduction	ENSMUSG00000025793	ENSMUSG00000025793	IEA
CRE upregulated	GO:0009968	negative regulation of signal transduction	ENSMUSG00000050730	Arhgap42	IMP
CRE upregulated	GO:0009968	negative regulation of signal transduction	ENSMUSG00000028893	Sesn2	IMP, IBA, IEA
CRE upregulated	GO:0009968	negative regulation of signal transduction	ENSMUSG00000024947	Men1	IEA
CRE upregulated	GO:0009968	negative regulation of signal transduction	ENSMUSG00000028466	Creb3	IEA
CRE upregulated	GO:0009968	negative regulation of signal transduction	ENSMUSG00000029175	Slc35f6	ISS, IEA
CRE upregulated	GO:0009968	negative regulation of signal transduction	ENSMUSG00000053175	Bcl3	IEA
CRE upregulated	GO:0009968	negative regulation of signal transduction	ENSMUSG00000037815	Ctnna1	IMP
CRE upregulated	GO:0009968	negative regulation of signal transduction	ENSMUSG00000020349	ENSMUSG00000020349	IMP, ISS, IEA
CRE upregulated	GO:0009968	negative regulation of signal transduction	ENSMUSG00000025340	Rabgef1	IMP
CRE upregulated	GO:0009968	negative regulation of signal transduction	ENSMUSG00000011877	Git1	ISO
CRE upregulated	GO:0009968	negative regulation of signal transduction	ENSMUSG00000039985	Sinhcaf	NAS
CRE upregulated	GO:0009968	negative regulation of signal transduction	ENSMUSG00000007411	ENSMUSG00000007411	ISS, IEA
CRE upregulated	GO:0009968	negative regulation of signal transduction	ENSMUSG00000031383	Dusp9	IDA, IBA
CRE upregulated	GO:0009968	negative regulation of signal transduction	ENSMUSG00000070056	ENSMUSG00000070056	IMP, ISS, IEA
CRE upregulated	GO:0009968	negative regulation of signal transduction	ENSMUSG00000037860	Aim2	IDA
CRE upregulated	GO:0009968	negative regulation of signal transduction	ENSMUSG00000000001	ENSMUSG00000000001	ISO
CRE upregulated	GO:0009968	negative regulation of signal transduction	ENSMUSG00000039844	ENSMUSG00000039844	IMP, IGI
CRE upregulated	GO:0009968	negative regulation of signal transduction	ENSMUSG00000000787	ENSMUSG00000000787	ISS
CRE upregulated	GO:0009968	negative regulation of signal transduction	ENSMUSG00000046722	ENSMUSG00000046722	ISS
CRE upregulated	GO:0009968	negative regulation of signal transduction	ENSMUSG00000037553	ENSMUSG00000037553	IEA
CRE upregulated	GO:0009968	negative regulation of signal transduction	ENSMUSG00000026864	ENSMUSG00000026864	IGI, ISS
CRE upregulated	GO:0009968	negative regulation of signal transduction	ENSMUSG00000002633	Shh	IDA, IMP
CRE upregulated	GO:0009968	negative regulation of signal transduction	ENSMUSG00000032462	ENSMUSG00000032462	IMP, IEA
CRE upregulated	GO:0009968	negative regulation of signal transduction	ENSMUSG00000037411	Serpine1	IEA
CRE upregulated	GO:0009968	negative regulation of signal transduction	ENSMUSG00000019843	ENSMUSG00000019843	ISO
CRE upregulated	GO:0009968	negative regulation of signal transduction	ENSMUSG00000027646	ENSMUSG00000027646	IBA, IEA
CRE upregulated	GO:0009968	negative regulation of signal transduction	ENSMUSG00000032501	Trib1	IEA
CRE upregulated	GO:0009968	negative regulation of signal transduction	ENSMUSG00000031642	Sh3rf1	IEA
CRE upregulated	GO:0009968	negative regulation of signal transduction	ENSMUSG00000042197	ENSMUSG00000042197	ISS, IEA
CRE upregulated	GO:0009968	negative regulation of signal transduction	ENSMUSG00000074886	ENSMUSG00000074886	ISO
CRE upregulated	GO:0009968	negative regulation of signal transduction	ENSMUSG00000015839	Nfe2l2	IEA
CRE upregulated	GO:0009968	negative regulation of signal transduction	ENSMUSG00000031751	ENSMUSG00000031751	IMP, IEA
CRE upregulated	GO:0009968	negative regulation of signal transduction	ENSMUSG00000003541	ENSMUSG00000003541	IDA
CRE upregulated	GO:0050793	regulation of developmental process	ENSMUSG00000036390	Gadd45a	IMP
CRE upregulated	GO:0050793	regulation of developmental process	ENSMUSG00000051379	Flrt3	IDA
CRE upregulated	GO:0050793	regulation of developmental process	ENSMUSG00000052684	Jun	IDA, ISO
CRE upregulated	GO:0050793	regulation of developmental process	ENSMUSG00000063632	Sox11	IDA, IMP, ISS, IEA
CRE upregulated	GO:0050793	regulation of developmental process	ENSMUSG00000019647	Sema6a	IEA
CRE upregulated	GO:0050793	regulation of developmental process	ENSMUSG00000031574	Star	ISO, IEA
CRE upregulated	GO:0050793	regulation of developmental process	ENSMUSG00000004951	Hspb1	ISO, IEA
CRE upregulated	GO:0050793	regulation of developmental process	ENSMUSG00000025473	Adam8	IDA, IMP, NAS
CRE upregulated	GO:0050793	regulation of developmental process	ENSMUSG00000046731	Kctd11	IDA, IBA
CRE upregulated	GO:0050793	regulation of developmental process	ENSMUSG00000024143	Rhoq	IDA
CRE upregulated	GO:0050793	regulation of developmental process	ENSMUSG00000030748	Il4ra	IMP, IGI
CRE upregulated	GO:0050793	regulation of developmental process	ENSMUSG00000023905	Tnfrsf12a	IDA
CRE upregulated	GO:0050793	regulation of developmental process	ENSMUSG00000021765	Fst	IMP, IGI, ISO, IEA
CRE upregulated	GO:0050793	regulation of developmental process	ENSMUSG00000030256	Bhlhe41	IDA, IBA
CRE upregulated	GO:0050793	regulation of developmental process	ENSMUSG00000014599	Csf1	IDA, IMP, IGI, IBA, IEA
CRE upregulated	GO:0050793	regulation of developmental process	ENSMUSG00000020427	Igfbp3	ISS, IEA
CRE upregulated	GO:0050793	regulation of developmental process	ENSMUSG00000023067	Cdkn1a	IMP
CRE upregulated	GO:0050793	regulation of developmental process	ENSMUSG00000038650	Rnh1	IBA, IEA
CRE upregulated	GO:0050793	regulation of developmental process	ENSMUSG00000027495	Fam210b	ISS, IEA
CRE upregulated	GO:0050793	regulation of developmental process	ENSMUSG00000031074	Fgf3	IEA
CRE upregulated	GO:0050793	regulation of developmental process	ENSMUSG00000030272	Camk1	ISS, IEA
CRE upregulated	GO:0050793	regulation of developmental process	ENSMUSG00000031681	Smad1	IDA, IGI, ISO, IEA
CRE upregulated	GO:0050793	regulation of developmental process	ENSMUSG00000024261	Syt4	IMP, IEA
CRE upregulated	GO:0050793	regulation of developmental process	ENSMUSG00000029378	Areg	ISO, IEA
CRE upregulated	GO:0050793	regulation of developmental process	ENSMUSG00000042688	Mapk6	IGI
CRE upregulated	GO:0050793	regulation of developmental process	ENSMUSG00000005087	Cd44	IEA
CRE upregulated	GO:0050793	regulation of developmental process	ENSMUSG00000026836	Acvr1	IMP, IEA
CRE upregulated	GO:0050793	regulation of developmental process	ENSMUSG00000048482	Bdnf	IDA, IMP, IGI, ISO, IEA
CRE upregulated	GO:0050793	regulation of developmental process	ENSMUSG00000024256	Adcyap1	ISO, IEA
CRE upregulated	GO:0050793	regulation of developmental process	ENSMUSG00000015745	Plekho1	IDA, IMP, IBA
CRE upregulated	GO:0050793	regulation of developmental process	ENSMUSG00000018736	Ndel1	ISO
CRE upregulated	GO:0050793	regulation of developmental process	ENSMUSG00000002250	Ppard	IMP, ISO
CRE upregulated	GO:0050793	regulation of developmental process	ENSMUSG00000018507	Trpv2	IMP
CRE upregulated	GO:0050793	regulation of developmental process	ENSMUSG00000037568	Vash2	IMP, ISO, IBA, IEA
CRE upregulated	GO:0050793	regulation of developmental process	ENSMUSG00000031545	Gpat4	IMP
CRE upregulated	GO:0050793	regulation of developmental process	ENSMUSG00000007041	Clic1	IDA
CRE upregulated	GO:0050793	regulation of developmental process	ENSMUSG00000005069	Pex5	IMP
CRE upregulated	GO:0050793	regulation of developmental process	ENSMUSG00000043895	S1pr2	IEA
CRE upregulated	GO:0050793	regulation of developmental process	ENSMUSG00000027583	Zbtb46	IMP
CRE upregulated	GO:0050793	regulation of developmental process	ENSMUSG00000028063	Lmna	ISO
CRE upregulated	GO:0050793	regulation of developmental process	ENSMUSG00000001420	Tmem79	IMP
CRE upregulated	GO:0050793	regulation of developmental process	ENSMUSG00000053436	Mapk14	IMP, IGI, IEA
CRE upregulated	GO:0050793	regulation of developmental process	ENSMUSG00000025809	Itgb1	IMP, ISO, IEA
CRE upregulated	GO:0050793	regulation of developmental process	ENSMUSG00000040025	Ythdf2	IMP, ISS, IEA
CRE upregulated	GO:0050793	regulation of developmental process	ENSMUSG00000028156	Eif4e	IMP
CRE upregulated	GO:0050793	regulation of developmental process	ENSMUSG00000025239	Limd1	IMP, ISS, IEA
CRE upregulated	GO:0050793	regulation of developmental process	ENSMUSG00000022272	Myo10	ISS, IBA, IEA
CRE upregulated	GO:0050793	regulation of developmental process	ENSMUSG00000013089	Etv5	IDA, ISO, IEA
CRE upregulated	GO:0050793	regulation of developmental process	ENSMUSG00000025746	Il6	IDA, IMP, ISO
CRE upregulated	GO:0050793	regulation of developmental process	ENSMUSG00000032231	Anxa2	IDA
CRE upregulated	GO:0050793	regulation of developmental process	ENSMUSG00000031078	Cttn	ISS, ISO
CRE upregulated	GO:0050793	regulation of developmental process	ENSMUSG00000022607	Ptk2	IMP, IGI, ISS, ISO
CRE upregulated	GO:0050793	regulation of developmental process	ENSMUSG00000024014	Pim1	IMP, IEA
CRE upregulated	GO:0050793	regulation of developmental process	ENSMUSG00000037062	Sh3glb1	ISO
CRE upregulated	GO:0050793	regulation of developmental process	ENSMUSG00000024772	Ehd1	IMP
CRE upregulated	GO:0050793	regulation of developmental process	ENSMUSG00000020580	Rock2	IEA
CRE upregulated	GO:0050793	regulation of developmental process	ENSMUSG00000027613	Eif6	IMP
CRE upregulated	GO:0050793	regulation of developmental process	ENSMUSG00000042406	Atf4	IMP, IEA
CRE upregulated	GO:0050793	regulation of developmental process	ENSMUSG00000017929	B4galt5	IMP
CRE upregulated	GO:0050793	regulation of developmental process	ENSMUSG00000020838	Slc6a4	IMP, ISO, IEA
CRE upregulated	GO:0050793	regulation of developmental process	ENSMUSG00000025408	Ddit3	IMP, IGI
CRE upregulated	GO:0050793	regulation of developmental process	ENSMUSG00000040435	Ppp1r15a	ISO
CRE upregulated	GO:0050793	regulation of developmental process	ENSMUSG00000032078	Zpr1	IMP
CRE upregulated	GO:0050793	regulation of developmental process	ENSMUSG00000055407	Map6	ISO, IBA
CRE upregulated	GO:0050793	regulation of developmental process	ENSMUSG00000001847	Rac1	IMP, IGI, IBA, IEA
CRE upregulated	GO:0050793	regulation of developmental process	ENSMUSG00000050271	Prag1	ISS, ISO, IEA
CRE upregulated	GO:0050793	regulation of developmental process	ENSMUSG00000057531	Dtnbp1	ISO, IEA
CRE upregulated	GO:0050793	regulation of developmental process	ENSMUSG00000000134	Tfe3	IMP, IGI, IEA
CRE upregulated	GO:0050793	regulation of developmental process	ENSMUSG00000022951	Rcan1	ISO
CRE upregulated	GO:0050793	regulation of developmental process	ENSMUSG00000030309	Caprin2	IMP
CRE upregulated	GO:0050793	regulation of developmental process	ENSMUSG00000023087	Noct	IMP
CRE upregulated	GO:0050793	regulation of developmental process	ENSMUSG00000001627	Ifrd1	IGI
CRE upregulated	GO:0050793	regulation of developmental process	ENSMUSG00000029765	Plxna4	IMP, IBA
CRE upregulated	GO:0050793	regulation of developmental process	ENSMUSG00000022346	Myc	IDA, IMP, ISS, ISO, IEA
CRE upregulated	GO:0050793	regulation of developmental process	ENSMUSG00000036478	Btg1	ISS, ISO, IEA
CRE upregulated	GO:0050793	regulation of developmental process	ENSMUSG00000053113	Socs3	IDA, IGI
CRE upregulated	GO:0050793	regulation of developmental process	ENSMUSG00000036437	Npy1r	IMP
CRE upregulated	GO:0050793	regulation of developmental process	ENSMUSG00000027954	Efna1	IDA, IMP
CRE upregulated	GO:0050793	regulation of developmental process	ENSMUSG00000024789	Jak2	ISS, ISO, IEA
CRE upregulated	GO:0050793	regulation of developmental process	ENSMUSG00000004040	ENSMUSG00000004040	IDA, IMP, ISS, IEA
CRE upregulated	GO:0050793	regulation of developmental process	ENSMUSG00000022602	Arc	ISS, ISO, IEA
CRE upregulated	GO:0050793	regulation of developmental process	ENSMUSG00000020027	Socs2	IDA, IMP, IGI
CRE upregulated	GO:0050793	regulation of developmental process	ENSMUSG00000029135	Fosl2	IDA, IMP
CRE upregulated	GO:0050793	regulation of developmental process	ENSMUSG00000054136	Adm2	ISO, IEA
CRE upregulated	GO:0050793	regulation of developmental process	ENSMUSG00000031310	ENSMUSG00000031310	ISS, IEA
CRE upregulated	GO:0050793	regulation of developmental process	ENSMUSG00000036882	ENSMUSG00000036882	ISO, IEA
CRE upregulated	GO:0050793	regulation of developmental process	ENSMUSG00000040033	ENSMUSG00000040033	IEA
CRE upregulated	GO:0050793	regulation of developmental process	ENSMUSG00000021360	ENSMUSG00000021360	IMP, IEA
CRE upregulated	GO:0050793	regulation of developmental process	ENSMUSG00000023915	Tnfrsf21	IMP, IBA, IEA
CRE upregulated	GO:0050793	regulation of developmental process	ENSMUSG00000024927	Rela	ISO, IEA
CRE upregulated	GO:0050793	regulation of developmental process	ENSMUSG00000025793	ENSMUSG00000025793	IEA
CRE upregulated	GO:0050793	regulation of developmental process	ENSMUSG00000027692	Tnik	ISS, ISO, IEA
CRE upregulated	GO:0050793	regulation of developmental process	ENSMUSG00000024238	Zeb1	IDA, IMP, IEA
CRE upregulated	GO:0050793	regulation of developmental process	ENSMUSG00000026078	Pdcl3	ISO, IEA
CRE upregulated	GO:0050793	regulation of developmental process	ENSMUSG00000024947	Men1	IDA, IMP, IGI, ISO, IEA
CRE upregulated	GO:0050793	regulation of developmental process	ENSMUSG00000029071	ENSMUSG00000029071	ISO, IEA
CRE upregulated	GO:0050793	regulation of developmental process	ENSMUSG00000064210	ENSMUSG00000064210	IMP, IEA
CRE upregulated	GO:0050793	regulation of developmental process	ENSMUSG00000032715	Trib3	IMP
CRE upregulated	GO:0050793	regulation of developmental process	ENSMUSG00000024335	Brd2	IDA, IEA
CRE upregulated	GO:0050793	regulation of developmental process	ENSMUSG00000026074	Map4k4	IEA
CRE upregulated	GO:0050793	regulation of developmental process	ENSMUSG00000071637	Cebpd	IDA, IBA, IEA
CRE upregulated	GO:0050793	regulation of developmental process	ENSMUSG00000052921	Arhgef15	IMP
CRE upregulated	GO:0050793	regulation of developmental process	ENSMUSG00000068739	ENSMUSG00000068739	ISS, IEA
CRE upregulated	GO:0050793	regulation of developmental process	ENSMUSG00000037815	Ctnna1	IMP, IGI
CRE upregulated	GO:0050793	regulation of developmental process	ENSMUSG00000003154	Foxj2	IEA
CRE upregulated	GO:0050793	regulation of developmental process	ENSMUSG00000020349	ENSMUSG00000020349	IEA
CRE upregulated	GO:0050793	regulation of developmental process	ENSMUSG00000023307	Marchf5	ISS, IBA, IEA
CRE upregulated	GO:0050793	regulation of developmental process	ENSMUSG00000028599	Tnfrsf1b	IMP, IGI, IBA
CRE upregulated	GO:0050793	regulation of developmental process	ENSMUSG00000004530	ENSMUSG00000004530	IEA
CRE upregulated	GO:0050793	regulation of developmental process	ENSMUSG00000044147	Arf6	IMP, ISO, IBA, IEA
CRE upregulated	GO:0050793	regulation of developmental process	ENSMUSG00000052298	Cdc42se2	IEA
CRE upregulated	GO:0050793	regulation of developmental process	ENSMUSG00000036180	ENSMUSG00000036180	NAS
CRE upregulated	GO:0050793	regulation of developmental process	ENSMUSG00000040046	Tph1	IMP
CRE upregulated	GO:0050793	regulation of developmental process	ENSMUSG00000039985	Sinhcaf	IMP, NAS
CRE upregulated	GO:0050793	regulation of developmental process	ENSMUSG00000031937	ENSMUSG00000031937	IMP, IBA
CRE upregulated	GO:0050793	regulation of developmental process	ENSMUSG00000052837	ENSMUSG00000052837	IDA
CRE upregulated	GO:0050793	regulation of developmental process	ENSMUSG00000047281	ENSMUSG00000047281	IMP
CRE upregulated	GO:0050793	regulation of developmental process	ENSMUSG00000021796	Bmpr1a	IMP, IGI, IEA
CRE upregulated	GO:0050793	regulation of developmental process	ENSMUSG00000041598	Cdc42ep4	IBA, IEA
CRE upregulated	GO:0050793	regulation of developmental process	ENSMUSG00000045664	Cdc42ep2	IBA, IEA
CRE upregulated	GO:0050793	regulation of developmental process	ENSMUSG00000039191	Rbpj	IMP, TAS
CRE upregulated	GO:0050793	regulation of developmental process	ENSMUSG00000035725	ENSMUSG00000035725	ISS, IEA
CRE upregulated	GO:0050793	regulation of developmental process	ENSMUSG00000001552	ENSMUSG00000001552	IEA
CRE upregulated	GO:0050793	regulation of developmental process	ENSMUSG00000040010	Slc7a5	ISO, IEA
CRE upregulated	GO:0050793	regulation of developmental process	ENSMUSG00000004099	ENSMUSG00000004099	IEA
CRE upregulated	GO:0050793	regulation of developmental process	ENSMUSG00000027997	Casp6	ISO
CRE upregulated	GO:0050793	regulation of developmental process	ENSMUSG00000020594	ENSMUSG00000020594	ISO, IEA
CRE upregulated	GO:0050793	regulation of developmental process	ENSMUSG00000008859	ENSMUSG00000008859	ISS, IEA
CRE upregulated	GO:0050793	regulation of developmental process	ENSMUSG00000046722	ENSMUSG00000046722	ISS, IEA
CRE upregulated	GO:0050793	regulation of developmental process	ENSMUSG00000059743	ENSMUSG00000059743	ISO
CRE upregulated	GO:0050793	regulation of developmental process	ENSMUSG00000066595	ENSMUSG00000066595	IMP
CRE upregulated	GO:0050793	regulation of developmental process	ENSMUSG00000020097	ENSMUSG00000020097	IMP
CRE upregulated	GO:0050793	regulation of developmental process	ENSMUSG00000042185	ENSMUSG00000042185	IMP
CRE upregulated	GO:0050793	regulation of developmental process	ENSMUSG00000026864	ENSMUSG00000026864	TAS
CRE upregulated	GO:0050793	regulation of developmental process	ENSMUSG00000002633	Shh	IDA, IMP, ISO, IEA
CRE upregulated	GO:0050793	regulation of developmental process	ENSMUSG00000032462	ENSMUSG00000032462	IEA
CRE upregulated	GO:0050793	regulation of developmental process	ENSMUSG00000027944	Hax1	IEA
CRE upregulated	GO:0050793	regulation of developmental process	ENSMUSG00000039671	ENSMUSG00000039671	ISO, IEA
CRE upregulated	GO:0050793	regulation of developmental process	ENSMUSG00000067586	ENSMUSG00000067586	IEA
CRE upregulated	GO:0050793	regulation of developmental process	ENSMUSG00000063952	Brpf3	NAS
CRE upregulated	GO:0050793	regulation of developmental process	ENSMUSG00000028291	ENSMUSG00000028291	IMP
CRE upregulated	GO:0050793	regulation of developmental process	ENSMUSG00000037411	Serpine1	IEA
CRE upregulated	GO:0050793	regulation of developmental process	ENSMUSG00000028382	ENSMUSG00000028382	ISO
CRE upregulated	GO:0050793	regulation of developmental process	ENSMUSG00000037465	Klf10	IMP
CRE upregulated	GO:0050793	regulation of developmental process	ENSMUSG00000023277	ENSMUSG00000023277	IEA
CRE upregulated	GO:0050793	regulation of developmental process	ENSMUSG00000019843	ENSMUSG00000019843	IDA
CRE upregulated	GO:0050793	regulation of developmental process	ENSMUSG00000027646	ENSMUSG00000027646	ISO, IEA
CRE upregulated	GO:0050793	regulation of developmental process	ENSMUSG00000032501	Trib1	IMP
CRE upregulated	GO:0050793	regulation of developmental process	ENSMUSG00000003119	ENSMUSG00000003119	IMP
CRE upregulated	GO:0050793	regulation of developmental process	ENSMUSG00000053825	ENSMUSG00000053825	IEA
CRE upregulated	GO:0050793	regulation of developmental process	ENSMUSG00000015839	Nfe2l2	IMP, IGI, ISO, IEA
CRE upregulated	GO:0050793	regulation of developmental process	ENSMUSG00000049550	ENSMUSG00000049550	ISO
CRE upregulated	GO:0050793	regulation of developmental process	ENSMUSG00000000627	ENSMUSG00000000627	ISO, IEA
CRE upregulated	GO:0050793	regulation of developmental process	ENSMUSG00000024907	Gal	IEA
CRE upregulated	GO:0050793	regulation of developmental process	ENSMUSG00000029475	ENSMUSG00000029475	IDA
CRE upregulated	GO:0036211	protein modification process	ENSMUSG00000036390	Gadd45a	IMP, IEA
CRE upregulated	GO:0036211	protein modification process	ENSMUSG00000052684	Jun	IMP
CRE upregulated	GO:0036211	protein modification process	ENSMUSG00000039328	Rnf122	ISS, IEA
CRE upregulated	GO:0036211	protein modification process	ENSMUSG00000004951	Hspb1	IDA, IEA
CRE upregulated	GO:0036211	protein modification process	ENSMUSG00000046731	Kctd11	IEA
CRE upregulated	GO:0036211	protein modification process	ENSMUSG00000019876	Pkib	IEA
CRE upregulated	GO:0036211	protein modification process	ENSMUSG00000037447	Arid5a	IDA
CRE upregulated	GO:0036211	protein modification process	ENSMUSG00000025089	Gfra1	ISO, IEA
CRE upregulated	GO:0036211	protein modification process	ENSMUSG00000020427	Igfbp3	ISO, IEA
CRE upregulated	GO:0036211	protein modification process	ENSMUSG00000023067	Cdkn1a	IMP
CRE upregulated	GO:0036211	protein modification process	ENSMUSG00000024404	Riok3	IEA
CRE upregulated	GO:0036211	protein modification process	ENSMUSG00000030681	Mvp	IEA
CRE upregulated	GO:0036211	protein modification process	ENSMUSG00000030272	Camk1	ISS, IEA
CRE upregulated	GO:0036211	protein modification process	ENSMUSG00000004846	Plod3	IDA, ISS, IEA
CRE upregulated	GO:0036211	protein modification process	ENSMUSG00000037280	Galnt6	ISS, IBA, IEA
CRE upregulated	GO:0036211	protein modification process	ENSMUSG00000028793	Rnf19b	ISS, IBA, IEA
CRE upregulated	GO:0036211	protein modification process	ENSMUSG00000003644	Rps6ka1	IEA
CRE upregulated	GO:0036211	protein modification process	ENSMUSG00000029378	Areg	IDA
CRE upregulated	GO:0036211	protein modification process	ENSMUSG00000042688	Mapk6	IDA, IEA
CRE upregulated	GO:0036211	protein modification process	ENSMUSG00000005087	Cd44	IEA
CRE upregulated	GO:0036211	protein modification process	ENSMUSG00000026836	Acvr1	IEA
CRE upregulated	GO:0036211	protein modification process	ENSMUSG00000048482	Bdnf	IMP, ISO, IEA
CRE upregulated	GO:0036211	protein modification process	ENSMUSG00000024256	Adcyap1	ISS, ISO, IEA
CRE upregulated	GO:0036211	protein modification process	ENSMUSG00000034832	Tet3	ISS, IEA
CRE upregulated	GO:0036211	protein modification process	ENSMUSG00000021070	Bdkrb2	IMP
CRE upregulated	GO:0036211	protein modification process	ENSMUSG00000079442	St6galnac4	IEA
CRE upregulated	GO:0036211	protein modification process	ENSMUSG00000027198	Ext2	IDA, IEA
CRE upregulated	GO:0036211	protein modification process	ENSMUSG00000021501	Caml	ISS, IEA
CRE upregulated	GO:0036211	protein modification process	ENSMUSG00000035828	Pim3	ISS, IEA
CRE upregulated	GO:0036211	protein modification process	ENSMUSG00000032578	Cish	IEA
CRE upregulated	GO:0036211	protein modification process	ENSMUSG00000039954	Stk32a	IEA
CRE upregulated	GO:0036211	protein modification process	ENSMUSG00000027540	Ptpn1	IMP, IGI, ISS, IEA
CRE upregulated	GO:0036211	protein modification process	ENSMUSG00000043895	S1pr2	IMP, IEA
CRE upregulated	GO:0036211	protein modification process	ENSMUSG00000015341	Golga7	ISS
CRE upregulated	GO:0036211	protein modification process	ENSMUSG00000053436	Mapk14	IDA, IEA
CRE upregulated	GO:0036211	protein modification process	ENSMUSG00000025809	Itgb1	ISO
CRE upregulated	GO:0036211	protein modification process	ENSMUSG00000025139	Tollip	ISO, IEA
CRE upregulated	GO:0036211	protein modification process	ENSMUSG00000025746	Il6	ISO
CRE upregulated	GO:0036211	protein modification process	ENSMUSG00000046378	Asphd1	IEA
CRE upregulated	GO:0036211	protein modification process	ENSMUSG00000032231	Anxa2	ISO
CRE upregulated	GO:0036211	protein modification process	ENSMUSG00000047368	Abhd17b	IMP
CRE upregulated	GO:0036211	protein modification process	ENSMUSG00000073563	Csnk1g3	IEA
CRE upregulated	GO:0036211	protein modification process	ENSMUSG00000022607	Ptk2	IDA, IMP, ISS, IEA
CRE upregulated	GO:0036211	protein modification process	ENSMUSG00000055994	Nod2	IDA, IMP, IEA
CRE upregulated	GO:0036211	protein modification process	ENSMUSG00000024014	Pim1	IDA, IEA
CRE upregulated	GO:0036211	protein modification process	ENSMUSG00000027293	Ehd4	ISO, IEA
CRE upregulated	GO:0036211	protein modification process	ENSMUSG00000020580	Rock2	IEA
CRE upregulated	GO:0036211	protein modification process	ENSMUSG00000052557	Gan	ISS, IEA
CRE upregulated	GO:0036211	protein modification process	ENSMUSG00000017929	B4galt5	IMP, IEA
CRE upregulated	GO:0036211	protein modification process	ENSMUSG00000020271	Fbxw11	IDA, IEA
CRE upregulated	GO:0036211	protein modification process	ENSMUSG00000046854	Pip5kl1	IEA
CRE upregulated	GO:0036211	protein modification process	ENSMUSG00000040435	Ppp1r15a	IDA, ISO, IEA
CRE upregulated	GO:0036211	protein modification process	ENSMUSG00000001847	Rac1	ISS
CRE upregulated	GO:0036211	protein modification process	ENSMUSG00000042121	Ssh1	IEA
CRE upregulated	GO:0036211	protein modification process	ENSMUSG00000050271	Prag1	IEA
CRE upregulated	GO:0036211	protein modification process	ENSMUSG00000033316	Galnt9	IBA, IEA
CRE upregulated	GO:0036211	protein modification process	ENSMUSG00000018909	Arrb1	IMP, ISS, ISO, IEA
CRE upregulated	GO:0036211	protein modification process	ENSMUSG00000020064	Herc4	IBA, TAS, IEA
CRE upregulated	GO:0036211	protein modification process	ENSMUSG00000033955	Tnks1bp1	IEA
CRE upregulated	GO:0036211	protein modification process	ENSMUSG00000057531	Dtnbp1	IMP, ISO
CRE upregulated	GO:0036211	protein modification process	ENSMUSG00000015837	Sqstm1	IDA, ISS, ISO, IEA
CRE upregulated	GO:0036211	protein modification process	ENSMUSG00000036737	Oxsr1	IGI, ISS, IEA
CRE upregulated	GO:0036211	protein modification process	ENSMUSG00000023286	Ube2j2	ISS, IBA, IEA
CRE upregulated	GO:0036211	protein modification process	ENSMUSG00000036057	Ptpn23	IEA
CRE upregulated	GO:0036211	protein modification process	ENSMUSG00000020015	Cdk17	IEA
CRE upregulated	GO:0036211	protein modification process	ENSMUSG00000022433	Csnk1e	IDA, IMP, IGI, IEA
CRE upregulated	GO:0036211	protein modification process	ENSMUSG00000053113	Socs3	IDA, IEA
CRE upregulated	GO:0036211	protein modification process	ENSMUSG00000035572	Dcaf10	IEA
CRE upregulated	GO:0036211	protein modification process	ENSMUSG00000027954	Efna1	IDA, IEA
CRE upregulated	GO:0036211	protein modification process	ENSMUSG00000024789	Jak2	IDA, ISS, IEA
CRE upregulated	GO:0036211	protein modification process	ENSMUSG00000020027	Socs2	IEA
CRE upregulated	GO:0036211	protein modification process	ENSMUSG00000109511	Nup62	IMP
CRE upregulated	GO:0036211	protein modification process	ENSMUSG00000035778	Ggta1	IEA
CRE upregulated	GO:0036211	protein modification process	ENSMUSG00000020395	Itk	IMP, IEA
CRE upregulated	GO:0036211	protein modification process	ENSMUSG00000036990	Otud4	IDA, ISS, IBA, IEA
CRE upregulated	GO:0036211	protein modification process	ENSMUSG00000024190	Dusp1	IMP, ISS, IEA
CRE upregulated	GO:0036211	protein modification process	ENSMUSG00000032307	Ube2q2	ISS, IBA, IEA
CRE upregulated	GO:0036211	protein modification process	ENSMUSG00000030223	ENSMUSG00000030223	IDA, IEA
CRE upregulated	GO:0036211	protein modification process	ENSMUSG00000027797	Dclk1	IEA
CRE upregulated	GO:0036211	protein modification process	ENSMUSG00000004865	ENSMUSG00000004865	IDA, IEA
CRE upregulated	GO:0036211	protein modification process	ENSMUSG00000041594	ENSMUSG00000041594	ISS, IBA, IEA
CRE upregulated	GO:0036211	protein modification process	ENSMUSG00000017615	Tnfaip1	ISS, IBA, IEA
CRE upregulated	GO:0036211	protein modification process	ENSMUSG00000033545	Znrf1	IDA, IBA, IEA
CRE upregulated	GO:0036211	protein modification process	ENSMUSG00000040033	ENSMUSG00000040033	IEA
CRE upregulated	GO:0036211	protein modification process	ENSMUSG00000021360	ENSMUSG00000021360	IEA
CRE upregulated	GO:0036211	protein modification process	ENSMUSG00000050747	Trim15	IBA
CRE upregulated	GO:0036211	protein modification process	ENSMUSG00000024927	Rela	IDA
CRE upregulated	GO:0036211	protein modification process	ENSMUSG00000029458	ENSMUSG00000029458	IBA, IEA
CRE upregulated	GO:0036211	protein modification process	ENSMUSG00000042608	Stk40	IEA
CRE upregulated	GO:0036211	protein modification process	ENSMUSG00000053716	Dusp7	IEA
CRE upregulated	GO:0036211	protein modification process	ENSMUSG00000027692	Tnik	ISS, IEA
CRE upregulated	GO:0036211	protein modification process	ENSMUSG00000026078	Pdcl3	ISO, IEA
CRE upregulated	GO:0036211	protein modification process	ENSMUSG00000028893	Sesn2	IMP, IEA
CRE upregulated	GO:0036211	protein modification process	ENSMUSG00000024947	Men1	IEA
CRE upregulated	GO:0036211	protein modification process	ENSMUSG00000029071	ENSMUSG00000029071	IDA, IGI
CRE upregulated	GO:0036211	protein modification process	ENSMUSG00000036894	Rap2b	IDA, IEA
CRE upregulated	GO:0036211	protein modification process	ENSMUSG00000032715	Trib3	IDA, ISS, IEA
CRE upregulated	GO:0036211	protein modification process	ENSMUSG00000024777	ENSMUSG00000024777	ISO, IEA
CRE upregulated	GO:0036211	protein modification process	ENSMUSG00000026074	Map4k4	IEA
CRE upregulated	GO:0036211	protein modification process	ENSMUSG00000040365	Trim41	ISS, IBA, IEA
CRE upregulated	GO:0036211	protein modification process	ENSMUSG00000020694	ENSMUSG00000020694	ISS, IEA
CRE upregulated	GO:0036211	protein modification process	ENSMUSG00000025162	ENSMUSG00000025162	IDA, IMP, IGI, ISS, IEA
CRE upregulated	GO:0036211	protein modification process	ENSMUSG00000031668	ENSMUSG00000031668	IEA
CRE upregulated	GO:0036211	protein modification process	ENSMUSG00000032599	ENSMUSG00000032599	IMP
CRE upregulated	GO:0036211	protein modification process	ENSMUSG00000020349	ENSMUSG00000020349	ISS, ISO
CRE upregulated	GO:0036211	protein modification process	ENSMUSG00000023307	Marchf5	ISS, IBA, IEA
CRE upregulated	GO:0036211	protein modification process	ENSMUSG00000025340	Rabgef1	IMP
CRE upregulated	GO:0036211	protein modification process	ENSMUSG00000033159	ENSMUSG00000033159	IEA
CRE upregulated	GO:0036211	protein modification process	ENSMUSG00000004530	ENSMUSG00000004530	IEA
CRE upregulated	GO:0036211	protein modification process	ENSMUSG00000018648	Dusp14	IEA
CRE upregulated	GO:0036211	protein modification process	ENSMUSG00000025060	ENSMUSG00000025060	ISS, IEA
CRE upregulated	GO:0036211	protein modification process	ENSMUSG00000062234	ENSMUSG00000062234	IEA
CRE upregulated	GO:0036211	protein modification process	ENSMUSG00000007411	ENSMUSG00000007411	ISS, IEA
CRE upregulated	GO:0036211	protein modification process	ENSMUSG00000021796	Bmpr1a	IEA
CRE upregulated	GO:0036211	protein modification process	ENSMUSG00000031383	Dusp9	IEA
CRE upregulated	GO:0036211	protein modification process	ENSMUSG00000028703	ENSMUSG00000028703	IEA
CRE upregulated	GO:0036211	protein modification process	ENSMUSG00000019842	ENSMUSG00000019842	IMP, IEA
CRE upregulated	GO:0036211	protein modification process	ENSMUSG00000029110	ENSMUSG00000029110	ISS, ISO, IEA
CRE upregulated	GO:0036211	protein modification process	ENSMUSG00000035725	ENSMUSG00000035725	ISS, IEA
CRE upregulated	GO:0036211	protein modification process	ENSMUSG00000017677	Wsb1	IDA, IBA, IEA
CRE upregulated	GO:0036211	protein modification process	ENSMUSG00000020448	Rnf185	ISS, IEA
CRE upregulated	GO:0036211	protein modification process	ENSMUSG00000000787	ENSMUSG00000000787	ISS
CRE upregulated	GO:0036211	protein modification process	ENSMUSG00000008730	Hipk1	ISS, IEA
CRE upregulated	GO:0036211	protein modification process	ENSMUSG00000059288	ENSMUSG00000059288	IDA, IEA
CRE upregulated	GO:0036211	protein modification process	ENSMUSG00000022948	Setd4	IEA
CRE upregulated	GO:0036211	protein modification process	ENSMUSG00000038676	Ucn	ISO
CRE upregulated	GO:0036211	protein modification process	ENSMUSG00000037553	ENSMUSG00000037553	ISS
CRE upregulated	GO:0036211	protein modification process	ENSMUSG00000025403	ENSMUSG00000025403	IEA
CRE upregulated	GO:0036211	protein modification process	ENSMUSG00000039372	ENSMUSG00000039372	IEA
CRE upregulated	GO:0036211	protein modification process	ENSMUSG00000026864	ENSMUSG00000026864	IMP
CRE upregulated	GO:0036211	protein modification process	ENSMUSG00000028680	ENSMUSG00000028680	IEA
CRE upregulated	GO:0036211	protein modification process	ENSMUSG00000027944	Hax1	IEA
CRE upregulated	GO:0036211	protein modification process	ENSMUSG00000038250	ENSMUSG00000038250	IBA, IEA
CRE upregulated	GO:0036211	protein modification process	ENSMUSG00000020794	Ube2g1	IDA, ISS, IBA, IEA
CRE upregulated	GO:0036211	protein modification process	ENSMUSG00000038712	ENSMUSG00000038712	IBA
CRE upregulated	GO:0036211	protein modification process	ENSMUSG00000019843	ENSMUSG00000019843	IDA, IMP, IGI, IEA
CRE upregulated	GO:0036211	protein modification process	ENSMUSG00000027646	ENSMUSG00000027646	IGI, ISO, IEA
CRE upregulated	GO:0036211	protein modification process	ENSMUSG00000032501	Trib1	ISS, IC, IEA
CRE upregulated	GO:0036211	protein modification process	ENSMUSG00000003119	ENSMUSG00000003119	ISS, IEA
CRE upregulated	GO:0036211	protein modification process	ENSMUSG00000031642	Sh3rf1	IEA
CRE upregulated	GO:0036211	protein modification process	ENSMUSG00000042197	ENSMUSG00000042197	ISS, IBA, IEA
CRE upregulated	GO:0036211	protein modification process	ENSMUSG00000055067	ENSMUSG00000055067	IMP
CRE upregulated	GO:0036211	protein modification process	ENSMUSG00000026384	Ptpn4	IEA
CRE upregulated	GO:0036211	protein modification process	ENSMUSG00000074886	ENSMUSG00000074886	IEA
CRE upregulated	GO:0036211	protein modification process	ENSMUSG00000031073	Fgf15	IEA
CRE upregulated	GO:0036211	protein modification process	ENSMUSG00000015839	Nfe2l2	ISS, IEA
CRE upregulated	GO:0036211	protein modification process	ENSMUSG00000031751	ENSMUSG00000031751	ISS, IBA, IEA
CRE upregulated	GO:0036211	protein modification process	ENSMUSG00000046707	ENSMUSG00000046707	IEA
CRE upregulated	GO:0036211	protein modification process	ENSMUSG00000026994	ENSMUSG00000026994	IDA, IMP, IBA, IEA
CRE upregulated	GO:0051716	cellular response to stimulus	ENSMUSG00000026628	Atf3	IMP, IEA
CRE upregulated	GO:0051716	cellular response to stimulus	ENSMUSG00000036390	Gadd45a	IMP, IEA
CRE upregulated	GO:0051716	cellular response to stimulus	ENSMUSG00000051379	Flrt3	IMP
CRE upregulated	GO:0051716	cellular response to stimulus	ENSMUSG00000052684	Jun	IDA, IMP, IEP, ISO
CRE upregulated	GO:0051716	cellular response to stimulus	ENSMUSG00000063632	Sox11	IMP, IEA
CRE upregulated	GO:0051716	cellular response to stimulus	ENSMUSG00000019647	Sema6a	IDA, IMP, IBA, IEA
CRE upregulated	GO:0051716	cellular response to stimulus	ENSMUSG00000073680	Tmem88b	IBA
CRE upregulated	GO:0051716	cellular response to stimulus	ENSMUSG00000037428	Vgf	IEA
CRE upregulated	GO:0051716	cellular response to stimulus	ENSMUSG00000042816	Gpr151	ISS, IBA, IEA
CRE upregulated	GO:0051716	cellular response to stimulus	ENSMUSG00000046223	Plaur	NAS, IEA
CRE upregulated	GO:0051716	cellular response to stimulus	ENSMUSG00000031574	Star	IEA
CRE upregulated	GO:0051716	cellular response to stimulus	ENSMUSG00000004951	Hspb1	IDA, ISO, IEA
CRE upregulated	GO:0051716	cellular response to stimulus	ENSMUSG00000003752	Itpkc	ISS, IEA
CRE upregulated	GO:0051716	cellular response to stimulus	ENSMUSG00000046688	Tifa	IDA, IPI, ISS, IBA, IEA
CRE upregulated	GO:0051716	cellular response to stimulus	ENSMUSG00000025473	Adam8	IDA, ISS, IEA
CRE upregulated	GO:0051716	cellular response to stimulus	ENSMUSG00000050164	Mchr1	ISO, IBA, IEA
CRE upregulated	GO:0051716	cellular response to stimulus	ENSMUSG00000028494	Plin2	ISS, IEA
CRE upregulated	GO:0051716	cellular response to stimulus	ENSMUSG00000030898	Cckbr	ISO, IBA, IEA
CRE upregulated	GO:0051716	cellular response to stimulus	ENSMUSG00000046731	Kctd11	IDA
CRE upregulated	GO:0051716	cellular response to stimulus	ENSMUSG00000024143	Rhoq	IMP, IBA, IEA
CRE upregulated	GO:0051716	cellular response to stimulus	ENSMUSG00000037447	Arid5a	IMP, IEA
CRE upregulated	GO:0051716	cellular response to stimulus	ENSMUSG00000033902	Mapkbp1	IEA
CRE upregulated	GO:0051716	cellular response to stimulus	ENSMUSG00000030748	Il4ra	IBA, IEA
CRE upregulated	GO:0051716	cellular response to stimulus	ENSMUSG00000023905	Tnfrsf12a	IDA, IBA
CRE upregulated	GO:0051716	cellular response to stimulus	ENSMUSG00000030102	Itpr1	IMP, IGI, ISO, IEA
CRE upregulated	GO:0051716	cellular response to stimulus	ENSMUSG00000032802	Srxn1	IEA
CRE upregulated	GO:0051716	cellular response to stimulus	ENSMUSG00000032515	Csrnp1	IMP
CRE upregulated	GO:0051716	cellular response to stimulus	ENSMUSG00000025089	Gfra1	ISS, TAS, IEA
CRE upregulated	GO:0051716	cellular response to stimulus	ENSMUSG00000021765	Fst	IGI, IBA, IEA
CRE upregulated	GO:0051716	cellular response to stimulus	ENSMUSG00000025348	Itga7	IEA
CRE upregulated	GO:0051716	cellular response to stimulus	ENSMUSG00000014599	Csf1	IDA, IEA
CRE upregulated	GO:0051716	cellular response to stimulus	ENSMUSG00000025612	Bach1	IEA
CRE upregulated	GO:0051716	cellular response to stimulus	ENSMUSG00000020427	Igfbp3	IGI, IBA
CRE upregulated	GO:0051716	cellular response to stimulus	ENSMUSG00000023067	Cdkn1a	IDA, IMP, IGI, ISS, IBA, IEA
CRE upregulated	GO:0051716	cellular response to stimulus	ENSMUSG00000024404	Riok3	IEA
CRE upregulated	GO:0051716	cellular response to stimulus	ENSMUSG00000030681	Mvp	IEA
CRE upregulated	GO:0051716	cellular response to stimulus	ENSMUSG00000006304	Arpc2	ISO
CRE upregulated	GO:0051716	cellular response to stimulus	ENSMUSG00000027495	Fam210b	ISS, IEA
CRE upregulated	GO:0051716	cellular response to stimulus	ENSMUSG00000031074	Fgf3	IEA
CRE upregulated	GO:0051716	cellular response to stimulus	ENSMUSG00000030272	Camk1	IDA, IEA
CRE upregulated	GO:0051716	cellular response to stimulus	ENSMUSG00000031681	Smad1	IDA, IMP, IGI, ISS, ISO, IBA, TAS, IEA
CRE upregulated	GO:0051716	cellular response to stimulus	ENSMUSG00000050989	Selenon	IMP, IGI
CRE upregulated	GO:0051716	cellular response to stimulus	ENSMUSG00000048216	Gpr85	IEA
CRE upregulated	GO:0051716	cellular response to stimulus	ENSMUSG00000035673	Sbno2	IDA
CRE upregulated	GO:0051716	cellular response to stimulus	ENSMUSG00000058153	Sez6l	IGI, IBA
CRE upregulated	GO:0051716	cellular response to stimulus	ENSMUSG00000032939	Nup93	IDA, IEA
CRE upregulated	GO:0051716	cellular response to stimulus	ENSMUSG00000024691	Fam111a	ISS, IEA
CRE upregulated	GO:0051716	cellular response to stimulus	ENSMUSG00000003644	Rps6ka1	IEA
CRE upregulated	GO:0051716	cellular response to stimulus	ENSMUSG00000029378	Areg	IGI, ISO, IBA, IEA
CRE upregulated	GO:0051716	cellular response to stimulus	ENSMUSG00000042688	Mapk6	IBA, IEA
CRE upregulated	GO:0051716	cellular response to stimulus	ENSMUSG00000005087	Cd44	IEA
CRE upregulated	GO:0051716	cellular response to stimulus	ENSMUSG00000026836	Acvr1	IDA, IMP, ISO, IBA, TAS, IEA
CRE upregulated	GO:0051716	cellular response to stimulus	ENSMUSG00000021400	Wrnip1	ISS, IBA, IEA
CRE upregulated	GO:0051716	cellular response to stimulus	ENSMUSG00000021453	Gadd45g	IEA
CRE upregulated	GO:0051716	cellular response to stimulus	ENSMUSG00000002459	Rgs20	TAS, IEA
CRE upregulated	GO:0051716	cellular response to stimulus	ENSMUSG00000068566	Myadm	IEA
CRE upregulated	GO:0051716	cellular response to stimulus	ENSMUSG00000048482	Bdnf	IMP, IGI, ISO, IBA, IEA
CRE upregulated	GO:0051716	cellular response to stimulus	ENSMUSG00000024256	Adcyap1	IDA, ISS, ISO, IBA, TAS, IEA
CRE upregulated	GO:0051716	cellular response to stimulus	ENSMUSG00000021070	Bdkrb2	IMP, IGI, IBA, IEA
CRE upregulated	GO:0051716	cellular response to stimulus	ENSMUSG00000018736	Ndel1	IDA, ISO
CRE upregulated	GO:0051716	cellular response to stimulus	ENSMUSG00000042804	Gpr153	IEA
CRE upregulated	GO:0051716	cellular response to stimulus	ENSMUSG00000002250	Ppard	IDA, IGI, ISO, IBA, IEA
CRE upregulated	GO:0051716	cellular response to stimulus	ENSMUSG00000032641	Gpr19	IBA, IEA
CRE upregulated	GO:0051716	cellular response to stimulus	ENSMUSG00000021501	Caml	IDA
CRE upregulated	GO:0051716	cellular response to stimulus	ENSMUSG00000038894	Irs2	IDA, IMP, ISO, IBA, IEA
CRE upregulated	GO:0051716	cellular response to stimulus	ENSMUSG00000024883	Rin1	IEA
CRE upregulated	GO:0051716	cellular response to stimulus	ENSMUSG00000025337	Sbds	IEA
CRE upregulated	GO:0051716	cellular response to stimulus	ENSMUSG00000035828	Pim3	IMP
CRE upregulated	GO:0051716	cellular response to stimulus	ENSMUSG00000032578	Cish	IEA
CRE upregulated	GO:0051716	cellular response to stimulus	ENSMUSG00000005069	Pex5	IEA
CRE upregulated	GO:0051716	cellular response to stimulus	ENSMUSG00000029518	Rab35	IEA
CRE upregulated	GO:0051716	cellular response to stimulus	ENSMUSG00000054855	Rnd1	IBA, IEA
CRE upregulated	GO:0051716	cellular response to stimulus	ENSMUSG00000027313	Chac1	ISS, IEA
CRE upregulated	GO:0051716	cellular response to stimulus	ENSMUSG00000039954	Stk32a	IBA
CRE upregulated	GO:0051716	cellular response to stimulus	ENSMUSG00000027540	Ptpn1	IMP, IGI, ISS, ISO, IBA, IEA
CRE upregulated	GO:0051716	cellular response to stimulus	ENSMUSG00000038023	Atp6v0a2	ISS, IEA
CRE upregulated	GO:0051716	cellular response to stimulus	ENSMUSG00000019461	Plscr3	IEP, ISS, IEA
CRE upregulated	GO:0051716	cellular response to stimulus	ENSMUSG00000043895	S1pr2	IMP, ISO, IBA, IEA
CRE upregulated	GO:0051716	cellular response to stimulus	ENSMUSG00000028063	Lmna	IMP, ISS, IEA
CRE upregulated	GO:0051716	cellular response to stimulus	ENSMUSG00000041548	Hspb8	IBA, IEA
CRE upregulated	GO:0051716	cellular response to stimulus	ENSMUSG00000051343	Rab11fip5	IMP
CRE upregulated	GO:0051716	cellular response to stimulus	ENSMUSG00000034226	Rhov	IBA, IEA
CRE upregulated	GO:0051716	cellular response to stimulus	ENSMUSG00000026254	Eif4e2	IEA
CRE upregulated	GO:0051716	cellular response to stimulus	ENSMUSG00000029121	Crmp1	IGI, IEP
CRE upregulated	GO:0051716	cellular response to stimulus	ENSMUSG00000028645	Slc2a1	IDA, IEA
CRE upregulated	GO:0051716	cellular response to stimulus	ENSMUSG00000030678	Maz	IEA
CRE upregulated	GO:0051716	cellular response to stimulus	ENSMUSG00000063506	Arhgap22	IEA
CRE upregulated	GO:0051716	cellular response to stimulus	ENSMUSG00000053436	Mapk14	IDA, IMP, IGI, ISS, ISO, IBA, IEA
CRE upregulated	GO:0051716	cellular response to stimulus	ENSMUSG00000025809	Itgb1	IDA, IGI, ISO, IBA, NAS, IEA
CRE upregulated	GO:0051716	cellular response to stimulus	ENSMUSG00000039364	Sectm1b	IEA
CRE upregulated	GO:0051716	cellular response to stimulus	ENSMUSG00000040025	Ythdf2	ISS, IEA
CRE upregulated	GO:0051716	cellular response to stimulus	ENSMUSG00000028156	Eif4e	IDA
CRE upregulated	GO:0051716	cellular response to stimulus	ENSMUSG00000025239	Limd1	IMP, ISS, IBA, IEA
CRE upregulated	GO:0051716	cellular response to stimulus	ENSMUSG00000005370	Msh6	IMP, IGI, ISO, IBA, IEA
CRE upregulated	GO:0051716	cellular response to stimulus	ENSMUSG00000018362	Kpna2	IDA, IMP
CRE upregulated	GO:0051716	cellular response to stimulus	ENSMUSG00000011008	Mcoln2	IEA
CRE upregulated	GO:0051716	cellular response to stimulus	ENSMUSG00000048490	Nrip1	IBA, IEA
CRE upregulated	GO:0051716	cellular response to stimulus	ENSMUSG00000015243	Abca1	IDA, IEA
CRE upregulated	GO:0051716	cellular response to stimulus	ENSMUSG00000013089	Etv5	ISS, IEA
CRE upregulated	GO:0051716	cellular response to stimulus	ENSMUSG00000025139	Tollip	IDA, IEA
CRE upregulated	GO:0051716	cellular response to stimulus	ENSMUSG00000020592	Sdc1	IMP
CRE upregulated	GO:0051716	cellular response to stimulus	ENSMUSG00000025746	Il6	IDA, IMP, ISO, IBA, IEA
CRE upregulated	GO:0051716	cellular response to stimulus	ENSMUSG00000002233	Rhoc	IBA, IEA
CRE upregulated	GO:0051716	cellular response to stimulus	ENSMUSG00000032280	Tle3	IBA, IEA
CRE upregulated	GO:0051716	cellular response to stimulus	ENSMUSG00000073563	Csnk1g3	IBA, IEA
CRE upregulated	GO:0051716	cellular response to stimulus	ENSMUSG00000031078	Cttn	IGI
CRE upregulated	GO:0051716	cellular response to stimulus	ENSMUSG00000022607	Ptk2	ISS, ISO, IBA, TAS, IEA
CRE upregulated	GO:0051716	cellular response to stimulus	ENSMUSG00000055994	Nod2	IDA, IMP, ISS, ISO, IBA, TAS, IEA
CRE upregulated	GO:0051716	cellular response to stimulus	ENSMUSG00000024014	Pim1	ISS, IEA
CRE upregulated	GO:0051716	cellular response to stimulus	ENSMUSG00000037062	Sh3glb1	IDA, IMP, ISO, IEA
CRE upregulated	GO:0051716	cellular response to stimulus	ENSMUSG00000020580	Rock2	IEA
CRE upregulated	GO:0051716	cellular response to stimulus	ENSMUSG00000021990	Spata13	IEA
CRE upregulated	GO:0051716	cellular response to stimulus	ENSMUSG00000069094	Pde7a	IDA, IBA, IEA
CRE upregulated	GO:0051716	cellular response to stimulus	ENSMUSG00000027560	Dok5	IDA, IPI, ISO, IBA, IEA
CRE upregulated	GO:0051716	cellular response to stimulus	ENSMUSG00000021133	Susd6	ISS, IBA, IEA
CRE upregulated	GO:0051716	cellular response to stimulus	ENSMUSG00000059923	Grb2	IDA, IGI, ISO, IBA, TAS, IEA
CRE upregulated	GO:0051716	cellular response to stimulus	ENSMUSG00000021996	Esd	IEA
CRE upregulated	GO:0051716	cellular response to stimulus	ENSMUSG00000042406	Atf4	IDA, IMP, ISS, ISO, IEA
CRE upregulated	GO:0051716	cellular response to stimulus	ENSMUSG00000040322	Slc25a24	ISS, IEA
CRE upregulated	GO:0051716	cellular response to stimulus	ENSMUSG00000020271	Fbxw11	IMP, IEA
CRE upregulated	GO:0051716	cellular response to stimulus	ENSMUSG00000005950	P2rx5	IEA
CRE upregulated	GO:0051716	cellular response to stimulus	ENSMUSG00000020838	Slc6a4	ISO, IEA
CRE upregulated	GO:0051716	cellular response to stimulus	ENSMUSG00000001507	Itga3	IGI, IBA, IEA
CRE upregulated	GO:0051716	cellular response to stimulus	ENSMUSG00000055723	Rras2	IDA, IEA
CRE upregulated	GO:0051716	cellular response to stimulus	ENSMUSG00000031628	Casp3	IDA, ISO, NAS, IEA
CRE upregulated	GO:0051716	cellular response to stimulus	ENSMUSG00000025408	Ddit3	IDA, IMP, ISS, ISO, IBA, IEA
CRE upregulated	GO:0051716	cellular response to stimulus	ENSMUSG00000040435	Ppp1r15a	IDA, IMP, IBA
CRE upregulated	GO:0051716	cellular response to stimulus	ENSMUSG00000035199	Arl6ip5	IMP, IEA
CRE upregulated	GO:0051716	cellular response to stimulus	ENSMUSG00000001847	Rac1	IDA, IMP, IGI, ISS, ISO, IBA, IEA
CRE upregulated	GO:0051716	cellular response to stimulus	ENSMUSG00000042121	Ssh1	ISO, IEA
CRE upregulated	GO:0051716	cellular response to stimulus	ENSMUSG00000050271	Prag1	IMP, ISS, ISO, IEA
CRE upregulated	GO:0051716	cellular response to stimulus	ENSMUSG00000030077	Chl1	IEA
CRE upregulated	GO:0051716	cellular response to stimulus	ENSMUSG00000018909	Arrb1	IMP, ISS, ISO, IBA, IEA
CRE upregulated	GO:0051716	cellular response to stimulus	ENSMUSG00000024349	Sting1	IDA, ISS, IEA
CRE upregulated	GO:0051716	cellular response to stimulus	ENSMUSG00000020064	Herc4	IEA
CRE upregulated	GO:0051716	cellular response to stimulus	ENSMUSG00000024521	Pmaip1	IDA, IMP, IEA
CRE upregulated	GO:0051716	cellular response to stimulus	ENSMUSG00000026821	Ralgds	IBA, IEA
CRE upregulated	GO:0051716	cellular response to stimulus	ENSMUSG00000061039	Or8b53	ISA, IBA, IEA
CRE upregulated	GO:0051716	cellular response to stimulus	ENSMUSG00000044667	Plppr4	IMP, IBA
CRE upregulated	GO:0051716	cellular response to stimulus	ENSMUSG00000033955	Tnks1bp1	IBA, IEA
CRE upregulated	GO:0051716	cellular response to stimulus	ENSMUSG00000028145	Them4	ISS, IEA
CRE upregulated	GO:0051716	cellular response to stimulus	ENSMUSG00000026107	Nabp1	ISS, ISO, IBA, IEA
CRE upregulated	GO:0051716	cellular response to stimulus	ENSMUSG00000054008	Ndst1	IMP, IGI
CRE upregulated	GO:0051716	cellular response to stimulus	ENSMUSG00000057531	Dtnbp1	ISS, ISO, IEA
CRE upregulated	GO:0051716	cellular response to stimulus	ENSMUSG00000015837	Sqstm1	ISS, IEA
CRE upregulated	GO:0051716	cellular response to stimulus	ENSMUSG00000022951	Rcan1	IMP, IGI, ISS, IBA, IEA
CRE upregulated	GO:0051716	cellular response to stimulus	ENSMUSG00000030677	Kif22	IEA
CRE upregulated	GO:0051716	cellular response to stimulus	ENSMUSG00000030309	Caprin2	IBA
CRE upregulated	GO:0051716	cellular response to stimulus	ENSMUSG00000036737	Oxsr1	IMP, IGI, ISS, IBA, IEA
CRE upregulated	GO:0051716	cellular response to stimulus	ENSMUSG00000037580	Gch1	ISO, TAS, IEA
CRE upregulated	GO:0051716	cellular response to stimulus	ENSMUSG00000023286	Ube2j2	IBA, IEA
CRE upregulated	GO:0051716	cellular response to stimulus	ENSMUSG00000031955	Bcar1	IDA, ISS, ISO, IBA, IEA
CRE upregulated	GO:0051716	cellular response to stimulus	ENSMUSG00000015316	Slamf1	IMP, IEA
CRE upregulated	GO:0051716	cellular response to stimulus	ENSMUSG00000032502	Stac	IDA
CRE upregulated	GO:0051716	cellular response to stimulus	ENSMUSG00000029765	Plxna4	IMP, IGI, IEA
CRE upregulated	GO:0051716	cellular response to stimulus	ENSMUSG00000000811	Txnrd3	IEA
CRE upregulated	GO:0051716	cellular response to stimulus	ENSMUSG00000022433	Csnk1e	IGI, IBA, IEA
CRE upregulated	GO:0051716	cellular response to stimulus	ENSMUSG00000022346	Myc	IDA, IMP, ISS, IEA
CRE upregulated	GO:0051716	cellular response to stimulus	ENSMUSG00000053113	Socs3	IDA, IGI, ISO, IEA
CRE upregulated	GO:0051716	cellular response to stimulus	ENSMUSG00000036437	Npy1r	IEA
CRE upregulated	GO:0051716	cellular response to stimulus	ENSMUSG00000047604	Frat2	IGI, ISS
CRE upregulated	GO:0051716	cellular response to stimulus	ENSMUSG00000026072	Il1r1	IDA, IMP, ISO, IBA, IEA
CRE upregulated	GO:0051716	cellular response to stimulus	ENSMUSG00000027954	Efna1	IDA, IBA, IEA
CRE upregulated	GO:0051716	cellular response to stimulus	ENSMUSG00000026247	Ecel1	ISO
CRE upregulated	GO:0051716	cellular response to stimulus	ENSMUSG00000024789	Jak2	IDA, IMP, IGI, ISS, ISO, IBA, TAS, IEA
CRE upregulated	GO:0051716	cellular response to stimulus	ENSMUSG00000004040	ENSMUSG00000004040	IDA, IMP, ISS, ISO, IBA, TAS, NAS, IEA
CRE upregulated	GO:0051716	cellular response to stimulus	ENSMUSG00000042292	Mrtfa	IDA
CRE upregulated	GO:0051716	cellular response to stimulus	ENSMUSG00000061589	Dot1l	IBA, IEA
CRE upregulated	GO:0051716	cellular response to stimulus	ENSMUSG00000003269	Cyth2	IEA
CRE upregulated	GO:0051716	cellular response to stimulus	ENSMUSG00000022602	Arc	IEA
CRE upregulated	GO:0051716	cellular response to stimulus	ENSMUSG00000020027	Socs2	IMP, IGI, IEA
CRE upregulated	GO:0051716	cellular response to stimulus	ENSMUSG00000029578	Wipi2	ISS, IEA
CRE upregulated	GO:0051716	cellular response to stimulus	ENSMUSG00000109511	Nup62	IDA, IMP, ISS, IEA
CRE upregulated	GO:0051716	cellular response to stimulus	ENSMUSG00000029135	Fosl2	IDA, IMP
CRE upregulated	GO:0051716	cellular response to stimulus	ENSMUSG00000054136	Adm2	ISO, IBA, IEA
CRE upregulated	GO:0051716	cellular response to stimulus	ENSMUSG00000020395	Itk	IMP, IBA, IEA
CRE upregulated	GO:0051716	cellular response to stimulus	ENSMUSG00000036990	Otud4	IDA, ISS, IBA, IEA
CRE upregulated	GO:0051716	cellular response to stimulus	ENSMUSG00000029860	Zyx	IMP, IBA, IEA
CRE upregulated	GO:0051716	cellular response to stimulus	ENSMUSG00000044017	Adgrd1	ISS, IBA, IEA
CRE upregulated	GO:0051716	cellular response to stimulus	ENSMUSG00000004347	ENSMUSG00000004347	ISO, IBA, IEA
CRE upregulated	GO:0051716	cellular response to stimulus	ENSMUSG00000029826	Zc3hav1	IDA, ISO, TAS
CRE upregulated	GO:0051716	cellular response to stimulus	ENSMUSG00000050335	Lgals3	IEA
CRE upregulated	GO:0051716	cellular response to stimulus	ENSMUSG00000028255	Clca1	IEA
CRE upregulated	GO:0051716	cellular response to stimulus	ENSMUSG00000024190	Dusp1	IMP, ISS, ISO, IBA, IEA
CRE upregulated	GO:0051716	cellular response to stimulus	ENSMUSG00000030223	ENSMUSG00000030223	IDA, ISS, IBA, IEA
CRE upregulated	GO:0051716	cellular response to stimulus	ENSMUSG00000035236	Scai	IDA, IEA
CRE upregulated	GO:0051716	cellular response to stimulus	ENSMUSG00000027797	Dclk1	IEA
CRE upregulated	GO:0051716	cellular response to stimulus	ENSMUSG00000031960	Aars1	ISS, IEA
CRE upregulated	GO:0051716	cellular response to stimulus	ENSMUSG00000059866	Tnip2	IDA, IMP, ISS, IBA, IEA
CRE upregulated	GO:0051716	cellular response to stimulus	ENSMUSG00000004865	ENSMUSG00000004865	IDA, IBA, IEA
CRE upregulated	GO:0051716	cellular response to stimulus	ENSMUSG00000036882	ENSMUSG00000036882	IBA, IEA
CRE upregulated	GO:0051716	cellular response to stimulus	ENSMUSG00000041594	ENSMUSG00000041594	IMP, IBA
CRE upregulated	GO:0051716	cellular response to stimulus	ENSMUSG00000017615	Tnfaip1	ISS, IBA, IEA
CRE upregulated	GO:0051716	cellular response to stimulus	ENSMUSG00000033545	Znrf1	IEA
CRE upregulated	GO:0051716	cellular response to stimulus	ENSMUSG00000026930	Gpsm1	ISO
CRE upregulated	GO:0051716	cellular response to stimulus	ENSMUSG00000040033	ENSMUSG00000040033	IEA
CRE upregulated	GO:0051716	cellular response to stimulus	ENSMUSG00000021360	ENSMUSG00000021360	IMP, IBA, IEA
CRE upregulated	GO:0051716	cellular response to stimulus	ENSMUSG00000059316	Slc27a4	IMP, IEA
CRE upregulated	GO:0051716	cellular response to stimulus	ENSMUSG00000024803	Ankrd1	IDA, IGI, IEA
CRE upregulated	GO:0051716	cellular response to stimulus	ENSMUSG00000021306	Gpr137b	IEA
CRE upregulated	GO:0051716	cellular response to stimulus	ENSMUSG00000019188	ENSMUSG00000019188	IEA
CRE upregulated	GO:0051716	cellular response to stimulus	ENSMUSG00000023915	Tnfrsf21	IMP, IEA
CRE upregulated	GO:0051716	cellular response to stimulus	ENSMUSG00000024912	Fosl1	IMP
CRE upregulated	GO:0051716	cellular response to stimulus	ENSMUSG00000024927	Rela	IDA, IEP, ISS, ISO, IBA, IEA
CRE upregulated	GO:0051716	cellular response to stimulus	ENSMUSG00000029458	ENSMUSG00000029458	ISO, IBA, IEA
CRE upregulated	GO:0051716	cellular response to stimulus	ENSMUSG00000042608	Stk40	IMP
CRE upregulated	GO:0051716	cellular response to stimulus	ENSMUSG00000053716	Dusp7	IBA
CRE upregulated	GO:0051716	cellular response to stimulus	ENSMUSG00000036206	Sh3bp4	ISS, IEA
CRE upregulated	GO:0051716	cellular response to stimulus	ENSMUSG00000025793	ENSMUSG00000025793	IEA
CRE upregulated	GO:0051716	cellular response to stimulus	ENSMUSG00000027692	Tnik	ISS, IBA, IEA
CRE upregulated	GO:0051716	cellular response to stimulus	ENSMUSG00000050730	Arhgap42	IMP, IEA
CRE upregulated	GO:0051716	cellular response to stimulus	ENSMUSG00000024238	Zeb1	IDA, IGI
CRE upregulated	GO:0051716	cellular response to stimulus	ENSMUSG00000026078	Pdcl3	ISO
CRE upregulated	GO:0051716	cellular response to stimulus	ENSMUSG00000028893	Sesn2	IMP, ISS, ISO, IBA, IEA
CRE upregulated	GO:0051716	cellular response to stimulus	ENSMUSG00000038861	Pi4kb	IBA
CRE upregulated	GO:0051716	cellular response to stimulus	ENSMUSG00000024947	Men1	ISO, IEA
CRE upregulated	GO:0051716	cellular response to stimulus	ENSMUSG00000029071	ENSMUSG00000029071	IDA, IMP, IGI, ISO, IBA, TAS, IEA
CRE upregulated	GO:0051716	cellular response to stimulus	ENSMUSG00000036894	Rap2b	IDA, IBA, IEA
CRE upregulated	GO:0051716	cellular response to stimulus	ENSMUSG00000040433	Zbtb38	IEA
CRE upregulated	GO:0051716	cellular response to stimulus	ENSMUSG00000044453	Ffar1	IDA, ISO, IBA, IEA
CRE upregulated	GO:0051716	cellular response to stimulus	ENSMUSG00000064210	ENSMUSG00000064210	IMP, IEA
CRE upregulated	GO:0051716	cellular response to stimulus	ENSMUSG00000032715	Trib3	IDA, ISS, IEA
CRE upregulated	GO:0051716	cellular response to stimulus	ENSMUSG00000024777	ENSMUSG00000024777	ISO, IEA
CRE upregulated	GO:0051716	cellular response to stimulus	ENSMUSG00000035594	Chrna5	ISO, IBA, IEA
CRE upregulated	GO:0051716	cellular response to stimulus	ENSMUSG00000026074	Map4k4	IEA
CRE upregulated	GO:0051716	cellular response to stimulus	ENSMUSG00000040365	Trim41	ISS, IEA
CRE upregulated	GO:0051716	cellular response to stimulus	ENSMUSG00000048047	Zbtb33	IEA
CRE upregulated	GO:0051716	cellular response to stimulus	ENSMUSG00000025485	ENSMUSG00000025485	IDA, ISO, IBA
CRE upregulated	GO:0051716	cellular response to stimulus	ENSMUSG00000020694	ENSMUSG00000020694	ISS, IBA, IEA
CRE upregulated	GO:0051716	cellular response to stimulus	ENSMUSG00000028466	Creb3	IEA
CRE upregulated	GO:0051716	cellular response to stimulus	ENSMUSG00000029175	Slc35f6	ISS, IEA
CRE upregulated	GO:0051716	cellular response to stimulus	ENSMUSG00000066441	ENSMUSG00000066441	IDA, IEA
CRE upregulated	GO:0051716	cellular response to stimulus	ENSMUSG00000025162	ENSMUSG00000025162	IGI, IBA, IEA
CRE upregulated	GO:0051716	cellular response to stimulus	ENSMUSG00000010660	Plcd1	ISO, IBA, IEA
CRE upregulated	GO:0051716	cellular response to stimulus	ENSMUSG00000090291	Lrrc10b	IBA
CRE upregulated	GO:0051716	cellular response to stimulus	ENSMUSG00000031668	ENSMUSG00000031668	IEA
CRE upregulated	GO:0051716	cellular response to stimulus	ENSMUSG00000053175	Bcl3	ISO, IEA
CRE upregulated	GO:0051716	cellular response to stimulus	ENSMUSG00000032599	ENSMUSG00000032599	ISS, IEA
CRE upregulated	GO:0051716	cellular response to stimulus	ENSMUSG00000037815	Ctnna1	IMP, IGI, IEA
CRE upregulated	GO:0051716	cellular response to stimulus	ENSMUSG00000020349	ENSMUSG00000020349	IMP, ISS, IEA
CRE upregulated	GO:0051716	cellular response to stimulus	ENSMUSG00000024517	Grp	IMP, ISO, IBA, IEA
CRE upregulated	GO:0051716	cellular response to stimulus	ENSMUSG00000040118	ENSMUSG00000040118	IEA
CRE upregulated	GO:0051716	cellular response to stimulus	ENSMUSG00000025340	Rabgef1	IDA, IMP
CRE upregulated	GO:0051716	cellular response to stimulus	ENSMUSG00000029752	ENSMUSG00000029752	IEA
CRE upregulated	GO:0051716	cellular response to stimulus	ENSMUSG00000028599	Tnfrsf1b	IMP, IBA, IEA
CRE upregulated	GO:0051716	cellular response to stimulus	ENSMUSG00000044147	Arf6	NAS, IEA
CRE upregulated	GO:0051716	cellular response to stimulus	ENSMUSG00000052298	Cdc42se2	ISS, IEA
CRE upregulated	GO:0051716	cellular response to stimulus	ENSMUSG00000030662	ENSMUSG00000030662	IDA, IEA
CRE upregulated	GO:0051716	cellular response to stimulus	ENSMUSG00000011877	Git1	IDA, IMP, ISO, IBA, IEA
CRE upregulated	GO:0051716	cellular response to stimulus	ENSMUSG00000024270	ENSMUSG00000024270	ISS, IEA
CRE upregulated	GO:0051716	cellular response to stimulus	ENSMUSG00000039985	Sinhcaf	NAS
CRE upregulated	GO:0051716	cellular response to stimulus	ENSMUSG00000028602	Tnfrsf8	IEA
CRE upregulated	GO:0051716	cellular response to stimulus	ENSMUSG00000052837	ENSMUSG00000052837	IDA
CRE upregulated	GO:0051716	cellular response to stimulus	ENSMUSG00000007411	ENSMUSG00000007411	ISS, IBA, IEA
CRE upregulated	GO:0051716	cellular response to stimulus	ENSMUSG00000013483	Card14	ISS, IEA
CRE upregulated	GO:0051716	cellular response to stimulus	ENSMUSG00000047281	ENSMUSG00000047281	IDA, IBA, IEA
CRE upregulated	GO:0051716	cellular response to stimulus	ENSMUSG00000025351	Cd63	IMP, ISS, IBA, IEA
CRE upregulated	GO:0051716	cellular response to stimulus	ENSMUSG00000021796	Bmpr1a	IDA, IMP, IGI, IBA, IEA
CRE upregulated	GO:0051716	cellular response to stimulus	ENSMUSG00000031383	Dusp9	IDA, IBA
CRE upregulated	GO:0051716	cellular response to stimulus	ENSMUSG00000049649	Gpr3	ISO, IBA, IEA
CRE upregulated	GO:0051716	cellular response to stimulus	ENSMUSG00000019842	ENSMUSG00000019842	IDA, IMP, IGI, ISO, IBA, IEA
CRE upregulated	GO:0051716	cellular response to stimulus	ENSMUSG00000016534	ENSMUSG00000016534	IMP, IBA
CRE upregulated	GO:0051716	cellular response to stimulus	ENSMUSG00000024750	ENSMUSG00000024750	IMP
CRE upregulated	GO:0051716	cellular response to stimulus	ENSMUSG00000070056	ENSMUSG00000070056	IMP, ISS, IBA, IEA
CRE upregulated	GO:0051716	cellular response to stimulus	ENSMUSG00000034543	ENSMUSG00000034543	ISS
CRE upregulated	GO:0051716	cellular response to stimulus	ENSMUSG00000029110	ENSMUSG00000029110	ISO
CRE upregulated	GO:0051716	cellular response to stimulus	ENSMUSG00000041598	Cdc42ep4	IDA, IBA
CRE upregulated	GO:0051716	cellular response to stimulus	ENSMUSG00000045664	Cdc42ep2	IBA
CRE upregulated	GO:0051716	cellular response to stimulus	ENSMUSG00000037860	Aim2	IDA, ISO, NAS, IEA
CRE upregulated	GO:0051716	cellular response to stimulus	ENSMUSG00000020250	ENSMUSG00000020250	IEA
CRE upregulated	GO:0051716	cellular response to stimulus	ENSMUSG00000039191	Rbpj	IMP, IGI, ISS, IBA, TAS, IEA
CRE upregulated	GO:0051716	cellular response to stimulus	ENSMUSG00000000001	ENSMUSG00000000001	ISS, ISO, IBA, TAS, IEA
CRE upregulated	GO:0051716	cellular response to stimulus	ENSMUSG00000048668	Rhno1	IEA
CRE upregulated	GO:0051716	cellular response to stimulus	ENSMUSG00000019256	ENSMUSG00000019256	IEA
CRE upregulated	GO:0051716	cellular response to stimulus	ENSMUSG00000039844	ENSMUSG00000039844	IMP, IGI, ISO, IBA, IEA
CRE upregulated	GO:0051716	cellular response to stimulus	ENSMUSG00000035725	ENSMUSG00000035725	IBA
CRE upregulated	GO:0051716	cellular response to stimulus	ENSMUSG00000051316	Taf7	IDA, NAS
CRE upregulated	GO:0051716	cellular response to stimulus	ENSMUSG00000001552	ENSMUSG00000001552	IBA, IEA
CRE upregulated	GO:0051716	cellular response to stimulus	ENSMUSG00000040010	Slc7a5	IEA
CRE upregulated	GO:0051716	cellular response to stimulus	ENSMUSG00000017677	Wsb1	IEA
CRE upregulated	GO:0051716	cellular response to stimulus	ENSMUSG00000040463	ENSMUSG00000040463	IEA
CRE upregulated	GO:0051716	cellular response to stimulus	ENSMUSG00000020671	ENSMUSG00000020671	IMP, IEA
CRE upregulated	GO:0051716	cellular response to stimulus	ENSMUSG00000004099	ENSMUSG00000004099	IDA
CRE upregulated	GO:0051716	cellular response to stimulus	ENSMUSG00000022858	ENSMUSG00000022858	IEA
CRE upregulated	GO:0051716	cellular response to stimulus	ENSMUSG00000027997	Casp6	ISS, IEA
CRE upregulated	GO:0051716	cellular response to stimulus	ENSMUSG00000058354	Krt6a	IDA
CRE upregulated	GO:0051716	cellular response to stimulus	ENSMUSG00000020594	ENSMUSG00000020594	ISO, IEA
CRE upregulated	GO:0051716	cellular response to stimulus	ENSMUSG00000020448	Rnf185	ISS, IBA, IEA
CRE upregulated	GO:0051716	cellular response to stimulus	ENSMUSG00000000787	ENSMUSG00000000787	IDA, ISS
CRE upregulated	GO:0051716	cellular response to stimulus	ENSMUSG00000008859	ENSMUSG00000008859	IBA, IEA
CRE upregulated	GO:0051716	cellular response to stimulus	ENSMUSG00000008730	Hipk1	IGI, IBA, IEA
CRE upregulated	GO:0051716	cellular response to stimulus	ENSMUSG00000046722	ENSMUSG00000046722	ISS, IEA
CRE upregulated	GO:0051716	cellular response to stimulus	ENSMUSG00000022094	ENSMUSG00000022094	IDA, IMP
CRE upregulated	GO:0051716	cellular response to stimulus	ENSMUSG00000038676	Ucn	ISO, IEA
CRE upregulated	GO:0051716	cellular response to stimulus	ENSMUSG00000052681	Rap1b	IDA, IGI, ISS, ISO, IBA, IEA
CRE upregulated	GO:0051716	cellular response to stimulus	ENSMUSG00000037553	ENSMUSG00000037553	IEA
CRE upregulated	GO:0051716	cellular response to stimulus	ENSMUSG00000020097	ENSMUSG00000020097	IMP, ISS, IEA
CRE upregulated	GO:0051716	cellular response to stimulus	ENSMUSG00000042185	ENSMUSG00000042185	IDA, IMP, IEA
CRE upregulated	GO:0051716	cellular response to stimulus	ENSMUSG00000028826	ENSMUSG00000028826	ISS, IBA, IEA
CRE upregulated	GO:0051716	cellular response to stimulus	ENSMUSG00000032508	Myd88	IDA, IMP, IGI, ISS, ISO, IBA, TAS, IEA
CRE upregulated	GO:0051716	cellular response to stimulus	ENSMUSG00000028370	Pappa	IBA
CRE upregulated	GO:0051716	cellular response to stimulus	ENSMUSG00000026864	ENSMUSG00000026864	IDA, IMP, IGI, ISS, ISO, IBA, IEA
CRE upregulated	GO:0051716	cellular response to stimulus	ENSMUSG00000021072	Tmx1	ISS, IEA
CRE upregulated	GO:0051716	cellular response to stimulus	ENSMUSG00000002633	Shh	IDA, IMP, IGI, ISS, ISO, IBA, TAS, IEA
CRE upregulated	GO:0051716	cellular response to stimulus	ENSMUSG00000028680	ENSMUSG00000028680	IEA
CRE upregulated	GO:0051716	cellular response to stimulus	ENSMUSG00000053581	ENSMUSG00000053581	IMP
CRE upregulated	GO:0051716	cellular response to stimulus	ENSMUSG00000032462	ENSMUSG00000032462	IMP, IGI, IBA, IEA
CRE upregulated	GO:0051716	cellular response to stimulus	ENSMUSG00000025198	ENSMUSG00000025198	IBA, IEA
CRE upregulated	GO:0051716	cellular response to stimulus	ENSMUSG00000049807	Arhgap23	IEA
CRE upregulated	GO:0051716	cellular response to stimulus	ENSMUSG00000004270	ENSMUSG00000004270	IDA
CRE upregulated	GO:0051716	cellular response to stimulus	ENSMUSG00000027944	Hax1	TAS, IEA
CRE upregulated	GO:0051716	cellular response to stimulus	ENSMUSG00000039671	ENSMUSG00000039671	ISO, IEA
CRE upregulated	GO:0051716	cellular response to stimulus	ENSMUSG00000005089	Slc1a2	IDA
CRE upregulated	GO:0051716	cellular response to stimulus	ENSMUSG00000045174	ENSMUSG00000045174	IBA, IEA
CRE upregulated	GO:0051716	cellular response to stimulus	ENSMUSG00000029145	ENSMUSG00000029145	ISS, IEA
CRE upregulated	GO:0051716	cellular response to stimulus	ENSMUSG00000067586	ENSMUSG00000067586	IDA, IBA, IEA
CRE upregulated	GO:0051716	cellular response to stimulus	ENSMUSG00000056050	ENSMUSG00000056050	IEA
CRE upregulated	GO:0051716	cellular response to stimulus	ENSMUSG00000048027	ENSMUSG00000048027	IDA, IBA
CRE upregulated	GO:0051716	cellular response to stimulus	ENSMUSG00000028291	ENSMUSG00000028291	ISS, IEA
CRE upregulated	GO:0051716	cellular response to stimulus	ENSMUSG00000037411	Serpine1	IEA
CRE upregulated	GO:0051716	cellular response to stimulus	ENSMUSG00000020340	ENSMUSG00000020340	IMP
CRE upregulated	GO:0051716	cellular response to stimulus	ENSMUSG00000037465	Klf10	IDA
CRE upregulated	GO:0051716	cellular response to stimulus	ENSMUSG00000023277	ENSMUSG00000023277	ISO, IEA
CRE upregulated	GO:0051716	cellular response to stimulus	ENSMUSG00000051209	ENSMUSG00000051209	IBA, IEA
CRE upregulated	GO:0051716	cellular response to stimulus	ENSMUSG00000019843	ENSMUSG00000019843	IDA, IMP, IGI, ISO, IBA, IEA
CRE upregulated	GO:0051716	cellular response to stimulus	ENSMUSG00000024493	ENSMUSG00000024493	IEA
CRE upregulated	GO:0051716	cellular response to stimulus	ENSMUSG00000027646	ENSMUSG00000027646	IDA, IMP, IGI, ISO, IBA, IEA
CRE upregulated	GO:0051716	cellular response to stimulus	ENSMUSG00000024843	ENSMUSG00000024843	ISS
CRE upregulated	GO:0051716	cellular response to stimulus	ENSMUSG00000021340	ENSMUSG00000021340	IEA
CRE upregulated	GO:0051716	cellular response to stimulus	ENSMUSG00000004698	ENSMUSG00000004698	IEA
CRE upregulated	GO:0051716	cellular response to stimulus	ENSMUSG00000046761	ENSMUSG00000046761	IBA
CRE upregulated	GO:0051716	cellular response to stimulus	ENSMUSG00000032501	Trib1	IEA
CRE upregulated	GO:0051716	cellular response to stimulus	ENSMUSG00000031642	Sh3rf1	IEA
CRE upregulated	GO:0051716	cellular response to stimulus	ENSMUSG00000042197	ENSMUSG00000042197	ISS, IEA
CRE upregulated	GO:0051716	cellular response to stimulus	ENSMUSG00000055067	ENSMUSG00000055067	IDA
CRE upregulated	GO:0051716	cellular response to stimulus	ENSMUSG00000047261	ENSMUSG00000047261	IBA
CRE upregulated	GO:0051716	cellular response to stimulus	ENSMUSG00000074886	ENSMUSG00000074886	ISO, IBA, IEA
CRE upregulated	GO:0051716	cellular response to stimulus	ENSMUSG00000031073	Fgf15	ISO, IBA, IEA
CRE upregulated	GO:0051716	cellular response to stimulus	ENSMUSG00000027433	ENSMUSG00000027433	NAS
CRE upregulated	GO:0051716	cellular response to stimulus	ENSMUSG00000002797	Ggct	ISS, IEA
CRE upregulated	GO:0051716	cellular response to stimulus	ENSMUSG00000038205	ENSMUSG00000038205	ISO, IBA, NAS, IEA
CRE upregulated	GO:0051716	cellular response to stimulus	ENSMUSG00000015839	Nfe2l2	IDA, IMP, ISS, ISO, IBA, IEA
CRE upregulated	GO:0051716	cellular response to stimulus	ENSMUSG00000021477	ENSMUSG00000021477	ISS, IBA
CRE upregulated	GO:0051716	cellular response to stimulus	ENSMUSG00000000627	ENSMUSG00000000627	IBA
CRE upregulated	GO:0051716	cellular response to stimulus	ENSMUSG00000040843	ENSMUSG00000040843	IBA, IEA
CRE upregulated	GO:0051716	cellular response to stimulus	ENSMUSG00000054499	ENSMUSG00000054499	IBA, IEA
CRE upregulated	GO:0051716	cellular response to stimulus	ENSMUSG00000024907	Gal	IMP, IBA, IEA
CRE upregulated	GO:0051716	cellular response to stimulus	ENSMUSG00000031751	ENSMUSG00000031751	IMP, ISS, IBA, IEA
CRE upregulated	GO:0051716	cellular response to stimulus	ENSMUSG00000054204	ENSMUSG00000054204	IBA, IEA
CRE upregulated	GO:0051716	cellular response to stimulus	ENSMUSG00000046707	ENSMUSG00000046707	ISS, IEA
CRE upregulated	GO:0051716	cellular response to stimulus	ENSMUSG00000003541	ENSMUSG00000003541	IDA, IMP, ISO, IBA, IEA
CRE upregulated	GO:0051716	cellular response to stimulus	ENSMUSG00000024287	ENSMUSG00000024287	IEA
CRE upregulated	GO:0043412	macromolecule modification	ENSMUSG00000036390	Gadd45a	IMP, IEA
CRE upregulated	GO:0043412	macromolecule modification	ENSMUSG00000052684	Jun	IMP
CRE upregulated	GO:0043412	macromolecule modification	ENSMUSG00000039328	Rnf122	ISS, IEA
CRE upregulated	GO:0043412	macromolecule modification	ENSMUSG00000004951	Hspb1	IDA, IEA
CRE upregulated	GO:0043412	macromolecule modification	ENSMUSG00000046731	Kctd11	IEA
CRE upregulated	GO:0043412	macromolecule modification	ENSMUSG00000019876	Pkib	IEA
CRE upregulated	GO:0043412	macromolecule modification	ENSMUSG00000037447	Arid5a	IDA
CRE upregulated	GO:0043412	macromolecule modification	ENSMUSG00000025089	Gfra1	ISO, IEA
CRE upregulated	GO:0043412	macromolecule modification	ENSMUSG00000020427	Igfbp3	ISO, IEA
CRE upregulated	GO:0043412	macromolecule modification	ENSMUSG00000023067	Cdkn1a	IMP
CRE upregulated	GO:0043412	macromolecule modification	ENSMUSG00000024404	Riok3	IEA
CRE upregulated	GO:0043412	macromolecule modification	ENSMUSG00000030681	Mvp	IEA
CRE upregulated	GO:0043412	macromolecule modification	ENSMUSG00000030272	Camk1	ISS, IEA
CRE upregulated	GO:0043412	macromolecule modification	ENSMUSG00000004846	Plod3	IDA, ISS, IEA
CRE upregulated	GO:0043412	macromolecule modification	ENSMUSG00000037280	Galnt6	ISS, IBA, IEA
CRE upregulated	GO:0043412	macromolecule modification	ENSMUSG00000028793	Rnf19b	ISS, IBA, IEA
CRE upregulated	GO:0043412	macromolecule modification	ENSMUSG00000003644	Rps6ka1	IEA
CRE upregulated	GO:0043412	macromolecule modification	ENSMUSG00000029378	Areg	IDA
CRE upregulated	GO:0043412	macromolecule modification	ENSMUSG00000042688	Mapk6	IDA, IEA
CRE upregulated	GO:0043412	macromolecule modification	ENSMUSG00000005087	Cd44	IEA
CRE upregulated	GO:0043412	macromolecule modification	ENSMUSG00000026836	Acvr1	IEA
CRE upregulated	GO:0043412	macromolecule modification	ENSMUSG00000048482	Bdnf	IMP, ISO, IEA
CRE upregulated	GO:0043412	macromolecule modification	ENSMUSG00000024256	Adcyap1	ISS, ISO, IEA
CRE upregulated	GO:0043412	macromolecule modification	ENSMUSG00000034832	Tet3	ISS, IEA
CRE upregulated	GO:0043412	macromolecule modification	ENSMUSG00000021070	Bdkrb2	IMP
CRE upregulated	GO:0043412	macromolecule modification	ENSMUSG00000079442	St6galnac4	IEA
CRE upregulated	GO:0043412	macromolecule modification	ENSMUSG00000027198	Ext2	IDA, IEA
CRE upregulated	GO:0043412	macromolecule modification	ENSMUSG00000021501	Caml	ISS, IEA
CRE upregulated	GO:0043412	macromolecule modification	ENSMUSG00000035828	Pim3	ISS, IEA
CRE upregulated	GO:0043412	macromolecule modification	ENSMUSG00000032578	Cish	IEA
CRE upregulated	GO:0043412	macromolecule modification	ENSMUSG00000039954	Stk32a	IEA
CRE upregulated	GO:0043412	macromolecule modification	ENSMUSG00000027540	Ptpn1	IMP, IGI, ISS, IEA
CRE upregulated	GO:0043412	macromolecule modification	ENSMUSG00000043895	S1pr2	IMP, IEA
CRE upregulated	GO:0043412	macromolecule modification	ENSMUSG00000015341	Golga7	ISS
CRE upregulated	GO:0043412	macromolecule modification	ENSMUSG00000053436	Mapk14	IDA, IEA
CRE upregulated	GO:0043412	macromolecule modification	ENSMUSG00000025809	Itgb1	ISO
CRE upregulated	GO:0043412	macromolecule modification	ENSMUSG00000025139	Tollip	ISO, IEA
CRE upregulated	GO:0043412	macromolecule modification	ENSMUSG00000025746	Il6	ISO
CRE upregulated	GO:0043412	macromolecule modification	ENSMUSG00000046378	Asphd1	IEA
CRE upregulated	GO:0043412	macromolecule modification	ENSMUSG00000032231	Anxa2	ISO
CRE upregulated	GO:0043412	macromolecule modification	ENSMUSG00000047368	Abhd17b	IMP
CRE upregulated	GO:0043412	macromolecule modification	ENSMUSG00000073563	Csnk1g3	IEA
CRE upregulated	GO:0043412	macromolecule modification	ENSMUSG00000022607	Ptk2	IDA, IMP, ISS, IEA
CRE upregulated	GO:0043412	macromolecule modification	ENSMUSG00000055994	Nod2	IDA, IMP, IEA
CRE upregulated	GO:0043412	macromolecule modification	ENSMUSG00000024014	Pim1	IDA, IEA
CRE upregulated	GO:0043412	macromolecule modification	ENSMUSG00000027293	Ehd4	ISO, IEA
CRE upregulated	GO:0043412	macromolecule modification	ENSMUSG00000020580	Rock2	IEA
CRE upregulated	GO:0043412	macromolecule modification	ENSMUSG00000052557	Gan	ISS, IEA
CRE upregulated	GO:0043412	macromolecule modification	ENSMUSG00000017929	B4galt5	IMP, IEA
CRE upregulated	GO:0043412	macromolecule modification	ENSMUSG00000020271	Fbxw11	IDA, IEA
CRE upregulated	GO:0043412	macromolecule modification	ENSMUSG00000046854	Pip5kl1	IEA
CRE upregulated	GO:0043412	macromolecule modification	ENSMUSG00000040435	Ppp1r15a	IDA, ISO, IEA
CRE upregulated	GO:0043412	macromolecule modification	ENSMUSG00000001847	Rac1	ISS
CRE upregulated	GO:0043412	macromolecule modification	ENSMUSG00000042121	Ssh1	IEA
CRE upregulated	GO:0043412	macromolecule modification	ENSMUSG00000050271	Prag1	IEA
CRE upregulated	GO:0043412	macromolecule modification	ENSMUSG00000033316	Galnt9	IBA, IEA
CRE upregulated	GO:0043412	macromolecule modification	ENSMUSG00000018909	Arrb1	IMP, ISS, ISO, IEA
CRE upregulated	GO:0043412	macromolecule modification	ENSMUSG00000020064	Herc4	IBA, TAS, IEA
CRE upregulated	GO:0043412	macromolecule modification	ENSMUSG00000033955	Tnks1bp1	IEA
CRE upregulated	GO:0043412	macromolecule modification	ENSMUSG00000057531	Dtnbp1	IMP, ISO
CRE upregulated	GO:0043412	macromolecule modification	ENSMUSG00000015837	Sqstm1	IDA, ISS, ISO, IEA
CRE upregulated	GO:0043412	macromolecule modification	ENSMUSG00000036737	Oxsr1	IGI, ISS, IEA
CRE upregulated	GO:0043412	macromolecule modification	ENSMUSG00000023286	Ube2j2	ISS, IBA, IEA
CRE upregulated	GO:0043412	macromolecule modification	ENSMUSG00000036057	Ptpn23	IEA
CRE upregulated	GO:0043412	macromolecule modification	ENSMUSG00000020015	Cdk17	IEA
CRE upregulated	GO:0043412	macromolecule modification	ENSMUSG00000022433	Csnk1e	IDA, IMP, IGI, IEA
CRE upregulated	GO:0043412	macromolecule modification	ENSMUSG00000053113	Socs3	IDA, IEA
CRE upregulated	GO:0043412	macromolecule modification	ENSMUSG00000035572	Dcaf10	IEA
CRE upregulated	GO:0043412	macromolecule modification	ENSMUSG00000027954	Efna1	IDA, IEA
CRE upregulated	GO:0043412	macromolecule modification	ENSMUSG00000024789	Jak2	IDA, ISS, IEA
CRE upregulated	GO:0043412	macromolecule modification	ENSMUSG00000020027	Socs2	IEA
CRE upregulated	GO:0043412	macromolecule modification	ENSMUSG00000109511	Nup62	IMP
CRE upregulated	GO:0043412	macromolecule modification	ENSMUSG00000035778	Ggta1	IEA
CRE upregulated	GO:0043412	macromolecule modification	ENSMUSG00000020395	Itk	IMP, IEA
CRE upregulated	GO:0043412	macromolecule modification	ENSMUSG00000036990	Otud4	IDA, ISS, IBA, IEA
CRE upregulated	GO:0043412	macromolecule modification	ENSMUSG00000024190	Dusp1	IMP, ISS, IEA
CRE upregulated	GO:0043412	macromolecule modification	ENSMUSG00000032307	Ube2q2	ISS, IBA, IEA
CRE upregulated	GO:0043412	macromolecule modification	ENSMUSG00000030223	ENSMUSG00000030223	IDA, IEA
CRE upregulated	GO:0043412	macromolecule modification	ENSMUSG00000027797	Dclk1	IEA
CRE upregulated	GO:0043412	macromolecule modification	ENSMUSG00000031960	Aars1	IDA, IMP
CRE upregulated	GO:0043412	macromolecule modification	ENSMUSG00000020358	Hnrnpab	ISO, IEA
CRE upregulated	GO:0043412	macromolecule modification	ENSMUSG00000004865	ENSMUSG00000004865	IDA, IEA
CRE upregulated	GO:0043412	macromolecule modification	ENSMUSG00000041594	ENSMUSG00000041594	ISS, IBA, IEA
CRE upregulated	GO:0043412	macromolecule modification	ENSMUSG00000017615	Tnfaip1	ISS, IBA, IEA
CRE upregulated	GO:0043412	macromolecule modification	ENSMUSG00000033545	Znrf1	IDA, IBA, IEA
CRE upregulated	GO:0043412	macromolecule modification	ENSMUSG00000040033	ENSMUSG00000040033	IEA
CRE upregulated	GO:0043412	macromolecule modification	ENSMUSG00000021360	ENSMUSG00000021360	IEA
CRE upregulated	GO:0043412	macromolecule modification	ENSMUSG00000050747	Trim15	IBA
CRE upregulated	GO:0043412	macromolecule modification	ENSMUSG00000018565	Elp5	IBA, IEA
CRE upregulated	GO:0043412	macromolecule modification	ENSMUSG00000024927	Rela	IDA
CRE upregulated	GO:0043412	macromolecule modification	ENSMUSG00000029458	ENSMUSG00000029458	IBA, IEA
CRE upregulated	GO:0043412	macromolecule modification	ENSMUSG00000042608	Stk40	IEA
CRE upregulated	GO:0043412	macromolecule modification	ENSMUSG00000053716	Dusp7	IEA
CRE upregulated	GO:0043412	macromolecule modification	ENSMUSG00000027692	Tnik	ISS, IEA
CRE upregulated	GO:0043412	macromolecule modification	ENSMUSG00000026078	Pdcl3	ISO, IEA
CRE upregulated	GO:0043412	macromolecule modification	ENSMUSG00000028893	Sesn2	IMP, IEA
CRE upregulated	GO:0043412	macromolecule modification	ENSMUSG00000024947	Men1	IEA
CRE upregulated	GO:0043412	macromolecule modification	ENSMUSG00000029071	ENSMUSG00000029071	IDA, IGI
CRE upregulated	GO:0043412	macromolecule modification	ENSMUSG00000036894	Rap2b	IDA, IEA
CRE upregulated	GO:0043412	macromolecule modification	ENSMUSG00000032715	Trib3	IDA, ISS, IEA
CRE upregulated	GO:0043412	macromolecule modification	ENSMUSG00000024777	ENSMUSG00000024777	ISO, IEA
CRE upregulated	GO:0043412	macromolecule modification	ENSMUSG00000026074	Map4k4	IEA
CRE upregulated	GO:0043412	macromolecule modification	ENSMUSG00000040365	Trim41	ISS, IBA, IEA
CRE upregulated	GO:0043412	macromolecule modification	ENSMUSG00000020694	ENSMUSG00000020694	ISS, IEA
CRE upregulated	GO:0043412	macromolecule modification	ENSMUSG00000025162	ENSMUSG00000025162	IDA, IMP, IGI, ISS, IEA
CRE upregulated	GO:0043412	macromolecule modification	ENSMUSG00000031668	ENSMUSG00000031668	IEA
CRE upregulated	GO:0043412	macromolecule modification	ENSMUSG00000028233	ENSMUSG00000028233	IBA, IEA
CRE upregulated	GO:0043412	macromolecule modification	ENSMUSG00000068739	ENSMUSG00000068739	IEA
CRE upregulated	GO:0043412	macromolecule modification	ENSMUSG00000032599	ENSMUSG00000032599	IMP
CRE upregulated	GO:0043412	macromolecule modification	ENSMUSG00000020349	ENSMUSG00000020349	ISS, ISO
CRE upregulated	GO:0043412	macromolecule modification	ENSMUSG00000023307	Marchf5	ISS, IBA, IEA
CRE upregulated	GO:0043412	macromolecule modification	ENSMUSG00000025340	Rabgef1	IMP
CRE upregulated	GO:0043412	macromolecule modification	ENSMUSG00000033159	ENSMUSG00000033159	IEA
CRE upregulated	GO:0043412	macromolecule modification	ENSMUSG00000004530	ENSMUSG00000004530	IEA
CRE upregulated	GO:0043412	macromolecule modification	ENSMUSG00000018648	Dusp14	IEA
CRE upregulated	GO:0043412	macromolecule modification	ENSMUSG00000025060	ENSMUSG00000025060	ISS, IEA
CRE upregulated	GO:0043412	macromolecule modification	ENSMUSG00000062234	ENSMUSG00000062234	IEA
CRE upregulated	GO:0043412	macromolecule modification	ENSMUSG00000007411	ENSMUSG00000007411	ISS, IEA
CRE upregulated	GO:0043412	macromolecule modification	ENSMUSG00000021796	Bmpr1a	IEA
CRE upregulated	GO:0043412	macromolecule modification	ENSMUSG00000031383	Dusp9	IEA
CRE upregulated	GO:0043412	macromolecule modification	ENSMUSG00000028703	ENSMUSG00000028703	IEA
CRE upregulated	GO:0043412	macromolecule modification	ENSMUSG00000019842	ENSMUSG00000019842	IMP, IEA
CRE upregulated	GO:0043412	macromolecule modification	ENSMUSG00000029110	ENSMUSG00000029110	ISS, ISO, IEA
CRE upregulated	GO:0043412	macromolecule modification	ENSMUSG00000035725	ENSMUSG00000035725	ISS, IEA
CRE upregulated	GO:0043412	macromolecule modification	ENSMUSG00000017677	Wsb1	IDA, IBA, IEA
CRE upregulated	GO:0043412	macromolecule modification	ENSMUSG00000020448	Rnf185	ISS, IEA
CRE upregulated	GO:0043412	macromolecule modification	ENSMUSG00000000787	ENSMUSG00000000787	ISS
CRE upregulated	GO:0043412	macromolecule modification	ENSMUSG00000008730	Hipk1	ISS, IEA
CRE upregulated	GO:0043412	macromolecule modification	ENSMUSG00000059288	ENSMUSG00000059288	IDA, IEA
CRE upregulated	GO:0043412	macromolecule modification	ENSMUSG00000022948	Setd4	IEA
CRE upregulated	GO:0043412	macromolecule modification	ENSMUSG00000038676	Ucn	ISO
CRE upregulated	GO:0043412	macromolecule modification	ENSMUSG00000037553	ENSMUSG00000037553	ISS
CRE upregulated	GO:0043412	macromolecule modification	ENSMUSG00000025403	ENSMUSG00000025403	IEA
CRE upregulated	GO:0043412	macromolecule modification	ENSMUSG00000039372	ENSMUSG00000039372	IEA
CRE upregulated	GO:0043412	macromolecule modification	ENSMUSG00000026864	ENSMUSG00000026864	IMP
CRE upregulated	GO:0043412	macromolecule modification	ENSMUSG00000028680	ENSMUSG00000028680	IEA
CRE upregulated	GO:0043412	macromolecule modification	ENSMUSG00000027944	Hax1	IEA
CRE upregulated	GO:0043412	macromolecule modification	ENSMUSG00000038250	ENSMUSG00000038250	IBA, IEA
CRE upregulated	GO:0043412	macromolecule modification	ENSMUSG00000020794	Ube2g1	IDA, ISS, IBA, IEA
CRE upregulated	GO:0043412	macromolecule modification	ENSMUSG00000038712	ENSMUSG00000038712	IBA
CRE upregulated	GO:0043412	macromolecule modification	ENSMUSG00000019843	ENSMUSG00000019843	IDA, IMP, IGI, IEA
CRE upregulated	GO:0043412	macromolecule modification	ENSMUSG00000027646	ENSMUSG00000027646	IGI, ISO, IEA
CRE upregulated	GO:0043412	macromolecule modification	ENSMUSG00000032501	Trib1	ISS, IC, IEA
CRE upregulated	GO:0043412	macromolecule modification	ENSMUSG00000003119	ENSMUSG00000003119	ISS, IEA
CRE upregulated	GO:0043412	macromolecule modification	ENSMUSG00000031642	Sh3rf1	IEA
CRE upregulated	GO:0043412	macromolecule modification	ENSMUSG00000042197	ENSMUSG00000042197	ISS, IBA, IEA
CRE upregulated	GO:0043412	macromolecule modification	ENSMUSG00000055067	ENSMUSG00000055067	IMP
CRE upregulated	GO:0043412	macromolecule modification	ENSMUSG00000026384	Ptpn4	IEA
CRE upregulated	GO:0043412	macromolecule modification	ENSMUSG00000074886	ENSMUSG00000074886	IEA
CRE upregulated	GO:0043412	macromolecule modification	ENSMUSG00000031073	Fgf15	IEA
CRE upregulated	GO:0043412	macromolecule modification	ENSMUSG00000015839	Nfe2l2	ISS, IEA
CRE upregulated	GO:0043412	macromolecule modification	ENSMUSG00000031751	ENSMUSG00000031751	ISS, IBA, IEA
CRE upregulated	GO:0043412	macromolecule modification	ENSMUSG00000046707	ENSMUSG00000046707	IEA
CRE upregulated	GO:0043412	macromolecule modification	ENSMUSG00000026994	ENSMUSG00000026994	IDA, IMP, IBA, IEA
CRE upregulated	GO:0022008	neurogenesis	ENSMUSG00000051379	Flrt3	IMP, ISS, ISO, IEA
CRE upregulated	GO:0022008	neurogenesis	ENSMUSG00000052684	Jun	IMP
CRE upregulated	GO:0022008	neurogenesis	ENSMUSG00000063632	Sox11	IDA, IMP, ISO, IBA, IEA
CRE upregulated	GO:0022008	neurogenesis	ENSMUSG00000019647	Sema6a	IMP, IBA, NAS
CRE upregulated	GO:0022008	neurogenesis	ENSMUSG00000031574	Star	ISO, IEA
CRE upregulated	GO:0022008	neurogenesis	ENSMUSG00000004951	Hspb1	ISO
CRE upregulated	GO:0022008	neurogenesis	ENSMUSG00000022044	Stmn4	IBA
CRE upregulated	GO:0022008	neurogenesis	ENSMUSG00000046731	Kctd11	IDA, IBA
CRE upregulated	GO:0022008	neurogenesis	ENSMUSG00000023905	Tnfrsf12a	IDA
CRE upregulated	GO:0022008	neurogenesis	ENSMUSG00000030102	Itpr1	ISO
CRE upregulated	GO:0022008	neurogenesis	ENSMUSG00000025089	Gfra1	ISO, IEA
CRE upregulated	GO:0022008	neurogenesis	ENSMUSG00000030256	Bhlhe41	IBA
CRE upregulated	GO:0022008	neurogenesis	ENSMUSG00000037705	Tecta	IGI
CRE upregulated	GO:0022008	neurogenesis	ENSMUSG00000014599	Csf1	IGI, IEA
CRE upregulated	GO:0022008	neurogenesis	ENSMUSG00000030272	Camk1	ISS, IEA
CRE upregulated	GO:0022008	neurogenesis	ENSMUSG00000024261	Syt4	IMP, IEA
CRE upregulated	GO:0022008	neurogenesis	ENSMUSG00000029378	Areg	ISO, IEA
CRE upregulated	GO:0022008	neurogenesis	ENSMUSG00000042688	Mapk6	IGI
CRE upregulated	GO:0022008	neurogenesis	ENSMUSG00000048482	Bdnf	IDA, IMP, IGI, ISO, IBA, IEA
CRE upregulated	GO:0022008	neurogenesis	ENSMUSG00000024256	Adcyap1	ISS, ISO, IBA, IEA
CRE upregulated	GO:0022008	neurogenesis	ENSMUSG00000018736	Ndel1	IMP, IGI, ISO, IBA
CRE upregulated	GO:0022008	neurogenesis	ENSMUSG00000018507	Trpv2	IMP
CRE upregulated	GO:0022008	neurogenesis	ENSMUSG00000037568	Vash2	ISS, IEA
CRE upregulated	GO:0022008	neurogenesis	ENSMUSG00000005069	Pex5	IMP
CRE upregulated	GO:0022008	neurogenesis	ENSMUSG00000029518	Rab35	IMP
CRE upregulated	GO:0022008	neurogenesis	ENSMUSG00000045136	Tubb2b	ISS, ISO, IEA
CRE upregulated	GO:0022008	neurogenesis	ENSMUSG00000054855	Rnd1	IEA
CRE upregulated	GO:0022008	neurogenesis	ENSMUSG00000029201	Ugdh	ISS, IEA
CRE upregulated	GO:0022008	neurogenesis	ENSMUSG00000027313	Chac1	IMP
CRE upregulated	GO:0022008	neurogenesis	ENSMUSG00000027540	Ptpn1	IEA
CRE upregulated	GO:0022008	neurogenesis	ENSMUSG00000027035	Cers6	IEA
CRE upregulated	GO:0022008	neurogenesis	ENSMUSG00000029121	Crmp1	IEA
CRE upregulated	GO:0022008	neurogenesis	ENSMUSG00000025809	Itgb1	IMP, IGI, ISO
CRE upregulated	GO:0022008	neurogenesis	ENSMUSG00000040025	Ythdf2	IMP, ISS, IEA
CRE upregulated	GO:0022008	neurogenesis	ENSMUSG00000028156	Eif4e	IMP
CRE upregulated	GO:0022008	neurogenesis	ENSMUSG00000023030	Slc11a2	IMP
CRE upregulated	GO:0022008	neurogenesis	ENSMUSG00000013089	Etv5	ISO, IEA
CRE upregulated	GO:0022008	neurogenesis	ENSMUSG00000025746	Il6	IMP, ISO
CRE upregulated	GO:0022008	neurogenesis	ENSMUSG00000032231	Anxa2	IDA
CRE upregulated	GO:0022008	neurogenesis	ENSMUSG00000031078	Cttn	ISS, ISO
CRE upregulated	GO:0022008	neurogenesis	ENSMUSG00000022607	Ptk2	IDA, IMP, ISO
CRE upregulated	GO:0022008	neurogenesis	ENSMUSG00000037062	Sh3glb1	ISO
CRE upregulated	GO:0022008	neurogenesis	ENSMUSG00000024772	Ehd1	ISS, ISO, IEA
CRE upregulated	GO:0022008	neurogenesis	ENSMUSG00000027560	Dok5	IDA
CRE upregulated	GO:0022008	neurogenesis	ENSMUSG00000033039	Micall1	IMP, ISO
CRE upregulated	GO:0022008	neurogenesis	ENSMUSG00000059923	Grb2	IMP
CRE upregulated	GO:0022008	neurogenesis	ENSMUSG00000042406	Atf4	IEA
CRE upregulated	GO:0022008	neurogenesis	ENSMUSG00000055078	Gabra5	IMP
CRE upregulated	GO:0022008	neurogenesis	ENSMUSG00000017929	B4galt5	IMP
CRE upregulated	GO:0022008	neurogenesis	ENSMUSG00000020838	Slc6a4	ISO, IEA
CRE upregulated	GO:0022008	neurogenesis	ENSMUSG00000001507	Itga3	IMP, ISO, IEA
CRE upregulated	GO:0022008	neurogenesis	ENSMUSG00000055723	Rras2	IGI
CRE upregulated	GO:0022008	neurogenesis	ENSMUSG00000031628	Casp3	ISO, IBA, IEA
CRE upregulated	GO:0022008	neurogenesis	ENSMUSG00000032078	Zpr1	IMP, IBA, IEA
CRE upregulated	GO:0022008	neurogenesis	ENSMUSG00000055407	Map6	ISS, ISO, IBA, IEA
CRE upregulated	GO:0022008	neurogenesis	ENSMUSG00000001847	Rac1	IDA, IMP, IGI, IBA, IEA
CRE upregulated	GO:0022008	neurogenesis	ENSMUSG00000050271	Prag1	ISS, ISO, IEA
CRE upregulated	GO:0022008	neurogenesis	ENSMUSG00000030077	Chl1	IDA, IMP, IEA
CRE upregulated	GO:0022008	neurogenesis	ENSMUSG00000026317	Cln8	IMP
CRE upregulated	GO:0022008	neurogenesis	ENSMUSG00000044667	Plppr4	ISO, IBA
CRE upregulated	GO:0022008	neurogenesis	ENSMUSG00000057531	Dtnbp1	IDA, IMP, ISS, ISO, IBA, NAS, IEA
CRE upregulated	GO:0022008	neurogenesis	ENSMUSG00000030309	Caprin2	IMP
CRE upregulated	GO:0022008	neurogenesis	ENSMUSG00000001627	Ifrd1	IGI
CRE upregulated	GO:0022008	neurogenesis	ENSMUSG00000029765	Plxna4	IMP, IGI, IBA
CRE upregulated	GO:0022008	neurogenesis	ENSMUSG00000022346	Myc	ISO
CRE upregulated	GO:0022008	neurogenesis	ENSMUSG00000026072	Il1r1	ISO
CRE upregulated	GO:0022008	neurogenesis	ENSMUSG00000027954	Efna1	IDA, IBA
CRE upregulated	GO:0022008	neurogenesis	ENSMUSG00000024789	Jak2	ISS, ISO, IEA
CRE upregulated	GO:0022008	neurogenesis	ENSMUSG00000004040	ENSMUSG00000004040	IMP, IGI
CRE upregulated	GO:0022008	neurogenesis	ENSMUSG00000042292	Mrtfa	IGI
CRE upregulated	GO:0022008	neurogenesis	ENSMUSG00000022602	Arc	ISO, IEA
CRE upregulated	GO:0022008	neurogenesis	ENSMUSG00000020027	Socs2	IDA
CRE upregulated	GO:0022008	neurogenesis	ENSMUSG00000044017	Adgrd1	IEA
CRE upregulated	GO:0022008	neurogenesis	ENSMUSG00000063919	Srrm4	IBA
CRE upregulated	GO:0022008	neurogenesis	ENSMUSG00000030223	ENSMUSG00000030223	IMP, IBA
CRE upregulated	GO:0022008	neurogenesis	ENSMUSG00000027797	Dclk1	IMP, IGI, IBA, IEA
CRE upregulated	GO:0022008	neurogenesis	ENSMUSG00000036882	ENSMUSG00000036882	ISO, IEA
CRE upregulated	GO:0022008	neurogenesis	ENSMUSG00000024803	Ankrd1	ISO
CRE upregulated	GO:0022008	neurogenesis	ENSMUSG00000023915	Tnfrsf21	IMP, ISO, IEA
CRE upregulated	GO:0022008	neurogenesis	ENSMUSG00000024927	Rela	ISO, IEA
CRE upregulated	GO:0022008	neurogenesis	ENSMUSG00000027692	Tnik	ISS, ISO, IBA, IEA
CRE upregulated	GO:0022008	neurogenesis	ENSMUSG00000024238	Zeb1	IDA
CRE upregulated	GO:0022008	neurogenesis	ENSMUSG00000029071	ENSMUSG00000029071	IDA, IMP, ISO, IEA
CRE upregulated	GO:0022008	neurogenesis	ENSMUSG00000022125	Cln5	ISS, IEA
CRE upregulated	GO:0022008	neurogenesis	ENSMUSG00000024777	ENSMUSG00000024777	ISO, IEA
CRE upregulated	GO:0022008	neurogenesis	ENSMUSG00000026074	Map4k4	IEA
CRE upregulated	GO:0022008	neurogenesis	ENSMUSG00000025162	ENSMUSG00000025162	IGI
CRE upregulated	GO:0022008	neurogenesis	ENSMUSG00000031278	ENSMUSG00000031278	ISO, IBA
CRE upregulated	GO:0022008	neurogenesis	ENSMUSG00000030199	Etv6	IMP
CRE upregulated	GO:0022008	neurogenesis	ENSMUSG00000037815	Ctnna1	IMP, IGI, IEA
CRE upregulated	GO:0022008	neurogenesis	ENSMUSG00000021587	Pcsk1	IEA
CRE upregulated	GO:0022008	neurogenesis	ENSMUSG00000028599	Tnfrsf1b	IMP, IBA
CRE upregulated	GO:0022008	neurogenesis	ENSMUSG00000044147	Arf6	IMP, ISO, IBA, IEA
CRE upregulated	GO:0022008	neurogenesis	ENSMUSG00000011877	Git1	IMP, ISO
CRE upregulated	GO:0022008	neurogenesis	ENSMUSG00000052512	ENSMUSG00000052512	IEA
CRE upregulated	GO:0022008	neurogenesis	ENSMUSG00000008435	Rdh13	IMP
CRE upregulated	GO:0022008	neurogenesis	ENSMUSG00000062234	ENSMUSG00000062234	IEA
CRE upregulated	GO:0022008	neurogenesis	ENSMUSG00000021796	Bmpr1a	IMP, IGI
CRE upregulated	GO:0022008	neurogenesis	ENSMUSG00000039191	Rbpj	IMP
CRE upregulated	GO:0022008	neurogenesis	ENSMUSG00000039844	ENSMUSG00000039844	ISO, IEA
CRE upregulated	GO:0022008	neurogenesis	ENSMUSG00000040010	Slc7a5	ISO, IEA
CRE upregulated	GO:0022008	neurogenesis	ENSMUSG00000020671	ENSMUSG00000020671	ISS, ISO
CRE upregulated	GO:0022008	neurogenesis	ENSMUSG00000027997	Casp6	ISO
CRE upregulated	GO:0022008	neurogenesis	ENSMUSG00000020594	ENSMUSG00000020594	ISO, IEA
CRE upregulated	GO:0022008	neurogenesis	ENSMUSG00000008730	Hipk1	IMP
CRE upregulated	GO:0022008	neurogenesis	ENSMUSG00000038676	Ucn	ISO, IEA
CRE upregulated	GO:0022008	neurogenesis	ENSMUSG00000032508	Myd88	IMP
CRE upregulated	GO:0022008	neurogenesis	ENSMUSG00000026864	ENSMUSG00000026864	ISO
CRE upregulated	GO:0022008	neurogenesis	ENSMUSG00000002633	Shh	IDA, IMP, IGI, ISO, IBA, TAS, IEA
CRE upregulated	GO:0022008	neurogenesis	ENSMUSG00000039671	ENSMUSG00000039671	ISO, IEA
CRE upregulated	GO:0022008	neurogenesis	ENSMUSG00000029145	ENSMUSG00000029145	ISS, IEA
CRE upregulated	GO:0022008	neurogenesis	ENSMUSG00000020340	ENSMUSG00000020340	IMP, IBA
CRE upregulated	GO:0022008	neurogenesis	ENSMUSG00000023277	ENSMUSG00000023277	IBA, IEA
CRE upregulated	GO:0022008	neurogenesis	ENSMUSG00000019843	ENSMUSG00000019843	IMP, IGI
CRE upregulated	GO:0022008	neurogenesis	ENSMUSG00000004698	ENSMUSG00000004698	IEA
CRE upregulated	GO:0022008	neurogenesis	ENSMUSG00000053825	ENSMUSG00000053825	IEA
CRE upregulated	GO:0022008	neurogenesis	ENSMUSG00000047261	ENSMUSG00000047261	IMP, IBA
CRE upregulated	GO:0022008	neurogenesis	ENSMUSG00000027433	ENSMUSG00000027433	IEA
CRE upregulated	GO:0022008	neurogenesis	ENSMUSG00000015839	Nfe2l2	ISO, IEA
CRE upregulated	GO:0022008	neurogenesis	ENSMUSG00000049550	ENSMUSG00000049550	ISO
CRE upregulated	GO:0022008	neurogenesis	ENSMUSG00000000627	ENSMUSG00000000627	ISO, IBA, IEA
CRE upregulated	GO:0022008	neurogenesis	ENSMUSG00000069227	ENSMUSG00000069227	IDA, IBA
CRE upregulated	GO:0022008	neurogenesis	ENSMUSG00000054204	ENSMUSG00000054204	ISS, IEA
CRE upregulated	GO:0016477	cell migration	ENSMUSG00000036390	Gadd45a	IMP, IEA
CRE upregulated	GO:0016477	cell migration	ENSMUSG00000051379	Flrt3	IMP
CRE upregulated	GO:0016477	cell migration	ENSMUSG00000052684	Jun	IMP
CRE upregulated	GO:0016477	cell migration	ENSMUSG00000019647	Sema6a	IMP, IBA
CRE upregulated	GO:0016477	cell migration	ENSMUSG00000004951	Hspb1	IEA
CRE upregulated	GO:0016477	cell migration	ENSMUSG00000025473	Adam8	IDA, IMP, IBA, NAS, IEA
CRE upregulated	GO:0016477	cell migration	ENSMUSG00000023905	Tnfrsf12a	IDA
CRE upregulated	GO:0016477	cell migration	ENSMUSG00000025089	Gfra1	ISO, IEA
CRE upregulated	GO:0016477	cell migration	ENSMUSG00000014599	Csf1	IGI, ISO, IEA
CRE upregulated	GO:0016477	cell migration	ENSMUSG00000020427	Igfbp3	IEA
CRE upregulated	GO:0016477	cell migration	ENSMUSG00000006304	Arpc2	ISO
CRE upregulated	GO:0016477	cell migration	ENSMUSG00000038650	Rnh1	IBA
CRE upregulated	GO:0016477	cell migration	ENSMUSG00000005087	Cd44	IEA
CRE upregulated	GO:0016477	cell migration	ENSMUSG00000026836	Acvr1	IMP, IEA
CRE upregulated	GO:0016477	cell migration	ENSMUSG00000068566	Myadm	IEA
CRE upregulated	GO:0016477	cell migration	ENSMUSG00000015745	Plekho1	IMP
CRE upregulated	GO:0016477	cell migration	ENSMUSG00000018736	Ndel1	IMP, IGI, IBA
CRE upregulated	GO:0016477	cell migration	ENSMUSG00000002250	Ppard	IMP, ISO
CRE upregulated	GO:0016477	cell migration	ENSMUSG00000038894	Irs2	IGI
CRE upregulated	GO:0016477	cell migration	ENSMUSG00000025337	Sbds	IEA
CRE upregulated	GO:0016477	cell migration	ENSMUSG00000005069	Pex5	IMP
CRE upregulated	GO:0016477	cell migration	ENSMUSG00000045136	Tubb2b	ISO, IEA
CRE upregulated	GO:0016477	cell migration	ENSMUSG00000054855	Rnd1	IBA
CRE upregulated	GO:0016477	cell migration	ENSMUSG00000027540	Ptpn1	IEA
CRE upregulated	GO:0016477	cell migration	ENSMUSG00000043895	S1pr2	ISO
CRE upregulated	GO:0016477	cell migration	ENSMUSG00000040511	Pvr	IDA
CRE upregulated	GO:0016477	cell migration	ENSMUSG00000028063	Lmna	IMP
CRE upregulated	GO:0016477	cell migration	ENSMUSG00000030678	Maz	IEA
CRE upregulated	GO:0016477	cell migration	ENSMUSG00000025809	Itgb1	IMP, ISS, ISO, IEA
CRE upregulated	GO:0016477	cell migration	ENSMUSG00000025239	Limd1	ISS, IEA
CRE upregulated	GO:0016477	cell migration	ENSMUSG00000011008	Mcoln2	IMP
CRE upregulated	GO:0016477	cell migration	ENSMUSG00000020592	Sdc1	IBA
CRE upregulated	GO:0016477	cell migration	ENSMUSG00000002233	Rhoc	ISS, IEA
CRE upregulated	GO:0016477	cell migration	ENSMUSG00000031078	Cttn	IGI, IBA
CRE upregulated	GO:0016477	cell migration	ENSMUSG00000022607	Ptk2	IDA, IMP, ISS, ISO, IBA, TAS
CRE upregulated	GO:0016477	cell migration	ENSMUSG00000055994	Nod2	IMP
CRE upregulated	GO:0016477	cell migration	ENSMUSG00000020580	Rock2	IEA
CRE upregulated	GO:0016477	cell migration	ENSMUSG00000021990	Spata13	IEA
CRE upregulated	GO:0016477	cell migration	ENSMUSG00000046854	Pip5kl1	IEA
CRE upregulated	GO:0016477	cell migration	ENSMUSG00000001507	Itga3	IMP, ISO, IBA, IEA
CRE upregulated	GO:0016477	cell migration	ENSMUSG00000055723	Rras2	IGI
CRE upregulated	GO:0016477	cell migration	ENSMUSG00000025408	Ddit3	IMP
CRE upregulated	GO:0016477	cell migration	ENSMUSG00000001847	Rac1	IDA, IMP, ISO, IBA, IEA
CRE upregulated	GO:0016477	cell migration	ENSMUSG00000042121	Ssh1	ISO, IEA
CRE upregulated	GO:0016477	cell migration	ENSMUSG00000050271	Prag1	IEA
CRE upregulated	GO:0016477	cell migration	ENSMUSG00000030077	Chl1	IMP
CRE upregulated	GO:0016477	cell migration	ENSMUSG00000036737	Oxsr1	IMP, IBA, IEA
CRE upregulated	GO:0016477	cell migration	ENSMUSG00000031955	Bcar1	IDA, ISS, ISO, IBA, IEA
CRE upregulated	GO:0016477	cell migration	ENSMUSG00000036057	Ptpn23	IEA
CRE upregulated	GO:0016477	cell migration	ENSMUSG00000015316	Slamf1	IMP
CRE upregulated	GO:0016477	cell migration	ENSMUSG00000029765	Plxna4	IBA
CRE upregulated	GO:0016477	cell migration	ENSMUSG00000073747	Zpld2	IBA
CRE upregulated	GO:0016477	cell migration	ENSMUSG00000022346	Myc	ISO
CRE upregulated	GO:0016477	cell migration	ENSMUSG00000026072	Il1r1	IMP, ISO
CRE upregulated	GO:0016477	cell migration	ENSMUSG00000027954	Efna1	IDA, IEA
CRE upregulated	GO:0016477	cell migration	ENSMUSG00000024789	Jak2	ISS, ISO, IEA
CRE upregulated	GO:0016477	cell migration	ENSMUSG00000004040	ENSMUSG00000004040	IGI, IEA
CRE upregulated	GO:0016477	cell migration	ENSMUSG00000042292	Mrtfa	IGI
CRE upregulated	GO:0016477	cell migration	ENSMUSG00000022602	Arc	ISS, IEA
CRE upregulated	GO:0016477	cell migration	ENSMUSG00000109511	Nup62	NAS
CRE upregulated	GO:0016477	cell migration	ENSMUSG00000050335	Lgals3	IEA
CRE upregulated	GO:0016477	cell migration	ENSMUSG00000024190	Dusp1	IEA
CRE upregulated	GO:0016477	cell migration	ENSMUSG00000030223	ENSMUSG00000030223	ISS, IEA
CRE upregulated	GO:0016477	cell migration	ENSMUSG00000035236	Scai	IGI, IEA
CRE upregulated	GO:0016477	cell migration	ENSMUSG00000027797	Dclk1	IGI, IEA
CRE upregulated	GO:0016477	cell migration	ENSMUSG00000017615	Tnfaip1	ISS, IEA
CRE upregulated	GO:0016477	cell migration	ENSMUSG00000021360	ENSMUSG00000021360	IEA
CRE upregulated	GO:0016477	cell migration	ENSMUSG00000018565	Elp5	IMP
CRE upregulated	GO:0016477	cell migration	ENSMUSG00000055044	Pdlim1	ISO, IEA
CRE upregulated	GO:0016477	cell migration	ENSMUSG00000036894	Rap2b	IDA, IBA, IEA
CRE upregulated	GO:0016477	cell migration	ENSMUSG00000064210	ENSMUSG00000064210	IMP, IEA
CRE upregulated	GO:0016477	cell migration	ENSMUSG00000025485	ENSMUSG00000025485	IMP
CRE upregulated	GO:0016477	cell migration	ENSMUSG00000028466	Creb3	IEA
CRE upregulated	GO:0016477	cell migration	ENSMUSG00000037815	Ctnna1	IBA
CRE upregulated	GO:0016477	cell migration	ENSMUSG00000025340	Rabgef1	IMP
CRE upregulated	GO:0016477	cell migration	ENSMUSG00000033350	Chst2	IMP
CRE upregulated	GO:0016477	cell migration	ENSMUSG00000004530	ENSMUSG00000004530	IMP, IBA, IEA
CRE upregulated	GO:0016477	cell migration	ENSMUSG00000044147	Arf6	IMP
CRE upregulated	GO:0016477	cell migration	ENSMUSG00000039985	Sinhcaf	ISS, IBA, NAS, IEA
CRE upregulated	GO:0016477	cell migration	ENSMUSG00000025060	ENSMUSG00000025060	IMP, IBA, IEA
CRE upregulated	GO:0016477	cell migration	ENSMUSG00000025351	Cd63	ISS, ISO, IEA
CRE upregulated	GO:0016477	cell migration	ENSMUSG00000021796	Bmpr1a	IEA
CRE upregulated	GO:0016477	cell migration	ENSMUSG00000024750	ENSMUSG00000024750	IMP
CRE upregulated	GO:0016477	cell migration	ENSMUSG00000028434	Epb41l4b	IEA
CRE upregulated	GO:0016477	cell migration	ENSMUSG00000035725	ENSMUSG00000035725	ISS, IEA
CRE upregulated	GO:0016477	cell migration	ENSMUSG00000001552	ENSMUSG00000001552	IEA
CRE upregulated	GO:0016477	cell migration	ENSMUSG00000020097	ENSMUSG00000020097	IMP
CRE upregulated	GO:0016477	cell migration	ENSMUSG00000032508	Myd88	IMP
CRE upregulated	GO:0016477	cell migration	ENSMUSG00000026864	ENSMUSG00000026864	ISS, IEA
CRE upregulated	GO:0016477	cell migration	ENSMUSG00000002633	Shh	IDA, IMP, ISO
CRE upregulated	GO:0016477	cell migration	ENSMUSG00000032462	ENSMUSG00000032462	IGI, IEA
CRE upregulated	GO:0016477	cell migration	ENSMUSG00000039671	ENSMUSG00000039671	IEA
CRE upregulated	GO:0016477	cell migration	ENSMUSG00000056050	ENSMUSG00000056050	IEA
CRE upregulated	GO:0016477	cell migration	ENSMUSG00000037411	Serpine1	IEA
CRE upregulated	GO:0016477	cell migration	ENSMUSG00000019843	ENSMUSG00000019843	IMP, IGI
CRE upregulated	GO:0016477	cell migration	ENSMUSG00000027646	ENSMUSG00000027646	IMP, ISO, IEA
CRE upregulated	GO:0016477	cell migration	ENSMUSG00000052316	ENSMUSG00000052316	IEA
CRE upregulated	GO:0016477	cell migration	ENSMUSG00000021340	ENSMUSG00000021340	IEA
CRE upregulated	GO:0016477	cell migration	ENSMUSG00000004698	ENSMUSG00000004698	IEA
CRE upregulated	GO:0016477	cell migration	ENSMUSG00000046761	ENSMUSG00000046761	ISS, IBA, IEA
CRE upregulated	GO:0016477	cell migration	ENSMUSG00000032501	Trib1	IEA
CRE upregulated	GO:0016477	cell migration	ENSMUSG00000031073	Fgf15	IMP, IBA, IEA
CRE upregulated	GO:0016477	cell migration	ENSMUSG00000036667	ENSMUSG00000036667	IEA
CRE upregulated	GO:0016477	cell migration	ENSMUSG00000015839	Nfe2l2	ISO, IEA
CRE upregulated	GO:0016477	cell migration	ENSMUSG00000000627	ENSMUSG00000000627	IBA
CRE upregulated	GO:0016477	cell migration	ENSMUSG00000053797	ENSMUSG00000053797	IDA, IEA
CRE upregulated	GO:0060255	regulation of macromolecule metabolic process	ENSMUSG00000026628	Atf3	IDA, IMP, IGI, ISO, IBA, IEA
CRE upregulated	GO:0060255	regulation of macromolecule metabolic process	ENSMUSG00000036390	Gadd45a	IMP, IEA
CRE upregulated	GO:0060255	regulation of macromolecule metabolic process	ENSMUSG00000052684	Jun	IDA, IMP, IGI, ISS, ISO, IBA, NAS, IEA
CRE upregulated	GO:0060255	regulation of macromolecule metabolic process	ENSMUSG00000063632	Sox11	IDA, IMP, ISO, IBA, IEA
CRE upregulated	GO:0060255	regulation of macromolecule metabolic process	ENSMUSG00000046223	Plaur	NAS
CRE upregulated	GO:0060255	regulation of macromolecule metabolic process	ENSMUSG00000031574	Star	ISO, IEA
CRE upregulated	GO:0060255	regulation of macromolecule metabolic process	ENSMUSG00000004951	Hspb1	IDA, IEA
CRE upregulated	GO:0060255	regulation of macromolecule metabolic process	ENSMUSG00000025473	Adam8	IDA, IMP, IBA, IEA
CRE upregulated	GO:0060255	regulation of macromolecule metabolic process	ENSMUSG00000056749	Nfil3	IDA, IMP, IBA, IEA
CRE upregulated	GO:0060255	regulation of macromolecule metabolic process	ENSMUSG00000024143	Rhoq	IEA
CRE upregulated	GO:0060255	regulation of macromolecule metabolic process	ENSMUSG00000022895	Ets2	ISO, IBA, IEA
CRE upregulated	GO:0060255	regulation of macromolecule metabolic process	ENSMUSG00000019876	Pkib	IEA
CRE upregulated	GO:0060255	regulation of macromolecule metabolic process	ENSMUSG00000037447	Arid5a	IDA, IMP, IGI, ISS, IBA, IEA
CRE upregulated	GO:0060255	regulation of macromolecule metabolic process	ENSMUSG00000033902	Mapkbp1	IEA
CRE upregulated	GO:0060255	regulation of macromolecule metabolic process	ENSMUSG00000030748	Il4ra	IMP
CRE upregulated	GO:0060255	regulation of macromolecule metabolic process	ENSMUSG00000032515	Csrnp1	IDA, IMP, IBA
CRE upregulated	GO:0060255	regulation of macromolecule metabolic process	ENSMUSG00000025089	Gfra1	ISO, IEA
CRE upregulated	GO:0060255	regulation of macromolecule metabolic process	ENSMUSG00000021765	Fst	IEA
CRE upregulated	GO:0060255	regulation of macromolecule metabolic process	ENSMUSG00000030256	Bhlhe41	IDA, IMP, IBA, TAS, IEA
CRE upregulated	GO:0060255	regulation of macromolecule metabolic process	ENSMUSG00000014599	Csf1	IDA, IEA
CRE upregulated	GO:0060255	regulation of macromolecule metabolic process	ENSMUSG00000025612	Bach1	IDA, ISS, IBA, IEA
CRE upregulated	GO:0060255	regulation of macromolecule metabolic process	ENSMUSG00000020427	Igfbp3	ISO, IEA
CRE upregulated	GO:0060255	regulation of macromolecule metabolic process	ENSMUSG00000023067	Cdkn1a	IMP, IEA
CRE upregulated	GO:0060255	regulation of macromolecule metabolic process	ENSMUSG00000024404	Riok3	IEA
CRE upregulated	GO:0060255	regulation of macromolecule metabolic process	ENSMUSG00000000078	Klf6	IEA
CRE upregulated	GO:0060255	regulation of macromolecule metabolic process	ENSMUSG00000030681	Mvp	IEA
CRE upregulated	GO:0060255	regulation of macromolecule metabolic process	ENSMUSG00000058093	Zfp729b	IBA, IEA
CRE upregulated	GO:0060255	regulation of macromolecule metabolic process	ENSMUSG00000044934	Zfp367	ISO, IBA, IEA
CRE upregulated	GO:0060255	regulation of macromolecule metabolic process	ENSMUSG00000030272	Camk1	ISS, IEA
CRE upregulated	GO:0060255	regulation of macromolecule metabolic process	ENSMUSG00000001542	Ell2	ISO, IBA
CRE upregulated	GO:0060255	regulation of macromolecule metabolic process	ENSMUSG00000031681	Smad1	IDA, IMP, IGI, IBA, IEA
CRE upregulated	GO:0060255	regulation of macromolecule metabolic process	ENSMUSG00000035673	Sbno2	IMP, IBA, IEA
CRE upregulated	GO:0060255	regulation of macromolecule metabolic process	ENSMUSG00000033060	Lmo7	IDA, ISS, ISO
CRE upregulated	GO:0060255	regulation of macromolecule metabolic process	ENSMUSG00000003644	Rps6ka1	ISO, IBA, IEA
CRE upregulated	GO:0060255	regulation of macromolecule metabolic process	ENSMUSG00000029378	Areg	IDA
CRE upregulated	GO:0060255	regulation of macromolecule metabolic process	ENSMUSG00000005087	Cd44	IEA
CRE upregulated	GO:0060255	regulation of macromolecule metabolic process	ENSMUSG00000026836	Acvr1	IMP, IEA
CRE upregulated	GO:0060255	regulation of macromolecule metabolic process	ENSMUSG00000026670	Uap1	IEA
CRE upregulated	GO:0060255	regulation of macromolecule metabolic process	ENSMUSG00000021400	Wrnip1	ISS, IEA
CRE upregulated	GO:0060255	regulation of macromolecule metabolic process	ENSMUSG00000068566	Myadm	IEA
CRE upregulated	GO:0060255	regulation of macromolecule metabolic process	ENSMUSG00000048482	Bdnf	IMP, ISO, IEA
CRE upregulated	GO:0060255	regulation of macromolecule metabolic process	ENSMUSG00000024256	Adcyap1	IDA, ISS, ISO, IEA
CRE upregulated	GO:0060255	regulation of macromolecule metabolic process	ENSMUSG00000034832	Tet3	IMP, ISS, IBA, IEA
CRE upregulated	GO:0060255	regulation of macromolecule metabolic process	ENSMUSG00000056076	Eif3b	IEA
CRE upregulated	GO:0060255	regulation of macromolecule metabolic process	ENSMUSG00000037458	Azin1	ISS, ISO, IBA, IEA
CRE upregulated	GO:0060255	regulation of macromolecule metabolic process	ENSMUSG00000021070	Bdkrb2	IMP
CRE upregulated	GO:0060255	regulation of macromolecule metabolic process	ENSMUSG00000002250	Ppard	IDA, IMP, ISS, IBA, IEA
CRE upregulated	GO:0060255	regulation of macromolecule metabolic process	ENSMUSG00000044734	Serpinb1a	IPI, IMP, IBA
CRE upregulated	GO:0060255	regulation of macromolecule metabolic process	ENSMUSG00000037638	Zbtb42	IDA, IBA
CRE upregulated	GO:0060255	regulation of macromolecule metabolic process	ENSMUSG00000021501	Caml	ISS, IEA
CRE upregulated	GO:0060255	regulation of macromolecule metabolic process	ENSMUSG00000038894	Irs2	IEA
CRE upregulated	GO:0060255	regulation of macromolecule metabolic process	ENSMUSG00000066838	Zfp772	IBA, IEA
CRE upregulated	GO:0060255	regulation of macromolecule metabolic process	ENSMUSG00000007812	Zfp655	IBA, IEA
CRE upregulated	GO:0060255	regulation of macromolecule metabolic process	ENSMUSG00000042507	Mideas	IBA
CRE upregulated	GO:0060255	regulation of macromolecule metabolic process	ENSMUSG00000027313	Chac1	ISS, IEA
CRE upregulated	GO:0060255	regulation of macromolecule metabolic process	ENSMUSG00000028789	Azin2	IBA, IEA
CRE upregulated	GO:0060255	regulation of macromolecule metabolic process	ENSMUSG00000026796	Niban2	IEA
CRE upregulated	GO:0060255	regulation of macromolecule metabolic process	ENSMUSG00000027540	Ptpn1	IMP, IGI, IEA
CRE upregulated	GO:0060255	regulation of macromolecule metabolic process	ENSMUSG00000043895	S1pr2	IMP, IEA
CRE upregulated	GO:0060255	regulation of macromolecule metabolic process	ENSMUSG00000022661	Cd200	IEA
CRE upregulated	GO:0060255	regulation of macromolecule metabolic process	ENSMUSG00000011179	Odc1	IDA
CRE upregulated	GO:0060255	regulation of macromolecule metabolic process	ENSMUSG00000027583	Zbtb46	IDA, IBA, IEA
CRE upregulated	GO:0060255	regulation of macromolecule metabolic process	ENSMUSG00000028063	Lmna	IMP, IBA
CRE upregulated	GO:0060255	regulation of macromolecule metabolic process	ENSMUSG00000026254	Eif4e2	ISS, ISO, IEA
CRE upregulated	GO:0060255	regulation of macromolecule metabolic process	ENSMUSG00000030678	Maz	IEA
CRE upregulated	GO:0060255	regulation of macromolecule metabolic process	ENSMUSG00000053436	Mapk14	IDA, IMP, ISO, IEA
CRE upregulated	GO:0060255	regulation of macromolecule metabolic process	ENSMUSG00000025809	Itgb1	ISO
CRE upregulated	GO:0060255	regulation of macromolecule metabolic process	ENSMUSG00000040025	Ythdf2	IMP, ISS, IBA, IEA
CRE upregulated	GO:0060255	regulation of macromolecule metabolic process	ENSMUSG00000028156	Eif4e	IDA, IMP, IEP, ISS, IEA
CRE upregulated	GO:0060255	regulation of macromolecule metabolic process	ENSMUSG00000025239	Limd1	ISS, ISO, IBA, IEA
CRE upregulated	GO:0060255	regulation of macromolecule metabolic process	ENSMUSG00000005370	Msh6	IMP, IEA
CRE upregulated	GO:0060255	regulation of macromolecule metabolic process	ENSMUSG00000011008	Mcoln2	IMP
CRE upregulated	GO:0060255	regulation of macromolecule metabolic process	ENSMUSG00000048490	Nrip1	IDA, IMP, IBA, IEA
CRE upregulated	GO:0060255	regulation of macromolecule metabolic process	ENSMUSG00000022096	Hr	IDA, IBA
CRE upregulated	GO:0060255	regulation of macromolecule metabolic process	ENSMUSG00000013089	Etv5	IDA, IBA, IEA
CRE upregulated	GO:0060255	regulation of macromolecule metabolic process	ENSMUSG00000025139	Tollip	ISO, IEA
CRE upregulated	GO:0060255	regulation of macromolecule metabolic process	ENSMUSG00000025746	Il6	IDA, IMP, IGI, ISO
CRE upregulated	GO:0060255	regulation of macromolecule metabolic process	ENSMUSG00000032231	Anxa2	IDA, IMP, ISO, IEA
CRE upregulated	GO:0060255	regulation of macromolecule metabolic process	ENSMUSG00000032280	Tle3	ISO, IEA
CRE upregulated	GO:0060255	regulation of macromolecule metabolic process	ENSMUSG00000022607	Ptk2	IMP, ISS
CRE upregulated	GO:0060255	regulation of macromolecule metabolic process	ENSMUSG00000055994	Nod2	IDA, IMP, IGI, ISS, ISO, IEA
CRE upregulated	GO:0060255	regulation of macromolecule metabolic process	ENSMUSG00000024014	Pim1	IMP
CRE upregulated	GO:0060255	regulation of macromolecule metabolic process	ENSMUSG00000027293	Ehd4	ISO, IEA
CRE upregulated	GO:0060255	regulation of macromolecule metabolic process	ENSMUSG00000020580	Rock2	IEA
CRE upregulated	GO:0060255	regulation of macromolecule metabolic process	ENSMUSG00000063889	Crem	IGI, IBA, IEA
CRE upregulated	GO:0060255	regulation of macromolecule metabolic process	ENSMUSG00000027613	Eif6	IMP, ISS, IEA
CRE upregulated	GO:0060255	regulation of macromolecule metabolic process	ENSMUSG00000042406	Atf4	IDA, IMP, IGI, ISS, ISO, IBA, IEA
CRE upregulated	GO:0060255	regulation of macromolecule metabolic process	ENSMUSG00000079049	Serpinb1c	IMP, IBA
CRE upregulated	GO:0060255	regulation of macromolecule metabolic process	ENSMUSG00000023079	Gtf2ird1	IEA
CRE upregulated	GO:0060255	regulation of macromolecule metabolic process	ENSMUSG00000020271	Fbxw11	IMP, ISS
CRE upregulated	GO:0060255	regulation of macromolecule metabolic process	ENSMUSG00000020838	Slc6a4	IMP
CRE upregulated	GO:0060255	regulation of macromolecule metabolic process	ENSMUSG00000046854	Pip5kl1	IEA
CRE upregulated	GO:0060255	regulation of macromolecule metabolic process	ENSMUSG00000029641	Rasl11a	IDA
CRE upregulated	GO:0060255	regulation of macromolecule metabolic process	ENSMUSG00000001507	Itga3	ISO, IEA
CRE upregulated	GO:0060255	regulation of macromolecule metabolic process	ENSMUSG00000031628	Casp3	ISS, ISO, IEA
CRE upregulated	GO:0060255	regulation of macromolecule metabolic process	ENSMUSG00000025408	Ddit3	IDA, IMP, IGI, ISS, ISO, IBA, NAS, IEA
CRE upregulated	GO:0060255	regulation of macromolecule metabolic process	ENSMUSG00000040435	Ppp1r15a	IDA, ISO, IEA
CRE upregulated	GO:0060255	regulation of macromolecule metabolic process	ENSMUSG00000032078	Zpr1	IMP, ISS, IBA, IEA
CRE upregulated	GO:0060255	regulation of macromolecule metabolic process	ENSMUSG00000001847	Rac1	ISS, ISO, IEA
CRE upregulated	GO:0060255	regulation of macromolecule metabolic process	ENSMUSG00000042121	Ssh1	ISO, IEA
CRE upregulated	GO:0060255	regulation of macromolecule metabolic process	ENSMUSG00000018909	Arrb1	IMP, ISS, ISO, IEA
CRE upregulated	GO:0060255	regulation of macromolecule metabolic process	ENSMUSG00000020248	Nfyb	IDA, ISO, IBA, IEA
CRE upregulated	GO:0060255	regulation of macromolecule metabolic process	ENSMUSG00000050410	Tcf19	IEA
CRE upregulated	GO:0060255	regulation of macromolecule metabolic process	ENSMUSG00000024349	Sting1	IDA, IMP, IGI, ISS, ISO, IBA, IEA
CRE upregulated	GO:0060255	regulation of macromolecule metabolic process	ENSMUSG00000030057	Cnbp	IDA, IBA, IEA
CRE upregulated	GO:0060255	regulation of macromolecule metabolic process	ENSMUSG00000033955	Tnks1bp1	IEA
CRE upregulated	GO:0060255	regulation of macromolecule metabolic process	ENSMUSG00000024360	Etf1	IEA
CRE upregulated	GO:0060255	regulation of macromolecule metabolic process	ENSMUSG00000057531	Dtnbp1	IDA, IMP, ISO
CRE upregulated	GO:0060255	regulation of macromolecule metabolic process	ENSMUSG00000058355	Abce1	IEA
CRE upregulated	GO:0060255	regulation of macromolecule metabolic process	ENSMUSG00000000134	Tfe3	IDA, IMP, IBA, IEA
CRE upregulated	GO:0060255	regulation of macromolecule metabolic process	ENSMUSG00000008393	Carhsp1	IMP, IBA, IEA
CRE upregulated	GO:0060255	regulation of macromolecule metabolic process	ENSMUSG00000015837	Sqstm1	IDA, IMP, ISS, ISO, IEA
CRE upregulated	GO:0060255	regulation of macromolecule metabolic process	ENSMUSG00000028901	Gmeb1	IDA, IBA
CRE upregulated	GO:0060255	regulation of macromolecule metabolic process	ENSMUSG00000030309	Caprin2	IEA
CRE upregulated	GO:0060255	regulation of macromolecule metabolic process	ENSMUSG00000029131	Dnajb6	IDA
CRE upregulated	GO:0060255	regulation of macromolecule metabolic process	ENSMUSG00000037580	Gch1	ISO, IEA
CRE upregulated	GO:0060255	regulation of macromolecule metabolic process	ENSMUSG00000023087	Noct	IMP, IGI
CRE upregulated	GO:0060255	regulation of macromolecule metabolic process	ENSMUSG00000001627	Ifrd1	ISO
CRE upregulated	GO:0060255	regulation of macromolecule metabolic process	ENSMUSG00000015316	Slamf1	IDA, IBA, IEA
CRE upregulated	GO:0060255	regulation of macromolecule metabolic process	ENSMUSG00000022433	Csnk1e	IMP, ISO, IBA, IEA
CRE upregulated	GO:0060255	regulation of macromolecule metabolic process	ENSMUSG00000022346	Myc	IDA, IMP, IGI, ISS, ISO, IBA, IEA
CRE upregulated	GO:0060255	regulation of macromolecule metabolic process	ENSMUSG00000053113	Socs3	IDA, IEA
CRE upregulated	GO:0060255	regulation of macromolecule metabolic process	ENSMUSG00000026072	Il1r1	ISS, IEA
CRE upregulated	GO:0060255	regulation of macromolecule metabolic process	ENSMUSG00000027954	Efna1	IDA, IMP, IEA
CRE upregulated	GO:0060255	regulation of macromolecule metabolic process	ENSMUSG00000024789	Jak2	IDA, IGI, ISS, ISO, NAS, IEA
CRE upregulated	GO:0060255	regulation of macromolecule metabolic process	ENSMUSG00000004040	ENSMUSG00000004040	IDA, IMP, IGI, ISO, IBA, NAS, IEA
CRE upregulated	GO:0060255	regulation of macromolecule metabolic process	ENSMUSG00000042292	Mrtfa	IDA, ISS, ISO, IBA, IEA
CRE upregulated	GO:0060255	regulation of macromolecule metabolic process	ENSMUSG00000061589	Dot1l	ISO, IEA
CRE upregulated	GO:0060255	regulation of macromolecule metabolic process	ENSMUSG00000109511	Nup62	IMP, IEA
CRE upregulated	GO:0060255	regulation of macromolecule metabolic process	ENSMUSG00000029135	Fosl2	IDA, IMP, ISO, IBA, IEA
CRE upregulated	GO:0060255	regulation of macromolecule metabolic process	ENSMUSG00000054136	Adm2	IEA
CRE upregulated	GO:0060255	regulation of macromolecule metabolic process	ENSMUSG00000020395	Itk	IMP
CRE upregulated	GO:0060255	regulation of macromolecule metabolic process	ENSMUSG00000036990	Otud4	ISS, IBA, IEA
CRE upregulated	GO:0060255	regulation of macromolecule metabolic process	ENSMUSG00000018143	Mafk	IDA, IBA, IEA
CRE upregulated	GO:0060255	regulation of macromolecule metabolic process	ENSMUSG00000029826	Zc3hav1	IDA, ISS, ISO, IBA, IEA
CRE upregulated	GO:0060255	regulation of macromolecule metabolic process	ENSMUSG00000024190	Dusp1	ISS, ISO
CRE upregulated	GO:0060255	regulation of macromolecule metabolic process	ENSMUSG00000063919	Srrm4	IDA, IMP, ISS, IBA, IEA
CRE upregulated	GO:0060255	regulation of macromolecule metabolic process	ENSMUSG00000030223	ENSMUSG00000030223	IDA
CRE upregulated	GO:0060255	regulation of macromolecule metabolic process	ENSMUSG00000035236	Scai	IEA
CRE upregulated	GO:0060255	regulation of macromolecule metabolic process	ENSMUSG00000031960	Aars1	IMP
CRE upregulated	GO:0060255	regulation of macromolecule metabolic process	ENSMUSG00000020358	Hnrnpab	IDA, IGI, ISO, IBA, IEA
CRE upregulated	GO:0060255	regulation of macromolecule metabolic process	ENSMUSG00000059866	Tnip2	ISS, IBA, IEA
CRE upregulated	GO:0060255	regulation of macromolecule metabolic process	ENSMUSG00000004865	ENSMUSG00000004865	IDA, IBA, IEA
CRE upregulated	GO:0060255	regulation of macromolecule metabolic process	ENSMUSG00000027806	Tsc22d2	IEA
CRE upregulated	GO:0060255	regulation of macromolecule metabolic process	ENSMUSG00000017615	Tnfaip1	ISO, IEA
CRE upregulated	GO:0060255	regulation of macromolecule metabolic process	ENSMUSG00000040033	ENSMUSG00000040033	IEA
CRE upregulated	GO:0060255	regulation of macromolecule metabolic process	ENSMUSG00000021360	ENSMUSG00000021360	IMP, IEA
CRE upregulated	GO:0060255	regulation of macromolecule metabolic process	ENSMUSG00000024803	Ankrd1	IDA, ISO, IBA, IEA
CRE upregulated	GO:0060255	regulation of macromolecule metabolic process	ENSMUSG00000031934	ENSMUSG00000031934	IMP, IEA
CRE upregulated	GO:0060255	regulation of macromolecule metabolic process	ENSMUSG00000032497	Lrrfip2	IEA
CRE upregulated	GO:0060255	regulation of macromolecule metabolic process	ENSMUSG00000023915	Tnfrsf21	IMP
CRE upregulated	GO:0060255	regulation of macromolecule metabolic process	ENSMUSG00000024912	Fosl1	ISO, IBA, IEA
CRE upregulated	GO:0060255	regulation of macromolecule metabolic process	ENSMUSG00000024927	Rela	IDA, IMP, ISS, ISO, IBA, TAS, IEA
CRE upregulated	GO:0060255	regulation of macromolecule metabolic process	ENSMUSG00000042608	Stk40	IMP
CRE upregulated	GO:0060255	regulation of macromolecule metabolic process	ENSMUSG00000025793	ENSMUSG00000025793	IEA
CRE upregulated	GO:0060255	regulation of macromolecule metabolic process	ENSMUSG00000003435	ENSMUSG00000003435	ISO, IEA
CRE upregulated	GO:0060255	regulation of macromolecule metabolic process	ENSMUSG00000055044	Pdlim1	IDA, IEA
CRE upregulated	GO:0060255	regulation of macromolecule metabolic process	ENSMUSG00000024238	Zeb1	IDA, IMP, IGI, ISS, ISO, IBA, IEA
CRE upregulated	GO:0060255	regulation of macromolecule metabolic process	ENSMUSG00000026078	Pdcl3	IMP, ISO, IBA, IEA
CRE upregulated	GO:0060255	regulation of macromolecule metabolic process	ENSMUSG00000028893	Sesn2	IMP, IEA
CRE upregulated	GO:0060255	regulation of macromolecule metabolic process	ENSMUSG00000024947	Men1	IDA, IMP, IGI, ISO, IBA, IEA
CRE upregulated	GO:0060255	regulation of macromolecule metabolic process	ENSMUSG00000029071	ENSMUSG00000029071	IDA, IGI, IEA
CRE upregulated	GO:0060255	regulation of macromolecule metabolic process	ENSMUSG00000036894	Rap2b	IDA, IEA
CRE upregulated	GO:0060255	regulation of macromolecule metabolic process	ENSMUSG00000040433	Zbtb38	ISO, IBA, IEA
CRE upregulated	GO:0060255	regulation of macromolecule metabolic process	ENSMUSG00000044453	Ffar1	IEA
CRE upregulated	GO:0060255	regulation of macromolecule metabolic process	ENSMUSG00000032715	Trib3	IDA, ISS, IBA, TAS, IC, IEA
CRE upregulated	GO:0060255	regulation of macromolecule metabolic process	ENSMUSG00000024777	ENSMUSG00000024777	ISO, IEA
CRE upregulated	GO:0060255	regulation of macromolecule metabolic process	ENSMUSG00000024335	Brd2	IDA, IMP, ISS, IBA, IEA
CRE upregulated	GO:0060255	regulation of macromolecule metabolic process	ENSMUSG00000048047	Zbtb33	ISS, IBA, IEA
CRE upregulated	GO:0060255	regulation of macromolecule metabolic process	ENSMUSG00000020547	Bzw2	ISS, IEA
CRE upregulated	GO:0060255	regulation of macromolecule metabolic process	ENSMUSG00000020694	ENSMUSG00000020694	ISS, IEA
CRE upregulated	GO:0060255	regulation of macromolecule metabolic process	ENSMUSG00000028466	Creb3	IEA
CRE upregulated	GO:0060255	regulation of macromolecule metabolic process	ENSMUSG00000037876	Jmjd1c	IBA
CRE upregulated	GO:0060255	regulation of macromolecule metabolic process	ENSMUSG00000022526	Zfp251	IBA, IEA
CRE upregulated	GO:0060255	regulation of macromolecule metabolic process	ENSMUSG00000071637	Cebpd	IDA, ISO, IBA, IEA
CRE upregulated	GO:0060255	regulation of macromolecule metabolic process	ENSMUSG00000025162	ENSMUSG00000025162	IMP, IBA, IEA
CRE upregulated	GO:0060255	regulation of macromolecule metabolic process	ENSMUSG00000015776	Med22	NAS, IEA
CRE upregulated	GO:0060255	regulation of macromolecule metabolic process	ENSMUSG00000031668	ENSMUSG00000031668	IEA
CRE upregulated	GO:0060255	regulation of macromolecule metabolic process	ENSMUSG00000053175	Bcl3	IDA, IMP, IBA, IEA
CRE upregulated	GO:0060255	regulation of macromolecule metabolic process	ENSMUSG00000068739	ENSMUSG00000068739	ISS, IEA
CRE upregulated	GO:0060255	regulation of macromolecule metabolic process	ENSMUSG00000059796	Eif4a1	ISS, IEA
CRE upregulated	GO:0060255	regulation of macromolecule metabolic process	ENSMUSG00000032599	ENSMUSG00000032599	IMP
CRE upregulated	GO:0060255	regulation of macromolecule metabolic process	ENSMUSG00000030199	Etv6	IDA, IBA, IEA
CRE upregulated	GO:0060255	regulation of macromolecule metabolic process	ENSMUSG00000003154	Foxj2	IBA, IEA
CRE upregulated	GO:0060255	regulation of macromolecule metabolic process	ENSMUSG00000040857	Erf	IEA
CRE upregulated	GO:0060255	regulation of macromolecule metabolic process	ENSMUSG00000020349	ENSMUSG00000020349	ISO
CRE upregulated	GO:0060255	regulation of macromolecule metabolic process	ENSMUSG00000024517	Grp	ISO, IEA
CRE upregulated	GO:0060255	regulation of macromolecule metabolic process	ENSMUSG00000025340	Rabgef1	IMP
CRE upregulated	GO:0060255	regulation of macromolecule metabolic process	ENSMUSG00000039108	ENSMUSG00000039108	IMP, IEA
CRE upregulated	GO:0060255	regulation of macromolecule metabolic process	ENSMUSG00000033159	ENSMUSG00000033159	IEA
CRE upregulated	GO:0060255	regulation of macromolecule metabolic process	ENSMUSG00000028599	Tnfrsf1b	IMP, IGI, IBA, IEA
CRE upregulated	GO:0060255	regulation of macromolecule metabolic process	ENSMUSG00000004530	ENSMUSG00000004530	IEA
CRE upregulated	GO:0060255	regulation of macromolecule metabolic process	ENSMUSG00000027605	Acss2	IEA
CRE upregulated	GO:0060255	regulation of macromolecule metabolic process	ENSMUSG00000036180	ENSMUSG00000036180	ISS, IBA, NAS, IEA
CRE upregulated	GO:0060255	regulation of macromolecule metabolic process	ENSMUSG00000011877	Git1	IMP, ISO
CRE upregulated	GO:0060255	regulation of macromolecule metabolic process	ENSMUSG00000039985	Sinhcaf	NAS
CRE upregulated	GO:0060255	regulation of macromolecule metabolic process	ENSMUSG00000055491	ENSMUSG00000055491	IBA
CRE upregulated	GO:0060255	regulation of macromolecule metabolic process	ENSMUSG00000052837	ENSMUSG00000052837	IDA, IMP, IBA, IEA
CRE upregulated	GO:0060255	regulation of macromolecule metabolic process	ENSMUSG00000013483	Card14	ISS
CRE upregulated	GO:0060255	regulation of macromolecule metabolic process	ENSMUSG00000028840	Zfp593	IEA
CRE upregulated	GO:0060255	regulation of macromolecule metabolic process	ENSMUSG00000047281	ENSMUSG00000047281	IDA
CRE upregulated	GO:0060255	regulation of macromolecule metabolic process	ENSMUSG00000021796	Bmpr1a	IDA, IMP, IEA
CRE upregulated	GO:0060255	regulation of macromolecule metabolic process	ENSMUSG00000019842	ENSMUSG00000019842	IDA, IMP
CRE upregulated	GO:0060255	regulation of macromolecule metabolic process	ENSMUSG00000034543	ENSMUSG00000034543	IMP, ISS
CRE upregulated	GO:0060255	regulation of macromolecule metabolic process	ENSMUSG00000029110	ENSMUSG00000029110	IDA, ISS, ISO, IBA, IEA
CRE upregulated	GO:0060255	regulation of macromolecule metabolic process	ENSMUSG00000021890	ENSMUSG00000021890	ISO, IEA
CRE upregulated	GO:0060255	regulation of macromolecule metabolic process	ENSMUSG00000045763	ENSMUSG00000045763	ISS, IBA, IEA
CRE upregulated	GO:0060255	regulation of macromolecule metabolic process	ENSMUSG00000037860	Aim2	IDA, IMP, IGI, ISO, IEA
CRE upregulated	GO:0060255	regulation of macromolecule metabolic process	ENSMUSG00000028434	Epb41l4b	IEA
CRE upregulated	GO:0060255	regulation of macromolecule metabolic process	ENSMUSG00000109336	ENSMUSG00000109336	IEA
CRE upregulated	GO:0060255	regulation of macromolecule metabolic process	ENSMUSG00000039191	Rbpj	IDA, IMP, IGI, ISS, ISO, IEA
CRE upregulated	GO:0060255	regulation of macromolecule metabolic process	ENSMUSG00000019256	ENSMUSG00000019256	IEA
CRE upregulated	GO:0060255	regulation of macromolecule metabolic process	ENSMUSG00000046962	ENSMUSG00000046962	IBA, IEA
CRE upregulated	GO:0060255	regulation of macromolecule metabolic process	ENSMUSG00000019763	ENSMUSG00000019763	ISS, IBA, IEA
CRE upregulated	GO:0060255	regulation of macromolecule metabolic process	ENSMUSG00000051316	Taf7	IDA, ISS, ISO, IBA, NAS, IEA
CRE upregulated	GO:0060255	regulation of macromolecule metabolic process	ENSMUSG00000001552	ENSMUSG00000001552	IBA
CRE upregulated	GO:0060255	regulation of macromolecule metabolic process	ENSMUSG00000040010	Slc7a5	IEA
CRE upregulated	GO:0060255	regulation of macromolecule metabolic process	ENSMUSG00000040463	ENSMUSG00000040463	IDA, ISO, NAS, IEA
CRE upregulated	GO:0060255	regulation of macromolecule metabolic process	ENSMUSG00000004099	ENSMUSG00000004099	IDA, IMP, IGI, ISO, IBA, IEA
CRE upregulated	GO:0060255	regulation of macromolecule metabolic process	ENSMUSG00000022858	ENSMUSG00000022858	IMP, ISS, IBA, IEA
CRE upregulated	GO:0060255	regulation of macromolecule metabolic process	ENSMUSG00000053007	Creb5	IEA
CRE upregulated	GO:0060255	regulation of macromolecule metabolic process	ENSMUSG00000023952	ENSMUSG00000023952	IMP
CRE upregulated	GO:0060255	regulation of macromolecule metabolic process	ENSMUSG00000020594	ENSMUSG00000020594	IMP, ISS, ISO, IBA, IEA
CRE upregulated	GO:0060255	regulation of macromolecule metabolic process	ENSMUSG00000011256	ENSMUSG00000011256	ISS
CRE upregulated	GO:0060255	regulation of macromolecule metabolic process	ENSMUSG00000020448	Rnf185	ISS, IEA
CRE upregulated	GO:0060255	regulation of macromolecule metabolic process	ENSMUSG00000000787	ENSMUSG00000000787	IDA, IMP, ISS, IBA, IEA
CRE upregulated	GO:0060255	regulation of macromolecule metabolic process	ENSMUSG00000008730	Hipk1	ISS
CRE upregulated	GO:0060255	regulation of macromolecule metabolic process	ENSMUSG00000059288	ENSMUSG00000059288	IDA, IEA
CRE upregulated	GO:0060255	regulation of macromolecule metabolic process	ENSMUSG00000022948	Setd4	IDA, IBA
CRE upregulated	GO:0060255	regulation of macromolecule metabolic process	ENSMUSG00000038676	Ucn	IMP, ISO, IEA
CRE upregulated	GO:0060255	regulation of macromolecule metabolic process	ENSMUSG00000042185	ENSMUSG00000042185	IDA, IMP, ISO, IEA
CRE upregulated	GO:0060255	regulation of macromolecule metabolic process	ENSMUSG00000025403	ENSMUSG00000025403	IMP, IEA
CRE upregulated	GO:0060255	regulation of macromolecule metabolic process	ENSMUSG00000032508	Myd88	IMP, IGI, ISS, IEA
CRE upregulated	GO:0060255	regulation of macromolecule metabolic process	ENSMUSG00000026864	ENSMUSG00000026864	IMP
CRE upregulated	GO:0060255	regulation of macromolecule metabolic process	ENSMUSG00000021072	Tmx1	ISS, IEA
CRE upregulated	GO:0060255	regulation of macromolecule metabolic process	ENSMUSG00000002633	Shh	IDA, IMP, IGI, ISO, IBA, IEA
CRE upregulated	GO:0060255	regulation of macromolecule metabolic process	ENSMUSG00000008384	Sertad1	IDA, IGI
CRE upregulated	GO:0060255	regulation of macromolecule metabolic process	ENSMUSG00000028680	ENSMUSG00000028680	IEA
CRE upregulated	GO:0060255	regulation of macromolecule metabolic process	ENSMUSG00000053581	ENSMUSG00000053581	IMP
CRE upregulated	GO:0060255	regulation of macromolecule metabolic process	ENSMUSG00000032462	ENSMUSG00000032462	ISO, IEA
CRE upregulated	GO:0060255	regulation of macromolecule metabolic process	ENSMUSG00000027944	Hax1	IEA
CRE upregulated	GO:0060255	regulation of macromolecule metabolic process	ENSMUSG00000039671	ENSMUSG00000039671	IEA
CRE upregulated	GO:0060255	regulation of macromolecule metabolic process	ENSMUSG00000067586	ENSMUSG00000067586	IMP
CRE upregulated	GO:0060255	regulation of macromolecule metabolic process	ENSMUSG00000038250	ENSMUSG00000038250	IEA
CRE upregulated	GO:0060255	regulation of macromolecule metabolic process	ENSMUSG00000063952	Brpf3	ISS, IBA, IEA
CRE upregulated	GO:0060255	regulation of macromolecule metabolic process	ENSMUSG00000040652	ENSMUSG00000040652	IDA, IBA
CRE upregulated	GO:0060255	regulation of macromolecule metabolic process	ENSMUSG00000048027	ENSMUSG00000048027	IDA
CRE upregulated	GO:0060255	regulation of macromolecule metabolic process	ENSMUSG00000028291	ENSMUSG00000028291	IDA, IMP, ISO, IBA, IEA
CRE upregulated	GO:0060255	regulation of macromolecule metabolic process	ENSMUSG00000037411	Serpine1	IEA
CRE upregulated	GO:0060255	regulation of macromolecule metabolic process	ENSMUSG00000078676	ENSMUSG00000078676	ISS, ISO, IEA
CRE upregulated	GO:0060255	regulation of macromolecule metabolic process	ENSMUSG00000020340	ENSMUSG00000020340	IEA
CRE upregulated	GO:0060255	regulation of macromolecule metabolic process	ENSMUSG00000028382	ENSMUSG00000028382	IMP, IBA, IEA
CRE upregulated	GO:0060255	regulation of macromolecule metabolic process	ENSMUSG00000037465	Klf10	IDA, IMP, IBA, IEA
CRE upregulated	GO:0060255	regulation of macromolecule metabolic process	ENSMUSG00000024613	ENSMUSG00000024613	ISS, IEA
CRE upregulated	GO:0060255	regulation of macromolecule metabolic process	ENSMUSG00000019843	ENSMUSG00000019843	IDA, IMP, IGI
CRE upregulated	GO:0060255	regulation of macromolecule metabolic process	ENSMUSG00000020755	ENSMUSG00000020755	IEA
CRE upregulated	GO:0060255	regulation of macromolecule metabolic process	ENSMUSG00000027646	ENSMUSG00000027646	IGI, ISO, IEA
CRE upregulated	GO:0060255	regulation of macromolecule metabolic process	ENSMUSG00000020680	ENSMUSG00000020680	ISO, IEA
CRE upregulated	GO:0060255	regulation of macromolecule metabolic process	ENSMUSG00000021340	ENSMUSG00000021340	IEA
CRE upregulated	GO:0060255	regulation of macromolecule metabolic process	ENSMUSG00000033991	ENSMUSG00000033991	ISS, IBA, IEA
CRE upregulated	GO:0060255	regulation of macromolecule metabolic process	ENSMUSG00000029313	Aff1	IEA
CRE upregulated	GO:0060255	regulation of macromolecule metabolic process	ENSMUSG00000004698	ENSMUSG00000004698	IEA
CRE upregulated	GO:0060255	regulation of macromolecule metabolic process	ENSMUSG00000032501	Trib1	IDA, ISS, IBA, IC
CRE upregulated	GO:0060255	regulation of macromolecule metabolic process	ENSMUSG00000003119	ENSMUSG00000003119	ISS, ISO, IBA, IEA
CRE upregulated	GO:0060255	regulation of macromolecule metabolic process	ENSMUSG00000042197	ENSMUSG00000042197	ISS, IBA, IEA
CRE upregulated	GO:0060255	regulation of macromolecule metabolic process	ENSMUSG00000055067	ENSMUSG00000055067	IMP
CRE upregulated	GO:0060255	regulation of macromolecule metabolic process	ENSMUSG00000021282	ENSMUSG00000021282	IEA
CRE upregulated	GO:0060255	regulation of macromolecule metabolic process	ENSMUSG00000031073	Fgf15	IBA, IEA
CRE upregulated	GO:0060255	regulation of macromolecule metabolic process	ENSMUSG00000027433	ENSMUSG00000027433	IBA
CRE upregulated	GO:0060255	regulation of macromolecule metabolic process	ENSMUSG00000015839	Nfe2l2	IDA, IMP, IGI, ISO, IBA, IEA
CRE upregulated	GO:0060255	regulation of macromolecule metabolic process	ENSMUSG00000022332	ENSMUSG00000022332	IDA, ISO, IBA, IEA
CRE upregulated	GO:0060255	regulation of macromolecule metabolic process	ENSMUSG00000024907	Gal	ISS, IEA
CRE upregulated	GO:0060255	regulation of macromolecule metabolic process	ENSMUSG00000046707	ENSMUSG00000046707	IEA
CRE upregulated	GO:0060255	regulation of macromolecule metabolic process	ENSMUSG00000003541	ENSMUSG00000003541	IDA, IMP
CRE upregulated	GO:0060255	regulation of macromolecule metabolic process	ENSMUSG00000024026	ENSMUSG00000024026	IDA
CRE upregulated	GO:0060255	regulation of macromolecule metabolic process	ENSMUSG00000029475	ENSMUSG00000029475	IDA, IMP, IBA
CRE upregulated	GO:0070727	cellular macromolecule localization	ENSMUSG00000037428	Vgf	IGI
CRE upregulated	GO:0070727	cellular macromolecule localization	ENSMUSG00000004951	Hspb1	ISS, IEA
CRE upregulated	GO:0070727	cellular macromolecule localization	ENSMUSG00000024143	Rhoq	IDA, IEA
CRE upregulated	GO:0070727	cellular macromolecule localization	ENSMUSG00000030102	Itpr1	IMP, IGI
CRE upregulated	GO:0070727	cellular macromolecule localization	ENSMUSG00000023067	Cdkn1a	IMP
CRE upregulated	GO:0070727	cellular macromolecule localization	ENSMUSG00000006304	Arpc2	ISO
CRE upregulated	GO:0070727	cellular macromolecule localization	ENSMUSG00000041831	Sytl3	IEA
CRE upregulated	GO:0070727	cellular macromolecule localization	ENSMUSG00000109901	Chmp1b	IBA, IEA
CRE upregulated	GO:0070727	cellular macromolecule localization	ENSMUSG00000030272	Camk1	IDA, ISS, IEA
CRE upregulated	GO:0070727	cellular macromolecule localization	ENSMUSG00000004846	Plod3	IMP
CRE upregulated	GO:0070727	cellular macromolecule localization	ENSMUSG00000035621	Midn	ISO, IEA
CRE upregulated	GO:0070727	cellular macromolecule localization	ENSMUSG00000034300	Fam53c	IBA
CRE upregulated	GO:0070727	cellular macromolecule localization	ENSMUSG00000024261	Syt4	IMP
CRE upregulated	GO:0070727	cellular macromolecule localization	ENSMUSG00000032939	Nup93	IBA, IEA
CRE upregulated	GO:0070727	cellular macromolecule localization	ENSMUSG00000068566	Myadm	IEA
CRE upregulated	GO:0070727	cellular macromolecule localization	ENSMUSG00000024256	Adcyap1	IDA, ISO, IBA, IEA
CRE upregulated	GO:0070727	cellular macromolecule localization	ENSMUSG00000018736	Ndel1	IEA
CRE upregulated	GO:0070727	cellular macromolecule localization	ENSMUSG00000002250	Ppard	ISO, NAS
CRE upregulated	GO:0070727	cellular macromolecule localization	ENSMUSG00000021501	Caml	ISS, ISO, IBA, IEA
CRE upregulated	GO:0070727	cellular macromolecule localization	ENSMUSG00000041870	Ankrd13a	ISS, IEA
CRE upregulated	GO:0070727	cellular macromolecule localization	ENSMUSG00000038894	Irs2	IMP
CRE upregulated	GO:0070727	cellular macromolecule localization	ENSMUSG00000035828	Pim3	IMP
CRE upregulated	GO:0070727	cellular macromolecule localization	ENSMUSG00000005069	Pex5	IMP, ISS, IBA, TAS, IEA
CRE upregulated	GO:0070727	cellular macromolecule localization	ENSMUSG00000029518	Rab35	ISS, ISO, IEA
CRE upregulated	GO:0070727	cellular macromolecule localization	ENSMUSG00000027540	Ptpn1	IEA
CRE upregulated	GO:0070727	cellular macromolecule localization	ENSMUSG00000022661	Cd200	IEA
CRE upregulated	GO:0070727	cellular macromolecule localization	ENSMUSG00000039232	Stx11	IEA
CRE upregulated	GO:0070727	cellular macromolecule localization	ENSMUSG00000028063	Lmna	IMP, IBA
CRE upregulated	GO:0070727	cellular macromolecule localization	ENSMUSG00000051343	Rab11fip5	IMP, IEA
CRE upregulated	GO:0070727	cellular macromolecule localization	ENSMUSG00000015341	Golga7	ISS, IBA, IEA
CRE upregulated	GO:0070727	cellular macromolecule localization	ENSMUSG00000053436	Mapk14	IMP
CRE upregulated	GO:0070727	cellular macromolecule localization	ENSMUSG00000025809	Itgb1	ISS, ISO, IEA
CRE upregulated	GO:0070727	cellular macromolecule localization	ENSMUSG00000018362	Kpna2	IDA, ISS, IBA, IEA
CRE upregulated	GO:0070727	cellular macromolecule localization	ENSMUSG00000011008	Mcoln2	IEA
CRE upregulated	GO:0070727	cellular macromolecule localization	ENSMUSG00000015243	Abca1	IMP, IEA
CRE upregulated	GO:0070727	cellular macromolecule localization	ENSMUSG00000013089	Etv5	IMP
CRE upregulated	GO:0070727	cellular macromolecule localization	ENSMUSG00000025139	Tollip	IEA
CRE upregulated	GO:0070727	cellular macromolecule localization	ENSMUSG00000025746	Il6	IDA, ISO
CRE upregulated	GO:0070727	cellular macromolecule localization	ENSMUSG00000032231	Anxa2	ISO
CRE upregulated	GO:0070727	cellular macromolecule localization	ENSMUSG00000047368	Abhd17b	IMP
CRE upregulated	GO:0070727	cellular macromolecule localization	ENSMUSG00000021843	Ktn1	IEA
CRE upregulated	GO:0070727	cellular macromolecule localization	ENSMUSG00000031078	Cttn	IMP, ISS, IEA
CRE upregulated	GO:0070727	cellular macromolecule localization	ENSMUSG00000040312	Cchcr1	IDA, IBA
CRE upregulated	GO:0070727	cellular macromolecule localization	ENSMUSG00000037062	Sh3glb1	IMP, IEA
CRE upregulated	GO:0070727	cellular macromolecule localization	ENSMUSG00000034247	Plekhm1	IEA
CRE upregulated	GO:0070727	cellular macromolecule localization	ENSMUSG00000024772	Ehd1	ISS, IBA, IEA
CRE upregulated	GO:0070727	cellular macromolecule localization	ENSMUSG00000027293	Ehd4	IBA
CRE upregulated	GO:0070727	cellular macromolecule localization	ENSMUSG00000035392	Dennd1a	IEA
CRE upregulated	GO:0070727	cellular macromolecule localization	ENSMUSG00000020580	Rock2	IEA
CRE upregulated	GO:0070727	cellular macromolecule localization	ENSMUSG00000033039	Micall1	ISS, ISO, IEA
CRE upregulated	GO:0070727	cellular macromolecule localization	ENSMUSG00000007458	M6pr	IDA, IBA, TAS, IEA
CRE upregulated	GO:0070727	cellular macromolecule localization	ENSMUSG00000001507	Itga3	ISS, IEA
CRE upregulated	GO:0070727	cellular macromolecule localization	ENSMUSG00000025408	Ddit3	IDA
CRE upregulated	GO:0070727	cellular macromolecule localization	ENSMUSG00000032078	Zpr1	IMP, ISS, IBA, IEA
CRE upregulated	GO:0070727	cellular macromolecule localization	ENSMUSG00000035199	Arl6ip5	IMP, ISO, IEA
CRE upregulated	GO:0070727	cellular macromolecule localization	ENSMUSG00000001847	Rac1	IDA, IMP, IGI, ISO
CRE upregulated	GO:0070727	cellular macromolecule localization	ENSMUSG00000042121	Ssh1	ISO, IEA
CRE upregulated	GO:0070727	cellular macromolecule localization	ENSMUSG00000018909	Arrb1	IMP, IEA
CRE upregulated	GO:0070727	cellular macromolecule localization	ENSMUSG00000024349	Sting1	IEA
CRE upregulated	GO:0070727	cellular macromolecule localization	ENSMUSG00000024521	Pmaip1	IMP
CRE upregulated	GO:0070727	cellular macromolecule localization	ENSMUSG00000027455	Nsfl1c	IEA
CRE upregulated	GO:0070727	cellular macromolecule localization	ENSMUSG00000057531	Dtnbp1	IMP
CRE upregulated	GO:0070727	cellular macromolecule localization	ENSMUSG00000004768	Rab23	IEA
CRE upregulated	GO:0070727	cellular macromolecule localization	ENSMUSG00000015837	Sqstm1	IDA, IMP, ISS, IEA
CRE upregulated	GO:0070727	cellular macromolecule localization	ENSMUSG00000029131	Dnajb6	IMP, IEA
CRE upregulated	GO:0070727	cellular macromolecule localization	ENSMUSG00000036057	Ptpn23	IBA, IEA
CRE upregulated	GO:0070727	cellular macromolecule localization	ENSMUSG00000032502	Stac	IMP, IBA
CRE upregulated	GO:0070727	cellular macromolecule localization	ENSMUSG00000022433	Csnk1e	IDA, IMP, IEA
CRE upregulated	GO:0070727	cellular macromolecule localization	ENSMUSG00000030616	Sytl2	IDA, IEA
CRE upregulated	GO:0070727	cellular macromolecule localization	ENSMUSG00000047604	Frat2	ISS
CRE upregulated	GO:0070727	cellular macromolecule localization	ENSMUSG00000023032	Slc4a8	ISO, IEA
CRE upregulated	GO:0070727	cellular macromolecule localization	ENSMUSG00000024789	Jak2	ISS, ISO, IEA
CRE upregulated	GO:0070727	cellular macromolecule localization	ENSMUSG00000038949	Cnst	ISS, IBA, IEA
CRE upregulated	GO:0070727	cellular macromolecule localization	ENSMUSG00000004040	ENSMUSG00000004040	ISS, IEA
CRE upregulated	GO:0070727	cellular macromolecule localization	ENSMUSG00000022555	Dgat1	ISO
CRE upregulated	GO:0070727	cellular macromolecule localization	ENSMUSG00000029578	Wipi2	IPI, IBA, IEA
CRE upregulated	GO:0070727	cellular macromolecule localization	ENSMUSG00000109511	Nup62	ISO, IBA, IEA
CRE upregulated	GO:0070727	cellular macromolecule localization	ENSMUSG00000004347	ENSMUSG00000004347	ISO
CRE upregulated	GO:0070727	cellular macromolecule localization	ENSMUSG00000033769	Exoc6b	IEA
CRE upregulated	GO:0070727	cellular macromolecule localization	ENSMUSG00000050335	Lgals3	IEA
CRE upregulated	GO:0070727	cellular macromolecule localization	ENSMUSG00000027797	Dclk1	IDA
CRE upregulated	GO:0070727	cellular macromolecule localization	ENSMUSG00000020358	Hnrnpab	ISO
CRE upregulated	GO:0070727	cellular macromolecule localization	ENSMUSG00000036882	ENSMUSG00000036882	IEA
CRE upregulated	GO:0070727	cellular macromolecule localization	ENSMUSG00000026426	ENSMUSG00000026426	IEA
CRE upregulated	GO:0070727	cellular macromolecule localization	ENSMUSG00000024803	Ankrd1	IEA
CRE upregulated	GO:0070727	cellular macromolecule localization	ENSMUSG00000021306	Gpr137b	IEA
CRE upregulated	GO:0070727	cellular macromolecule localization	ENSMUSG00000019188	ENSMUSG00000019188	IEA
CRE upregulated	GO:0070727	cellular macromolecule localization	ENSMUSG00000036206	Sh3bp4	ISS, IEA
CRE upregulated	GO:0070727	cellular macromolecule localization	ENSMUSG00000025793	ENSMUSG00000025793	IEA
CRE upregulated	GO:0070727	cellular macromolecule localization	ENSMUSG00000027692	Tnik	IDA, IMP, IEA
CRE upregulated	GO:0070727	cellular macromolecule localization	ENSMUSG00000026718	ENSMUSG00000026718	IBA, IEA
CRE upregulated	GO:0070727	cellular macromolecule localization	ENSMUSG00000028893	Sesn2	ISS, ISO, IEA
CRE upregulated	GO:0070727	cellular macromolecule localization	ENSMUSG00000029071	ENSMUSG00000029071	IMP, IGI, IEA
CRE upregulated	GO:0070727	cellular macromolecule localization	ENSMUSG00000042743	Sgtb	IBA
CRE upregulated	GO:0070727	cellular macromolecule localization	ENSMUSG00000044453	Ffar1	IDA, IMP, ISO, IBA
CRE upregulated	GO:0070727	cellular macromolecule localization	ENSMUSG00000032902	Slc16a1	IMP
CRE upregulated	GO:0070727	cellular macromolecule localization	ENSMUSG00000024335	Brd2	IDA, IEA
CRE upregulated	GO:0070727	cellular macromolecule localization	ENSMUSG00000026074	Map4k4	IEA
CRE upregulated	GO:0070727	cellular macromolecule localization	ENSMUSG00000049866	Arl4c	IBA
CRE upregulated	GO:0070727	cellular macromolecule localization	ENSMUSG00000025162	ENSMUSG00000025162	IEA
CRE upregulated	GO:0070727	cellular macromolecule localization	ENSMUSG00000031278	ENSMUSG00000031278	ISS, ISO
CRE upregulated	GO:0070727	cellular macromolecule localization	ENSMUSG00000053175	Bcl3	IEA
CRE upregulated	GO:0070727	cellular macromolecule localization	ENSMUSG00000037815	Ctnna1	IMP
CRE upregulated	GO:0070727	cellular macromolecule localization	ENSMUSG00000023307	Marchf5	IEA
CRE upregulated	GO:0070727	cellular macromolecule localization	ENSMUSG00000025340	Rabgef1	IEA
CRE upregulated	GO:0070727	cellular macromolecule localization	ENSMUSG00000021587	Pcsk1	ISO, IEA
CRE upregulated	GO:0070727	cellular macromolecule localization	ENSMUSG00000004530	ENSMUSG00000004530	IMP, IGI
CRE upregulated	GO:0070727	cellular macromolecule localization	ENSMUSG00000044147	Arf6	IDA, IMP, ISS, IBA, TAS, IEA
CRE upregulated	GO:0070727	cellular macromolecule localization	ENSMUSG00000030662	ENSMUSG00000030662	IDA, IMP, IBA, IEA
CRE upregulated	GO:0070727	cellular macromolecule localization	ENSMUSG00000011877	Git1	ISO
CRE upregulated	GO:0070727	cellular macromolecule localization	ENSMUSG00000059991	ENSMUSG00000059991	ISO
CRE upregulated	GO:0070727	cellular macromolecule localization	ENSMUSG00000062234	ENSMUSG00000062234	IEA
CRE upregulated	GO:0070727	cellular macromolecule localization	ENSMUSG00000007411	ENSMUSG00000007411	ISS, IEA
CRE upregulated	GO:0070727	cellular macromolecule localization	ENSMUSG00000047281	ENSMUSG00000047281	IDA, ISS, IBA, IEA
CRE upregulated	GO:0070727	cellular macromolecule localization	ENSMUSG00000025351	Cd63	ISO, IEA
CRE upregulated	GO:0070727	cellular macromolecule localization	ENSMUSG00000019842	ENSMUSG00000019842	IDA
CRE upregulated	GO:0070727	cellular macromolecule localization	ENSMUSG00000044465	ENSMUSG00000044465	ISS, IEA
CRE upregulated	GO:0070727	cellular macromolecule localization	ENSMUSG00000016534	ENSMUSG00000016534	IMP, ISO, IBA, IEA
CRE upregulated	GO:0070727	cellular macromolecule localization	ENSMUSG00000070056	ENSMUSG00000070056	ISS, IEA
CRE upregulated	GO:0070727	cellular macromolecule localization	ENSMUSG00000029110	ENSMUSG00000029110	IEA
CRE upregulated	GO:0070727	cellular macromolecule localization	ENSMUSG00000048668	Rhno1	IEA
CRE upregulated	GO:0070727	cellular macromolecule localization	ENSMUSG00000022656	ENSMUSG00000022656	IDA, IMP
CRE upregulated	GO:0070727	cellular macromolecule localization	ENSMUSG00000001552	ENSMUSG00000001552	IEA
CRE upregulated	GO:0070727	cellular macromolecule localization	ENSMUSG00000020671	ENSMUSG00000020671	IMP, ISS, IBA, TAS, IEA
CRE upregulated	GO:0070727	cellular macromolecule localization	ENSMUSG00000047547	Cltb	IEA
CRE upregulated	GO:0070727	cellular macromolecule localization	ENSMUSG00000020594	ENSMUSG00000020594	ISO, IEA
CRE upregulated	GO:0070727	cellular macromolecule localization	ENSMUSG00000008859	ENSMUSG00000008859	ISS, IEA
CRE upregulated	GO:0070727	cellular macromolecule localization	ENSMUSG00000038467	ENSMUSG00000038467	IEA
CRE upregulated	GO:0070727	cellular macromolecule localization	ENSMUSG00000037553	ENSMUSG00000037553	IDA, IBA
CRE upregulated	GO:0070727	cellular macromolecule localization	ENSMUSG00000026864	ENSMUSG00000026864	ISS, IEA
CRE upregulated	GO:0070727	cellular macromolecule localization	ENSMUSG00000002633	Shh	IDA, IGI, IEA
CRE upregulated	GO:0070727	cellular macromolecule localization	ENSMUSG00000028680	ENSMUSG00000028680	IEA
CRE upregulated	GO:0070727	cellular macromolecule localization	ENSMUSG00000053581	ENSMUSG00000053581	IBA
CRE upregulated	GO:0070727	cellular macromolecule localization	ENSMUSG00000039671	ENSMUSG00000039671	ISO, IEA
CRE upregulated	GO:0070727	cellular macromolecule localization	ENSMUSG00000061244	ENSMUSG00000061244	IMP, IEA
CRE upregulated	GO:0070727	cellular macromolecule localization	ENSMUSG00000056050	ENSMUSG00000056050	IEA
CRE upregulated	GO:0070727	cellular macromolecule localization	ENSMUSG00000040652	ENSMUSG00000040652	IDA
CRE upregulated	GO:0070727	cellular macromolecule localization	ENSMUSG00000028291	ENSMUSG00000028291	ISS, IEA
CRE upregulated	GO:0070727	cellular macromolecule localization	ENSMUSG00000078676	ENSMUSG00000078676	IDA
CRE upregulated	GO:0070727	cellular macromolecule localization	ENSMUSG00000051209	ENSMUSG00000051209	IDA
CRE upregulated	GO:0070727	cellular macromolecule localization	ENSMUSG00000019843	ENSMUSG00000019843	IDA, IMP, IGI
CRE upregulated	GO:0070727	cellular macromolecule localization	ENSMUSG00000027646	ENSMUSG00000027646	IGI, ISO, IEA
CRE upregulated	GO:0070727	cellular macromolecule localization	ENSMUSG00000042532	ENSMUSG00000042532	IBA
CRE upregulated	GO:0070727	cellular macromolecule localization	ENSMUSG00000052316	ENSMUSG00000052316	IEA
CRE upregulated	GO:0070727	cellular macromolecule localization	ENSMUSG00000046761	ENSMUSG00000046761	ISS, IBA, IEA
CRE upregulated	GO:0070727	cellular macromolecule localization	ENSMUSG00000055067	ENSMUSG00000055067	IMP
CRE upregulated	GO:0070727	cellular macromolecule localization	ENSMUSG00000036667	ENSMUSG00000036667	IBA, IEA
CRE upregulated	GO:0070727	cellular macromolecule localization	ENSMUSG00000049550	ENSMUSG00000049550	IMP
CRE upregulated	GO:0070727	cellular macromolecule localization	ENSMUSG00000019998	ENSMUSG00000019998	IEA
CRE upregulated	GO:0048513	animal organ development	ENSMUSG00000026628	Atf3	IMP
CRE upregulated	GO:0048513	animal organ development	ENSMUSG00000051379	Flrt3	IMP
CRE upregulated	GO:0048513	animal organ development	ENSMUSG00000052684	Jun	IMP
CRE upregulated	GO:0048513	animal organ development	ENSMUSG00000063632	Sox11	IMP, IBA, IEA
CRE upregulated	GO:0048513	animal organ development	ENSMUSG00000019647	Sema6a	IBA
CRE upregulated	GO:0048513	animal organ development	ENSMUSG00000037428	Vgf	IMP
CRE upregulated	GO:0048513	animal organ development	ENSMUSG00000046223	Plaur	ISO
CRE upregulated	GO:0048513	animal organ development	ENSMUSG00000031574	Star	IEA
CRE upregulated	GO:0048513	animal organ development	ENSMUSG00000025473	Adam8	IMP
CRE upregulated	GO:0048513	animal organ development	ENSMUSG00000030898	Cckbr	IMP
CRE upregulated	GO:0048513	animal organ development	ENSMUSG00000037447	Arid5a	IDA
CRE upregulated	GO:0048513	animal organ development	ENSMUSG00000030102	Itpr1	ISO
CRE upregulated	GO:0048513	animal organ development	ENSMUSG00000032515	Csrnp1	IMP
CRE upregulated	GO:0048513	animal organ development	ENSMUSG00000025089	Gfra1	IEA
CRE upregulated	GO:0048513	animal organ development	ENSMUSG00000021765	Fst	IMP, ISO, IEA
CRE upregulated	GO:0048513	animal organ development	ENSMUSG00000040151	Hs2st1	IMP
CRE upregulated	GO:0048513	animal organ development	ENSMUSG00000037705	Tecta	IGI
CRE upregulated	GO:0048513	animal organ development	ENSMUSG00000014599	Csf1	IMP
CRE upregulated	GO:0048513	animal organ development	ENSMUSG00000023067	Cdkn1a	IMP, IGI
CRE upregulated	GO:0048513	animal organ development	ENSMUSG00000028226	Mmp16	IGI
CRE upregulated	GO:0048513	animal organ development	ENSMUSG00000031074	Fgf3	IEA
CRE upregulated	GO:0048513	animal organ development	ENSMUSG00000004846	Plod3	IMP
CRE upregulated	GO:0048513	animal organ development	ENSMUSG00000031681	Smad1	IDA, IMP, IGI, IEP, IEA
CRE upregulated	GO:0048513	animal organ development	ENSMUSG00000050989	Selenon	IMP, IBA
CRE upregulated	GO:0048513	animal organ development	ENSMUSG00000035673	Sbno2	IMP
CRE upregulated	GO:0048513	animal organ development	ENSMUSG00000058153	Sez6l	IGI
CRE upregulated	GO:0048513	animal organ development	ENSMUSG00000003644	Rps6ka1	IDA
CRE upregulated	GO:0048513	animal organ development	ENSMUSG00000029378	Areg	IMP, IGI
CRE upregulated	GO:0048513	animal organ development	ENSMUSG00000005087	Cd44	IEA
CRE upregulated	GO:0048513	animal organ development	ENSMUSG00000026836	Acvr1	IMP, IBA, IEA
CRE upregulated	GO:0048513	animal organ development	ENSMUSG00000048482	Bdnf	IDA, IMP, ISO
CRE upregulated	GO:0048513	animal organ development	ENSMUSG00000024256	Adcyap1	ISO, IEA
CRE upregulated	GO:0048513	animal organ development	ENSMUSG00000018736	Ndel1	IMP
CRE upregulated	GO:0048513	animal organ development	ENSMUSG00000002250	Ppard	IMP
CRE upregulated	GO:0048513	animal organ development	ENSMUSG00000027198	Ext2	IMP, IGI
CRE upregulated	GO:0048513	animal organ development	ENSMUSG00000037638	Zbtb42	ISS, IEA
CRE upregulated	GO:0048513	animal organ development	ENSMUSG00000038894	Irs2	IMP, IGI
CRE upregulated	GO:0048513	animal organ development	ENSMUSG00000037568	Vash2	IMP
CRE upregulated	GO:0048513	animal organ development	ENSMUSG00000039473	Ubn1	TAS
CRE upregulated	GO:0048513	animal organ development	ENSMUSG00000025337	Sbds	IEA
CRE upregulated	GO:0048513	animal organ development	ENSMUSG00000031545	Gpat4	IMP
CRE upregulated	GO:0048513	animal organ development	ENSMUSG00000005069	Pex5	IMP
CRE upregulated	GO:0048513	animal organ development	ENSMUSG00000045136	Tubb2b	IMP
CRE upregulated	GO:0048513	animal organ development	ENSMUSG00000011179	Odc1	IMP
CRE upregulated	GO:0048513	animal organ development	ENSMUSG00000028063	Lmna	IMP, ISS, ISO
CRE upregulated	GO:0048513	animal organ development	ENSMUSG00000050359	Sprr1a	IEA
CRE upregulated	GO:0048513	animal organ development	ENSMUSG00000026675	Hsd17b7	IMP
CRE upregulated	GO:0048513	animal organ development	ENSMUSG00000001420	Tmem79	IMP
CRE upregulated	GO:0048513	animal organ development	ENSMUSG00000028645	Slc2a1	IEA
CRE upregulated	GO:0048513	animal organ development	ENSMUSG00000053436	Mapk14	IDA, IMP, IGI
CRE upregulated	GO:0048513	animal organ development	ENSMUSG00000025809	Itgb1	IMP, IEA
CRE upregulated	GO:0048513	animal organ development	ENSMUSG00000048490	Nrip1	IMP
CRE upregulated	GO:0048513	animal organ development	ENSMUSG00000013089	Etv5	IDA
CRE upregulated	GO:0048513	animal organ development	ENSMUSG00000020592	Sdc1	IEA
CRE upregulated	GO:0048513	animal organ development	ENSMUSG00000025746	Il6	IDA, IMP, ISO
CRE upregulated	GO:0048513	animal organ development	ENSMUSG00000032231	Anxa2	IMP, IEA
CRE upregulated	GO:0048513	animal organ development	ENSMUSG00000024014	Pim1	IEA
CRE upregulated	GO:0048513	animal organ development	ENSMUSG00000020580	Rock2	IEA
CRE upregulated	GO:0048513	animal organ development	ENSMUSG00000059923	Grb2	IMP
CRE upregulated	GO:0048513	animal organ development	ENSMUSG00000042406	Atf4	IMP
CRE upregulated	GO:0048513	animal organ development	ENSMUSG00000055078	Gabra5	IMP
CRE upregulated	GO:0048513	animal organ development	ENSMUSG00000020271	Fbxw11	IBA
CRE upregulated	GO:0048513	animal organ development	ENSMUSG00000020838	Slc6a4	IMP, ISO, IEA
CRE upregulated	GO:0048513	animal organ development	ENSMUSG00000001507	Itga3	IEA
CRE upregulated	GO:0048513	animal organ development	ENSMUSG00000031628	Casp3	IMP, IGI, IBA, IEA
CRE upregulated	GO:0048513	animal organ development	ENSMUSG00000001847	Rac1	IDA, IMP, IGI
CRE upregulated	GO:0048513	animal organ development	ENSMUSG00000018909	Arrb1	ISO
CRE upregulated	GO:0048513	animal organ development	ENSMUSG00000026317	Cln8	IMP
CRE upregulated	GO:0048513	animal organ development	ENSMUSG00000044667	Plppr4	IDA
CRE upregulated	GO:0048513	animal organ development	ENSMUSG00000054008	Ndst1	IMP, IGI
CRE upregulated	GO:0048513	animal organ development	ENSMUSG00000057531	Dtnbp1	IMP, TAS, IEA
CRE upregulated	GO:0048513	animal organ development	ENSMUSG00000004768	Rab23	IEA
CRE upregulated	GO:0048513	animal organ development	ENSMUSG00000022951	Rcan1	IDA
CRE upregulated	GO:0048513	animal organ development	ENSMUSG00000029131	Dnajb6	IMP
CRE upregulated	GO:0048513	animal organ development	ENSMUSG00000029765	Plxna4	IMP, IGI
CRE upregulated	GO:0048513	animal organ development	ENSMUSG00000022346	Myc	IMP
CRE upregulated	GO:0048513	animal organ development	ENSMUSG00000053113	Socs3	IMP
CRE upregulated	GO:0048513	animal organ development	ENSMUSG00000036437	Npy1r	IEA
CRE upregulated	GO:0048513	animal organ development	ENSMUSG00000027954	Efna1	IMP, IGI
CRE upregulated	GO:0048513	animal organ development	ENSMUSG00000055809	Dnaaf3	IMP
CRE upregulated	GO:0048513	animal organ development	ENSMUSG00000024789	Jak2	IMP
CRE upregulated	GO:0048513	animal organ development	ENSMUSG00000004040	ENSMUSG00000004040	IMP
CRE upregulated	GO:0048513	animal organ development	ENSMUSG00000042292	Mrtfa	IGI
CRE upregulated	GO:0048513	animal organ development	ENSMUSG00000020027	Socs2	IMP, IGI
CRE upregulated	GO:0048513	animal organ development	ENSMUSG00000103523	2210017I01Rik	IEA
CRE upregulated	GO:0048513	animal organ development	ENSMUSG00000029135	Fosl2	IDA, IMP
CRE upregulated	GO:0048513	animal organ development	ENSMUSG00000030223	ENSMUSG00000030223	IMP, ISS, IBA, IEA
CRE upregulated	GO:0048513	animal organ development	ENSMUSG00000027797	Dclk1	IMP, IGI, IEA
CRE upregulated	GO:0048513	animal organ development	ENSMUSG00000031960	Aars1	IMP
CRE upregulated	GO:0048513	animal organ development	ENSMUSG00000020358	Hnrnpab	IDA
CRE upregulated	GO:0048513	animal organ development	ENSMUSG00000003762	Coq8b	IEA
CRE upregulated	GO:0048513	animal organ development	ENSMUSG00000030029	Lrig1	IGI
CRE upregulated	GO:0048513	animal organ development	ENSMUSG00000021360	ENSMUSG00000021360	IMP, IEA
CRE upregulated	GO:0048513	animal organ development	ENSMUSG00000059316	Slc27a4	IMP
CRE upregulated	GO:0048513	animal organ development	ENSMUSG00000024803	Ankrd1	IMP, IEA
CRE upregulated	GO:0048513	animal organ development	ENSMUSG00000024912	Fosl1	IMP
CRE upregulated	GO:0048513	animal organ development	ENSMUSG00000024927	Rela	IMP, ISO
CRE upregulated	GO:0048513	animal organ development	ENSMUSG00000042608	Stk40	IMP
CRE upregulated	GO:0048513	animal organ development	ENSMUSG00000055044	Pdlim1	IBA
CRE upregulated	GO:0048513	animal organ development	ENSMUSG00000024238	Zeb1	IMP, IEA
CRE upregulated	GO:0048513	animal organ development	ENSMUSG00000038861	Pi4kb	ISS, IEA
CRE upregulated	GO:0048513	animal organ development	ENSMUSG00000024947	Men1	IMP, ISO
CRE upregulated	GO:0048513	animal organ development	ENSMUSG00000067006	ENSMUSG00000067006	IMP
CRE upregulated	GO:0048513	animal organ development	ENSMUSG00000029071	ENSMUSG00000029071	IMP, IGI
CRE upregulated	GO:0048513	animal organ development	ENSMUSG00000022125	Cln5	ISS, IEA
CRE upregulated	GO:0048513	animal organ development	ENSMUSG00000064210	ENSMUSG00000064210	IMP, IEA
CRE upregulated	GO:0048513	animal organ development	ENSMUSG00000027919	Lce1g	IEA
CRE upregulated	GO:0048513	animal organ development	ENSMUSG00000031168	ENSMUSG00000031168	IEA
CRE upregulated	GO:0048513	animal organ development	ENSMUSG00000037876	Jmjd1c	IMP
CRE upregulated	GO:0048513	animal organ development	ENSMUSG00000071637	Cebpd	IDA
CRE upregulated	GO:0048513	animal organ development	ENSMUSG00000025162	ENSMUSG00000025162	IGI
CRE upregulated	GO:0048513	animal organ development	ENSMUSG00000010660	Plcd1	IGI
CRE upregulated	GO:0048513	animal organ development	ENSMUSG00000052921	Arhgef15	IMP
CRE upregulated	GO:0048513	animal organ development	ENSMUSG00000031668	ENSMUSG00000031668	IEA
CRE upregulated	GO:0048513	animal organ development	ENSMUSG00000053175	Bcl3	IMP
CRE upregulated	GO:0048513	animal organ development	ENSMUSG00000037815	Ctnna1	IEA
CRE upregulated	GO:0048513	animal organ development	ENSMUSG00000020349	ENSMUSG00000020349	IEA
CRE upregulated	GO:0048513	animal organ development	ENSMUSG00000039108	ENSMUSG00000039108	IMP
CRE upregulated	GO:0048513	animal organ development	ENSMUSG00000029752	ENSMUSG00000029752	IEA
CRE upregulated	GO:0048513	animal organ development	ENSMUSG00000021587	Pcsk1	IEA
CRE upregulated	GO:0048513	animal organ development	ENSMUSG00000028599	Tnfrsf1b	IGI
CRE upregulated	GO:0048513	animal organ development	ENSMUSG00000004530	ENSMUSG00000004530	IMP, IBA, IEA
CRE upregulated	GO:0048513	animal organ development	ENSMUSG00000044147	Arf6	IMP
CRE upregulated	GO:0048513	animal organ development	ENSMUSG00000011877	Git1	IMP, IBA, IEA
CRE upregulated	GO:0048513	animal organ development	ENSMUSG00000024270	ENSMUSG00000024270	IDA, IEA
CRE upregulated	GO:0048513	animal organ development	ENSMUSG00000040046	Tph1	IMP
CRE upregulated	GO:0048513	animal organ development	ENSMUSG00000052512	ENSMUSG00000052512	IMP
CRE upregulated	GO:0048513	animal organ development	ENSMUSG00000009566	Fpgs	IEA
CRE upregulated	GO:0048513	animal organ development	ENSMUSG00000008435	Rdh13	IMP
CRE upregulated	GO:0048513	animal organ development	ENSMUSG00000052837	ENSMUSG00000052837	IMP
CRE upregulated	GO:0048513	animal organ development	ENSMUSG00000047281	ENSMUSG00000047281	IMP, IGI
CRE upregulated	GO:0048513	animal organ development	ENSMUSG00000021796	Bmpr1a	IDA, IMP, IGI, IEA
CRE upregulated	GO:0048513	animal organ development	ENSMUSG00000019842	ENSMUSG00000019842	IDA, IMP
CRE upregulated	GO:0048513	animal organ development	ENSMUSG00000024750	ENSMUSG00000024750	IMP
CRE upregulated	GO:0048513	animal organ development	ENSMUSG00000027465	Tbc1d20	IMP
CRE upregulated	GO:0048513	animal organ development	ENSMUSG00000045763	ENSMUSG00000045763	IDA
CRE upregulated	GO:0048513	animal organ development	ENSMUSG00000037860	Aim2	IDA
CRE upregulated	GO:0048513	animal organ development	ENSMUSG00000039191	Rbpj	IMP, IGI, TAS, IEA
CRE upregulated	GO:0048513	animal organ development	ENSMUSG00000022656	ENSMUSG00000022656	IMP
CRE upregulated	GO:0048513	animal organ development	ENSMUSG00000035725	ENSMUSG00000035725	ISS, IEA
CRE upregulated	GO:0048513	animal organ development	ENSMUSG00000001552	ENSMUSG00000001552	IMP
CRE upregulated	GO:0048513	animal organ development	ENSMUSG00000040010	Slc7a5	IEA
CRE upregulated	GO:0048513	animal organ development	ENSMUSG00000022858	ENSMUSG00000022858	IMP
CRE upregulated	GO:0048513	animal organ development	ENSMUSG00000027997	Casp6	ISO
CRE upregulated	GO:0048513	animal organ development	ENSMUSG00000058354	Krt6a	IGI, IBA
CRE upregulated	GO:0048513	animal organ development	ENSMUSG00000061947	ENSMUSG00000061947	IEA
CRE upregulated	GO:0048513	animal organ development	ENSMUSG00000020594	ENSMUSG00000020594	IDA
CRE upregulated	GO:0048513	animal organ development	ENSMUSG00000011256	ENSMUSG00000011256	IMP, ISS
CRE upregulated	GO:0048513	animal organ development	ENSMUSG00000008730	Hipk1	IMP
CRE upregulated	GO:0048513	animal organ development	ENSMUSG00000022094	ENSMUSG00000022094	IMP
CRE upregulated	GO:0048513	animal organ development	ENSMUSG00000059743	ENSMUSG00000059743	ISO
CRE upregulated	GO:0048513	animal organ development	ENSMUSG00000066595	ENSMUSG00000066595	IMP
CRE upregulated	GO:0048513	animal organ development	ENSMUSG00000020097	ENSMUSG00000020097	IMP
CRE upregulated	GO:0048513	animal organ development	ENSMUSG00000028826	ENSMUSG00000028826	IEP
CRE upregulated	GO:0048513	animal organ development	ENSMUSG00000032508	Myd88	IMP
CRE upregulated	GO:0048513	animal organ development	ENSMUSG00000026864	ENSMUSG00000026864	IMP
CRE upregulated	GO:0048513	animal organ development	ENSMUSG00000002633	Shh	IDA, IMP, IGI, ISO, TAS, IEA
CRE upregulated	GO:0048513	animal organ development	ENSMUSG00000005089	Slc1a2	IMP
CRE upregulated	GO:0048513	animal organ development	ENSMUSG00000029145	ENSMUSG00000029145	ISS, IEA
CRE upregulated	GO:0048513	animal organ development	ENSMUSG00000028291	ENSMUSG00000028291	IMP
CRE upregulated	GO:0048513	animal organ development	ENSMUSG00000037411	Serpine1	IEA
CRE upregulated	GO:0048513	animal organ development	ENSMUSG00000037465	Klf10	IMP
CRE upregulated	GO:0048513	animal organ development	ENSMUSG00000024613	ENSMUSG00000024613	ISS, IEA
CRE upregulated	GO:0048513	animal organ development	ENSMUSG00000019843	ENSMUSG00000019843	IMP, IGI
CRE upregulated	GO:0048513	animal organ development	ENSMUSG00000027646	ENSMUSG00000027646	IMP, IGI, ISO, IEA
CRE upregulated	GO:0048513	animal organ development	ENSMUSG00000046761	ENSMUSG00000046761	IEA
CRE upregulated	GO:0048513	animal organ development	ENSMUSG00000031073	Fgf15	IMP, IBA, IEA
CRE upregulated	GO:0048513	animal organ development	ENSMUSG00000027433	ENSMUSG00000027433	IEA
CRE upregulated	GO:0048513	animal organ development	ENSMUSG00000021477	ENSMUSG00000021477	IMP, IGI, ISS
CRE upregulated	GO:0048513	animal organ development	ENSMUSG00000000627	ENSMUSG00000000627	IBA
CRE upregulated	GO:0048513	animal organ development	ENSMUSG00000074656	Eif2s2	IMP
CRE upregulated	GO:0048513	animal organ development	ENSMUSG00000024907	Gal	IEA
CRE upregulated	GO:0048513	animal organ development	ENSMUSG00000053797	ENSMUSG00000053797	IDA, IMP
CRE upregulated	GO:0048513	animal organ development	ENSMUSG00000029475	ENSMUSG00000029475	IMP
CRE upregulated	GO:0048468	cell development	ENSMUSG00000051379	Flrt3	IMP, ISS, ISO, IEA
CRE upregulated	GO:0048468	cell development	ENSMUSG00000052684	Jun	IDA, IMP, ISO
CRE upregulated	GO:0048468	cell development	ENSMUSG00000063632	Sox11	IDA, IMP, IEA
CRE upregulated	GO:0048468	cell development	ENSMUSG00000019647	Sema6a	IMP, IBA, NAS
CRE upregulated	GO:0048468	cell development	ENSMUSG00000031574	Star	ISO, IEA
CRE upregulated	GO:0048468	cell development	ENSMUSG00000004951	Hspb1	ISO
CRE upregulated	GO:0048468	cell development	ENSMUSG00000025473	Adam8	IDA, TAS, NAS
CRE upregulated	GO:0048468	cell development	ENSMUSG00000022044	Stmn4	IBA
CRE upregulated	GO:0048468	cell development	ENSMUSG00000046731	Kctd11	IDA
CRE upregulated	GO:0048468	cell development	ENSMUSG00000056749	Nfil3	IMP
CRE upregulated	GO:0048468	cell development	ENSMUSG00000030748	Il4ra	IGI
CRE upregulated	GO:0048468	cell development	ENSMUSG00000023905	Tnfrsf12a	IDA
CRE upregulated	GO:0048468	cell development	ENSMUSG00000030102	Itpr1	ISO
CRE upregulated	GO:0048468	cell development	ENSMUSG00000025089	Gfra1	ISO, IEA
CRE upregulated	GO:0048468	cell development	ENSMUSG00000021765	Fst	IEA
CRE upregulated	GO:0048468	cell development	ENSMUSG00000030256	Bhlhe41	IBA
CRE upregulated	GO:0048468	cell development	ENSMUSG00000037705	Tecta	IGI
CRE upregulated	GO:0048468	cell development	ENSMUSG00000014599	Csf1	IDA, IMP, IGI, ISO, IBA, IEA
CRE upregulated	GO:0048468	cell development	ENSMUSG00000027495	Fam210b	ISS, IEA
CRE upregulated	GO:0048468	cell development	ENSMUSG00000030272	Camk1	ISS, IEA
CRE upregulated	GO:0048468	cell development	ENSMUSG00000004846	Plod3	IMP
CRE upregulated	GO:0048468	cell development	ENSMUSG00000050989	Selenon	IMP, IBA
CRE upregulated	GO:0048468	cell development	ENSMUSG00000035673	Sbno2	IMP, IBA
CRE upregulated	GO:0048468	cell development	ENSMUSG00000024261	Syt4	IMP, IEA
CRE upregulated	GO:0048468	cell development	ENSMUSG00000029378	Areg	ISO, IEA
CRE upregulated	GO:0048468	cell development	ENSMUSG00000042688	Mapk6	IGI
CRE upregulated	GO:0048468	cell development	ENSMUSG00000026836	Acvr1	IMP
CRE upregulated	GO:0048468	cell development	ENSMUSG00000068566	Myadm	IEA
CRE upregulated	GO:0048468	cell development	ENSMUSG00000048482	Bdnf	IDA, IMP, IGI, ISO, IBA, IEA
CRE upregulated	GO:0048468	cell development	ENSMUSG00000024256	Adcyap1	ISS, ISO, IBA, IEA
CRE upregulated	GO:0048468	cell development	ENSMUSG00000018736	Ndel1	IMP, IGI, ISO, IBA
CRE upregulated	GO:0048468	cell development	ENSMUSG00000018507	Trpv2	IMP
CRE upregulated	GO:0048468	cell development	ENSMUSG00000037568	Vash2	ISS, IEA
CRE upregulated	GO:0048468	cell development	ENSMUSG00000025337	Sbds	ISS, IEA
CRE upregulated	GO:0048468	cell development	ENSMUSG00000031545	Gpat4	IMP
CRE upregulated	GO:0048468	cell development	ENSMUSG00000005069	Pex5	IMP
CRE upregulated	GO:0048468	cell development	ENSMUSG00000029518	Rab35	IMP
CRE upregulated	GO:0048468	cell development	ENSMUSG00000045136	Tubb2b	ISS, IEA
CRE upregulated	GO:0048468	cell development	ENSMUSG00000054855	Rnd1	IEA
CRE upregulated	GO:0048468	cell development	ENSMUSG00000029201	Ugdh	ISS, IEA
CRE upregulated	GO:0048468	cell development	ENSMUSG00000027540	Ptpn1	IEA
CRE upregulated	GO:0048468	cell development	ENSMUSG00000043895	S1pr2	IEA
CRE upregulated	GO:0048468	cell development	ENSMUSG00000027035	Cers6	IEA
CRE upregulated	GO:0048468	cell development	ENSMUSG00000027583	Zbtb46	IMP
CRE upregulated	GO:0048468	cell development	ENSMUSG00000028063	Lmna	IMP
CRE upregulated	GO:0048468	cell development	ENSMUSG00000001420	Tmem79	IMP
CRE upregulated	GO:0048468	cell development	ENSMUSG00000029121	Crmp1	IEA
CRE upregulated	GO:0048468	cell development	ENSMUSG00000053436	Mapk14	IMP, IEA
CRE upregulated	GO:0048468	cell development	ENSMUSG00000025809	Itgb1	IMP, IGI, ISO
CRE upregulated	GO:0048468	cell development	ENSMUSG00000040025	Ythdf2	IMP, ISS, IEA
CRE upregulated	GO:0048468	cell development	ENSMUSG00000025239	Limd1	IMP
CRE upregulated	GO:0048468	cell development	ENSMUSG00000023030	Slc11a2	IMP
CRE upregulated	GO:0048468	cell development	ENSMUSG00000013089	Etv5	ISO, IEA
CRE upregulated	GO:0048468	cell development	ENSMUSG00000020592	Sdc1	IDA, IEA
CRE upregulated	GO:0048468	cell development	ENSMUSG00000025746	Il6	IDA, IMP, ISO
CRE upregulated	GO:0048468	cell development	ENSMUSG00000032231	Anxa2	IDA, IEA
CRE upregulated	GO:0048468	cell development	ENSMUSG00000031078	Cttn	ISS, ISO
CRE upregulated	GO:0048468	cell development	ENSMUSG00000022607	Ptk2	IMP, ISO
CRE upregulated	GO:0048468	cell development	ENSMUSG00000024014	Pim1	IDA
CRE upregulated	GO:0048468	cell development	ENSMUSG00000037062	Sh3glb1	ISO
CRE upregulated	GO:0048468	cell development	ENSMUSG00000024772	Ehd1	ISS, ISO, IEA
CRE upregulated	GO:0048468	cell development	ENSMUSG00000020580	Rock2	IEA
CRE upregulated	GO:0048468	cell development	ENSMUSG00000020435	Osbp2	IMP
CRE upregulated	GO:0048468	cell development	ENSMUSG00000027613	Eif6	IMP
CRE upregulated	GO:0048468	cell development	ENSMUSG00000033039	Micall1	IMP, ISO
CRE upregulated	GO:0048468	cell development	ENSMUSG00000059923	Grb2	IMP
CRE upregulated	GO:0048468	cell development	ENSMUSG00000042406	Atf4	IMP
CRE upregulated	GO:0048468	cell development	ENSMUSG00000055078	Gabra5	IMP
CRE upregulated	GO:0048468	cell development	ENSMUSG00000017929	B4galt5	IMP
CRE upregulated	GO:0048468	cell development	ENSMUSG00000020271	Fbxw11	IBA
CRE upregulated	GO:0048468	cell development	ENSMUSG00000001507	Itga3	ISO, IEA
CRE upregulated	GO:0048468	cell development	ENSMUSG00000031628	Casp3	ISO, IBA, IEA
CRE upregulated	GO:0048468	cell development	ENSMUSG00000032078	Zpr1	IMP, IBA, IEA
CRE upregulated	GO:0048468	cell development	ENSMUSG00000055407	Map6	ISS, ISO, IBA, IEA
CRE upregulated	GO:0048468	cell development	ENSMUSG00000001847	Rac1	IDA, IMP, IGI, IBA, IEA
CRE upregulated	GO:0048468	cell development	ENSMUSG00000050271	Prag1	ISS, ISO, IEA
CRE upregulated	GO:0048468	cell development	ENSMUSG00000030077	Chl1	IDA, IMP, IEA
CRE upregulated	GO:0048468	cell development	ENSMUSG00000044667	Plppr4	ISO, IBA
CRE upregulated	GO:0048468	cell development	ENSMUSG00000057531	Dtnbp1	IDA, IMP, ISS, ISO, IBA, NAS, IEA
CRE upregulated	GO:0048468	cell development	ENSMUSG00000000134	Tfe3	IGI, IEA
CRE upregulated	GO:0048468	cell development	ENSMUSG00000022951	Rcan1	IDA
CRE upregulated	GO:0048468	cell development	ENSMUSG00000030309	Caprin2	IMP
CRE upregulated	GO:0048468	cell development	ENSMUSG00000001627	Ifrd1	IGI
CRE upregulated	GO:0048468	cell development	ENSMUSG00000015316	Slamf1	IMP
CRE upregulated	GO:0048468	cell development	ENSMUSG00000029765	Plxna4	IMP, IGI, IBA
CRE upregulated	GO:0048468	cell development	ENSMUSG00000022346	Myc	ISS, ISO, IEA
CRE upregulated	GO:0048468	cell development	ENSMUSG00000027954	Efna1	IDA, IBA
CRE upregulated	GO:0048468	cell development	ENSMUSG00000024789	Jak2	IMP, ISS, ISO, IBA, IEA
CRE upregulated	GO:0048468	cell development	ENSMUSG00000004040	ENSMUSG00000004040	IMP, ISS, IEA
CRE upregulated	GO:0048468	cell development	ENSMUSG00000042292	Mrtfa	IGI
CRE upregulated	GO:0048468	cell development	ENSMUSG00000022602	Arc	ISO, IEA
CRE upregulated	GO:0048468	cell development	ENSMUSG00000029135	Fosl2	IDA, IMP
CRE upregulated	GO:0048468	cell development	ENSMUSG00000020395	Itk	IMP, IGI, IBA
CRE upregulated	GO:0048468	cell development	ENSMUSG00000063919	Srrm4	IBA
CRE upregulated	GO:0048468	cell development	ENSMUSG00000030223	ENSMUSG00000030223	IMP, IBA
CRE upregulated	GO:0048468	cell development	ENSMUSG00000027797	Dclk1	IMP, IGI, IBA
CRE upregulated	GO:0048468	cell development	ENSMUSG00000036882	ENSMUSG00000036882	ISO, IEA
CRE upregulated	GO:0048468	cell development	ENSMUSG00000024803	Ankrd1	ISO
CRE upregulated	GO:0048468	cell development	ENSMUSG00000023915	Tnfrsf21	ISO, IEA
CRE upregulated	GO:0048468	cell development	ENSMUSG00000024927	Rela	ISO, IEA
CRE upregulated	GO:0048468	cell development	ENSMUSG00000027692	Tnik	ISS, ISO, IBA, IEA
CRE upregulated	GO:0048468	cell development	ENSMUSG00000024238	Zeb1	IMP
CRE upregulated	GO:0048468	cell development	ENSMUSG00000025279	ENSMUSG00000025279	IDA, IBA
CRE upregulated	GO:0048468	cell development	ENSMUSG00000024947	Men1	IMP, IGI, ISO, IEA
CRE upregulated	GO:0048468	cell development	ENSMUSG00000029071	ENSMUSG00000029071	IDA, IMP, ISO, IEA
CRE upregulated	GO:0048468	cell development	ENSMUSG00000037514	Pank2	IMP
CRE upregulated	GO:0048468	cell development	ENSMUSG00000024777	ENSMUSG00000024777	ISO, IEA
CRE upregulated	GO:0048468	cell development	ENSMUSG00000024335	Brd2	IDA, IEA
CRE upregulated	GO:0048468	cell development	ENSMUSG00000026074	Map4k4	IEA
CRE upregulated	GO:0048468	cell development	ENSMUSG00000031168	ENSMUSG00000031168	IMP
CRE upregulated	GO:0048468	cell development	ENSMUSG00000037876	Jmjd1c	IMP
CRE upregulated	GO:0048468	cell development	ENSMUSG00000071637	Cebpd	IGI
CRE upregulated	GO:0048468	cell development	ENSMUSG00000031278	ENSMUSG00000031278	ISO
CRE upregulated	GO:0048468	cell development	ENSMUSG00000053175	Bcl3	IMP
CRE upregulated	GO:0048468	cell development	ENSMUSG00000030199	Etv6	ISS, IEA
CRE upregulated	GO:0048468	cell development	ENSMUSG00000037815	Ctnna1	IMP, IGI, IEA
CRE upregulated	GO:0048468	cell development	ENSMUSG00000039108	ENSMUSG00000039108	IMP
CRE upregulated	GO:0048468	cell development	ENSMUSG00000028599	Tnfrsf1b	IMP, IBA
CRE upregulated	GO:0048468	cell development	ENSMUSG00000004530	ENSMUSG00000004530	IBA, IEA
CRE upregulated	GO:0048468	cell development	ENSMUSG00000044147	Arf6	IMP, ISO, IBA, IEA
CRE upregulated	GO:0048468	cell development	ENSMUSG00000011877	Git1	IMP, ISO
CRE upregulated	GO:0048468	cell development	ENSMUSG00000008435	Rdh13	IMP
CRE upregulated	GO:0048468	cell development	ENSMUSG00000062234	ENSMUSG00000062234	IEA
CRE upregulated	GO:0048468	cell development	ENSMUSG00000052837	ENSMUSG00000052837	IMP
CRE upregulated	GO:0048468	cell development	ENSMUSG00000047281	ENSMUSG00000047281	IGI
CRE upregulated	GO:0048468	cell development	ENSMUSG00000021796	Bmpr1a	IMP
CRE upregulated	GO:0048468	cell development	ENSMUSG00000019842	ENSMUSG00000019842	IMP
CRE upregulated	GO:0048468	cell development	ENSMUSG00000070056	ENSMUSG00000070056	ISS, IEA
CRE upregulated	GO:0048468	cell development	ENSMUSG00000027465	Tbc1d20	IMP
CRE upregulated	GO:0048468	cell development	ENSMUSG00000039191	Rbpj	IMP
CRE upregulated	GO:0048468	cell development	ENSMUSG00000039844	ENSMUSG00000039844	ISO, IEA
CRE upregulated	GO:0048468	cell development	ENSMUSG00000035725	ENSMUSG00000035725	ISS, IEA
CRE upregulated	GO:0048468	cell development	ENSMUSG00000040010	Slc7a5	ISO, IEA
CRE upregulated	GO:0048468	cell development	ENSMUSG00000020671	ENSMUSG00000020671	ISS, ISO
CRE upregulated	GO:0048468	cell development	ENSMUSG00000027997	Casp6	ISO
CRE upregulated	GO:0048468	cell development	ENSMUSG00000020594	ENSMUSG00000020594	ISO, IEA
CRE upregulated	GO:0048468	cell development	ENSMUSG00000059288	ENSMUSG00000059288	IMP
CRE upregulated	GO:0048468	cell development	ENSMUSG00000038676	Ucn	ISO, IEA
CRE upregulated	GO:0048468	cell development	ENSMUSG00000059743	ENSMUSG00000059743	ISO
CRE upregulated	GO:0048468	cell development	ENSMUSG00000052681	Rap1b	ISS, IEA
CRE upregulated	GO:0048468	cell development	ENSMUSG00000066595	ENSMUSG00000066595	IMP, ISO, IBA, IEA
CRE upregulated	GO:0048468	cell development	ENSMUSG00000020097	ENSMUSG00000020097	IMP
CRE upregulated	GO:0048468	cell development	ENSMUSG00000032508	Myd88	IMP
CRE upregulated	GO:0048468	cell development	ENSMUSG00000026864	ENSMUSG00000026864	ISO
CRE upregulated	GO:0048468	cell development	ENSMUSG00000002633	Shh	IDA, IMP, ISO, IEA
CRE upregulated	GO:0048468	cell development	ENSMUSG00000027944	Hax1	IEA
CRE upregulated	GO:0048468	cell development	ENSMUSG00000039671	ENSMUSG00000039671	ISO, IEA
CRE upregulated	GO:0048468	cell development	ENSMUSG00000029145	ENSMUSG00000029145	ISS, IEA
CRE upregulated	GO:0048468	cell development	ENSMUSG00000067586	ENSMUSG00000067586	IEA
CRE upregulated	GO:0048468	cell development	ENSMUSG00000063952	Brpf3	NAS
CRE upregulated	GO:0048468	cell development	ENSMUSG00000032786	ENSMUSG00000032786	IBA
CRE upregulated	GO:0048468	cell development	ENSMUSG00000020340	ENSMUSG00000020340	IMP, IBA
CRE upregulated	GO:0048468	cell development	ENSMUSG00000028382	ENSMUSG00000028382	IEA
CRE upregulated	GO:0048468	cell development	ENSMUSG00000037465	Klf10	IMP
CRE upregulated	GO:0048468	cell development	ENSMUSG00000024613	ENSMUSG00000024613	ISS, IEA
CRE upregulated	GO:0048468	cell development	ENSMUSG00000023277	ENSMUSG00000023277	IBA, IEA
CRE upregulated	GO:0048468	cell development	ENSMUSG00000019843	ENSMUSG00000019843	IMP, IGI
CRE upregulated	GO:0048468	cell development	ENSMUSG00000027646	ENSMUSG00000027646	IDA, IMP, IGI, IEA
CRE upregulated	GO:0048468	cell development	ENSMUSG00000032501	Trib1	IMP
CRE upregulated	GO:0048468	cell development	ENSMUSG00000053825	ENSMUSG00000053825	IEA
CRE upregulated	GO:0048468	cell development	ENSMUSG00000055067	ENSMUSG00000055067	IMP
CRE upregulated	GO:0048468	cell development	ENSMUSG00000047261	ENSMUSG00000047261	IMP, IBA
CRE upregulated	GO:0048468	cell development	ENSMUSG00000026159	ENSMUSG00000026159	IMP, IBA
CRE upregulated	GO:0048468	cell development	ENSMUSG00000031073	Fgf15	IMP
CRE upregulated	GO:0048468	cell development	ENSMUSG00000015839	Nfe2l2	IMP, ISO, IEA
CRE upregulated	GO:0048468	cell development	ENSMUSG00000049550	ENSMUSG00000049550	ISO
CRE upregulated	GO:0048468	cell development	ENSMUSG00000021477	ENSMUSG00000021477	IMP
CRE upregulated	GO:0048468	cell development	ENSMUSG00000000627	ENSMUSG00000000627	ISO, IBA, IEA
CRE upregulated	GO:0048468	cell development	ENSMUSG00000069227	ENSMUSG00000069227	IDA, IBA
CRE upregulated	GO:0048468	cell development	ENSMUSG00000054204	ENSMUSG00000054204	ISS, IEA
CRE upregulated	GO:0048468	cell development	ENSMUSG00000024026	ENSMUSG00000024026	IMP
CRE upregulated	GO:0051128	regulation of cellular component organization	ENSMUSG00000051379	Flrt3	IDA
CRE upregulated	GO:0051128	regulation of cellular component organization	ENSMUSG00000046223	Plaur	IEA
CRE upregulated	GO:0051128	regulation of cellular component organization	ENSMUSG00000004951	Hspb1	ISO
CRE upregulated	GO:0051128	regulation of cellular component organization	ENSMUSG00000022044	Stmn4	IBA, IEA
CRE upregulated	GO:0051128	regulation of cellular component organization	ENSMUSG00000024143	Rhoq	IEA
CRE upregulated	GO:0051128	regulation of cellular component organization	ENSMUSG00000019876	Pkib	IEA
CRE upregulated	GO:0051128	regulation of cellular component organization	ENSMUSG00000030748	Il4ra	IMP
CRE upregulated	GO:0051128	regulation of cellular component organization	ENSMUSG00000023905	Tnfrsf12a	IDA
CRE upregulated	GO:0051128	regulation of cellular component organization	ENSMUSG00000030102	Itpr1	ISO
CRE upregulated	GO:0051128	regulation of cellular component organization	ENSMUSG00000020427	Igfbp3	IGI
CRE upregulated	GO:0051128	regulation of cellular component organization	ENSMUSG00000023067	Cdkn1a	IEA
CRE upregulated	GO:0051128	regulation of cellular component organization	ENSMUSG00000024404	Riok3	IEA
CRE upregulated	GO:0051128	regulation of cellular component organization	ENSMUSG00000006304	Arpc2	IDA, ISO, IEA
CRE upregulated	GO:0051128	regulation of cellular component organization	ENSMUSG00000038650	Rnh1	IBA
CRE upregulated	GO:0051128	regulation of cellular component organization	ENSMUSG00000109901	Chmp1b	ISO, IEA
CRE upregulated	GO:0051128	regulation of cellular component organization	ENSMUSG00000030272	Camk1	ISS, ISO, IEA
CRE upregulated	GO:0051128	regulation of cellular component organization	ENSMUSG00000024261	Syt4	IMP, ISO, IEA
CRE upregulated	GO:0051128	regulation of cellular component organization	ENSMUSG00000005087	Cd44	IEA
CRE upregulated	GO:0051128	regulation of cellular component organization	ENSMUSG00000028896	Rcc1	IEA
CRE upregulated	GO:0051128	regulation of cellular component organization	ENSMUSG00000068566	Myadm	IEA
CRE upregulated	GO:0051128	regulation of cellular component organization	ENSMUSG00000048482	Bdnf	IDA, IMP, IGI, ISO, IEA
CRE upregulated	GO:0051128	regulation of cellular component organization	ENSMUSG00000024256	Adcyap1	ISO, IEA
CRE upregulated	GO:0051128	regulation of cellular component organization	ENSMUSG00000015745	Plekho1	IBA
CRE upregulated	GO:0051128	regulation of cellular component organization	ENSMUSG00000037458	Azin1	ISO
CRE upregulated	GO:0051128	regulation of cellular component organization	ENSMUSG00000018736	Ndel1	IMP, ISO, IBA
CRE upregulated	GO:0051128	regulation of cellular component organization	ENSMUSG00000002250	Ppard	ISO
CRE upregulated	GO:0051128	regulation of cellular component organization	ENSMUSG00000018507	Trpv2	IMP
CRE upregulated	GO:0051128	regulation of cellular component organization	ENSMUSG00000041870	Ankrd13a	ISS, IEA
CRE upregulated	GO:0051128	regulation of cellular component organization	ENSMUSG00000005069	Pex5	IEA
CRE upregulated	GO:0051128	regulation of cellular component organization	ENSMUSG00000045136	Tubb2b	ISS, IEA
CRE upregulated	GO:0051128	regulation of cellular component organization	ENSMUSG00000054855	Rnd1	IBA
CRE upregulated	GO:0051128	regulation of cellular component organization	ENSMUSG00000027540	Ptpn1	ISS, IEA
CRE upregulated	GO:0051128	regulation of cellular component organization	ENSMUSG00000019461	Plscr3	ISS, IEA
CRE upregulated	GO:0051128	regulation of cellular component organization	ENSMUSG00000043895	S1pr2	EXP, IDA
CRE upregulated	GO:0051128	regulation of cellular component organization	ENSMUSG00000028063	Lmna	IMP
CRE upregulated	GO:0051128	regulation of cellular component organization	ENSMUSG00000029121	Crmp1	IDA, IEP, IEA
CRE upregulated	GO:0051128	regulation of cellular component organization	ENSMUSG00000063506	Arhgap22	IEA
CRE upregulated	GO:0051128	regulation of cellular component organization	ENSMUSG00000053436	Mapk14	EXP, IDA, IMP, IEP
CRE upregulated	GO:0051128	regulation of cellular component organization	ENSMUSG00000025809	Itgb1	IDA, IMP, ISO
CRE upregulated	GO:0051128	regulation of cellular component organization	ENSMUSG00000015243	Abca1	IMP
CRE upregulated	GO:0051128	regulation of cellular component organization	ENSMUSG00000022272	Myo10	ISS, IBA, IEA
CRE upregulated	GO:0051128	regulation of cellular component organization	ENSMUSG00000013089	Etv5	IMP
CRE upregulated	GO:0051128	regulation of cellular component organization	ENSMUSG00000020592	Sdc1	IEA
CRE upregulated	GO:0051128	regulation of cellular component organization	ENSMUSG00000025746	Il6	ISO
CRE upregulated	GO:0051128	regulation of cellular component organization	ENSMUSG00000002233	Rhoc	IMP, IBA, IEA
CRE upregulated	GO:0051128	regulation of cellular component organization	ENSMUSG00000032231	Anxa2	IMP, ISO, IBA, NAS, IEA
CRE upregulated	GO:0051128	regulation of cellular component organization	ENSMUSG00000047368	Abhd17b	IMP, ISO, IBA
CRE upregulated	GO:0051128	regulation of cellular component organization	ENSMUSG00000031078	Cttn	ISS, ISO, IBA, IEA
CRE upregulated	GO:0051128	regulation of cellular component organization	ENSMUSG00000022607	Ptk2	IDA, IMP, ISO, IEA
CRE upregulated	GO:0051128	regulation of cellular component organization	ENSMUSG00000055994	Nod2	IMP
CRE upregulated	GO:0051128	regulation of cellular component organization	ENSMUSG00000037062	Sh3glb1	IMP, ISO, IEA
CRE upregulated	GO:0051128	regulation of cellular component organization	ENSMUSG00000034247	Plekhm1	IMP
CRE upregulated	GO:0051128	regulation of cellular component organization	ENSMUSG00000024772	Ehd1	IMP, ISO, IEA
CRE upregulated	GO:0051128	regulation of cellular component organization	ENSMUSG00000027293	Ehd4	ISO, IEA
CRE upregulated	GO:0051128	regulation of cellular component organization	ENSMUSG00000020580	Rock2	IEA
CRE upregulated	GO:0051128	regulation of cellular component organization	ENSMUSG00000059923	Grb2	IGI
CRE upregulated	GO:0051128	regulation of cellular component organization	ENSMUSG00000001507	Itga3	ISO, IEA
CRE upregulated	GO:0051128	regulation of cellular component organization	ENSMUSG00000055407	Map6	ISO, IBA
CRE upregulated	GO:0051128	regulation of cellular component organization	ENSMUSG00000001847	Rac1	IDA, IMP, ISO, IBA, IEA
CRE upregulated	GO:0051128	regulation of cellular component organization	ENSMUSG00000042121	Ssh1	ISO, IBA, IEA
CRE upregulated	GO:0051128	regulation of cellular component organization	ENSMUSG00000050271	Prag1	ISS, ISO, IEA
CRE upregulated	GO:0051128	regulation of cellular component organization	ENSMUSG00000018909	Arrb1	ISS, IEA
CRE upregulated	GO:0051128	regulation of cellular component organization	ENSMUSG00000044667	Plppr4	IDA, IMP
CRE upregulated	GO:0051128	regulation of cellular component organization	ENSMUSG00000024360	Etf1	IEA
CRE upregulated	GO:0051128	regulation of cellular component organization	ENSMUSG00000057531	Dtnbp1	ISO, IEA
CRE upregulated	GO:0051128	regulation of cellular component organization	ENSMUSG00000030309	Caprin2	IMP, ISS
CRE upregulated	GO:0051128	regulation of cellular component organization	ENSMUSG00000029131	Dnajb6	IEA
CRE upregulated	GO:0051128	regulation of cellular component organization	ENSMUSG00000037580	Gch1	ISO, IEA
CRE upregulated	GO:0051128	regulation of cellular component organization	ENSMUSG00000001627	Ifrd1	IGI
CRE upregulated	GO:0051128	regulation of cellular component organization	ENSMUSG00000036057	Ptpn23	IEA
CRE upregulated	GO:0051128	regulation of cellular component organization	ENSMUSG00000015316	Slamf1	IMP
CRE upregulated	GO:0051128	regulation of cellular component organization	ENSMUSG00000029765	Plxna4	IMP, IBA
CRE upregulated	GO:0051128	regulation of cellular component organization	ENSMUSG00000022346	Myc	IMP, ISS, IEA
CRE upregulated	GO:0051128	regulation of cellular component organization	ENSMUSG00000027954	Efna1	IDA
CRE upregulated	GO:0051128	regulation of cellular component organization	ENSMUSG00000042292	Mrtfa	IEA
CRE upregulated	GO:0051128	regulation of cellular component organization	ENSMUSG00000022602	Arc	IDA, IMP, ISO, IEA
CRE upregulated	GO:0051128	regulation of cellular component organization	ENSMUSG00000109511	Nup62	IEA
CRE upregulated	GO:0051128	regulation of cellular component organization	ENSMUSG00000050335	Lgals3	IEA
CRE upregulated	GO:0051128	regulation of cellular component organization	ENSMUSG00000024190	Dusp1	ISS
CRE upregulated	GO:0051128	regulation of cellular component organization	ENSMUSG00000030223	ENSMUSG00000030223	IDA, IMP
CRE upregulated	GO:0051128	regulation of cellular component organization	ENSMUSG00000027797	Dclk1	IDA, IMP
CRE upregulated	GO:0051128	regulation of cellular component organization	ENSMUSG00000036882	ENSMUSG00000036882	IDA, IMP, ISO, IEA
CRE upregulated	GO:0051128	regulation of cellular component organization	ENSMUSG00000033545	Znrf1	IEA
CRE upregulated	GO:0051128	regulation of cellular component organization	ENSMUSG00000040033	ENSMUSG00000040033	IEA
CRE upregulated	GO:0051128	regulation of cellular component organization	ENSMUSG00000024803	Ankrd1	ISO
CRE upregulated	GO:0051128	regulation of cellular component organization	ENSMUSG00000036206	Sh3bp4	ISS, IEA
CRE upregulated	GO:0051128	regulation of cellular component organization	ENSMUSG00000038591	Colec10	IEA
CRE upregulated	GO:0051128	regulation of cellular component organization	ENSMUSG00000027692	Tnik	ISS, ISO, IEA
CRE upregulated	GO:0051128	regulation of cellular component organization	ENSMUSG00000026718	ENSMUSG00000026718	IEA
CRE upregulated	GO:0051128	regulation of cellular component organization	ENSMUSG00000028893	Sesn2	IDA
CRE upregulated	GO:0051128	regulation of cellular component organization	ENSMUSG00000029071	ENSMUSG00000029071	IDA, IMP, ISO, IEA
CRE upregulated	GO:0051128	regulation of cellular component organization	ENSMUSG00000064210	ENSMUSG00000064210	IMP
CRE upregulated	GO:0051128	regulation of cellular component organization	ENSMUSG00000024777	ENSMUSG00000024777	ISO, IEA
CRE upregulated	GO:0051128	regulation of cellular component organization	ENSMUSG00000026074	Map4k4	IEA
CRE upregulated	GO:0051128	regulation of cellular component organization	ENSMUSG00000020694	ENSMUSG00000020694	ISS, IEA
CRE upregulated	GO:0051128	regulation of cellular component organization	ENSMUSG00000029175	Slc35f6	ISS, IEA
CRE upregulated	GO:0051128	regulation of cellular component organization	ENSMUSG00000052921	Arhgef15	IDA, IMP, ISS, ISO
CRE upregulated	GO:0051128	regulation of cellular component organization	ENSMUSG00000032599	ENSMUSG00000032599	IEA
CRE upregulated	GO:0051128	regulation of cellular component organization	ENSMUSG00000040640	ENSMUSG00000040640	IDA, IMP
CRE upregulated	GO:0051128	regulation of cellular component organization	ENSMUSG00000020349	ENSMUSG00000020349	IMP
CRE upregulated	GO:0051128	regulation of cellular component organization	ENSMUSG00000023307	Marchf5	ISS, IBA, IEA
CRE upregulated	GO:0051128	regulation of cellular component organization	ENSMUSG00000025340	Rabgef1	IMP
CRE upregulated	GO:0051128	regulation of cellular component organization	ENSMUSG00000028599	Tnfrsf1b	IGI
CRE upregulated	GO:0051128	regulation of cellular component organization	ENSMUSG00000004530	ENSMUSG00000004530	IGI, IEA
CRE upregulated	GO:0051128	regulation of cellular component organization	ENSMUSG00000044147	Arf6	IMP, ISO, IEA
CRE upregulated	GO:0051128	regulation of cellular component organization	ENSMUSG00000011877	Git1	ISS, IEA
CRE upregulated	GO:0051128	regulation of cellular component organization	ENSMUSG00000031937	ENSMUSG00000031937	IMP, IBA
CRE upregulated	GO:0051128	regulation of cellular component organization	ENSMUSG00000025060	ENSMUSG00000025060	ISS, IEA
CRE upregulated	GO:0051128	regulation of cellular component organization	ENSMUSG00000062234	ENSMUSG00000062234	IEA
CRE upregulated	GO:0051128	regulation of cellular component organization	ENSMUSG00000047281	ENSMUSG00000047281	IDA
CRE upregulated	GO:0051128	regulation of cellular component organization	ENSMUSG00000025351	Cd63	ISS, ISO, IEA
CRE upregulated	GO:0051128	regulation of cellular component organization	ENSMUSG00000049649	Gpr3	IMP
CRE upregulated	GO:0051128	regulation of cellular component organization	ENSMUSG00000029110	ENSMUSG00000029110	ISS, IEA
CRE upregulated	GO:0051128	regulation of cellular component organization	ENSMUSG00000041598	Cdc42ep4	IBA, IEA
CRE upregulated	GO:0051128	regulation of cellular component organization	ENSMUSG00000045664	Cdc42ep2	IBA, IEA
CRE upregulated	GO:0051128	regulation of cellular component organization	ENSMUSG00000022656	ENSMUSG00000022656	IDA, IMP
CRE upregulated	GO:0051128	regulation of cellular component organization	ENSMUSG00000039844	ENSMUSG00000039844	ISO, IEA
CRE upregulated	GO:0051128	regulation of cellular component organization	ENSMUSG00000020594	ENSMUSG00000020594	ISO, IEA
CRE upregulated	GO:0051128	regulation of cellular component organization	ENSMUSG00000000787	ENSMUSG00000000787	IDA, ISS
CRE upregulated	GO:0051128	regulation of cellular component organization	ENSMUSG00000008859	ENSMUSG00000008859	ISS, ISO, IEA
CRE upregulated	GO:0051128	regulation of cellular component organization	ENSMUSG00000038676	Ucn	ISO, IEA
CRE upregulated	GO:0051128	regulation of cellular component organization	ENSMUSG00000059743	ENSMUSG00000059743	ISO
CRE upregulated	GO:0051128	regulation of cellular component organization	ENSMUSG00000038467	ENSMUSG00000038467	ISO, IEA
CRE upregulated	GO:0051128	regulation of cellular component organization	ENSMUSG00000052681	Rap1b	ISS, IEA
CRE upregulated	GO:0051128	regulation of cellular component organization	ENSMUSG00000042185	ENSMUSG00000042185	IMP, ISO, IEA
CRE upregulated	GO:0051128	regulation of cellular component organization	ENSMUSG00000032508	Myd88	ISS, IEA
CRE upregulated	GO:0051128	regulation of cellular component organization	ENSMUSG00000026864	ENSMUSG00000026864	ISS, ISO
CRE upregulated	GO:0051128	regulation of cellular component organization	ENSMUSG00000008384	Sertad1	ISO, IEA
CRE upregulated	GO:0051128	regulation of cellular component organization	ENSMUSG00000027944	Hax1	IBA, IEA
CRE upregulated	GO:0051128	regulation of cellular component organization	ENSMUSG00000039671	ENSMUSG00000039671	ISO, IEA
CRE upregulated	GO:0051128	regulation of cellular component organization	ENSMUSG00000037907	ENSMUSG00000037907	ISS, IEA
CRE upregulated	GO:0051128	regulation of cellular component organization	ENSMUSG00000037411	Serpine1	IEA
CRE upregulated	GO:0051128	regulation of cellular component organization	ENSMUSG00000020340	ENSMUSG00000020340	IEA
CRE upregulated	GO:0051128	regulation of cellular component organization	ENSMUSG00000023277	ENSMUSG00000023277	IDA, IBA, IC, IEA
CRE upregulated	GO:0051128	regulation of cellular component organization	ENSMUSG00000019843	ENSMUSG00000019843	IGI
CRE upregulated	GO:0051128	regulation of cellular component organization	ENSMUSG00000027646	ENSMUSG00000027646	IDA, IGI, ISO, IEA
CRE upregulated	GO:0051128	regulation of cellular component organization	ENSMUSG00000053825	ENSMUSG00000053825	IEA
CRE upregulated	GO:0051128	regulation of cellular component organization	ENSMUSG00000047261	ENSMUSG00000047261	ISO, IEA
CRE upregulated	GO:0051128	regulation of cellular component organization	ENSMUSG00000015839	Nfe2l2	ISO, IEA
CRE upregulated	GO:0051128	regulation of cellular component organization	ENSMUSG00000049550	ENSMUSG00000049550	ISS, ISO, IBA, IEA
CRE upregulated	GO:0051128	regulation of cellular component organization	ENSMUSG00000000627	ENSMUSG00000000627	ISO, IEA
CRE upregulated	GO:0051128	regulation of cellular component organization	ENSMUSG00000054204	ENSMUSG00000054204	ISS, IEA
CRE upregulated	GO:0051128	regulation of cellular component organization	ENSMUSG00000003541	ENSMUSG00000003541	IDA
CRE upregulated	GO:0051128	regulation of cellular component organization	ENSMUSG00000029475	ENSMUSG00000029475	IDA
CRE upregulated	GO:0008104	protein localization	ENSMUSG00000037428	Vgf	IGI
CRE upregulated	GO:0008104	protein localization	ENSMUSG00000004951	Hspb1	ISS, IEA
CRE upregulated	GO:0008104	protein localization	ENSMUSG00000024143	Rhoq	IDA, IEA
CRE upregulated	GO:0008104	protein localization	ENSMUSG00000030102	Itpr1	IMP, IGI
CRE upregulated	GO:0008104	protein localization	ENSMUSG00000023067	Cdkn1a	IMP
CRE upregulated	GO:0008104	protein localization	ENSMUSG00000006304	Arpc2	ISO
CRE upregulated	GO:0008104	protein localization	ENSMUSG00000041831	Sytl3	IEA
CRE upregulated	GO:0008104	protein localization	ENSMUSG00000109901	Chmp1b	IBA, IEA
CRE upregulated	GO:0008104	protein localization	ENSMUSG00000030272	Camk1	IDA, ISS, IEA
CRE upregulated	GO:0008104	protein localization	ENSMUSG00000004846	Plod3	IMP
CRE upregulated	GO:0008104	protein localization	ENSMUSG00000035621	Midn	ISO, IEA
CRE upregulated	GO:0008104	protein localization	ENSMUSG00000034300	Fam53c	IBA
CRE upregulated	GO:0008104	protein localization	ENSMUSG00000024261	Syt4	IMP
CRE upregulated	GO:0008104	protein localization	ENSMUSG00000032939	Nup93	IBA, IEA
CRE upregulated	GO:0008104	protein localization	ENSMUSG00000068566	Myadm	IEA
CRE upregulated	GO:0008104	protein localization	ENSMUSG00000024256	Adcyap1	IDA, ISO, IBA, IEA
CRE upregulated	GO:0008104	protein localization	ENSMUSG00000018736	Ndel1	IEA
CRE upregulated	GO:0008104	protein localization	ENSMUSG00000002250	Ppard	ISO, NAS
CRE upregulated	GO:0008104	protein localization	ENSMUSG00000021501	Caml	ISS, ISO, IBA, IEA
CRE upregulated	GO:0008104	protein localization	ENSMUSG00000041870	Ankrd13a	ISS, IEA
CRE upregulated	GO:0008104	protein localization	ENSMUSG00000038894	Irs2	IMP
CRE upregulated	GO:0008104	protein localization	ENSMUSG00000035828	Pim3	IMP
CRE upregulated	GO:0008104	protein localization	ENSMUSG00000005069	Pex5	IMP, ISS, IBA, TAS, IEA
CRE upregulated	GO:0008104	protein localization	ENSMUSG00000029518	Rab35	ISS, ISO, IEA
CRE upregulated	GO:0008104	protein localization	ENSMUSG00000027540	Ptpn1	IEA
CRE upregulated	GO:0008104	protein localization	ENSMUSG00000022661	Cd200	IEA
CRE upregulated	GO:0008104	protein localization	ENSMUSG00000039232	Stx11	IEA
CRE upregulated	GO:0008104	protein localization	ENSMUSG00000028063	Lmna	IMP, IBA
CRE upregulated	GO:0008104	protein localization	ENSMUSG00000051343	Rab11fip5	IMP, IEA
CRE upregulated	GO:0008104	protein localization	ENSMUSG00000015341	Golga7	ISS, IBA, IEA
CRE upregulated	GO:0008104	protein localization	ENSMUSG00000053436	Mapk14	IMP
CRE upregulated	GO:0008104	protein localization	ENSMUSG00000025809	Itgb1	ISS, ISO, IEA
CRE upregulated	GO:0008104	protein localization	ENSMUSG00000018362	Kpna2	IDA, ISS, IBA, IEA
CRE upregulated	GO:0008104	protein localization	ENSMUSG00000011008	Mcoln2	IEA
CRE upregulated	GO:0008104	protein localization	ENSMUSG00000015243	Abca1	IMP, IEA
CRE upregulated	GO:0008104	protein localization	ENSMUSG00000013089	Etv5	IMP
CRE upregulated	GO:0008104	protein localization	ENSMUSG00000025139	Tollip	IEA
CRE upregulated	GO:0008104	protein localization	ENSMUSG00000025746	Il6	IDA, ISO
CRE upregulated	GO:0008104	protein localization	ENSMUSG00000032231	Anxa2	ISO
CRE upregulated	GO:0008104	protein localization	ENSMUSG00000047368	Abhd17b	IMP
CRE upregulated	GO:0008104	protein localization	ENSMUSG00000021843	Ktn1	IEA
CRE upregulated	GO:0008104	protein localization	ENSMUSG00000031078	Cttn	IMP, ISS, IEA
CRE upregulated	GO:0008104	protein localization	ENSMUSG00000040312	Cchcr1	IDA, IBA
CRE upregulated	GO:0008104	protein localization	ENSMUSG00000037062	Sh3glb1	IMP, IEA
CRE upregulated	GO:0008104	protein localization	ENSMUSG00000034247	Plekhm1	IEA
CRE upregulated	GO:0008104	protein localization	ENSMUSG00000024772	Ehd1	ISS, IBA, IEA
CRE upregulated	GO:0008104	protein localization	ENSMUSG00000027293	Ehd4	IBA
CRE upregulated	GO:0008104	protein localization	ENSMUSG00000035392	Dennd1a	IEA
CRE upregulated	GO:0008104	protein localization	ENSMUSG00000020580	Rock2	IEA
CRE upregulated	GO:0008104	protein localization	ENSMUSG00000033039	Micall1	ISS, ISO, IEA
CRE upregulated	GO:0008104	protein localization	ENSMUSG00000007458	M6pr	IDA, IBA, TAS, IEA
CRE upregulated	GO:0008104	protein localization	ENSMUSG00000001507	Itga3	ISS, IEA
CRE upregulated	GO:0008104	protein localization	ENSMUSG00000025408	Ddit3	IDA
CRE upregulated	GO:0008104	protein localization	ENSMUSG00000032078	Zpr1	IMP, ISS, IBA, IEA
CRE upregulated	GO:0008104	protein localization	ENSMUSG00000035199	Arl6ip5	IMP, ISO, IEA
CRE upregulated	GO:0008104	protein localization	ENSMUSG00000001847	Rac1	IDA, IMP, IGI, ISO
CRE upregulated	GO:0008104	protein localization	ENSMUSG00000042121	Ssh1	ISO, IEA
CRE upregulated	GO:0008104	protein localization	ENSMUSG00000018909	Arrb1	IMP, IEA
CRE upregulated	GO:0008104	protein localization	ENSMUSG00000024349	Sting1	IEA
CRE upregulated	GO:0008104	protein localization	ENSMUSG00000024521	Pmaip1	IMP
CRE upregulated	GO:0008104	protein localization	ENSMUSG00000027455	Nsfl1c	IEA
CRE upregulated	GO:0008104	protein localization	ENSMUSG00000057531	Dtnbp1	IMP
CRE upregulated	GO:0008104	protein localization	ENSMUSG00000004768	Rab23	IEA
CRE upregulated	GO:0008104	protein localization	ENSMUSG00000015837	Sqstm1	IDA, IMP, ISS, IEA
CRE upregulated	GO:0008104	protein localization	ENSMUSG00000029131	Dnajb6	IMP, IEA
CRE upregulated	GO:0008104	protein localization	ENSMUSG00000036057	Ptpn23	IBA, IEA
CRE upregulated	GO:0008104	protein localization	ENSMUSG00000032502	Stac	IMP, IBA
CRE upregulated	GO:0008104	protein localization	ENSMUSG00000022433	Csnk1e	IDA, IMP, IEA
CRE upregulated	GO:0008104	protein localization	ENSMUSG00000030616	Sytl2	IDA, IEA
CRE upregulated	GO:0008104	protein localization	ENSMUSG00000047604	Frat2	ISS
CRE upregulated	GO:0008104	protein localization	ENSMUSG00000023032	Slc4a8	ISO, IEA
CRE upregulated	GO:0008104	protein localization	ENSMUSG00000024789	Jak2	ISS, ISO, IEA
CRE upregulated	GO:0008104	protein localization	ENSMUSG00000038949	Cnst	ISS, IBA, IEA
CRE upregulated	GO:0008104	protein localization	ENSMUSG00000004040	ENSMUSG00000004040	ISS, IEA
CRE upregulated	GO:0008104	protein localization	ENSMUSG00000022555	Dgat1	ISO
CRE upregulated	GO:0008104	protein localization	ENSMUSG00000029578	Wipi2	IPI, IBA, IEA
CRE upregulated	GO:0008104	protein localization	ENSMUSG00000109511	Nup62	ISO, IBA, IEA
CRE upregulated	GO:0008104	protein localization	ENSMUSG00000004347	ENSMUSG00000004347	ISO
CRE upregulated	GO:0008104	protein localization	ENSMUSG00000033769	Exoc6b	IEA
CRE upregulated	GO:0008104	protein localization	ENSMUSG00000050335	Lgals3	IEA
CRE upregulated	GO:0008104	protein localization	ENSMUSG00000027797	Dclk1	IDA
CRE upregulated	GO:0008104	protein localization	ENSMUSG00000036882	ENSMUSG00000036882	IEA
CRE upregulated	GO:0008104	protein localization	ENSMUSG00000026426	ENSMUSG00000026426	IEA
CRE upregulated	GO:0008104	protein localization	ENSMUSG00000024803	Ankrd1	IEA
CRE upregulated	GO:0008104	protein localization	ENSMUSG00000021306	Gpr137b	IEA
CRE upregulated	GO:0008104	protein localization	ENSMUSG00000019188	ENSMUSG00000019188	IEA
CRE upregulated	GO:0008104	protein localization	ENSMUSG00000036206	Sh3bp4	ISS, IEA
CRE upregulated	GO:0008104	protein localization	ENSMUSG00000025793	ENSMUSG00000025793	IEA
CRE upregulated	GO:0008104	protein localization	ENSMUSG00000027692	Tnik	IDA, IMP, IEA
CRE upregulated	GO:0008104	protein localization	ENSMUSG00000026718	ENSMUSG00000026718	IBA, IEA
CRE upregulated	GO:0008104	protein localization	ENSMUSG00000028893	Sesn2	ISS, ISO, IEA
CRE upregulated	GO:0008104	protein localization	ENSMUSG00000029071	ENSMUSG00000029071	IMP, IGI, IEA
CRE upregulated	GO:0008104	protein localization	ENSMUSG00000042743	Sgtb	IBA
CRE upregulated	GO:0008104	protein localization	ENSMUSG00000044453	Ffar1	IDA, IMP, ISO, IBA
CRE upregulated	GO:0008104	protein localization	ENSMUSG00000032902	Slc16a1	IMP
CRE upregulated	GO:0008104	protein localization	ENSMUSG00000024335	Brd2	IDA, IEA
CRE upregulated	GO:0008104	protein localization	ENSMUSG00000026074	Map4k4	IEA
CRE upregulated	GO:0008104	protein localization	ENSMUSG00000049866	Arl4c	IBA
CRE upregulated	GO:0008104	protein localization	ENSMUSG00000025162	ENSMUSG00000025162	IEA
CRE upregulated	GO:0008104	protein localization	ENSMUSG00000031278	ENSMUSG00000031278	ISS, ISO
CRE upregulated	GO:0008104	protein localization	ENSMUSG00000053175	Bcl3	IEA
CRE upregulated	GO:0008104	protein localization	ENSMUSG00000037815	Ctnna1	IMP
CRE upregulated	GO:0008104	protein localization	ENSMUSG00000023307	Marchf5	IEA
CRE upregulated	GO:0008104	protein localization	ENSMUSG00000025340	Rabgef1	IEA
CRE upregulated	GO:0008104	protein localization	ENSMUSG00000021587	Pcsk1	ISO, IEA
CRE upregulated	GO:0008104	protein localization	ENSMUSG00000004530	ENSMUSG00000004530	IMP, IGI
CRE upregulated	GO:0008104	protein localization	ENSMUSG00000044147	Arf6	IDA, IMP, ISS, IBA, TAS, IEA
CRE upregulated	GO:0008104	protein localization	ENSMUSG00000030662	ENSMUSG00000030662	IDA, IMP, IBA, IEA
CRE upregulated	GO:0008104	protein localization	ENSMUSG00000011877	Git1	ISO
CRE upregulated	GO:0008104	protein localization	ENSMUSG00000059991	ENSMUSG00000059991	ISO
CRE upregulated	GO:0008104	protein localization	ENSMUSG00000062234	ENSMUSG00000062234	IEA
CRE upregulated	GO:0008104	protein localization	ENSMUSG00000007411	ENSMUSG00000007411	ISS, IEA
CRE upregulated	GO:0008104	protein localization	ENSMUSG00000047281	ENSMUSG00000047281	IDA, ISS, IBA, IEA
CRE upregulated	GO:0008104	protein localization	ENSMUSG00000025351	Cd63	ISO, IEA
CRE upregulated	GO:0008104	protein localization	ENSMUSG00000019842	ENSMUSG00000019842	IDA
CRE upregulated	GO:0008104	protein localization	ENSMUSG00000044465	ENSMUSG00000044465	ISS, IEA
CRE upregulated	GO:0008104	protein localization	ENSMUSG00000016534	ENSMUSG00000016534	IMP, ISO, IBA, IEA
CRE upregulated	GO:0008104	protein localization	ENSMUSG00000070056	ENSMUSG00000070056	ISS, IEA
CRE upregulated	GO:0008104	protein localization	ENSMUSG00000029110	ENSMUSG00000029110	IEA
CRE upregulated	GO:0008104	protein localization	ENSMUSG00000048668	Rhno1	IEA
CRE upregulated	GO:0008104	protein localization	ENSMUSG00000022656	ENSMUSG00000022656	IDA, IMP
CRE upregulated	GO:0008104	protein localization	ENSMUSG00000001552	ENSMUSG00000001552	IEA
CRE upregulated	GO:0008104	protein localization	ENSMUSG00000020671	ENSMUSG00000020671	IMP, ISS, IBA, TAS, IEA
CRE upregulated	GO:0008104	protein localization	ENSMUSG00000047547	Cltb	IEA
CRE upregulated	GO:0008104	protein localization	ENSMUSG00000008859	ENSMUSG00000008859	ISS, IEA
CRE upregulated	GO:0008104	protein localization	ENSMUSG00000038467	ENSMUSG00000038467	IEA
CRE upregulated	GO:0008104	protein localization	ENSMUSG00000037553	ENSMUSG00000037553	IDA, IBA
CRE upregulated	GO:0008104	protein localization	ENSMUSG00000026864	ENSMUSG00000026864	ISS, IEA
CRE upregulated	GO:0008104	protein localization	ENSMUSG00000002633	Shh	IDA, IGI, IEA
CRE upregulated	GO:0008104	protein localization	ENSMUSG00000028680	ENSMUSG00000028680	IEA
CRE upregulated	GO:0008104	protein localization	ENSMUSG00000053581	ENSMUSG00000053581	IBA
CRE upregulated	GO:0008104	protein localization	ENSMUSG00000039671	ENSMUSG00000039671	ISO, IEA
CRE upregulated	GO:0008104	protein localization	ENSMUSG00000061244	ENSMUSG00000061244	IMP, IEA
CRE upregulated	GO:0008104	protein localization	ENSMUSG00000056050	ENSMUSG00000056050	IEA
CRE upregulated	GO:0008104	protein localization	ENSMUSG00000040652	ENSMUSG00000040652	IDA
CRE upregulated	GO:0008104	protein localization	ENSMUSG00000028291	ENSMUSG00000028291	ISS, IEA
CRE upregulated	GO:0008104	protein localization	ENSMUSG00000051209	ENSMUSG00000051209	IDA
CRE upregulated	GO:0008104	protein localization	ENSMUSG00000019843	ENSMUSG00000019843	IDA, IMP, IGI
CRE upregulated	GO:0008104	protein localization	ENSMUSG00000027646	ENSMUSG00000027646	IGI, ISO, IEA
CRE upregulated	GO:0008104	protein localization	ENSMUSG00000042532	ENSMUSG00000042532	IBA
CRE upregulated	GO:0008104	protein localization	ENSMUSG00000052316	ENSMUSG00000052316	IEA
CRE upregulated	GO:0008104	protein localization	ENSMUSG00000046761	ENSMUSG00000046761	ISS, IBA, IEA
CRE upregulated	GO:0008104	protein localization	ENSMUSG00000055067	ENSMUSG00000055067	IMP
CRE upregulated	GO:0008104	protein localization	ENSMUSG00000036667	ENSMUSG00000036667	IBA, IEA
CRE upregulated	GO:0008104	protein localization	ENSMUSG00000049550	ENSMUSG00000049550	IMP
CRE upregulated	GO:0008104	protein localization	ENSMUSG00000019998	ENSMUSG00000019998	IEA
CRE upregulated	GO:0023052	signaling	ENSMUSG00000026628	Atf3	IMP, IEA
CRE upregulated	GO:0023052	signaling	ENSMUSG00000036390	Gadd45a	IMP, IEA
CRE upregulated	GO:0023052	signaling	ENSMUSG00000051379	Flrt3	IMP
CRE upregulated	GO:0023052	signaling	ENSMUSG00000052684	Jun	IDA, IMP, ISO
CRE upregulated	GO:0023052	signaling	ENSMUSG00000063632	Sox11	IMP, IEA
CRE upregulated	GO:0023052	signaling	ENSMUSG00000019647	Sema6a	IDA, IMP, IBA, IEA
CRE upregulated	GO:0023052	signaling	ENSMUSG00000073680	Tmem88b	IBA
CRE upregulated	GO:0023052	signaling	ENSMUSG00000037428	Vgf	IGI, ISO, IBA, IEA
CRE upregulated	GO:0023052	signaling	ENSMUSG00000042816	Gpr151	EXP, IDA, IMP, ISS, IBA, IEA
CRE upregulated	GO:0023052	signaling	ENSMUSG00000046223	Plaur	NAS, IEA
CRE upregulated	GO:0023052	signaling	ENSMUSG00000031574	Star	ISO, IEA
CRE upregulated	GO:0023052	signaling	ENSMUSG00000004951	Hspb1	IDA, IEA
CRE upregulated	GO:0023052	signaling	ENSMUSG00000046688	Tifa	IDA, IPI, ISS, IBA, IEA
CRE upregulated	GO:0023052	signaling	ENSMUSG00000025473	Adam8	IDA, IEA
CRE upregulated	GO:0023052	signaling	ENSMUSG00000050164	Mchr1	ISO, IBA, IEA
CRE upregulated	GO:0023052	signaling	ENSMUSG00000030898	Cckbr	ISO, IBA, IEA
CRE upregulated	GO:0023052	signaling	ENSMUSG00000046731	Kctd11	IDA
CRE upregulated	GO:0023052	signaling	ENSMUSG00000024143	Rhoq	IBA, IEA
CRE upregulated	GO:0023052	signaling	ENSMUSG00000033902	Mapkbp1	IEA
CRE upregulated	GO:0023052	signaling	ENSMUSG00000030748	Il4ra	IBA, IEA
CRE upregulated	GO:0023052	signaling	ENSMUSG00000023905	Tnfrsf12a	IDA, IBA
CRE upregulated	GO:0023052	signaling	ENSMUSG00000030102	Itpr1	IMP, IGI, IEA
CRE upregulated	GO:0023052	signaling	ENSMUSG00000032515	Csrnp1	IMP
CRE upregulated	GO:0023052	signaling	ENSMUSG00000025089	Gfra1	ISS, TAS, IEA
CRE upregulated	GO:0023052	signaling	ENSMUSG00000021765	Fst	IGI, IBA, IEA
CRE upregulated	GO:0023052	signaling	ENSMUSG00000025348	Itga7	IEA
CRE upregulated	GO:0023052	signaling	ENSMUSG00000014599	Csf1	IDA, IEA
CRE upregulated	GO:0023052	signaling	ENSMUSG00000020427	Igfbp3	IGI, ISO, IBA
CRE upregulated	GO:0023052	signaling	ENSMUSG00000023067	Cdkn1a	IMP, ISS, IEA
CRE upregulated	GO:0023052	signaling	ENSMUSG00000024404	Riok3	IEA
CRE upregulated	GO:0023052	signaling	ENSMUSG00000030681	Mvp	IEA
CRE upregulated	GO:0023052	signaling	ENSMUSG00000006304	Arpc2	ISO
CRE upregulated	GO:0023052	signaling	ENSMUSG00000031074	Fgf3	IEA
CRE upregulated	GO:0023052	signaling	ENSMUSG00000030272	Camk1	IDA, IEA
CRE upregulated	GO:0023052	signaling	ENSMUSG00000035621	Midn	ISO, IEA
CRE upregulated	GO:0023052	signaling	ENSMUSG00000031681	Smad1	IDA, IMP, IGI, ISS, ISO, IBA, TAS, IEA
CRE upregulated	GO:0023052	signaling	ENSMUSG00000050989	Selenon	IMP
CRE upregulated	GO:0023052	signaling	ENSMUSG00000048216	Gpr85	IEA
CRE upregulated	GO:0023052	signaling	ENSMUSG00000058153	Sez6l	IGI, IBA
CRE upregulated	GO:0023052	signaling	ENSMUSG00000024261	Syt4	EXP, IDA, IMP, ISO, IBA, IEA
CRE upregulated	GO:0023052	signaling	ENSMUSG00000032939	Nup93	IDA, IEA
CRE upregulated	GO:0023052	signaling	ENSMUSG00000033060	Lmo7	IEA
CRE upregulated	GO:0023052	signaling	ENSMUSG00000003644	Rps6ka1	IEA
CRE upregulated	GO:0023052	signaling	ENSMUSG00000029378	Areg	IGI, ISO, IBA, IEA
CRE upregulated	GO:0023052	signaling	ENSMUSG00000042688	Mapk6	IBA, IEA
CRE upregulated	GO:0023052	signaling	ENSMUSG00000005087	Cd44	IEA
CRE upregulated	GO:0023052	signaling	ENSMUSG00000026836	Acvr1	IDA, IMP, ISO, IBA, TAS, IEA
CRE upregulated	GO:0023052	signaling	ENSMUSG00000021453	Gadd45g	IEA
CRE upregulated	GO:0023052	signaling	ENSMUSG00000002459	Rgs20	TAS, IEA
CRE upregulated	GO:0023052	signaling	ENSMUSG00000068566	Myadm	IEA
CRE upregulated	GO:0023052	signaling	ENSMUSG00000048482	Bdnf	EXP, IDA, IMP, IGI, ISO, IBA, IEA
CRE upregulated	GO:0023052	signaling	ENSMUSG00000024256	Adcyap1	IDA, ISS, ISO, IBA, TAS, IEA
CRE upregulated	GO:0023052	signaling	ENSMUSG00000021070	Bdkrb2	IMP, IGI, IBA, IEA
CRE upregulated	GO:0023052	signaling	ENSMUSG00000018736	Ndel1	IDA
CRE upregulated	GO:0023052	signaling	ENSMUSG00000042804	Gpr153	IEA
CRE upregulated	GO:0023052	signaling	ENSMUSG00000002250	Ppard	IDA, ISO, IBA, NAS, IEA
CRE upregulated	GO:0023052	signaling	ENSMUSG00000032641	Gpr19	IBA, IEA
CRE upregulated	GO:0023052	signaling	ENSMUSG00000021501	Caml	IDA
CRE upregulated	GO:0023052	signaling	ENSMUSG00000038894	Irs2	IDA, IMP, ISO, IBA, IEA
CRE upregulated	GO:0023052	signaling	ENSMUSG00000024883	Rin1	IMP, IEA
CRE upregulated	GO:0023052	signaling	ENSMUSG00000035828	Pim3	IMP
CRE upregulated	GO:0023052	signaling	ENSMUSG00000032578	Cish	IEA
CRE upregulated	GO:0023052	signaling	ENSMUSG00000029518	Rab35	IEA
CRE upregulated	GO:0023052	signaling	ENSMUSG00000045136	Tubb2b	IDA, IMP
CRE upregulated	GO:0023052	signaling	ENSMUSG00000054855	Rnd1	IBA, IEA
CRE upregulated	GO:0023052	signaling	ENSMUSG00000027313	Chac1	ISS, IEA
CRE upregulated	GO:0023052	signaling	ENSMUSG00000026796	Niban2	IEA
CRE upregulated	GO:0023052	signaling	ENSMUSG00000039954	Stk32a	IBA
CRE upregulated	GO:0023052	signaling	ENSMUSG00000027540	Ptpn1	IMP, IGI, ISS, ISO, IBA, IEA
CRE upregulated	GO:0023052	signaling	ENSMUSG00000019461	Plscr3	ISS, IEA
CRE upregulated	GO:0023052	signaling	ENSMUSG00000043895	S1pr2	IMP, ISO, IBA, IEA
CRE upregulated	GO:0023052	signaling	ENSMUSG00000028063	Lmna	IMP
CRE upregulated	GO:0023052	signaling	ENSMUSG00000051343	Rab11fip5	IMP
CRE upregulated	GO:0023052	signaling	ENSMUSG00000034226	Rhov	IBA, IEA
CRE upregulated	GO:0023052	signaling	ENSMUSG00000026254	Eif4e2	IEA
CRE upregulated	GO:0023052	signaling	ENSMUSG00000029121	Crmp1	IGI, IEP
CRE upregulated	GO:0023052	signaling	ENSMUSG00000030678	Maz	IEA
CRE upregulated	GO:0023052	signaling	ENSMUSG00000063506	Arhgap22	IEA
CRE upregulated	GO:0023052	signaling	ENSMUSG00000053436	Mapk14	IDA, IMP, IGI, ISS, ISO, IBA, IEA
CRE upregulated	GO:0023052	signaling	ENSMUSG00000025809	Itgb1	IDA, IMP, IGI, ISO, IBA, NAS, IEA
CRE upregulated	GO:0023052	signaling	ENSMUSG00000039364	Sectm1b	IEA
CRE upregulated	GO:0023052	signaling	ENSMUSG00000040025	Ythdf2	ISS, IEA
CRE upregulated	GO:0023052	signaling	ENSMUSG00000028156	Eif4e	IDA, IMP, IEP
CRE upregulated	GO:0023052	signaling	ENSMUSG00000025239	Limd1	IMP, ISS, IBA, IEA
CRE upregulated	GO:0023052	signaling	ENSMUSG00000005370	Msh6	IMP
CRE upregulated	GO:0023052	signaling	ENSMUSG00000018362	Kpna2	IDA, IMP
CRE upregulated	GO:0023052	signaling	ENSMUSG00000011008	Mcoln2	IEA
CRE upregulated	GO:0023052	signaling	ENSMUSG00000015243	Abca1	IMP, IEA
CRE upregulated	GO:0023052	signaling	ENSMUSG00000013089	Etv5	IMP
CRE upregulated	GO:0023052	signaling	ENSMUSG00000025139	Tollip	IDA, IEA
CRE upregulated	GO:0023052	signaling	ENSMUSG00000020592	Sdc1	IMP
CRE upregulated	GO:0023052	signaling	ENSMUSG00000025746	Il6	IDA, IMP, ISO, IBA, IEA
CRE upregulated	GO:0023052	signaling	ENSMUSG00000002233	Rhoc	IBA, IEA
CRE upregulated	GO:0023052	signaling	ENSMUSG00000032231	Anxa2	IMP, IEA
CRE upregulated	GO:0023052	signaling	ENSMUSG00000032280	Tle3	IBA, IEA
CRE upregulated	GO:0023052	signaling	ENSMUSG00000073563	Csnk1g3	IBA, IEA
CRE upregulated	GO:0023052	signaling	ENSMUSG00000031078	Cttn	IGI
CRE upregulated	GO:0023052	signaling	ENSMUSG00000022607	Ptk2	ISS, ISO, IBA, TAS, IEA
CRE upregulated	GO:0023052	signaling	ENSMUSG00000055994	Nod2	IDA, IMP, ISS, ISO, IBA, TAS, IEA
CRE upregulated	GO:0023052	signaling	ENSMUSG00000024014	Pim1	ISS, IEA
CRE upregulated	GO:0023052	signaling	ENSMUSG00000037062	Sh3glb1	IDA, IMP, ISO
CRE upregulated	GO:0023052	signaling	ENSMUSG00000023169	Slc38a1	IMP
CRE upregulated	GO:0023052	signaling	ENSMUSG00000020580	Rock2	IEA
CRE upregulated	GO:0023052	signaling	ENSMUSG00000021990	Spata13	IEA
CRE upregulated	GO:0023052	signaling	ENSMUSG00000069094	Pde7a	IDA, IBA, IEA
CRE upregulated	GO:0023052	signaling	ENSMUSG00000027560	Dok5	IDA, IPI, ISO, IBA, IEA
CRE upregulated	GO:0023052	signaling	ENSMUSG00000059923	Grb2	IDA, IGI, ISO, IBA, TAS, IEA
CRE upregulated	GO:0023052	signaling	ENSMUSG00000049303	Syt12	IDA, IMP, ISO, IEA
CRE upregulated	GO:0023052	signaling	ENSMUSG00000042406	Atf4	IDA, IMP, ISS, ISO, IEA
CRE upregulated	GO:0023052	signaling	ENSMUSG00000055078	Gabra5	ISO, IBA, IEA
CRE upregulated	GO:0023052	signaling	ENSMUSG00000020271	Fbxw11	IMP, IEA
CRE upregulated	GO:0023052	signaling	ENSMUSG00000005950	P2rx5	IEA
CRE upregulated	GO:0023052	signaling	ENSMUSG00000020838	Slc6a4	ISO, IEA
CRE upregulated	GO:0023052	signaling	ENSMUSG00000001507	Itga3	IGI, IBA, IEA
CRE upregulated	GO:0023052	signaling	ENSMUSG00000055723	Rras2	IDA, IEA
CRE upregulated	GO:0023052	signaling	ENSMUSG00000031628	Casp3	IDA, ISO, NAS, IEA
CRE upregulated	GO:0023052	signaling	ENSMUSG00000025408	Ddit3	IDA, IMP, ISS, ISO, IBA, IEA
CRE upregulated	GO:0023052	signaling	ENSMUSG00000040435	Ppp1r15a	IMP
CRE upregulated	GO:0023052	signaling	ENSMUSG00000035199	Arl6ip5	IEA
CRE upregulated	GO:0023052	signaling	ENSMUSG00000001847	Rac1	IDA, IMP, IGI, ISS, ISO, IBA, IEA
CRE upregulated	GO:0023052	signaling	ENSMUSG00000042121	Ssh1	ISO, IEA
CRE upregulated	GO:0023052	signaling	ENSMUSG00000050271	Prag1	IMP, ISS, ISO, IEA
CRE upregulated	GO:0023052	signaling	ENSMUSG00000018909	Arrb1	IMP, ISS, ISO, IBA, IEA
CRE upregulated	GO:0023052	signaling	ENSMUSG00000024349	Sting1	IDA, ISS, IEA
CRE upregulated	GO:0023052	signaling	ENSMUSG00000020064	Herc4	IEA
CRE upregulated	GO:0023052	signaling	ENSMUSG00000024521	Pmaip1	IDA, IMP, IEA
CRE upregulated	GO:0023052	signaling	ENSMUSG00000026821	Ralgds	IBA, IEA
CRE upregulated	GO:0023052	signaling	ENSMUSG00000061039	Or8b53	ISA, IBA, IEA
CRE upregulated	GO:0023052	signaling	ENSMUSG00000044667	Plppr4	IDA, IMP, IBA
CRE upregulated	GO:0023052	signaling	ENSMUSG00000028145	Them4	ISS, IEA
CRE upregulated	GO:0023052	signaling	ENSMUSG00000026107	Nabp1	ISS, ISO, IEA
CRE upregulated	GO:0023052	signaling	ENSMUSG00000054008	Ndst1	IMP, IGI
CRE upregulated	GO:0023052	signaling	ENSMUSG00000057531	Dtnbp1	IDA, IMP, ISS, ISO, IBA, IEA
CRE upregulated	GO:0023052	signaling	ENSMUSG00000015837	Sqstm1	IMP, ISS, IEA
CRE upregulated	GO:0023052	signaling	ENSMUSG00000022951	Rcan1	IMP, IGI, ISS, IBA, IEA
CRE upregulated	GO:0023052	signaling	ENSMUSG00000030309	Caprin2	IBA
CRE upregulated	GO:0023052	signaling	ENSMUSG00000036737	Oxsr1	IMP, IGI, ISS, IBA, IEA
CRE upregulated	GO:0023052	signaling	ENSMUSG00000031955	Bcar1	IDA, ISS, ISO, IBA, IEA
CRE upregulated	GO:0023052	signaling	ENSMUSG00000036057	Ptpn23	IEA
CRE upregulated	GO:0023052	signaling	ENSMUSG00000015316	Slamf1	IEA
CRE upregulated	GO:0023052	signaling	ENSMUSG00000029765	Plxna4	IMP, IGI, IEA
CRE upregulated	GO:0023052	signaling	ENSMUSG00000022433	Csnk1e	IGI, IBA, IEA
CRE upregulated	GO:0023052	signaling	ENSMUSG00000022346	Myc	IDA, IMP, ISS, IEA
CRE upregulated	GO:0023052	signaling	ENSMUSG00000053113	Socs3	IDA, IGI, ISO, IEA
CRE upregulated	GO:0023052	signaling	ENSMUSG00000036437	Npy1r	ISO, IEA
CRE upregulated	GO:0023052	signaling	ENSMUSG00000047604	Frat2	IGI, ISS
CRE upregulated	GO:0023052	signaling	ENSMUSG00000026072	Il1r1	IDA, IMP, ISO, IBA, IEA
CRE upregulated	GO:0023052	signaling	ENSMUSG00000027954	Efna1	IDA, IBA, IEA
CRE upregulated	GO:0023052	signaling	ENSMUSG00000026247	Ecel1	ISO
CRE upregulated	GO:0023052	signaling	ENSMUSG00000023032	Slc4a8	EXP, IDA, IMP
CRE upregulated	GO:0023052	signaling	ENSMUSG00000024789	Jak2	IDA, IMP, IGI, ISS, ISO, IBA, TAS, IEA
CRE upregulated	GO:0023052	signaling	ENSMUSG00000004040	ENSMUSG00000004040	IDA, IMP, ISS, ISO, IBA, TAS, NAS, IEA
CRE upregulated	GO:0023052	signaling	ENSMUSG00000042292	Mrtfa	IDA
CRE upregulated	GO:0023052	signaling	ENSMUSG00000061589	Dot1l	IBA, IEA
CRE upregulated	GO:0023052	signaling	ENSMUSG00000003269	Cyth2	IEA
CRE upregulated	GO:0023052	signaling	ENSMUSG00000022602	Arc	IDA, IMP, ISS, ISO, IBA, IEA
CRE upregulated	GO:0023052	signaling	ENSMUSG00000022555	Dgat1	ISO
CRE upregulated	GO:0023052	signaling	ENSMUSG00000020027	Socs2	IMP, IGI, IEA
CRE upregulated	GO:0023052	signaling	ENSMUSG00000109511	Nup62	IMP, ISS, IEA
CRE upregulated	GO:0023052	signaling	ENSMUSG00000029135	Fosl2	IDA, IMP
CRE upregulated	GO:0023052	signaling	ENSMUSG00000054136	Adm2	ISO, IBA, IEA
CRE upregulated	GO:0023052	signaling	ENSMUSG00000020395	Itk	IMP, IBA, IEA
CRE upregulated	GO:0023052	signaling	ENSMUSG00000036990	Otud4	IDA, IBA, IEA
CRE upregulated	GO:0023052	signaling	ENSMUSG00000029860	Zyx	IMP, IBA, IEA
CRE upregulated	GO:0023052	signaling	ENSMUSG00000044017	Adgrd1	ISS, IBA, IEA
CRE upregulated	GO:0023052	signaling	ENSMUSG00000004347	ENSMUSG00000004347	ISO, IBA, IEA
CRE upregulated	GO:0023052	signaling	ENSMUSG00000029826	Zc3hav1	ISO, TAS
CRE upregulated	GO:0023052	signaling	ENSMUSG00000050335	Lgals3	IEA
CRE upregulated	GO:0023052	signaling	ENSMUSG00000024190	Dusp1	IMP, ISS, ISO, IBA, IEA
CRE upregulated	GO:0023052	signaling	ENSMUSG00000030223	ENSMUSG00000030223	IDA, IBA
CRE upregulated	GO:0023052	signaling	ENSMUSG00000035236	Scai	IDA, IEA
CRE upregulated	GO:0023052	signaling	ENSMUSG00000027797	Dclk1	IEA
CRE upregulated	GO:0023052	signaling	ENSMUSG00000031960	Aars1	ISS, IEA
CRE upregulated	GO:0023052	signaling	ENSMUSG00000059866	Tnip2	IDA, IMP, ISS, IBA, IEA
CRE upregulated	GO:0023052	signaling	ENSMUSG00000004865	ENSMUSG00000004865	IDA, IBA, IEA
CRE upregulated	GO:0023052	signaling	ENSMUSG00000036882	ENSMUSG00000036882	IBA, IEA
CRE upregulated	GO:0023052	signaling	ENSMUSG00000041594	ENSMUSG00000041594	IMP, IBA
CRE upregulated	GO:0023052	signaling	ENSMUSG00000017615	Tnfaip1	ISS, IBA, IEA
CRE upregulated	GO:0023052	signaling	ENSMUSG00000033545	Znrf1	IEA
CRE upregulated	GO:0023052	signaling	ENSMUSG00000026930	Gpsm1	ISO
CRE upregulated	GO:0023052	signaling	ENSMUSG00000040033	ENSMUSG00000040033	IEA
CRE upregulated	GO:0023052	signaling	ENSMUSG00000021360	ENSMUSG00000021360	IMP, IBA, IEA
CRE upregulated	GO:0023052	signaling	ENSMUSG00000059316	Slc27a4	IEA
CRE upregulated	GO:0023052	signaling	ENSMUSG00000024803	Ankrd1	IGI, IEA
CRE upregulated	GO:0023052	signaling	ENSMUSG00000031934	ENSMUSG00000031934	ISO, IBA, IEA
CRE upregulated	GO:0023052	signaling	ENSMUSG00000021306	Gpr137b	IEA
CRE upregulated	GO:0023052	signaling	ENSMUSG00000023915	Tnfrsf21	IMP, IEA
CRE upregulated	GO:0023052	signaling	ENSMUSG00000024912	Fosl1	IMP
CRE upregulated	GO:0023052	signaling	ENSMUSG00000024927	Rela	IDA, ISO, IBA, IEA
CRE upregulated	GO:0023052	signaling	ENSMUSG00000029458	ENSMUSG00000029458	ISO, IBA, IEA
CRE upregulated	GO:0023052	signaling	ENSMUSG00000042608	Stk40	IMP
CRE upregulated	GO:0023052	signaling	ENSMUSG00000053716	Dusp7	IBA
CRE upregulated	GO:0023052	signaling	ENSMUSG00000036206	Sh3bp4	ISS, IEA
CRE upregulated	GO:0023052	signaling	ENSMUSG00000025793	ENSMUSG00000025793	IEA
CRE upregulated	GO:0023052	signaling	ENSMUSG00000027692	Tnik	ISS, IBA, IEA
CRE upregulated	GO:0023052	signaling	ENSMUSG00000050730	Arhgap42	IMP, IEA
CRE upregulated	GO:0023052	signaling	ENSMUSG00000024238	Zeb1	IGI
CRE upregulated	GO:0023052	signaling	ENSMUSG00000028893	Sesn2	IMP, ISO, IBA, IEA
CRE upregulated	GO:0023052	signaling	ENSMUSG00000038861	Pi4kb	IBA
CRE upregulated	GO:0023052	signaling	ENSMUSG00000024947	Men1	ISO, IEA
CRE upregulated	GO:0023052	signaling	ENSMUSG00000029071	ENSMUSG00000029071	IDA, IMP, IGI, ISO, IBA, TAS, IEA
CRE upregulated	GO:0023052	signaling	ENSMUSG00000036894	Rap2b	IDA, IBA, IEA
CRE upregulated	GO:0023052	signaling	ENSMUSG00000044453	Ffar1	IDA, IMP, ISO, IBA, IEA
CRE upregulated	GO:0023052	signaling	ENSMUSG00000064210	ENSMUSG00000064210	IMP, IEA
CRE upregulated	GO:0023052	signaling	ENSMUSG00000032902	Slc16a1	IMP
CRE upregulated	GO:0023052	signaling	ENSMUSG00000032715	Trib3	ISS, IEA
CRE upregulated	GO:0023052	signaling	ENSMUSG00000024777	ENSMUSG00000024777	ISO, IEA
CRE upregulated	GO:0023052	signaling	ENSMUSG00000035594	Chrna5	IDA, IMP, IBA, IEA
CRE upregulated	GO:0023052	signaling	ENSMUSG00000026074	Map4k4	IEA
CRE upregulated	GO:0023052	signaling	ENSMUSG00000040365	Trim41	ISS, IEA
CRE upregulated	GO:0023052	signaling	ENSMUSG00000048047	Zbtb33	IEA
CRE upregulated	GO:0023052	signaling	ENSMUSG00000025485	ENSMUSG00000025485	IDA, ISO, IBA
CRE upregulated	GO:0023052	signaling	ENSMUSG00000020694	ENSMUSG00000020694	ISS, IBA, IEA
CRE upregulated	GO:0023052	signaling	ENSMUSG00000028466	Creb3	IEA
CRE upregulated	GO:0023052	signaling	ENSMUSG00000029175	Slc35f6	ISS, IEA
CRE upregulated	GO:0023052	signaling	ENSMUSG00000025162	ENSMUSG00000025162	IGI, IBA, IEA
CRE upregulated	GO:0023052	signaling	ENSMUSG00000010660	Plcd1	ISO, IBA, IEA
CRE upregulated	GO:0023052	signaling	ENSMUSG00000031278	ENSMUSG00000031278	ISS, ISO
CRE upregulated	GO:0023052	signaling	ENSMUSG00000090291	Lrrc10b	IBA
CRE upregulated	GO:0023052	signaling	ENSMUSG00000031668	ENSMUSG00000031668	IEA
CRE upregulated	GO:0023052	signaling	ENSMUSG00000053175	Bcl3	ISO, IEA
CRE upregulated	GO:0023052	signaling	ENSMUSG00000040640	ENSMUSG00000040640	IDA, IMP, IBA
CRE upregulated	GO:0023052	signaling	ENSMUSG00000037815	Ctnna1	IMP, IGI
CRE upregulated	GO:0023052	signaling	ENSMUSG00000020349	ENSMUSG00000020349	IMP, ISS, IEA
CRE upregulated	GO:0023052	signaling	ENSMUSG00000024517	Grp	IMP, ISS, ISO, IBA, IEA
CRE upregulated	GO:0023052	signaling	ENSMUSG00000040118	ENSMUSG00000040118	IEA
CRE upregulated	GO:0023052	signaling	ENSMUSG00000025340	Rabgef1	IDA, IMP
CRE upregulated	GO:0023052	signaling	ENSMUSG00000028599	Tnfrsf1b	IMP, IBA, IEA
CRE upregulated	GO:0023052	signaling	ENSMUSG00000044147	Arf6	NAS, IEA
CRE upregulated	GO:0023052	signaling	ENSMUSG00000052298	Cdc42se2	ISS, IEA
CRE upregulated	GO:0023052	signaling	ENSMUSG00000030662	ENSMUSG00000030662	IEA
CRE upregulated	GO:0023052	signaling	ENSMUSG00000011877	Git1	IDA, IMP, ISO, IBA, IEA
CRE upregulated	GO:0023052	signaling	ENSMUSG00000024270	ENSMUSG00000024270	ISS, IEA
CRE upregulated	GO:0023052	signaling	ENSMUSG00000039985	Sinhcaf	NAS
CRE upregulated	GO:0023052	signaling	ENSMUSG00000028602	Tnfrsf8	IEA
CRE upregulated	GO:0023052	signaling	ENSMUSG00000007411	ENSMUSG00000007411	ISS, IBA, IEA
CRE upregulated	GO:0023052	signaling	ENSMUSG00000013483	Card14	ISS, IEA
CRE upregulated	GO:0023052	signaling	ENSMUSG00000047281	ENSMUSG00000047281	IDA, IBA, IEA
CRE upregulated	GO:0023052	signaling	ENSMUSG00000025351	Cd63	IMP, ISS, IBA, IEA
CRE upregulated	GO:0023052	signaling	ENSMUSG00000021796	Bmpr1a	IDA, IMP, IGI, IBA, IEA
CRE upregulated	GO:0023052	signaling	ENSMUSG00000031383	Dusp9	IDA, IBA
CRE upregulated	GO:0023052	signaling	ENSMUSG00000049649	Gpr3	ISO, IBA, IEA
CRE upregulated	GO:0023052	signaling	ENSMUSG00000019842	ENSMUSG00000019842	IDA, IMP, IGI, ISO, IBA, IEA
CRE upregulated	GO:0023052	signaling	ENSMUSG00000024750	ENSMUSG00000024750	IMP
CRE upregulated	GO:0023052	signaling	ENSMUSG00000070056	ENSMUSG00000070056	IMP, ISS, IBA, IEA
CRE upregulated	GO:0023052	signaling	ENSMUSG00000041598	Cdc42ep4	IDA, IBA
CRE upregulated	GO:0023052	signaling	ENSMUSG00000045664	Cdc42ep2	IBA
CRE upregulated	GO:0023052	signaling	ENSMUSG00000037860	Aim2	IDA, NAS, IEA
CRE upregulated	GO:0023052	signaling	ENSMUSG00000039191	Rbpj	IMP, IGI, ISS, IBA, TAS, IEA
CRE upregulated	GO:0023052	signaling	ENSMUSG00000000001	ENSMUSG00000000001	ISS, ISO, IBA, TAS, IEA
CRE upregulated	GO:0023052	signaling	ENSMUSG00000048668	Rhno1	IEA
CRE upregulated	GO:0023052	signaling	ENSMUSG00000019256	ENSMUSG00000019256	IEA
CRE upregulated	GO:0023052	signaling	ENSMUSG00000039844	ENSMUSG00000039844	IMP, IGI, ISO, IBA, IEA
CRE upregulated	GO:0023052	signaling	ENSMUSG00000035725	ENSMUSG00000035725	IBA
CRE upregulated	GO:0023052	signaling	ENSMUSG00000051316	Taf7	IDA
CRE upregulated	GO:0023052	signaling	ENSMUSG00000001552	ENSMUSG00000001552	IBA
CRE upregulated	GO:0023052	signaling	ENSMUSG00000017677	Wsb1	IEA
CRE upregulated	GO:0023052	signaling	ENSMUSG00000040463	ENSMUSG00000040463	IEA
CRE upregulated	GO:0023052	signaling	ENSMUSG00000027997	Casp6	ISS, IEA
CRE upregulated	GO:0023052	signaling	ENSMUSG00000058354	Krt6a	IDA
CRE upregulated	GO:0023052	signaling	ENSMUSG00000020594	ENSMUSG00000020594	IEA
CRE upregulated	GO:0023052	signaling	ENSMUSG00000020448	Rnf185	ISS, IEA
CRE upregulated	GO:0023052	signaling	ENSMUSG00000000787	ENSMUSG00000000787	IDA, ISS
CRE upregulated	GO:0023052	signaling	ENSMUSG00000008859	ENSMUSG00000008859	IBA, IEA
CRE upregulated	GO:0023052	signaling	ENSMUSG00000008730	Hipk1	IGI, IBA, IEA
CRE upregulated	GO:0023052	signaling	ENSMUSG00000046722	ENSMUSG00000046722	ISS, IEA
CRE upregulated	GO:0023052	signaling	ENSMUSG00000022094	ENSMUSG00000022094	IMP
CRE upregulated	GO:0023052	signaling	ENSMUSG00000038676	Ucn	ISO, IEA
CRE upregulated	GO:0023052	signaling	ENSMUSG00000052681	Rap1b	IDA, IGI, ISS, IBA, IEA
CRE upregulated	GO:0023052	signaling	ENSMUSG00000037553	ENSMUSG00000037553	IEA
CRE upregulated	GO:0023052	signaling	ENSMUSG00000020097	ENSMUSG00000020097	IMP, ISS, IEA
CRE upregulated	GO:0023052	signaling	ENSMUSG00000028826	ENSMUSG00000028826	ISS, IBA, IEA
CRE upregulated	GO:0023052	signaling	ENSMUSG00000032508	Myd88	IDA, IMP, IGI, ISS, ISO, IBA, TAS, IEA
CRE upregulated	GO:0023052	signaling	ENSMUSG00000028370	Pappa	IBA
CRE upregulated	GO:0023052	signaling	ENSMUSG00000026864	ENSMUSG00000026864	IDA, IMP, IGI, ISS, IBA
CRE upregulated	GO:0023052	signaling	ENSMUSG00000002633	Shh	IDA, IMP, IGI, ISS, ISO, IBA, TAS, IEA
CRE upregulated	GO:0023052	signaling	ENSMUSG00000032462	ENSMUSG00000032462	IMP, IGI, IBA, IEA
CRE upregulated	GO:0023052	signaling	ENSMUSG00000025198	ENSMUSG00000025198	IBA, IEA
CRE upregulated	GO:0023052	signaling	ENSMUSG00000049807	Arhgap23	IEA
CRE upregulated	GO:0023052	signaling	ENSMUSG00000027944	Hax1	TAS, IEA
CRE upregulated	GO:0023052	signaling	ENSMUSG00000039671	ENSMUSG00000039671	ISO, IEA
CRE upregulated	GO:0023052	signaling	ENSMUSG00000045174	ENSMUSG00000045174	IBA, IEA
CRE upregulated	GO:0023052	signaling	ENSMUSG00000029145	ENSMUSG00000029145	ISS, IEA
CRE upregulated	GO:0023052	signaling	ENSMUSG00000067586	ENSMUSG00000067586	IDA, IBA, IEA
CRE upregulated	GO:0023052	signaling	ENSMUSG00000048027	ENSMUSG00000048027	IDA, IBA
CRE upregulated	GO:0023052	signaling	ENSMUSG00000037411	Serpine1	IEA
CRE upregulated	GO:0023052	signaling	ENSMUSG00000020340	ENSMUSG00000020340	IMP
CRE upregulated	GO:0023052	signaling	ENSMUSG00000023277	ENSMUSG00000023277	ISO
CRE upregulated	GO:0023052	signaling	ENSMUSG00000051209	ENSMUSG00000051209	IDA, IBA, IEA
CRE upregulated	GO:0023052	signaling	ENSMUSG00000019843	ENSMUSG00000019843	IDA, IMP, IGI, ISO, IBA, IEA
CRE upregulated	GO:0023052	signaling	ENSMUSG00000024493	ENSMUSG00000024493	IEA
CRE upregulated	GO:0023052	signaling	ENSMUSG00000027646	ENSMUSG00000027646	IDA, IMP, IGI, ISO, IBA, IEA
CRE upregulated	GO:0023052	signaling	ENSMUSG00000021340	ENSMUSG00000021340	IEA
CRE upregulated	GO:0023052	signaling	ENSMUSG00000046761	ENSMUSG00000046761	IBA
CRE upregulated	GO:0023052	signaling	ENSMUSG00000032501	Trib1	IEA
CRE upregulated	GO:0023052	signaling	ENSMUSG00000053825	ENSMUSG00000053825	IEA
CRE upregulated	GO:0023052	signaling	ENSMUSG00000031642	Sh3rf1	IEA
CRE upregulated	GO:0023052	signaling	ENSMUSG00000042197	ENSMUSG00000042197	ISS, IEA
CRE upregulated	GO:0023052	signaling	ENSMUSG00000074886	ENSMUSG00000074886	ISO, IBA, IEA
CRE upregulated	GO:0023052	signaling	ENSMUSG00000031073	Fgf15	ISO, IBA, IEA
CRE upregulated	GO:0023052	signaling	ENSMUSG00000002797	Ggct	ISS, IEA
CRE upregulated	GO:0023052	signaling	ENSMUSG00000038205	ENSMUSG00000038205	IBA
CRE upregulated	GO:0023052	signaling	ENSMUSG00000015839	Nfe2l2	IDA, IEA
CRE upregulated	GO:0023052	signaling	ENSMUSG00000021477	ENSMUSG00000021477	IBA
CRE upregulated	GO:0023052	signaling	ENSMUSG00000000627	ENSMUSG00000000627	IBA
CRE upregulated	GO:0023052	signaling	ENSMUSG00000040843	ENSMUSG00000040843	IBA, IEA
CRE upregulated	GO:0023052	signaling	ENSMUSG00000054499	ENSMUSG00000054499	IBA, IEA
CRE upregulated	GO:0023052	signaling	ENSMUSG00000024907	Gal	IMP, IBA, IEA
CRE upregulated	GO:0023052	signaling	ENSMUSG00000031751	ENSMUSG00000031751	IMP, IBA, IEA
CRE upregulated	GO:0023052	signaling	ENSMUSG00000054204	ENSMUSG00000054204	IBA, IEA
CRE upregulated	GO:0023052	signaling	ENSMUSG00000046707	ENSMUSG00000046707	IEA
CRE upregulated	GO:0023052	signaling	ENSMUSG00000003541	ENSMUSG00000003541	IDA, IMP
CRE upregulated	GO:0023052	signaling	ENSMUSG00000024287	ENSMUSG00000024287	IEA
CRE upregulated	GO:0051649	establishment of localization in cell	ENSMUSG00000042816	Gpr151	EXP, IDA, IMP
CRE upregulated	GO:0051649	establishment of localization in cell	ENSMUSG00000031574	Star	IBA, IEA
CRE upregulated	GO:0051649	establishment of localization in cell	ENSMUSG00000004951	Hspb1	ISS, IEA
CRE upregulated	GO:0051649	establishment of localization in cell	ENSMUSG00000030748	Il4ra	IMP
CRE upregulated	GO:0051649	establishment of localization in cell	ENSMUSG00000023067	Cdkn1a	IMP, IEA
CRE upregulated	GO:0051649	establishment of localization in cell	ENSMUSG00000041831	Sytl3	IEA
CRE upregulated	GO:0051649	establishment of localization in cell	ENSMUSG00000109901	Chmp1b	ISO, IBA, NAS, IEA
CRE upregulated	GO:0051649	establishment of localization in cell	ENSMUSG00000030272	Camk1	IDA, IGI, IEA
CRE upregulated	GO:0051649	establishment of localization in cell	ENSMUSG00000034300	Fam53c	IBA
CRE upregulated	GO:0051649	establishment of localization in cell	ENSMUSG00000024261	Syt4	EXP, IDA, IMP, ISO, IBA, TAS, IEA
CRE upregulated	GO:0051649	establishment of localization in cell	ENSMUSG00000032939	Nup93	IBA, NAS, IEA
CRE upregulated	GO:0051649	establishment of localization in cell	ENSMUSG00000018736	Ndel1	IDA, IGI, IBA, IEA
CRE upregulated	GO:0051649	establishment of localization in cell	ENSMUSG00000002250	Ppard	ISO
CRE upregulated	GO:0051649	establishment of localization in cell	ENSMUSG00000035828	Pim3	IMP
CRE upregulated	GO:0051649	establishment of localization in cell	ENSMUSG00000005069	Pex5	IMP, ISS, IBA, IEA
CRE upregulated	GO:0051649	establishment of localization in cell	ENSMUSG00000029518	Rab35	ISS, IBA, IEA
CRE upregulated	GO:0051649	establishment of localization in cell	ENSMUSG00000027540	Ptpn1	IEA
CRE upregulated	GO:0051649	establishment of localization in cell	ENSMUSG00000039232	Stx11	IEA
CRE upregulated	GO:0051649	establishment of localization in cell	ENSMUSG00000028063	Lmna	IMP, IBA
CRE upregulated	GO:0051649	establishment of localization in cell	ENSMUSG00000051343	Rab11fip5	IDA, IMP
CRE upregulated	GO:0051649	establishment of localization in cell	ENSMUSG00000053436	Mapk14	IMP
CRE upregulated	GO:0051649	establishment of localization in cell	ENSMUSG00000025809	Itgb1	IMP, ISO, IEA
CRE upregulated	GO:0051649	establishment of localization in cell	ENSMUSG00000028156	Eif4e	IDA, IMP
CRE upregulated	GO:0051649	establishment of localization in cell	ENSMUSG00000018362	Kpna2	IDA, ISS, IBA, IEA
CRE upregulated	GO:0051649	establishment of localization in cell	ENSMUSG00000023030	Slc11a2	IMP
CRE upregulated	GO:0051649	establishment of localization in cell	ENSMUSG00000015243	Abca1	IMP, IEA
CRE upregulated	GO:0051649	establishment of localization in cell	ENSMUSG00000022272	Myo10	ISS, IBA
CRE upregulated	GO:0051649	establishment of localization in cell	ENSMUSG00000020592	Sdc1	IEA
CRE upregulated	GO:0051649	establishment of localization in cell	ENSMUSG00000025746	Il6	ISO
CRE upregulated	GO:0051649	establishment of localization in cell	ENSMUSG00000032231	Anxa2	IMP, IBA, IEA
CRE upregulated	GO:0051649	establishment of localization in cell	ENSMUSG00000031078	Cttn	IMP, ISS, IEA
CRE upregulated	GO:0051649	establishment of localization in cell	ENSMUSG00000022607	Ptk2	IDA
CRE upregulated	GO:0051649	establishment of localization in cell	ENSMUSG00000055994	Nod2	IMP
CRE upregulated	GO:0051649	establishment of localization in cell	ENSMUSG00000040312	Cchcr1	IDA, IBA
CRE upregulated	GO:0051649	establishment of localization in cell	ENSMUSG00000037062	Sh3glb1	ISO
CRE upregulated	GO:0051649	establishment of localization in cell	ENSMUSG00000034247	Plekhm1	ISS, IEA
CRE upregulated	GO:0051649	establishment of localization in cell	ENSMUSG00000024772	Ehd1	IDA, IMP, ISS, IBA, IEA
CRE upregulated	GO:0051649	establishment of localization in cell	ENSMUSG00000027293	Ehd4	ISS, IBA, IEA
CRE upregulated	GO:0051649	establishment of localization in cell	ENSMUSG00000035392	Dennd1a	IDA, IBA
CRE upregulated	GO:0051649	establishment of localization in cell	ENSMUSG00000027613	Eif6	IBA, IEA
CRE upregulated	GO:0051649	establishment of localization in cell	ENSMUSG00000033039	Micall1	ISS, IEA
CRE upregulated	GO:0051649	establishment of localization in cell	ENSMUSG00000049303	Syt12	ISO, IEA
CRE upregulated	GO:0051649	establishment of localization in cell	ENSMUSG00000007458	M6pr	IDA, IBA, TAS, IEA
CRE upregulated	GO:0051649	establishment of localization in cell	ENSMUSG00000020271	Fbxw11	IBA
CRE upregulated	GO:0051649	establishment of localization in cell	ENSMUSG00000020838	Slc6a4	IDA, IMP, ISO, IBA, NAS, IEA
CRE upregulated	GO:0051649	establishment of localization in cell	ENSMUSG00000031628	Casp3	IDA, IMP
CRE upregulated	GO:0051649	establishment of localization in cell	ENSMUSG00000032078	Zpr1	IMP, ISS, IBA, IEA
CRE upregulated	GO:0051649	establishment of localization in cell	ENSMUSG00000055407	Map6	ISO, IBA
CRE upregulated	GO:0051649	establishment of localization in cell	ENSMUSG00000001847	Rac1	IDA, IMP, ISO
CRE upregulated	GO:0051649	establishment of localization in cell	ENSMUSG00000018909	Arrb1	IMP
CRE upregulated	GO:0051649	establishment of localization in cell	ENSMUSG00000026317	Cln8	IMP
CRE upregulated	GO:0051649	establishment of localization in cell	ENSMUSG00000027455	Nsfl1c	IEA
CRE upregulated	GO:0051649	establishment of localization in cell	ENSMUSG00000057531	Dtnbp1	IDA, IMP, ISO, IBA, IEA
CRE upregulated	GO:0051649	establishment of localization in cell	ENSMUSG00000058355	Abce1	IBA, IEA
CRE upregulated	GO:0051649	establishment of localization in cell	ENSMUSG00000004768	Rab23	IEA
CRE upregulated	GO:0051649	establishment of localization in cell	ENSMUSG00000015837	Sqstm1	IDA, IMP, ISS, IEA
CRE upregulated	GO:0051649	establishment of localization in cell	ENSMUSG00000030677	Kif22	ISS, IEA
CRE upregulated	GO:0051649	establishment of localization in cell	ENSMUSG00000036057	Ptpn23	IBA, IEA
CRE upregulated	GO:0051649	establishment of localization in cell	ENSMUSG00000036437	Npy1r	ISO
CRE upregulated	GO:0051649	establishment of localization in cell	ENSMUSG00000030616	Sytl2	IEA
CRE upregulated	GO:0051649	establishment of localization in cell	ENSMUSG00000047604	Frat2	ISS
CRE upregulated	GO:0051649	establishment of localization in cell	ENSMUSG00000023032	Slc4a8	EXP, IDA, IMP
CRE upregulated	GO:0051649	establishment of localization in cell	ENSMUSG00000024789	Jak2	ISO, IEA
CRE upregulated	GO:0051649	establishment of localization in cell	ENSMUSG00000004040	ENSMUSG00000004040	ISS, IEA
CRE upregulated	GO:0051649	establishment of localization in cell	ENSMUSG00000025178	Pi4k2a	ISO
CRE upregulated	GO:0051649	establishment of localization in cell	ENSMUSG00000022602	Arc	IDA, IMP
CRE upregulated	GO:0051649	establishment of localization in cell	ENSMUSG00000109511	Nup62	ISO, IBA, NAS, IEA
CRE upregulated	GO:0051649	establishment of localization in cell	ENSMUSG00000047554	Tmem41b	IEA
CRE upregulated	GO:0051649	establishment of localization in cell	ENSMUSG00000004347	ENSMUSG00000004347	ISO
CRE upregulated	GO:0051649	establishment of localization in cell	ENSMUSG00000033769	Exoc6b	NAS, IEA
CRE upregulated	GO:0051649	establishment of localization in cell	ENSMUSG00000026930	Gpsm1	IBA
CRE upregulated	GO:0051649	establishment of localization in cell	ENSMUSG00000026426	ENSMUSG00000026426	IDA, IBA
CRE upregulated	GO:0051649	establishment of localization in cell	ENSMUSG00000059316	Slc27a4	IMP
CRE upregulated	GO:0051649	establishment of localization in cell	ENSMUSG00000019188	ENSMUSG00000019188	IEA
CRE upregulated	GO:0051649	establishment of localization in cell	ENSMUSG00000025793	ENSMUSG00000025793	ISO, IBA, IEA
CRE upregulated	GO:0051649	establishment of localization in cell	ENSMUSG00000002733	Plekha3	IBA
CRE upregulated	GO:0051649	establishment of localization in cell	ENSMUSG00000026718	ENSMUSG00000026718	IBA, IEA
CRE upregulated	GO:0051649	establishment of localization in cell	ENSMUSG00000029071	ENSMUSG00000029071	IDA, IMP, IGI
CRE upregulated	GO:0051649	establishment of localization in cell	ENSMUSG00000022125	Cln5	IEA
CRE upregulated	GO:0051649	establishment of localization in cell	ENSMUSG00000064210	ENSMUSG00000064210	IDA, IMP
CRE upregulated	GO:0051649	establishment of localization in cell	ENSMUSG00000026074	Map4k4	IEA
CRE upregulated	GO:0051649	establishment of localization in cell	ENSMUSG00000049866	Arl4c	ISS, IBA, IEA
CRE upregulated	GO:0051649	establishment of localization in cell	ENSMUSG00000053175	Bcl3	IEA
CRE upregulated	GO:0051649	establishment of localization in cell	ENSMUSG00000040640	ENSMUSG00000040640	IDA, IMP
CRE upregulated	GO:0051649	establishment of localization in cell	ENSMUSG00000024517	Grp	IDA, IEA
CRE upregulated	GO:0051649	establishment of localization in cell	ENSMUSG00000025340	Rabgef1	IDA, IMP
CRE upregulated	GO:0051649	establishment of localization in cell	ENSMUSG00000004530	ENSMUSG00000004530	ISS, IEA
CRE upregulated	GO:0051649	establishment of localization in cell	ENSMUSG00000044147	Arf6	ISO, IBA, IEA
CRE upregulated	GO:0051649	establishment of localization in cell	ENSMUSG00000030662	ENSMUSG00000030662	IDA, IMP, IBA, IEA
CRE upregulated	GO:0051649	establishment of localization in cell	ENSMUSG00000011877	Git1	IDA, IMP, IBA
CRE upregulated	GO:0051649	establishment of localization in cell	ENSMUSG00000040046	Tph1	IMP
CRE upregulated	GO:0051649	establishment of localization in cell	ENSMUSG00000062234	ENSMUSG00000062234	IEA
CRE upregulated	GO:0051649	establishment of localization in cell	ENSMUSG00000047281	ENSMUSG00000047281	IDA
CRE upregulated	GO:0051649	establishment of localization in cell	ENSMUSG00000025351	Cd63	ISS, IEA
CRE upregulated	GO:0051649	establishment of localization in cell	ENSMUSG00000019842	ENSMUSG00000019842	IDA
CRE upregulated	GO:0051649	establishment of localization in cell	ENSMUSG00000044465	ENSMUSG00000044465	ISS, IBA, IEA
CRE upregulated	GO:0051649	establishment of localization in cell	ENSMUSG00000016534	ENSMUSG00000016534	IMP, ISO, IBA, IEA
CRE upregulated	GO:0051649	establishment of localization in cell	ENSMUSG00000027465	Tbc1d20	IBA, IEA
CRE upregulated	GO:0051649	establishment of localization in cell	ENSMUSG00000001552	ENSMUSG00000001552	IEA
CRE upregulated	GO:0051649	establishment of localization in cell	ENSMUSG00000020671	ENSMUSG00000020671	ISS, TAS, IEA
CRE upregulated	GO:0051649	establishment of localization in cell	ENSMUSG00000047547	Cltb	IEA
CRE upregulated	GO:0051649	establishment of localization in cell	ENSMUSG00000008859	ENSMUSG00000008859	ISO, IEA
CRE upregulated	GO:0051649	establishment of localization in cell	ENSMUSG00000022094	ENSMUSG00000022094	IMP, IEA
CRE upregulated	GO:0051649	establishment of localization in cell	ENSMUSG00000038467	ENSMUSG00000038467	ISO, IBA, NAS, IEA
CRE upregulated	GO:0051649	establishment of localization in cell	ENSMUSG00000052681	Rap1b	IGI, IBA, IEA
CRE upregulated	GO:0051649	establishment of localization in cell	ENSMUSG00000026864	ENSMUSG00000026864	ISS, IEA
CRE upregulated	GO:0051649	establishment of localization in cell	ENSMUSG00000002633	Shh	IGI
CRE upregulated	GO:0051649	establishment of localization in cell	ENSMUSG00000028680	ENSMUSG00000028680	IEA
CRE upregulated	GO:0051649	establishment of localization in cell	ENSMUSG00000005089	Slc1a2	IDA, IMP
CRE upregulated	GO:0051649	establishment of localization in cell	ENSMUSG00000061244	ENSMUSG00000061244	NAS
CRE upregulated	GO:0051649	establishment of localization in cell	ENSMUSG00000056050	ENSMUSG00000056050	IEA
CRE upregulated	GO:0051649	establishment of localization in cell	ENSMUSG00000040652	ENSMUSG00000040652	IDA
CRE upregulated	GO:0051649	establishment of localization in cell	ENSMUSG00000028291	ENSMUSG00000028291	ISS, IEA
CRE upregulated	GO:0051649	establishment of localization in cell	ENSMUSG00000078676	ENSMUSG00000078676	NAS
CRE upregulated	GO:0051649	establishment of localization in cell	ENSMUSG00000027646	ENSMUSG00000027646	IEA
CRE upregulated	GO:0051649	establishment of localization in cell	ENSMUSG00000053825	ENSMUSG00000053825	IEA
CRE upregulated	GO:0051649	establishment of localization in cell	ENSMUSG00000019726	ENSMUSG00000019726	IEA
CRE upregulated	GO:0051649	establishment of localization in cell	ENSMUSG00000038115	ENSMUSG00000038115	IDA, IMP
CRE upregulated	GO:0051649	establishment of localization in cell	ENSMUSG00000049550	ENSMUSG00000049550	IMP
CRE upregulated	GO:0051649	establishment of localization in cell	ENSMUSG00000034006	ENSMUSG00000034006	IBA
CRE upregulated	GO:0051649	establishment of localization in cell	ENSMUSG00000019998	ENSMUSG00000019998	IEA
CRE upregulated	GO:0051649	establishment of localization in cell	ENSMUSG00000003541	ENSMUSG00000003541	IMP
CRE upregulated	GO:0051649	establishment of localization in cell	ENSMUSG00000024287	ENSMUSG00000024287	ISS, IBA, IEA
CRE upregulated	GO:0043067	regulation of programmed cell death	ENSMUSG00000026628	Atf3	IEA
CRE upregulated	GO:0043067	regulation of programmed cell death	ENSMUSG00000036390	Gadd45a	IEA
CRE upregulated	GO:0043067	regulation of programmed cell death	ENSMUSG00000052684	Jun	IMP, ISO
CRE upregulated	GO:0043067	regulation of programmed cell death	ENSMUSG00000046223	Plaur	ISO, IEA
CRE upregulated	GO:0043067	regulation of programmed cell death	ENSMUSG00000031574	Star	ISO, IEA
CRE upregulated	GO:0043067	regulation of programmed cell death	ENSMUSG00000039328	Rnf122	ISS, IEA
CRE upregulated	GO:0043067	regulation of programmed cell death	ENSMUSG00000004951	Hspb1	IDA, IBA, IEA
CRE upregulated	GO:0043067	regulation of programmed cell death	ENSMUSG00000025473	Adam8	IDA, IMP
CRE upregulated	GO:0043067	regulation of programmed cell death	ENSMUSG00000023905	Tnfrsf12a	IBA, IEA
CRE upregulated	GO:0043067	regulation of programmed cell death	ENSMUSG00000030102	Itpr1	ISO, IEA
CRE upregulated	GO:0043067	regulation of programmed cell death	ENSMUSG00000020427	Igfbp3	ISS, ISO, IEA
CRE upregulated	GO:0043067	regulation of programmed cell death	ENSMUSG00000023067	Cdkn1a	IMP, ISO
CRE upregulated	GO:0043067	regulation of programmed cell death	ENSMUSG00000020205	Phlda1	ISO, IBA, IEA
CRE upregulated	GO:0043067	regulation of programmed cell death	ENSMUSG00000003644	Rps6ka1	ISS, IEA
CRE upregulated	GO:0043067	regulation of programmed cell death	ENSMUSG00000005087	Cd44	IEA
CRE upregulated	GO:0043067	regulation of programmed cell death	ENSMUSG00000026836	Acvr1	IEA
CRE upregulated	GO:0043067	regulation of programmed cell death	ENSMUSG00000003153	Slc2a3	ISO
CRE upregulated	GO:0043067	regulation of programmed cell death	ENSMUSG00000021453	Gadd45g	IEA
CRE upregulated	GO:0043067	regulation of programmed cell death	ENSMUSG00000048482	Bdnf	IDA, IMP, IGI, ISO, IBA, IEA
CRE upregulated	GO:0043067	regulation of programmed cell death	ENSMUSG00000024256	Adcyap1	ISO, IEA
CRE upregulated	GO:0043067	regulation of programmed cell death	ENSMUSG00000021070	Bdkrb2	IMP, IGI
CRE upregulated	GO:0043067	regulation of programmed cell death	ENSMUSG00000002250	Ppard	ISO
CRE upregulated	GO:0043067	regulation of programmed cell death	ENSMUSG00000038894	Irs2	IMP
CRE upregulated	GO:0043067	regulation of programmed cell death	ENSMUSG00000035828	Pim3	ISS, IBA, IEA
CRE upregulated	GO:0043067	regulation of programmed cell death	ENSMUSG00000026796	Niban2	IEA
CRE upregulated	GO:0043067	regulation of programmed cell death	ENSMUSG00000027540	Ptpn1	IMP, IEA
CRE upregulated	GO:0043067	regulation of programmed cell death	ENSMUSG00000019461	Plscr3	ISS, IEA
CRE upregulated	GO:0043067	regulation of programmed cell death	ENSMUSG00000027035	Cers6	ISO, IEA
CRE upregulated	GO:0043067	regulation of programmed cell death	ENSMUSG00000028063	Lmna	IMP
CRE upregulated	GO:0043067	regulation of programmed cell death	ENSMUSG00000030678	Maz	IEA
CRE upregulated	GO:0043067	regulation of programmed cell death	ENSMUSG00000025809	Itgb1	ISO, IEA
CRE upregulated	GO:0043067	regulation of programmed cell death	ENSMUSG00000022043	Trim35	IEA
CRE upregulated	GO:0043067	regulation of programmed cell death	ENSMUSG00000025746	Il6	IMP, ISO
CRE upregulated	GO:0043067	regulation of programmed cell death	ENSMUSG00000031078	Cttn	IGI
CRE upregulated	GO:0043067	regulation of programmed cell death	ENSMUSG00000022607	Ptk2	ISS, ISO
CRE upregulated	GO:0043067	regulation of programmed cell death	ENSMUSG00000055994	Nod2	IDA, IEA
CRE upregulated	GO:0043067	regulation of programmed cell death	ENSMUSG00000024014	Pim1	ISS, IEA
CRE upregulated	GO:0043067	regulation of programmed cell death	ENSMUSG00000037062	Sh3glb1	IDA, IMP
CRE upregulated	GO:0043067	regulation of programmed cell death	ENSMUSG00000042406	Atf4	IMP, ISO, IEA
CRE upregulated	GO:0043067	regulation of programmed cell death	ENSMUSG00000046854	Pip5kl1	ISS, IEA
CRE upregulated	GO:0043067	regulation of programmed cell death	ENSMUSG00000031628	Casp3	IDA, ISO, IBA, IEA
CRE upregulated	GO:0043067	regulation of programmed cell death	ENSMUSG00000025408	Ddit3	IMP, ISS, ISO, IEA
CRE upregulated	GO:0043067	regulation of programmed cell death	ENSMUSG00000040435	Ppp1r15a	ISO
CRE upregulated	GO:0043067	regulation of programmed cell death	ENSMUSG00000032078	Zpr1	IMP
CRE upregulated	GO:0043067	regulation of programmed cell death	ENSMUSG00000035199	Arl6ip5	IEA
CRE upregulated	GO:0043067	regulation of programmed cell death	ENSMUSG00000030077	Chl1	IDA
CRE upregulated	GO:0043067	regulation of programmed cell death	ENSMUSG00000018909	Arrb1	IMP, ISO
CRE upregulated	GO:0043067	regulation of programmed cell death	ENSMUSG00000024521	Pmaip1	IMP, ISO, RCA
CRE upregulated	GO:0043067	regulation of programmed cell death	ENSMUSG00000026317	Cln8	IMP
CRE upregulated	GO:0043067	regulation of programmed cell death	ENSMUSG00000015837	Sqstm1	ISS, IEA
CRE upregulated	GO:0043067	regulation of programmed cell death	ENSMUSG00000037580	Gch1	ISO, IEA
CRE upregulated	GO:0043067	regulation of programmed cell death	ENSMUSG00000022346	Myc	IDA, IMP, IGI, ISO, IEA
CRE upregulated	GO:0043067	regulation of programmed cell death	ENSMUSG00000036478	Btg1	ISS, IEA
CRE upregulated	GO:0043067	regulation of programmed cell death	ENSMUSG00000027954	Efna1	IDA
CRE upregulated	GO:0043067	regulation of programmed cell death	ENSMUSG00000024789	Jak2	IDA, IMP, ISO, IBA, IEA
CRE upregulated	GO:0043067	regulation of programmed cell death	ENSMUSG00000042292	Mrtfa	IDA
CRE upregulated	GO:0043067	regulation of programmed cell death	ENSMUSG00000109511	Nup62	ISS, IEA
CRE upregulated	GO:0043067	regulation of programmed cell death	ENSMUSG00000050335	Lgals3	IEA
CRE upregulated	GO:0043067	regulation of programmed cell death	ENSMUSG00000024190	Dusp1	ISO
CRE upregulated	GO:0043067	regulation of programmed cell death	ENSMUSG00000031960	Aars1	IMP
CRE upregulated	GO:0043067	regulation of programmed cell death	ENSMUSG00000059866	Tnip2	ISS, IEA
CRE upregulated	GO:0043067	regulation of programmed cell death	ENSMUSG00000059316	Slc27a4	IEA
CRE upregulated	GO:0043067	regulation of programmed cell death	ENSMUSG00000024803	Ankrd1	IEA
CRE upregulated	GO:0043067	regulation of programmed cell death	ENSMUSG00000024912	Fosl1	ISO, IEA
CRE upregulated	GO:0043067	regulation of programmed cell death	ENSMUSG00000024927	Rela	IDA, IEA
CRE upregulated	GO:0043067	regulation of programmed cell death	ENSMUSG00000042608	Stk40	IMP
CRE upregulated	GO:0043067	regulation of programmed cell death	ENSMUSG00000024947	Men1	IDA, IGI
CRE upregulated	GO:0043067	regulation of programmed cell death	ENSMUSG00000064210	ENSMUSG00000064210	IMP, IEA
CRE upregulated	GO:0043067	regulation of programmed cell death	ENSMUSG00000028466	Creb3	IEA
CRE upregulated	GO:0043067	regulation of programmed cell death	ENSMUSG00000029175	Slc35f6	ISS, IEA
CRE upregulated	GO:0043067	regulation of programmed cell death	ENSMUSG00000031668	ENSMUSG00000031668	IEA
CRE upregulated	GO:0043067	regulation of programmed cell death	ENSMUSG00000053175	Bcl3	IMP, IGI, IBA, IEA
CRE upregulated	GO:0043067	regulation of programmed cell death	ENSMUSG00000032599	ENSMUSG00000032599	IEA
CRE upregulated	GO:0043067	regulation of programmed cell death	ENSMUSG00000037815	Ctnna1	IMP
CRE upregulated	GO:0043067	regulation of programmed cell death	ENSMUSG00000024517	Grp	ISO, IEA
CRE upregulated	GO:0043067	regulation of programmed cell death	ENSMUSG00000029752	ENSMUSG00000029752	IEA
CRE upregulated	GO:0043067	regulation of programmed cell death	ENSMUSG00000028599	Tnfrsf1b	IGI
CRE upregulated	GO:0043067	regulation of programmed cell death	ENSMUSG00000025060	ENSMUSG00000025060	ISO, IBA, IEA
CRE upregulated	GO:0043067	regulation of programmed cell death	ENSMUSG00000013483	Card14	ISS, IEA
CRE upregulated	GO:0043067	regulation of programmed cell death	ENSMUSG00000020250	ENSMUSG00000020250	ISO
CRE upregulated	GO:0043067	regulation of programmed cell death	ENSMUSG00000000001	ENSMUSG00000000001	ISO
CRE upregulated	GO:0043067	regulation of programmed cell death	ENSMUSG00000022270	ENSMUSG00000022270	IMP, IBA, IEA
CRE upregulated	GO:0043067	regulation of programmed cell death	ENSMUSG00000040010	Slc7a5	ISO, IEA
CRE upregulated	GO:0043067	regulation of programmed cell death	ENSMUSG00000040463	ENSMUSG00000040463	IEA
CRE upregulated	GO:0043067	regulation of programmed cell death	ENSMUSG00000004099	ENSMUSG00000004099	IEA
CRE upregulated	GO:0043067	regulation of programmed cell death	ENSMUSG00000027997	Casp6	ISS, ISO, IBA, RCA, IEA
CRE upregulated	GO:0043067	regulation of programmed cell death	ENSMUSG00000000787	ENSMUSG00000000787	ISS
CRE upregulated	GO:0043067	regulation of programmed cell death	ENSMUSG00000038676	Ucn	ISO, IEA
CRE upregulated	GO:0043067	regulation of programmed cell death	ENSMUSG00000026864	ENSMUSG00000026864	IEA
CRE upregulated	GO:0043067	regulation of programmed cell death	ENSMUSG00000002633	Shh	IDA, IMP, IGI, ISO
CRE upregulated	GO:0043067	regulation of programmed cell death	ENSMUSG00000028680	ENSMUSG00000028680	IEA
CRE upregulated	GO:0043067	regulation of programmed cell death	ENSMUSG00000032462	ENSMUSG00000032462	IMP, IEA
CRE upregulated	GO:0043067	regulation of programmed cell death	ENSMUSG00000027944	Hax1	IBA, IEA
CRE upregulated	GO:0043067	regulation of programmed cell death	ENSMUSG00000037411	Serpine1	IEA
CRE upregulated	GO:0043067	regulation of programmed cell death	ENSMUSG00000019843	ENSMUSG00000019843	ISO
CRE upregulated	GO:0043067	regulation of programmed cell death	ENSMUSG00000027646	ENSMUSG00000027646	ISO, IBA, IEA
CRE upregulated	GO:0043067	regulation of programmed cell death	ENSMUSG00000021340	ENSMUSG00000021340	IEA
CRE upregulated	GO:0043067	regulation of programmed cell death	ENSMUSG00000025027	Xpnpep1	ISS, IEA
CRE upregulated	GO:0043067	regulation of programmed cell death	ENSMUSG00000031642	Sh3rf1	IEA
CRE upregulated	GO:0043067	regulation of programmed cell death	ENSMUSG00000015839	Nfe2l2	ISS, ISO, IEA
CRE upregulated	GO:0043067	regulation of programmed cell death	ENSMUSG00000021477	ENSMUSG00000021477	IBA
CRE upregulated	GO:0043067	regulation of programmed cell death	ENSMUSG00000054499	ENSMUSG00000054499	RCA, IEA
CRE upregulated	GO:0043067	regulation of programmed cell death	ENSMUSG00000024907	Gal	ISO
CRE upregulated	GO:0043067	regulation of programmed cell death	ENSMUSG00000003541	ENSMUSG00000003541	IDA, IEA
CRE upregulated	GO:0043067	regulation of programmed cell death	ENSMUSG00000024287	ENSMUSG00000024287	RCA
CRE upregulated	GO:0043067	regulation of programmed cell death	ENSMUSG00000024026	ENSMUSG00000024026	ISS, IEA
CRE upregulated	GO:0043067	regulation of programmed cell death	ENSMUSG00000029475	ENSMUSG00000029475	IMP
CRE upregulated	GO:0042981	regulation of apoptotic process	ENSMUSG00000026628	Atf3	IEA
CRE upregulated	GO:0042981	regulation of apoptotic process	ENSMUSG00000036390	Gadd45a	IEA
CRE upregulated	GO:0042981	regulation of apoptotic process	ENSMUSG00000052684	Jun	IMP, ISO
CRE upregulated	GO:0042981	regulation of apoptotic process	ENSMUSG00000046223	Plaur	ISO, IEA
CRE upregulated	GO:0042981	regulation of apoptotic process	ENSMUSG00000031574	Star	ISO, IEA
CRE upregulated	GO:0042981	regulation of apoptotic process	ENSMUSG00000039328	Rnf122	ISS, IEA
CRE upregulated	GO:0042981	regulation of apoptotic process	ENSMUSG00000004951	Hspb1	IDA, IBA, IEA
CRE upregulated	GO:0042981	regulation of apoptotic process	ENSMUSG00000025473	Adam8	IDA, IMP
CRE upregulated	GO:0042981	regulation of apoptotic process	ENSMUSG00000023905	Tnfrsf12a	IBA, IEA
CRE upregulated	GO:0042981	regulation of apoptotic process	ENSMUSG00000030102	Itpr1	ISO, IEA
CRE upregulated	GO:0042981	regulation of apoptotic process	ENSMUSG00000020427	Igfbp3	ISS, ISO, IEA
CRE upregulated	GO:0042981	regulation of apoptotic process	ENSMUSG00000023067	Cdkn1a	ISO
CRE upregulated	GO:0042981	regulation of apoptotic process	ENSMUSG00000020205	Phlda1	ISO, IBA, IEA
CRE upregulated	GO:0042981	regulation of apoptotic process	ENSMUSG00000003644	Rps6ka1	ISS, IEA
CRE upregulated	GO:0042981	regulation of apoptotic process	ENSMUSG00000005087	Cd44	IEA
CRE upregulated	GO:0042981	regulation of apoptotic process	ENSMUSG00000026836	Acvr1	IEA
CRE upregulated	GO:0042981	regulation of apoptotic process	ENSMUSG00000003153	Slc2a3	ISO
CRE upregulated	GO:0042981	regulation of apoptotic process	ENSMUSG00000021453	Gadd45g	IEA
CRE upregulated	GO:0042981	regulation of apoptotic process	ENSMUSG00000048482	Bdnf	IDA, IMP, IGI, ISO, IBA, IEA
CRE upregulated	GO:0042981	regulation of apoptotic process	ENSMUSG00000024256	Adcyap1	ISO, IEA
CRE upregulated	GO:0042981	regulation of apoptotic process	ENSMUSG00000021070	Bdkrb2	IMP, IGI
CRE upregulated	GO:0042981	regulation of apoptotic process	ENSMUSG00000002250	Ppard	ISO
CRE upregulated	GO:0042981	regulation of apoptotic process	ENSMUSG00000038894	Irs2	IMP
CRE upregulated	GO:0042981	regulation of apoptotic process	ENSMUSG00000035828	Pim3	ISS, IBA, IEA
CRE upregulated	GO:0042981	regulation of apoptotic process	ENSMUSG00000026796	Niban2	IEA
CRE upregulated	GO:0042981	regulation of apoptotic process	ENSMUSG00000027540	Ptpn1	IMP, IEA
CRE upregulated	GO:0042981	regulation of apoptotic process	ENSMUSG00000019461	Plscr3	ISS, IEA
CRE upregulated	GO:0042981	regulation of apoptotic process	ENSMUSG00000027035	Cers6	ISO, IEA
CRE upregulated	GO:0042981	regulation of apoptotic process	ENSMUSG00000028063	Lmna	IMP
CRE upregulated	GO:0042981	regulation of apoptotic process	ENSMUSG00000030678	Maz	IEA
CRE upregulated	GO:0042981	regulation of apoptotic process	ENSMUSG00000025809	Itgb1	ISO, IEA
CRE upregulated	GO:0042981	regulation of apoptotic process	ENSMUSG00000022043	Trim35	IEA
CRE upregulated	GO:0042981	regulation of apoptotic process	ENSMUSG00000025746	Il6	IMP, ISO
CRE upregulated	GO:0042981	regulation of apoptotic process	ENSMUSG00000031078	Cttn	IGI
CRE upregulated	GO:0042981	regulation of apoptotic process	ENSMUSG00000022607	Ptk2	ISS, ISO
CRE upregulated	GO:0042981	regulation of apoptotic process	ENSMUSG00000055994	Nod2	IDA, IEA
CRE upregulated	GO:0042981	regulation of apoptotic process	ENSMUSG00000024014	Pim1	ISS, IEA
CRE upregulated	GO:0042981	regulation of apoptotic process	ENSMUSG00000037062	Sh3glb1	IDA, IMP
CRE upregulated	GO:0042981	regulation of apoptotic process	ENSMUSG00000042406	Atf4	IMP, ISO, IEA
CRE upregulated	GO:0042981	regulation of apoptotic process	ENSMUSG00000046854	Pip5kl1	ISS, IEA
CRE upregulated	GO:0042981	regulation of apoptotic process	ENSMUSG00000031628	Casp3	IDA, ISO, IBA, IEA
CRE upregulated	GO:0042981	regulation of apoptotic process	ENSMUSG00000025408	Ddit3	IMP, ISS, ISO, IEA
CRE upregulated	GO:0042981	regulation of apoptotic process	ENSMUSG00000040435	Ppp1r15a	ISO
CRE upregulated	GO:0042981	regulation of apoptotic process	ENSMUSG00000032078	Zpr1	IMP
CRE upregulated	GO:0042981	regulation of apoptotic process	ENSMUSG00000035199	Arl6ip5	IEA
CRE upregulated	GO:0042981	regulation of apoptotic process	ENSMUSG00000030077	Chl1	IDA
CRE upregulated	GO:0042981	regulation of apoptotic process	ENSMUSG00000018909	Arrb1	IMP, ISO
CRE upregulated	GO:0042981	regulation of apoptotic process	ENSMUSG00000024521	Pmaip1	IMP, ISO, RCA
CRE upregulated	GO:0042981	regulation of apoptotic process	ENSMUSG00000026317	Cln8	IMP
CRE upregulated	GO:0042981	regulation of apoptotic process	ENSMUSG00000037580	Gch1	ISO, IEA
CRE upregulated	GO:0042981	regulation of apoptotic process	ENSMUSG00000022346	Myc	IDA, IMP, IGI, ISO, IEA
CRE upregulated	GO:0042981	regulation of apoptotic process	ENSMUSG00000036478	Btg1	ISS, IEA
CRE upregulated	GO:0042981	regulation of apoptotic process	ENSMUSG00000027954	Efna1	IDA
CRE upregulated	GO:0042981	regulation of apoptotic process	ENSMUSG00000024789	Jak2	IDA, IMP, ISO, IBA, IEA
CRE upregulated	GO:0042981	regulation of apoptotic process	ENSMUSG00000042292	Mrtfa	IDA
CRE upregulated	GO:0042981	regulation of apoptotic process	ENSMUSG00000109511	Nup62	ISS, IEA
CRE upregulated	GO:0042981	regulation of apoptotic process	ENSMUSG00000050335	Lgals3	IEA
CRE upregulated	GO:0042981	regulation of apoptotic process	ENSMUSG00000024190	Dusp1	ISO
CRE upregulated	GO:0042981	regulation of apoptotic process	ENSMUSG00000031960	Aars1	IMP
CRE upregulated	GO:0042981	regulation of apoptotic process	ENSMUSG00000059866	Tnip2	ISS, IEA
CRE upregulated	GO:0042981	regulation of apoptotic process	ENSMUSG00000059316	Slc27a4	IEA
CRE upregulated	GO:0042981	regulation of apoptotic process	ENSMUSG00000024803	Ankrd1	IEA
CRE upregulated	GO:0042981	regulation of apoptotic process	ENSMUSG00000024912	Fosl1	ISO, IEA
CRE upregulated	GO:0042981	regulation of apoptotic process	ENSMUSG00000024927	Rela	IDA, IEA
CRE upregulated	GO:0042981	regulation of apoptotic process	ENSMUSG00000042608	Stk40	IMP
CRE upregulated	GO:0042981	regulation of apoptotic process	ENSMUSG00000024947	Men1	IDA, IGI
CRE upregulated	GO:0042981	regulation of apoptotic process	ENSMUSG00000064210	ENSMUSG00000064210	IMP, IEA
CRE upregulated	GO:0042981	regulation of apoptotic process	ENSMUSG00000028466	Creb3	IEA
CRE upregulated	GO:0042981	regulation of apoptotic process	ENSMUSG00000029175	Slc35f6	ISS, IEA
CRE upregulated	GO:0042981	regulation of apoptotic process	ENSMUSG00000031668	ENSMUSG00000031668	IEA
CRE upregulated	GO:0042981	regulation of apoptotic process	ENSMUSG00000053175	Bcl3	IMP, IGI, IBA, IEA
CRE upregulated	GO:0042981	regulation of apoptotic process	ENSMUSG00000032599	ENSMUSG00000032599	IEA
CRE upregulated	GO:0042981	regulation of apoptotic process	ENSMUSG00000037815	Ctnna1	IMP
CRE upregulated	GO:0042981	regulation of apoptotic process	ENSMUSG00000024517	Grp	ISO, IEA
CRE upregulated	GO:0042981	regulation of apoptotic process	ENSMUSG00000029752	ENSMUSG00000029752	IEA
CRE upregulated	GO:0042981	regulation of apoptotic process	ENSMUSG00000028599	Tnfrsf1b	IGI
CRE upregulated	GO:0042981	regulation of apoptotic process	ENSMUSG00000025060	ENSMUSG00000025060	ISO, IBA, IEA
CRE upregulated	GO:0042981	regulation of apoptotic process	ENSMUSG00000013483	Card14	ISS, IEA
CRE upregulated	GO:0042981	regulation of apoptotic process	ENSMUSG00000020250	ENSMUSG00000020250	ISO
CRE upregulated	GO:0042981	regulation of apoptotic process	ENSMUSG00000000001	ENSMUSG00000000001	ISO
CRE upregulated	GO:0042981	regulation of apoptotic process	ENSMUSG00000022270	ENSMUSG00000022270	IMP, IBA, IEA
CRE upregulated	GO:0042981	regulation of apoptotic process	ENSMUSG00000040010	Slc7a5	ISO, IEA
CRE upregulated	GO:0042981	regulation of apoptotic process	ENSMUSG00000040463	ENSMUSG00000040463	IEA
CRE upregulated	GO:0042981	regulation of apoptotic process	ENSMUSG00000004099	ENSMUSG00000004099	IEA
CRE upregulated	GO:0042981	regulation of apoptotic process	ENSMUSG00000027997	Casp6	ISS, ISO, IBA, RCA, IEA
CRE upregulated	GO:0042981	regulation of apoptotic process	ENSMUSG00000000787	ENSMUSG00000000787	ISS
CRE upregulated	GO:0042981	regulation of apoptotic process	ENSMUSG00000038676	Ucn	ISO, IEA
CRE upregulated	GO:0042981	regulation of apoptotic process	ENSMUSG00000026864	ENSMUSG00000026864	IEA
CRE upregulated	GO:0042981	regulation of apoptotic process	ENSMUSG00000002633	Shh	IDA, IMP, IGI, ISO
CRE upregulated	GO:0042981	regulation of apoptotic process	ENSMUSG00000028680	ENSMUSG00000028680	IEA
CRE upregulated	GO:0042981	regulation of apoptotic process	ENSMUSG00000032462	ENSMUSG00000032462	IMP, IEA
CRE upregulated	GO:0042981	regulation of apoptotic process	ENSMUSG00000027944	Hax1	IBA, IEA
CRE upregulated	GO:0042981	regulation of apoptotic process	ENSMUSG00000037411	Serpine1	IEA
CRE upregulated	GO:0042981	regulation of apoptotic process	ENSMUSG00000019843	ENSMUSG00000019843	ISO
CRE upregulated	GO:0042981	regulation of apoptotic process	ENSMUSG00000027646	ENSMUSG00000027646	ISO, IBA, IEA
CRE upregulated	GO:0042981	regulation of apoptotic process	ENSMUSG00000021340	ENSMUSG00000021340	IEA
CRE upregulated	GO:0042981	regulation of apoptotic process	ENSMUSG00000031642	Sh3rf1	IEA
CRE upregulated	GO:0042981	regulation of apoptotic process	ENSMUSG00000015839	Nfe2l2	ISO, IEA
CRE upregulated	GO:0042981	regulation of apoptotic process	ENSMUSG00000021477	ENSMUSG00000021477	IBA
CRE upregulated	GO:0042981	regulation of apoptotic process	ENSMUSG00000054499	ENSMUSG00000054499	RCA, IEA
CRE upregulated	GO:0042981	regulation of apoptotic process	ENSMUSG00000024907	Gal	ISO
CRE upregulated	GO:0042981	regulation of apoptotic process	ENSMUSG00000003541	ENSMUSG00000003541	IDA, IEA
CRE upregulated	GO:0042981	regulation of apoptotic process	ENSMUSG00000024287	ENSMUSG00000024287	RCA
CRE upregulated	GO:0042981	regulation of apoptotic process	ENSMUSG00000024026	ENSMUSG00000024026	ISS, IEA
CRE upregulated	GO:0042981	regulation of apoptotic process	ENSMUSG00000029475	ENSMUSG00000029475	IMP
CRE upregulated	GO:0051049	regulation of transport	ENSMUSG00000063632	Sox11	IMP
CRE upregulated	GO:0051049	regulation of transport	ENSMUSG00000042816	Gpr151	EXP, IDA, IMP
CRE upregulated	GO:0051049	regulation of transport	ENSMUSG00000050164	Mchr1	ISO, IEA
CRE upregulated	GO:0051049	regulation of transport	ENSMUSG00000030898	Cckbr	ISO
CRE upregulated	GO:0051049	regulation of transport	ENSMUSG00000024143	Rhoq	IC, IEA
CRE upregulated	GO:0051049	regulation of transport	ENSMUSG00000030748	Il4ra	IMP
CRE upregulated	GO:0051049	regulation of transport	ENSMUSG00000030102	Itpr1	IMP, IGI, ISO
CRE upregulated	GO:0051049	regulation of transport	ENSMUSG00000020427	Igfbp3	ISO
CRE upregulated	GO:0051049	regulation of transport	ENSMUSG00000030272	Camk1	IDA, IEA
CRE upregulated	GO:0051049	regulation of transport	ENSMUSG00000035621	Midn	ISO, IEA
CRE upregulated	GO:0051049	regulation of transport	ENSMUSG00000050989	Selenon	ISS
CRE upregulated	GO:0051049	regulation of transport	ENSMUSG00000024261	Syt4	EXP, IDA, IMP, ISO, TAS, IEA
CRE upregulated	GO:0051049	regulation of transport	ENSMUSG00000024256	Adcyap1	ISS, ISO, IEA
CRE upregulated	GO:0051049	regulation of transport	ENSMUSG00000037458	Azin1	IDA, IBA, IEA
CRE upregulated	GO:0051049	regulation of transport	ENSMUSG00000018736	Ndel1	IEA
CRE upregulated	GO:0051049	regulation of transport	ENSMUSG00000002250	Ppard	ISO, NAS
CRE upregulated	GO:0051049	regulation of transport	ENSMUSG00000018507	Trpv2	IMP
CRE upregulated	GO:0051049	regulation of transport	ENSMUSG00000078532	Nkain1	IBA, IEA
CRE upregulated	GO:0051049	regulation of transport	ENSMUSG00000041870	Ankrd13a	ISS, IEA
CRE upregulated	GO:0051049	regulation of transport	ENSMUSG00000038894	Irs2	IMP, IEA
CRE upregulated	GO:0051049	regulation of transport	ENSMUSG00000035828	Pim3	IMP
CRE upregulated	GO:0051049	regulation of transport	ENSMUSG00000028789	Azin2	IDA, IBA
CRE upregulated	GO:0051049	regulation of transport	ENSMUSG00000027540	Ptpn1	ISS, IEA
CRE upregulated	GO:0051049	regulation of transport	ENSMUSG00000022661	Cd200	IEA
CRE upregulated	GO:0051049	regulation of transport	ENSMUSG00000053436	Mapk14	IMP
CRE upregulated	GO:0051049	regulation of transport	ENSMUSG00000025809	Itgb1	IMP, ISO
CRE upregulated	GO:0051049	regulation of transport	ENSMUSG00000015243	Abca1	IMP
CRE upregulated	GO:0051049	regulation of transport	ENSMUSG00000020592	Sdc1	IEA
CRE upregulated	GO:0051049	regulation of transport	ENSMUSG00000025746	Il6	IDA, ISO
CRE upregulated	GO:0051049	regulation of transport	ENSMUSG00000032231	Anxa2	IMP, ISO, IBA, NAS, IEA
CRE upregulated	GO:0051049	regulation of transport	ENSMUSG00000022607	Ptk2	ISO
CRE upregulated	GO:0051049	regulation of transport	ENSMUSG00000055994	Nod2	IMP
CRE upregulated	GO:0051049	regulation of transport	ENSMUSG00000024014	Pim1	ISS
CRE upregulated	GO:0051049	regulation of transport	ENSMUSG00000037062	Sh3glb1	ISO
CRE upregulated	GO:0051049	regulation of transport	ENSMUSG00000024772	Ehd1	IMP
CRE upregulated	GO:0051049	regulation of transport	ENSMUSG00000023169	Slc38a1	ISS, ISO, IEA
CRE upregulated	GO:0051049	regulation of transport	ENSMUSG00000027293	Ehd4	ISO, IEA
CRE upregulated	GO:0051049	regulation of transport	ENSMUSG00000042406	Atf4	IMP, ISO, IEA
CRE upregulated	GO:0051049	regulation of transport	ENSMUSG00000020838	Slc6a4	ISO, IEA
CRE upregulated	GO:0051049	regulation of transport	ENSMUSG00000031628	Casp3	IDA, IMP
CRE upregulated	GO:0051049	regulation of transport	ENSMUSG00000032078	Zpr1	IMP, ISS, IBA, IEA
CRE upregulated	GO:0051049	regulation of transport	ENSMUSG00000035199	Arl6ip5	IDA, ISO, IBA
CRE upregulated	GO:0051049	regulation of transport	ENSMUSG00000001847	Rac1	IDA, IMP, ISO
CRE upregulated	GO:0051049	regulation of transport	ENSMUSG00000018909	Arrb1	IMP, ISS, IEA
CRE upregulated	GO:0051049	regulation of transport	ENSMUSG00000057531	Dtnbp1	IDA, IMP, ISO, IBA, IEA
CRE upregulated	GO:0051049	regulation of transport	ENSMUSG00000004768	Rab23	IEA
CRE upregulated	GO:0051049	regulation of transport	ENSMUSG00000036737	Oxsr1	IGI
CRE upregulated	GO:0051049	regulation of transport	ENSMUSG00000036057	Ptpn23	IEA
CRE upregulated	GO:0051049	regulation of transport	ENSMUSG00000015316	Slamf1	IMP
CRE upregulated	GO:0051049	regulation of transport	ENSMUSG00000032502	Stac	IMP
CRE upregulated	GO:0051049	regulation of transport	ENSMUSG00000022346	Myc	ISO
CRE upregulated	GO:0051049	regulation of transport	ENSMUSG00000036437	Npy1r	ISO
CRE upregulated	GO:0051049	regulation of transport	ENSMUSG00000030616	Sytl2	IMP
CRE upregulated	GO:0051049	regulation of transport	ENSMUSG00000047604	Frat2	ISS
CRE upregulated	GO:0051049	regulation of transport	ENSMUSG00000023032	Slc4a8	EXP, IDA, IMP
CRE upregulated	GO:0051049	regulation of transport	ENSMUSG00000024789	Jak2	ISS, ISO, IEA
CRE upregulated	GO:0051049	regulation of transport	ENSMUSG00000038949	Cnst	ISS, IBA, IEA
CRE upregulated	GO:0051049	regulation of transport	ENSMUSG00000022602	Arc	IDA, IMP, IEA
CRE upregulated	GO:0051049	regulation of transport	ENSMUSG00000109511	Nup62	ISO, IEA
CRE upregulated	GO:0051049	regulation of transport	ENSMUSG00000004347	ENSMUSG00000004347	ISO
CRE upregulated	GO:0051049	regulation of transport	ENSMUSG00000050335	Lgals3	IEA
CRE upregulated	GO:0051049	regulation of transport	ENSMUSG00000033545	Znrf1	IEA
CRE upregulated	GO:0051049	regulation of transport	ENSMUSG00000024803	Ankrd1	IEA
CRE upregulated	GO:0051049	regulation of transport	ENSMUSG00000025793	ENSMUSG00000025793	IEA
CRE upregulated	GO:0051049	regulation of transport	ENSMUSG00000038591	Colec10	IEA
CRE upregulated	GO:0051049	regulation of transport	ENSMUSG00000026718	ENSMUSG00000026718	IEA
CRE upregulated	GO:0051049	regulation of transport	ENSMUSG00000029071	ENSMUSG00000029071	IDA, IMP
CRE upregulated	GO:0051049	regulation of transport	ENSMUSG00000044453	Ffar1	IDA, IMP, ISO, IBA, IEA
CRE upregulated	GO:0051049	regulation of transport	ENSMUSG00000064210	ENSMUSG00000064210	IMP, ISS, ISO, IEA
CRE upregulated	GO:0051049	regulation of transport	ENSMUSG00000032902	Slc16a1	IMP
CRE upregulated	GO:0051049	regulation of transport	ENSMUSG00000032715	Trib3	IDA
CRE upregulated	GO:0051049	regulation of transport	ENSMUSG00000026074	Map4k4	IEA
CRE upregulated	GO:0051049	regulation of transport	ENSMUSG00000029175	Slc35f6	ISS, IEA
CRE upregulated	GO:0051049	regulation of transport	ENSMUSG00000010660	Plcd1	ISO
CRE upregulated	GO:0051049	regulation of transport	ENSMUSG00000031278	ENSMUSG00000031278	ISS, ISO
CRE upregulated	GO:0051049	regulation of transport	ENSMUSG00000040640	ENSMUSG00000040640	IDA, IMP
CRE upregulated	GO:0051049	regulation of transport	ENSMUSG00000024517	Grp	ISS
CRE upregulated	GO:0051049	regulation of transport	ENSMUSG00000040118	ENSMUSG00000040118	IMP, IEA
CRE upregulated	GO:0051049	regulation of transport	ENSMUSG00000025340	Rabgef1	IMP
CRE upregulated	GO:0051049	regulation of transport	ENSMUSG00000085007	ENSMUSG00000085007	IMP
CRE upregulated	GO:0051049	regulation of transport	ENSMUSG00000021587	Pcsk1	ISO, IEA
CRE upregulated	GO:0051049	regulation of transport	ENSMUSG00000028599	Tnfrsf1b	IGI
CRE upregulated	GO:0051049	regulation of transport	ENSMUSG00000044147	Arf6	IEA
CRE upregulated	GO:0051049	regulation of transport	ENSMUSG00000031532	Saraf	ISS, IBA, IEA
CRE upregulated	GO:0051049	regulation of transport	ENSMUSG00000030662	ENSMUSG00000030662	IMP
CRE upregulated	GO:0051049	regulation of transport	ENSMUSG00000011877	Git1	IDA, IMP
CRE upregulated	GO:0051049	regulation of transport	ENSMUSG00000047281	ENSMUSG00000047281	IDA
CRE upregulated	GO:0051049	regulation of transport	ENSMUSG00000025351	Cd63	ISS, ISO, IEA
CRE upregulated	GO:0051049	regulation of transport	ENSMUSG00000027465	Tbc1d20	IEA
CRE upregulated	GO:0051049	regulation of transport	ENSMUSG00000039844	ENSMUSG00000039844	ISO, IEA
CRE upregulated	GO:0051049	regulation of transport	ENSMUSG00000001552	ENSMUSG00000001552	IEA
CRE upregulated	GO:0051049	regulation of transport	ENSMUSG00000040010	Slc7a5	ISO, IEA
CRE upregulated	GO:0051049	regulation of transport	ENSMUSG00000008859	ENSMUSG00000008859	IDA, ISO, IBA, IEA
CRE upregulated	GO:0051049	regulation of transport	ENSMUSG00000038676	Ucn	ISO, IEA
CRE upregulated	GO:0051049	regulation of transport	ENSMUSG00000052681	Rap1b	IGI, IBA, IEA
CRE upregulated	GO:0051049	regulation of transport	ENSMUSG00000021072	Tmx1	IEA
CRE upregulated	GO:0051049	regulation of transport	ENSMUSG00000002633	Shh	IMP, IGI
CRE upregulated	GO:0051049	regulation of transport	ENSMUSG00000028680	ENSMUSG00000028680	IEA
CRE upregulated	GO:0051049	regulation of transport	ENSMUSG00000004270	ENSMUSG00000004270	IMP
CRE upregulated	GO:0051049	regulation of transport	ENSMUSG00000005089	Slc1a2	IMP
CRE upregulated	GO:0051049	regulation of transport	ENSMUSG00000037907	ENSMUSG00000037907	ISS, IEA
CRE upregulated	GO:0051049	regulation of transport	ENSMUSG00000040652	ENSMUSG00000040652	IDA
CRE upregulated	GO:0051049	regulation of transport	ENSMUSG00000037411	Serpine1	IEA
CRE upregulated	GO:0051049	regulation of transport	ENSMUSG00000019843	ENSMUSG00000019843	IGI
CRE upregulated	GO:0051049	regulation of transport	ENSMUSG00000027646	ENSMUSG00000027646	ISO, IEA
CRE upregulated	GO:0051049	regulation of transport	ENSMUSG00000053825	ENSMUSG00000053825	IEA
CRE upregulated	GO:0051049	regulation of transport	ENSMUSG00000015839	Nfe2l2	IDA
CRE upregulated	GO:0051049	regulation of transport	ENSMUSG00000024907	Gal	IEA
CRE upregulated	GO:0051049	regulation of transport	ENSMUSG00000003541	ENSMUSG00000003541	IDA, IMP
CRE upregulated	GO:0007154	cell communication	ENSMUSG00000026628	Atf3	IMP, IEA
CRE upregulated	GO:0007154	cell communication	ENSMUSG00000036390	Gadd45a	IMP, IEA
CRE upregulated	GO:0007154	cell communication	ENSMUSG00000051379	Flrt3	IMP
CRE upregulated	GO:0007154	cell communication	ENSMUSG00000052684	Jun	IDA, IMP, ISO
CRE upregulated	GO:0007154	cell communication	ENSMUSG00000063632	Sox11	IMP, IEA
CRE upregulated	GO:0007154	cell communication	ENSMUSG00000019647	Sema6a	IDA, IMP, IBA, IEA
CRE upregulated	GO:0007154	cell communication	ENSMUSG00000073680	Tmem88b	IBA
CRE upregulated	GO:0007154	cell communication	ENSMUSG00000037428	Vgf	IGI, ISO, IBA, IEA
CRE upregulated	GO:0007154	cell communication	ENSMUSG00000042816	Gpr151	EXP, IDA, IMP, ISS, IBA, IEA
CRE upregulated	GO:0007154	cell communication	ENSMUSG00000046223	Plaur	NAS, IEA
CRE upregulated	GO:0007154	cell communication	ENSMUSG00000031574	Star	ISO, IEA
CRE upregulated	GO:0007154	cell communication	ENSMUSG00000004951	Hspb1	IDA, IEA
CRE upregulated	GO:0007154	cell communication	ENSMUSG00000046688	Tifa	IDA, IPI, ISS, IBA, IEA
CRE upregulated	GO:0007154	cell communication	ENSMUSG00000025473	Adam8	IDA, IEA
CRE upregulated	GO:0007154	cell communication	ENSMUSG00000050164	Mchr1	ISO, IBA, IEA
CRE upregulated	GO:0007154	cell communication	ENSMUSG00000030898	Cckbr	ISO, IBA, IEA
CRE upregulated	GO:0007154	cell communication	ENSMUSG00000046731	Kctd11	IDA
CRE upregulated	GO:0007154	cell communication	ENSMUSG00000024143	Rhoq	IBA, IEA
CRE upregulated	GO:0007154	cell communication	ENSMUSG00000033902	Mapkbp1	IEA
CRE upregulated	GO:0007154	cell communication	ENSMUSG00000030748	Il4ra	IBA, IEA
CRE upregulated	GO:0007154	cell communication	ENSMUSG00000023905	Tnfrsf12a	IDA, IBA
CRE upregulated	GO:0007154	cell communication	ENSMUSG00000030102	Itpr1	IMP, IGI, IEA
CRE upregulated	GO:0007154	cell communication	ENSMUSG00000032515	Csrnp1	IMP
CRE upregulated	GO:0007154	cell communication	ENSMUSG00000025089	Gfra1	ISS, TAS, IEA
CRE upregulated	GO:0007154	cell communication	ENSMUSG00000021765	Fst	IGI, IBA, IEA
CRE upregulated	GO:0007154	cell communication	ENSMUSG00000025348	Itga7	IEA
CRE upregulated	GO:0007154	cell communication	ENSMUSG00000014599	Csf1	IDA, IEA
CRE upregulated	GO:0007154	cell communication	ENSMUSG00000020427	Igfbp3	IGI, ISO, IBA
CRE upregulated	GO:0007154	cell communication	ENSMUSG00000023067	Cdkn1a	IMP, ISS, IEA
CRE upregulated	GO:0007154	cell communication	ENSMUSG00000024404	Riok3	IEA
CRE upregulated	GO:0007154	cell communication	ENSMUSG00000030681	Mvp	IEA
CRE upregulated	GO:0007154	cell communication	ENSMUSG00000006304	Arpc2	ISO
CRE upregulated	GO:0007154	cell communication	ENSMUSG00000031074	Fgf3	IEA
CRE upregulated	GO:0007154	cell communication	ENSMUSG00000030272	Camk1	IDA, IEA
CRE upregulated	GO:0007154	cell communication	ENSMUSG00000035621	Midn	ISO, IEA
CRE upregulated	GO:0007154	cell communication	ENSMUSG00000031681	Smad1	IDA, IMP, IGI, ISS, ISO, IBA, TAS, IEA
CRE upregulated	GO:0007154	cell communication	ENSMUSG00000050989	Selenon	IMP
CRE upregulated	GO:0007154	cell communication	ENSMUSG00000048216	Gpr85	IEA
CRE upregulated	GO:0007154	cell communication	ENSMUSG00000058153	Sez6l	IGI, IBA
CRE upregulated	GO:0007154	cell communication	ENSMUSG00000024261	Syt4	EXP, IDA, IMP, ISO, IBA, IEA
CRE upregulated	GO:0007154	cell communication	ENSMUSG00000032939	Nup93	IDA, IEA
CRE upregulated	GO:0007154	cell communication	ENSMUSG00000003644	Rps6ka1	IEA
CRE upregulated	GO:0007154	cell communication	ENSMUSG00000029378	Areg	IGI, ISO, IBA, IEA
CRE upregulated	GO:0007154	cell communication	ENSMUSG00000042688	Mapk6	IBA, IEA
CRE upregulated	GO:0007154	cell communication	ENSMUSG00000005087	Cd44	IEA
CRE upregulated	GO:0007154	cell communication	ENSMUSG00000026836	Acvr1	IDA, IMP, ISO, IBA, TAS, IEA
CRE upregulated	GO:0007154	cell communication	ENSMUSG00000021453	Gadd45g	IEA
CRE upregulated	GO:0007154	cell communication	ENSMUSG00000002459	Rgs20	TAS, IEA
CRE upregulated	GO:0007154	cell communication	ENSMUSG00000068566	Myadm	IEA
CRE upregulated	GO:0007154	cell communication	ENSMUSG00000048482	Bdnf	EXP, IDA, IMP, IGI, ISO, IBA, IEA
CRE upregulated	GO:0007154	cell communication	ENSMUSG00000024256	Adcyap1	IDA, ISS, ISO, IBA, TAS, IEA
CRE upregulated	GO:0007154	cell communication	ENSMUSG00000021070	Bdkrb2	IMP, IGI, IBA, IEA
CRE upregulated	GO:0007154	cell communication	ENSMUSG00000018736	Ndel1	IDA
CRE upregulated	GO:0007154	cell communication	ENSMUSG00000042804	Gpr153	IEA
CRE upregulated	GO:0007154	cell communication	ENSMUSG00000002250	Ppard	IDA, ISO, IBA, NAS, IEA
CRE upregulated	GO:0007154	cell communication	ENSMUSG00000032641	Gpr19	IBA, IEA
CRE upregulated	GO:0007154	cell communication	ENSMUSG00000021501	Caml	IDA
CRE upregulated	GO:0007154	cell communication	ENSMUSG00000038894	Irs2	IDA, IMP, ISO, IBA, IEA
CRE upregulated	GO:0007154	cell communication	ENSMUSG00000024883	Rin1	IMP, IEA
CRE upregulated	GO:0007154	cell communication	ENSMUSG00000035828	Pim3	IMP
CRE upregulated	GO:0007154	cell communication	ENSMUSG00000032578	Cish	IEA
CRE upregulated	GO:0007154	cell communication	ENSMUSG00000029518	Rab35	IEA
CRE upregulated	GO:0007154	cell communication	ENSMUSG00000045136	Tubb2b	IDA, IMP
CRE upregulated	GO:0007154	cell communication	ENSMUSG00000054855	Rnd1	IBA, IEA
CRE upregulated	GO:0007154	cell communication	ENSMUSG00000027313	Chac1	ISS, IEA
CRE upregulated	GO:0007154	cell communication	ENSMUSG00000026796	Niban2	IEA
CRE upregulated	GO:0007154	cell communication	ENSMUSG00000039954	Stk32a	IBA
CRE upregulated	GO:0007154	cell communication	ENSMUSG00000027540	Ptpn1	IMP, IGI, ISS, ISO, IBA, IEA
CRE upregulated	GO:0007154	cell communication	ENSMUSG00000019461	Plscr3	ISS, IEA
CRE upregulated	GO:0007154	cell communication	ENSMUSG00000043895	S1pr2	IMP, ISO, IBA, IEA
CRE upregulated	GO:0007154	cell communication	ENSMUSG00000028063	Lmna	IMP
CRE upregulated	GO:0007154	cell communication	ENSMUSG00000051343	Rab11fip5	IMP
CRE upregulated	GO:0007154	cell communication	ENSMUSG00000034226	Rhov	IBA, IEA
CRE upregulated	GO:0007154	cell communication	ENSMUSG00000026254	Eif4e2	IEA
CRE upregulated	GO:0007154	cell communication	ENSMUSG00000029121	Crmp1	IGI, IEP
CRE upregulated	GO:0007154	cell communication	ENSMUSG00000030678	Maz	IEA
CRE upregulated	GO:0007154	cell communication	ENSMUSG00000063506	Arhgap22	IEA
CRE upregulated	GO:0007154	cell communication	ENSMUSG00000053436	Mapk14	IDA, IMP, IGI, ISS, ISO, IBA, IEA
CRE upregulated	GO:0007154	cell communication	ENSMUSG00000025809	Itgb1	IDA, IMP, IGI, ISO, IBA, NAS, IEA
CRE upregulated	GO:0007154	cell communication	ENSMUSG00000039364	Sectm1b	IEA
CRE upregulated	GO:0007154	cell communication	ENSMUSG00000040025	Ythdf2	ISS, IEA
CRE upregulated	GO:0007154	cell communication	ENSMUSG00000028156	Eif4e	IDA, IMP, IEP
CRE upregulated	GO:0007154	cell communication	ENSMUSG00000025239	Limd1	IMP, ISS, IBA, IEA
CRE upregulated	GO:0007154	cell communication	ENSMUSG00000005370	Msh6	IMP
CRE upregulated	GO:0007154	cell communication	ENSMUSG00000018362	Kpna2	IDA, IMP
CRE upregulated	GO:0007154	cell communication	ENSMUSG00000011008	Mcoln2	IEA
CRE upregulated	GO:0007154	cell communication	ENSMUSG00000015243	Abca1	IMP, IEA
CRE upregulated	GO:0007154	cell communication	ENSMUSG00000013089	Etv5	IMP
CRE upregulated	GO:0007154	cell communication	ENSMUSG00000025139	Tollip	IDA, IEA
CRE upregulated	GO:0007154	cell communication	ENSMUSG00000020592	Sdc1	IMP
CRE upregulated	GO:0007154	cell communication	ENSMUSG00000025746	Il6	IDA, IMP, ISO, IBA, IEA
CRE upregulated	GO:0007154	cell communication	ENSMUSG00000002233	Rhoc	IBA, IEA
CRE upregulated	GO:0007154	cell communication	ENSMUSG00000032280	Tle3	IBA, IEA
CRE upregulated	GO:0007154	cell communication	ENSMUSG00000073563	Csnk1g3	IBA, IEA
CRE upregulated	GO:0007154	cell communication	ENSMUSG00000031078	Cttn	IGI
CRE upregulated	GO:0007154	cell communication	ENSMUSG00000022607	Ptk2	ISS, ISO, IBA, TAS, IEA
CRE upregulated	GO:0007154	cell communication	ENSMUSG00000055994	Nod2	IDA, IMP, ISS, ISO, IBA, TAS, IEA
CRE upregulated	GO:0007154	cell communication	ENSMUSG00000024014	Pim1	ISS, IEA
CRE upregulated	GO:0007154	cell communication	ENSMUSG00000037062	Sh3glb1	IDA, IMP, ISO
CRE upregulated	GO:0007154	cell communication	ENSMUSG00000023169	Slc38a1	IMP
CRE upregulated	GO:0007154	cell communication	ENSMUSG00000020580	Rock2	IEA
CRE upregulated	GO:0007154	cell communication	ENSMUSG00000021990	Spata13	IEA
CRE upregulated	GO:0007154	cell communication	ENSMUSG00000069094	Pde7a	IDA, IBA, IEA
CRE upregulated	GO:0007154	cell communication	ENSMUSG00000027560	Dok5	IDA, IPI, ISO, IBA, IEA
CRE upregulated	GO:0007154	cell communication	ENSMUSG00000059923	Grb2	IDA, IGI, ISO, IBA, TAS, IEA
CRE upregulated	GO:0007154	cell communication	ENSMUSG00000049303	Syt12	IDA, IMP, ISO, IEA
CRE upregulated	GO:0007154	cell communication	ENSMUSG00000042406	Atf4	IDA, IMP, ISS, ISO, IEA
CRE upregulated	GO:0007154	cell communication	ENSMUSG00000055078	Gabra5	ISO, IBA, IEA
CRE upregulated	GO:0007154	cell communication	ENSMUSG00000020271	Fbxw11	IMP, IEA
CRE upregulated	GO:0007154	cell communication	ENSMUSG00000005950	P2rx5	IEA
CRE upregulated	GO:0007154	cell communication	ENSMUSG00000020838	Slc6a4	ISO, IEA
CRE upregulated	GO:0007154	cell communication	ENSMUSG00000001507	Itga3	IGI, IBA, IEA
CRE upregulated	GO:0007154	cell communication	ENSMUSG00000055723	Rras2	IDA, IEA
CRE upregulated	GO:0007154	cell communication	ENSMUSG00000031628	Casp3	IDA, ISO, NAS, IEA
CRE upregulated	GO:0007154	cell communication	ENSMUSG00000025408	Ddit3	IDA, IMP, ISS, ISO, IBA, IEA
CRE upregulated	GO:0007154	cell communication	ENSMUSG00000040435	Ppp1r15a	IMP
CRE upregulated	GO:0007154	cell communication	ENSMUSG00000035199	Arl6ip5	IEA
CRE upregulated	GO:0007154	cell communication	ENSMUSG00000001847	Rac1	IDA, IMP, IGI, ISS, ISO, IBA, IEA
CRE upregulated	GO:0007154	cell communication	ENSMUSG00000042121	Ssh1	ISO, IEA
CRE upregulated	GO:0007154	cell communication	ENSMUSG00000050271	Prag1	IMP, ISS, ISO, IEA
CRE upregulated	GO:0007154	cell communication	ENSMUSG00000018909	Arrb1	IMP, ISS, ISO, IBA, IEA
CRE upregulated	GO:0007154	cell communication	ENSMUSG00000024349	Sting1	IDA, ISS, IEA
CRE upregulated	GO:0007154	cell communication	ENSMUSG00000020064	Herc4	IEA
CRE upregulated	GO:0007154	cell communication	ENSMUSG00000024521	Pmaip1	IDA, IMP, IEA
CRE upregulated	GO:0007154	cell communication	ENSMUSG00000026821	Ralgds	IBA, IEA
CRE upregulated	GO:0007154	cell communication	ENSMUSG00000061039	Or8b53	ISA, IBA, IEA
CRE upregulated	GO:0007154	cell communication	ENSMUSG00000044667	Plppr4	IDA, IMP, IBA
CRE upregulated	GO:0007154	cell communication	ENSMUSG00000028145	Them4	ISS, IEA
CRE upregulated	GO:0007154	cell communication	ENSMUSG00000026107	Nabp1	ISS, ISO, IEA
CRE upregulated	GO:0007154	cell communication	ENSMUSG00000054008	Ndst1	IMP, IGI
CRE upregulated	GO:0007154	cell communication	ENSMUSG00000057531	Dtnbp1	IDA, IMP, ISS, ISO, IBA, IEA
CRE upregulated	GO:0007154	cell communication	ENSMUSG00000015837	Sqstm1	IMP, ISS, IEA
CRE upregulated	GO:0007154	cell communication	ENSMUSG00000022951	Rcan1	IMP, IGI, ISS, IBA, IEA
CRE upregulated	GO:0007154	cell communication	ENSMUSG00000030309	Caprin2	IBA
CRE upregulated	GO:0007154	cell communication	ENSMUSG00000036737	Oxsr1	IMP, IGI, ISS, IBA, IEA
CRE upregulated	GO:0007154	cell communication	ENSMUSG00000031955	Bcar1	IDA, ISS, ISO, IBA, IEA
CRE upregulated	GO:0007154	cell communication	ENSMUSG00000036057	Ptpn23	IEA
CRE upregulated	GO:0007154	cell communication	ENSMUSG00000015316	Slamf1	IEA
CRE upregulated	GO:0007154	cell communication	ENSMUSG00000029765	Plxna4	IMP, IGI, IEA
CRE upregulated	GO:0007154	cell communication	ENSMUSG00000022433	Csnk1e	IGI, IBA, IEA
CRE upregulated	GO:0007154	cell communication	ENSMUSG00000022346	Myc	IDA, IMP, ISS, IEA
CRE upregulated	GO:0007154	cell communication	ENSMUSG00000053113	Socs3	IDA, IGI, ISO, IEA
CRE upregulated	GO:0007154	cell communication	ENSMUSG00000036437	Npy1r	ISO, IEA
CRE upregulated	GO:0007154	cell communication	ENSMUSG00000047604	Frat2	IGI, ISS
CRE upregulated	GO:0007154	cell communication	ENSMUSG00000026072	Il1r1	IDA, IMP, ISO, IBA, IEA
CRE upregulated	GO:0007154	cell communication	ENSMUSG00000027954	Efna1	IDA, IBA, IEA
CRE upregulated	GO:0007154	cell communication	ENSMUSG00000026247	Ecel1	ISO
CRE upregulated	GO:0007154	cell communication	ENSMUSG00000023032	Slc4a8	EXP, IDA, IMP
CRE upregulated	GO:0007154	cell communication	ENSMUSG00000024789	Jak2	IDA, IMP, IGI, ISS, ISO, IBA, TAS, IEA
CRE upregulated	GO:0007154	cell communication	ENSMUSG00000004040	ENSMUSG00000004040	IDA, IMP, ISS, ISO, IBA, TAS, NAS, IEA
CRE upregulated	GO:0007154	cell communication	ENSMUSG00000042292	Mrtfa	IDA
CRE upregulated	GO:0007154	cell communication	ENSMUSG00000061589	Dot1l	IBA, IEA
CRE upregulated	GO:0007154	cell communication	ENSMUSG00000003269	Cyth2	IEA
CRE upregulated	GO:0007154	cell communication	ENSMUSG00000022602	Arc	IDA, IMP, ISS, ISO, IBA, IEA
CRE upregulated	GO:0007154	cell communication	ENSMUSG00000022555	Dgat1	ISO
CRE upregulated	GO:0007154	cell communication	ENSMUSG00000020027	Socs2	IMP, IGI, IEA
CRE upregulated	GO:0007154	cell communication	ENSMUSG00000109511	Nup62	IMP, ISS, IEA
CRE upregulated	GO:0007154	cell communication	ENSMUSG00000029135	Fosl2	IDA, IMP
CRE upregulated	GO:0007154	cell communication	ENSMUSG00000054136	Adm2	ISO, IBA, IEA
CRE upregulated	GO:0007154	cell communication	ENSMUSG00000020395	Itk	IMP, IBA, IEA
CRE upregulated	GO:0007154	cell communication	ENSMUSG00000036990	Otud4	IDA, IBA, IEA
CRE upregulated	GO:0007154	cell communication	ENSMUSG00000029860	Zyx	IMP, IBA, IEA
CRE upregulated	GO:0007154	cell communication	ENSMUSG00000044017	Adgrd1	ISS, IBA, IEA
CRE upregulated	GO:0007154	cell communication	ENSMUSG00000004347	ENSMUSG00000004347	ISO, IBA, IEA
CRE upregulated	GO:0007154	cell communication	ENSMUSG00000029826	Zc3hav1	ISO, TAS
CRE upregulated	GO:0007154	cell communication	ENSMUSG00000050335	Lgals3	IEA
CRE upregulated	GO:0007154	cell communication	ENSMUSG00000024190	Dusp1	IMP, ISS, ISO, IBA, IEA
CRE upregulated	GO:0007154	cell communication	ENSMUSG00000030223	ENSMUSG00000030223	IDA, IBA
CRE upregulated	GO:0007154	cell communication	ENSMUSG00000035236	Scai	IDA, IEA
CRE upregulated	GO:0007154	cell communication	ENSMUSG00000027797	Dclk1	IEA
CRE upregulated	GO:0007154	cell communication	ENSMUSG00000031960	Aars1	ISS, IEA
CRE upregulated	GO:0007154	cell communication	ENSMUSG00000059866	Tnip2	IDA, IMP, ISS, IBA, IEA
CRE upregulated	GO:0007154	cell communication	ENSMUSG00000004865	ENSMUSG00000004865	IDA, IBA, IEA
CRE upregulated	GO:0007154	cell communication	ENSMUSG00000036882	ENSMUSG00000036882	IBA, IEA
CRE upregulated	GO:0007154	cell communication	ENSMUSG00000041594	ENSMUSG00000041594	IMP, IBA
CRE upregulated	GO:0007154	cell communication	ENSMUSG00000017615	Tnfaip1	ISS, IBA, IEA
CRE upregulated	GO:0007154	cell communication	ENSMUSG00000033545	Znrf1	IEA
CRE upregulated	GO:0007154	cell communication	ENSMUSG00000026930	Gpsm1	ISO
CRE upregulated	GO:0007154	cell communication	ENSMUSG00000040033	ENSMUSG00000040033	IEA
CRE upregulated	GO:0007154	cell communication	ENSMUSG00000021360	ENSMUSG00000021360	IMP, IBA, IEA
CRE upregulated	GO:0007154	cell communication	ENSMUSG00000059316	Slc27a4	IEA
CRE upregulated	GO:0007154	cell communication	ENSMUSG00000024803	Ankrd1	IGI, IEA
CRE upregulated	GO:0007154	cell communication	ENSMUSG00000031934	ENSMUSG00000031934	ISO, IBA, IEA
CRE upregulated	GO:0007154	cell communication	ENSMUSG00000021306	Gpr137b	IEA
CRE upregulated	GO:0007154	cell communication	ENSMUSG00000023915	Tnfrsf21	IMP, IEA
CRE upregulated	GO:0007154	cell communication	ENSMUSG00000024912	Fosl1	IMP
CRE upregulated	GO:0007154	cell communication	ENSMUSG00000024927	Rela	IDA, ISO, IBA, IEA
CRE upregulated	GO:0007154	cell communication	ENSMUSG00000029458	ENSMUSG00000029458	ISO, IBA, IEA
CRE upregulated	GO:0007154	cell communication	ENSMUSG00000042608	Stk40	IMP
CRE upregulated	GO:0007154	cell communication	ENSMUSG00000053716	Dusp7	IBA
CRE upregulated	GO:0007154	cell communication	ENSMUSG00000036206	Sh3bp4	ISS, IEA
CRE upregulated	GO:0007154	cell communication	ENSMUSG00000025793	ENSMUSG00000025793	IEA
CRE upregulated	GO:0007154	cell communication	ENSMUSG00000027692	Tnik	ISS, IBA, IEA
CRE upregulated	GO:0007154	cell communication	ENSMUSG00000050730	Arhgap42	IMP, IEA
CRE upregulated	GO:0007154	cell communication	ENSMUSG00000024238	Zeb1	IGI
CRE upregulated	GO:0007154	cell communication	ENSMUSG00000028893	Sesn2	IMP, ISO, IBA, IEA
CRE upregulated	GO:0007154	cell communication	ENSMUSG00000038861	Pi4kb	IBA
CRE upregulated	GO:0007154	cell communication	ENSMUSG00000024947	Men1	ISO, IEA
CRE upregulated	GO:0007154	cell communication	ENSMUSG00000029071	ENSMUSG00000029071	IDA, IMP, IGI, ISO, IBA, TAS, IEA
CRE upregulated	GO:0007154	cell communication	ENSMUSG00000036894	Rap2b	IDA, IBA, IEA
CRE upregulated	GO:0007154	cell communication	ENSMUSG00000044453	Ffar1	IDA, IMP, ISO, IBA, IEA
CRE upregulated	GO:0007154	cell communication	ENSMUSG00000064210	ENSMUSG00000064210	IMP, IEA
CRE upregulated	GO:0007154	cell communication	ENSMUSG00000032902	Slc16a1	IMP
CRE upregulated	GO:0007154	cell communication	ENSMUSG00000032715	Trib3	ISS, IEA
CRE upregulated	GO:0007154	cell communication	ENSMUSG00000024777	ENSMUSG00000024777	ISO, IEA
CRE upregulated	GO:0007154	cell communication	ENSMUSG00000035594	Chrna5	IDA, IMP, ISO, IBA, IEA
CRE upregulated	GO:0007154	cell communication	ENSMUSG00000026074	Map4k4	IEA
CRE upregulated	GO:0007154	cell communication	ENSMUSG00000040365	Trim41	ISS, IEA
CRE upregulated	GO:0007154	cell communication	ENSMUSG00000048047	Zbtb33	IEA
CRE upregulated	GO:0007154	cell communication	ENSMUSG00000025485	ENSMUSG00000025485	IDA, ISO, IBA
CRE upregulated	GO:0007154	cell communication	ENSMUSG00000020694	ENSMUSG00000020694	ISS, IBA, IEA
CRE upregulated	GO:0007154	cell communication	ENSMUSG00000028466	Creb3	IEA
CRE upregulated	GO:0007154	cell communication	ENSMUSG00000029175	Slc35f6	ISS, IEA
CRE upregulated	GO:0007154	cell communication	ENSMUSG00000025162	ENSMUSG00000025162	IGI, IBA, IEA
CRE upregulated	GO:0007154	cell communication	ENSMUSG00000010660	Plcd1	ISO, IBA, IEA
CRE upregulated	GO:0007154	cell communication	ENSMUSG00000031278	ENSMUSG00000031278	ISS, ISO
CRE upregulated	GO:0007154	cell communication	ENSMUSG00000090291	Lrrc10b	IBA
CRE upregulated	GO:0007154	cell communication	ENSMUSG00000031668	ENSMUSG00000031668	IEA
CRE upregulated	GO:0007154	cell communication	ENSMUSG00000053175	Bcl3	ISO, IEA
CRE upregulated	GO:0007154	cell communication	ENSMUSG00000040640	ENSMUSG00000040640	IDA, IMP, IBA
CRE upregulated	GO:0007154	cell communication	ENSMUSG00000037815	Ctnna1	IMP, IGI
CRE upregulated	GO:0007154	cell communication	ENSMUSG00000020349	ENSMUSG00000020349	IMP, ISS, IEA
CRE upregulated	GO:0007154	cell communication	ENSMUSG00000024517	Grp	IMP, ISS, ISO, IBA, IEA
CRE upregulated	GO:0007154	cell communication	ENSMUSG00000040118	ENSMUSG00000040118	IEA
CRE upregulated	GO:0007154	cell communication	ENSMUSG00000025340	Rabgef1	IDA, IMP
CRE upregulated	GO:0007154	cell communication	ENSMUSG00000028599	Tnfrsf1b	IMP, IBA, IEA
CRE upregulated	GO:0007154	cell communication	ENSMUSG00000044147	Arf6	NAS, IEA
CRE upregulated	GO:0007154	cell communication	ENSMUSG00000052298	Cdc42se2	ISS, IEA
CRE upregulated	GO:0007154	cell communication	ENSMUSG00000030662	ENSMUSG00000030662	IEA
CRE upregulated	GO:0007154	cell communication	ENSMUSG00000011877	Git1	IDA, IMP, ISO, IBA, IEA
CRE upregulated	GO:0007154	cell communication	ENSMUSG00000024270	ENSMUSG00000024270	ISS, IEA
CRE upregulated	GO:0007154	cell communication	ENSMUSG00000039985	Sinhcaf	NAS
CRE upregulated	GO:0007154	cell communication	ENSMUSG00000028602	Tnfrsf8	IEA
CRE upregulated	GO:0007154	cell communication	ENSMUSG00000007411	ENSMUSG00000007411	ISS, IBA, IEA
CRE upregulated	GO:0007154	cell communication	ENSMUSG00000013483	Card14	ISS, IEA
CRE upregulated	GO:0007154	cell communication	ENSMUSG00000047281	ENSMUSG00000047281	IDA, IBA, IEA
CRE upregulated	GO:0007154	cell communication	ENSMUSG00000025351	Cd63	IMP, ISS, IBA, IEA
CRE upregulated	GO:0007154	cell communication	ENSMUSG00000021796	Bmpr1a	IDA, IMP, IGI, IBA, IEA
CRE upregulated	GO:0007154	cell communication	ENSMUSG00000031383	Dusp9	IDA, IBA
CRE upregulated	GO:0007154	cell communication	ENSMUSG00000049649	Gpr3	ISO, IBA, IEA
CRE upregulated	GO:0007154	cell communication	ENSMUSG00000019842	ENSMUSG00000019842	IDA, IMP, IGI, ISO, IBA, IEA
CRE upregulated	GO:0007154	cell communication	ENSMUSG00000024750	ENSMUSG00000024750	IMP
CRE upregulated	GO:0007154	cell communication	ENSMUSG00000070056	ENSMUSG00000070056	IMP, ISS, IBA, IEA
CRE upregulated	GO:0007154	cell communication	ENSMUSG00000041598	Cdc42ep4	IDA, IBA
CRE upregulated	GO:0007154	cell communication	ENSMUSG00000045664	Cdc42ep2	IBA
CRE upregulated	GO:0007154	cell communication	ENSMUSG00000037860	Aim2	IDA, NAS, IEA
CRE upregulated	GO:0007154	cell communication	ENSMUSG00000039191	Rbpj	IMP, IGI, ISS, IBA, TAS, IEA
CRE upregulated	GO:0007154	cell communication	ENSMUSG00000000001	ENSMUSG00000000001	ISS, ISO, IBA, TAS, IEA
CRE upregulated	GO:0007154	cell communication	ENSMUSG00000048668	Rhno1	IEA
CRE upregulated	GO:0007154	cell communication	ENSMUSG00000019256	ENSMUSG00000019256	IEA
CRE upregulated	GO:0007154	cell communication	ENSMUSG00000039844	ENSMUSG00000039844	IMP, IGI, ISO, IBA, IEA
CRE upregulated	GO:0007154	cell communication	ENSMUSG00000035725	ENSMUSG00000035725	IBA
CRE upregulated	GO:0007154	cell communication	ENSMUSG00000051316	Taf7	IDA
CRE upregulated	GO:0007154	cell communication	ENSMUSG00000001552	ENSMUSG00000001552	IBA, IEA
CRE upregulated	GO:0007154	cell communication	ENSMUSG00000017677	Wsb1	IEA
CRE upregulated	GO:0007154	cell communication	ENSMUSG00000040463	ENSMUSG00000040463	IEA
CRE upregulated	GO:0007154	cell communication	ENSMUSG00000027997	Casp6	ISS, IEA
CRE upregulated	GO:0007154	cell communication	ENSMUSG00000058354	Krt6a	IDA
CRE upregulated	GO:0007154	cell communication	ENSMUSG00000020594	ENSMUSG00000020594	IEA
CRE upregulated	GO:0007154	cell communication	ENSMUSG00000020448	Rnf185	ISS, IEA
CRE upregulated	GO:0007154	cell communication	ENSMUSG00000000787	ENSMUSG00000000787	IDA, ISS
CRE upregulated	GO:0007154	cell communication	ENSMUSG00000008859	ENSMUSG00000008859	IBA, IEA
CRE upregulated	GO:0007154	cell communication	ENSMUSG00000008730	Hipk1	IGI, IBA, IEA
CRE upregulated	GO:0007154	cell communication	ENSMUSG00000054934	Kcnmb4	ISS, IEA
CRE upregulated	GO:0007154	cell communication	ENSMUSG00000046722	ENSMUSG00000046722	ISS, IEA
CRE upregulated	GO:0007154	cell communication	ENSMUSG00000022094	ENSMUSG00000022094	IMP
CRE upregulated	GO:0007154	cell communication	ENSMUSG00000038676	Ucn	ISO, IEA
CRE upregulated	GO:0007154	cell communication	ENSMUSG00000052681	Rap1b	IDA, IGI, ISS, IBA, IEA
CRE upregulated	GO:0007154	cell communication	ENSMUSG00000037553	ENSMUSG00000037553	IEA
CRE upregulated	GO:0007154	cell communication	ENSMUSG00000020097	ENSMUSG00000020097	IMP, ISS, IEA
CRE upregulated	GO:0007154	cell communication	ENSMUSG00000028826	ENSMUSG00000028826	ISS, IBA, IEA
CRE upregulated	GO:0007154	cell communication	ENSMUSG00000032508	Myd88	IDA, IMP, IGI, ISS, ISO, IBA, TAS, IEA
CRE upregulated	GO:0007154	cell communication	ENSMUSG00000028370	Pappa	IBA
CRE upregulated	GO:0007154	cell communication	ENSMUSG00000026864	ENSMUSG00000026864	IDA, IMP, IGI, ISS, IBA
CRE upregulated	GO:0007154	cell communication	ENSMUSG00000002633	Shh	IDA, IMP, IGI, ISS, ISO, IBA, TAS, IEA
CRE upregulated	GO:0007154	cell communication	ENSMUSG00000032462	ENSMUSG00000032462	IMP, IGI, IBA, IEA
CRE upregulated	GO:0007154	cell communication	ENSMUSG00000025198	ENSMUSG00000025198	IBA, IEA
CRE upregulated	GO:0007154	cell communication	ENSMUSG00000049807	Arhgap23	IEA
CRE upregulated	GO:0007154	cell communication	ENSMUSG00000027944	Hax1	TAS, IEA
CRE upregulated	GO:0007154	cell communication	ENSMUSG00000039671	ENSMUSG00000039671	ISO, IEA
CRE upregulated	GO:0007154	cell communication	ENSMUSG00000045174	ENSMUSG00000045174	IBA, IEA
CRE upregulated	GO:0007154	cell communication	ENSMUSG00000029145	ENSMUSG00000029145	ISS, IEA
CRE upregulated	GO:0007154	cell communication	ENSMUSG00000067586	ENSMUSG00000067586	IDA, IBA, IEA
CRE upregulated	GO:0007154	cell communication	ENSMUSG00000048027	ENSMUSG00000048027	IDA, IBA
CRE upregulated	GO:0007154	cell communication	ENSMUSG00000037411	Serpine1	IEA
CRE upregulated	GO:0007154	cell communication	ENSMUSG00000020340	ENSMUSG00000020340	IMP
CRE upregulated	GO:0007154	cell communication	ENSMUSG00000023277	ENSMUSG00000023277	ISO
CRE upregulated	GO:0007154	cell communication	ENSMUSG00000051209	ENSMUSG00000051209	IDA, IBA, IEA
CRE upregulated	GO:0007154	cell communication	ENSMUSG00000019843	ENSMUSG00000019843	IDA, IMP, IGI, ISO, IBA, IEA
CRE upregulated	GO:0007154	cell communication	ENSMUSG00000024493	ENSMUSG00000024493	IEA
CRE upregulated	GO:0007154	cell communication	ENSMUSG00000027646	ENSMUSG00000027646	IDA, IMP, IGI, ISO, IBA, IEA
CRE upregulated	GO:0007154	cell communication	ENSMUSG00000021340	ENSMUSG00000021340	IEA
CRE upregulated	GO:0007154	cell communication	ENSMUSG00000046761	ENSMUSG00000046761	IBA
CRE upregulated	GO:0007154	cell communication	ENSMUSG00000032501	Trib1	IEA
CRE upregulated	GO:0007154	cell communication	ENSMUSG00000053825	ENSMUSG00000053825	IEA
CRE upregulated	GO:0007154	cell communication	ENSMUSG00000031642	Sh3rf1	IEA
CRE upregulated	GO:0007154	cell communication	ENSMUSG00000042197	ENSMUSG00000042197	ISS, IEA
CRE upregulated	GO:0007154	cell communication	ENSMUSG00000074886	ENSMUSG00000074886	ISO, IBA, IEA
CRE upregulated	GO:0007154	cell communication	ENSMUSG00000031073	Fgf15	ISO, IBA, IEA
CRE upregulated	GO:0007154	cell communication	ENSMUSG00000002797	Ggct	ISS, IEA
CRE upregulated	GO:0007154	cell communication	ENSMUSG00000038205	ENSMUSG00000038205	IBA
CRE upregulated	GO:0007154	cell communication	ENSMUSG00000015839	Nfe2l2	IDA, IEA
CRE upregulated	GO:0007154	cell communication	ENSMUSG00000021477	ENSMUSG00000021477	ISS, IBA
CRE upregulated	GO:0007154	cell communication	ENSMUSG00000000627	ENSMUSG00000000627	IBA
CRE upregulated	GO:0007154	cell communication	ENSMUSG00000040843	ENSMUSG00000040843	IBA, IEA
CRE upregulated	GO:0007154	cell communication	ENSMUSG00000054499	ENSMUSG00000054499	IBA, IEA
CRE upregulated	GO:0007154	cell communication	ENSMUSG00000024907	Gal	IMP, IBA, IEA
CRE upregulated	GO:0007154	cell communication	ENSMUSG00000031751	ENSMUSG00000031751	IMP, IBA, IEA
CRE upregulated	GO:0007154	cell communication	ENSMUSG00000054204	ENSMUSG00000054204	IBA, IEA
CRE upregulated	GO:0007154	cell communication	ENSMUSG00000046707	ENSMUSG00000046707	IEA
CRE upregulated	GO:0007154	cell communication	ENSMUSG00000003541	ENSMUSG00000003541	IDA, IMP
CRE upregulated	GO:0007154	cell communication	ENSMUSG00000024287	ENSMUSG00000024287	IEA
CRE upregulated	GO:0009719	response to endogenous stimulus	ENSMUSG00000051379	Flrt3	IMP
CRE upregulated	GO:0009719	response to endogenous stimulus	ENSMUSG00000052684	Jun	IDA, IEP
CRE upregulated	GO:0009719	response to endogenous stimulus	ENSMUSG00000063632	Sox11	IMP, IEA
CRE upregulated	GO:0009719	response to endogenous stimulus	ENSMUSG00000019647	Sema6a	IEA
CRE upregulated	GO:0009719	response to endogenous stimulus	ENSMUSG00000037428	Vgf	IMP
CRE upregulated	GO:0009719	response to endogenous stimulus	ENSMUSG00000031574	Star	IEA
CRE upregulated	GO:0009719	response to endogenous stimulus	ENSMUSG00000004951	Hspb1	IEA
CRE upregulated	GO:0009719	response to endogenous stimulus	ENSMUSG00000024143	Rhoq	IMP, IEA
CRE upregulated	GO:0009719	response to endogenous stimulus	ENSMUSG00000037447	Arid5a	IEA
CRE upregulated	GO:0009719	response to endogenous stimulus	ENSMUSG00000025089	Gfra1	IEA
CRE upregulated	GO:0009719	response to endogenous stimulus	ENSMUSG00000021765	Fst	IGI, IBA, IEA
CRE upregulated	GO:0009719	response to endogenous stimulus	ENSMUSG00000006304	Arpc2	ISO
CRE upregulated	GO:0009719	response to endogenous stimulus	ENSMUSG00000031074	Fgf3	IEA
CRE upregulated	GO:0009719	response to endogenous stimulus	ENSMUSG00000031681	Smad1	IDA, IMP, IGI, ISS, ISO, IBA, TAS, IEA
CRE upregulated	GO:0009719	response to endogenous stimulus	ENSMUSG00000050989	Selenon	IMP
CRE upregulated	GO:0009719	response to endogenous stimulus	ENSMUSG00000029378	Areg	ISO, IEA
CRE upregulated	GO:0009719	response to endogenous stimulus	ENSMUSG00000005087	Cd44	IEA
CRE upregulated	GO:0009719	response to endogenous stimulus	ENSMUSG00000026836	Acvr1	IDA, IMP, ISO, IBA, TAS, IEA
CRE upregulated	GO:0009719	response to endogenous stimulus	ENSMUSG00000048482	Bdnf	ISO, IBA, IEA
CRE upregulated	GO:0009719	response to endogenous stimulus	ENSMUSG00000024256	Adcyap1	IEA
CRE upregulated	GO:0009719	response to endogenous stimulus	ENSMUSG00000018736	Ndel1	IDA
CRE upregulated	GO:0009719	response to endogenous stimulus	ENSMUSG00000002250	Ppard	IBA, IEA
CRE upregulated	GO:0009719	response to endogenous stimulus	ENSMUSG00000027198	Ext2	IMP
CRE upregulated	GO:0009719	response to endogenous stimulus	ENSMUSG00000038894	Irs2	IDA, IMP, ISO, IBA, IEA
CRE upregulated	GO:0009719	response to endogenous stimulus	ENSMUSG00000029518	Rab35	ISS, ISO
CRE upregulated	GO:0009719	response to endogenous stimulus	ENSMUSG00000027540	Ptpn1	IMP, IGI, ISO, IEA
CRE upregulated	GO:0009719	response to endogenous stimulus	ENSMUSG00000028645	Slc2a1	IBA, IEA
CRE upregulated	GO:0009719	response to endogenous stimulus	ENSMUSG00000053436	Mapk14	IMP, IEA
CRE upregulated	GO:0009719	response to endogenous stimulus	ENSMUSG00000025809	Itgb1	IDA, IEA
CRE upregulated	GO:0009719	response to endogenous stimulus	ENSMUSG00000028156	Eif4e	IDA
CRE upregulated	GO:0009719	response to endogenous stimulus	ENSMUSG00000020592	Sdc1	IEA
CRE upregulated	GO:0009719	response to endogenous stimulus	ENSMUSG00000025746	Il6	IDA
CRE upregulated	GO:0009719	response to endogenous stimulus	ENSMUSG00000022607	Ptk2	IDA
CRE upregulated	GO:0009719	response to endogenous stimulus	ENSMUSG00000024014	Pim1	IEA
CRE upregulated	GO:0009719	response to endogenous stimulus	ENSMUSG00000037062	Sh3glb1	ISO
CRE upregulated	GO:0009719	response to endogenous stimulus	ENSMUSG00000024772	Ehd1	ISS, ISO, IEA
CRE upregulated	GO:0009719	response to endogenous stimulus	ENSMUSG00000027293	Ehd4	ISO, IEA
CRE upregulated	GO:0009719	response to endogenous stimulus	ENSMUSG00000027560	Dok5	ISO, IEA
CRE upregulated	GO:0009719	response to endogenous stimulus	ENSMUSG00000027613	Eif6	IMP
CRE upregulated	GO:0009719	response to endogenous stimulus	ENSMUSG00000033039	Micall1	ISO
CRE upregulated	GO:0009719	response to endogenous stimulus	ENSMUSG00000059923	Grb2	IDA, IGI, IEA
CRE upregulated	GO:0009719	response to endogenous stimulus	ENSMUSG00000001507	Itga3	IEA
CRE upregulated	GO:0009719	response to endogenous stimulus	ENSMUSG00000031628	Casp3	ISO, IEA
CRE upregulated	GO:0009719	response to endogenous stimulus	ENSMUSG00000025408	Ddit3	IMP
CRE upregulated	GO:0009719	response to endogenous stimulus	ENSMUSG00000032078	Zpr1	ISS, IEA
CRE upregulated	GO:0009719	response to endogenous stimulus	ENSMUSG00000001847	Rac1	IDA
CRE upregulated	GO:0009719	response to endogenous stimulus	ENSMUSG00000054008	Ndst1	IMP
CRE upregulated	GO:0009719	response to endogenous stimulus	ENSMUSG00000038552	Fndc4	IEA
CRE upregulated	GO:0009719	response to endogenous stimulus	ENSMUSG00000022951	Rcan1	ISO
CRE upregulated	GO:0009719	response to endogenous stimulus	ENSMUSG00000031955	Bcar1	ISS, ISO, IEA
CRE upregulated	GO:0009719	response to endogenous stimulus	ENSMUSG00000022433	Csnk1e	IEA
CRE upregulated	GO:0009719	response to endogenous stimulus	ENSMUSG00000036478	Btg1	IEA
CRE upregulated	GO:0009719	response to endogenous stimulus	ENSMUSG00000053113	Socs3	IDA
CRE upregulated	GO:0009719	response to endogenous stimulus	ENSMUSG00000024789	Jak2	IDA, IMP, ISS, ISO, IBA, IEA
CRE upregulated	GO:0009719	response to endogenous stimulus	ENSMUSG00000004040	ENSMUSG00000004040	IDA, IMP, ISS, IBA, IEA
CRE upregulated	GO:0009719	response to endogenous stimulus	ENSMUSG00000020027	Socs2	IMP, IEA
CRE upregulated	GO:0009719	response to endogenous stimulus	ENSMUSG00000029135	Fosl2	IDA
CRE upregulated	GO:0009719	response to endogenous stimulus	ENSMUSG00000029860	Zyx	IMP, IBA, IEA
CRE upregulated	GO:0009719	response to endogenous stimulus	ENSMUSG00000021360	ENSMUSG00000021360	IMP, IBA, IEA
CRE upregulated	GO:0009719	response to endogenous stimulus	ENSMUSG00000059316	Slc27a4	IMP, IEA
CRE upregulated	GO:0009719	response to endogenous stimulus	ENSMUSG00000024803	Ankrd1	IEA
CRE upregulated	GO:0009719	response to endogenous stimulus	ENSMUSG00000024912	Fosl1	IEA
CRE upregulated	GO:0009719	response to endogenous stimulus	ENSMUSG00000024927	Rela	IDA, ISO, IEA
CRE upregulated	GO:0009719	response to endogenous stimulus	ENSMUSG00000025793	ENSMUSG00000025793	IEA
CRE upregulated	GO:0009719	response to endogenous stimulus	ENSMUSG00000024238	Zeb1	IGI, IEA
CRE upregulated	GO:0009719	response to endogenous stimulus	ENSMUSG00000028893	Sesn2	IMP, IGI
CRE upregulated	GO:0009719	response to endogenous stimulus	ENSMUSG00000024947	Men1	ISO, IEA
CRE upregulated	GO:0009719	response to endogenous stimulus	ENSMUSG00000032715	Trib3	IDA
CRE upregulated	GO:0009719	response to endogenous stimulus	ENSMUSG00000024777	ENSMUSG00000024777	ISO, IEA
CRE upregulated	GO:0009719	response to endogenous stimulus	ENSMUSG00000025162	ENSMUSG00000025162	IEA
CRE upregulated	GO:0009719	response to endogenous stimulus	ENSMUSG00000010660	Plcd1	ISO
CRE upregulated	GO:0009719	response to endogenous stimulus	ENSMUSG00000037815	Ctnna1	IEA
CRE upregulated	GO:0009719	response to endogenous stimulus	ENSMUSG00000029752	ENSMUSG00000029752	IEA
CRE upregulated	GO:0009719	response to endogenous stimulus	ENSMUSG00000021587	Pcsk1	IEA
CRE upregulated	GO:0009719	response to endogenous stimulus	ENSMUSG00000028599	Tnfrsf1b	IEA
CRE upregulated	GO:0009719	response to endogenous stimulus	ENSMUSG00000044147	Arf6	ISO, IEA
CRE upregulated	GO:0009719	response to endogenous stimulus	ENSMUSG00000011877	Git1	ISO
CRE upregulated	GO:0009719	response to endogenous stimulus	ENSMUSG00000039985	Sinhcaf	NAS
CRE upregulated	GO:0009719	response to endogenous stimulus	ENSMUSG00000025351	Cd63	IMP, IBA, IEA
CRE upregulated	GO:0009719	response to endogenous stimulus	ENSMUSG00000021796	Bmpr1a	IDA, IMP, IGI, IBA, IEA
CRE upregulated	GO:0009719	response to endogenous stimulus	ENSMUSG00000039191	Rbpj	IMP
CRE upregulated	GO:0009719	response to endogenous stimulus	ENSMUSG00000051316	Taf7	IDA
CRE upregulated	GO:0009719	response to endogenous stimulus	ENSMUSG00000020671	ENSMUSG00000020671	IMP, IEA
CRE upregulated	GO:0009719	response to endogenous stimulus	ENSMUSG00000004099	ENSMUSG00000004099	ISO
CRE upregulated	GO:0009719	response to endogenous stimulus	ENSMUSG00000022094	ENSMUSG00000022094	IMP
CRE upregulated	GO:0009719	response to endogenous stimulus	ENSMUSG00000038676	Ucn	IEA
CRE upregulated	GO:0009719	response to endogenous stimulus	ENSMUSG00000032508	Myd88	IMP
CRE upregulated	GO:0009719	response to endogenous stimulus	ENSMUSG00000028370	Pappa	ISO, IEA
CRE upregulated	GO:0009719	response to endogenous stimulus	ENSMUSG00000026864	ENSMUSG00000026864	IGI
CRE upregulated	GO:0009719	response to endogenous stimulus	ENSMUSG00000032462	ENSMUSG00000032462	IEA
CRE upregulated	GO:0009719	response to endogenous stimulus	ENSMUSG00000029145	ENSMUSG00000029145	ISO
CRE upregulated	GO:0009719	response to endogenous stimulus	ENSMUSG00000056050	ENSMUSG00000056050	IEA
CRE upregulated	GO:0009719	response to endogenous stimulus	ENSMUSG00000048027	ENSMUSG00000048027	IDA, IBA
CRE upregulated	GO:0009719	response to endogenous stimulus	ENSMUSG00000020340	ENSMUSG00000020340	IMP
CRE upregulated	GO:0009719	response to endogenous stimulus	ENSMUSG00000023277	ENSMUSG00000023277	IEA
CRE upregulated	GO:0009719	response to endogenous stimulus	ENSMUSG00000019843	ENSMUSG00000019843	IDA, IGI
CRE upregulated	GO:0009719	response to endogenous stimulus	ENSMUSG00000027646	ENSMUSG00000027646	IDA, IMP, IGI, ISO, IBA, IEA
CRE upregulated	GO:0009719	response to endogenous stimulus	ENSMUSG00000021340	ENSMUSG00000021340	IEA
CRE upregulated	GO:0009719	response to endogenous stimulus	ENSMUSG00000004698	ENSMUSG00000004698	IEA
CRE upregulated	GO:0009719	response to endogenous stimulus	ENSMUSG00000031642	Sh3rf1	IEA
CRE upregulated	GO:0009719	response to endogenous stimulus	ENSMUSG00000042197	ENSMUSG00000042197	ISS, IEA
CRE upregulated	GO:0009719	response to endogenous stimulus	ENSMUSG00000055067	ENSMUSG00000055067	IDA
CRE upregulated	GO:0009719	response to endogenous stimulus	ENSMUSG00000031073	Fgf15	ISO, IBA, IEA
CRE upregulated	GO:0009719	response to endogenous stimulus	ENSMUSG00000015839	Nfe2l2	ISO, IEA
CRE upregulated	GO:0009719	response to endogenous stimulus	ENSMUSG00000021477	ENSMUSG00000021477	ISS
CRE upregulated	GO:0141124	intracellular signaling cassette	ENSMUSG00000026628	Atf3	IMP
CRE upregulated	GO:0141124	intracellular signaling cassette	ENSMUSG00000036390	Gadd45a	IEA
CRE upregulated	GO:0141124	intracellular signaling cassette	ENSMUSG00000052684	Jun	IDA, IMP
CRE upregulated	GO:0141124	intracellular signaling cassette	ENSMUSG00000019647	Sema6a	IEA
CRE upregulated	GO:0141124	intracellular signaling cassette	ENSMUSG00000004951	Hspb1	IDA
CRE upregulated	GO:0141124	intracellular signaling cassette	ENSMUSG00000046688	Tifa	IDA, ISS, IBA, IEA
CRE upregulated	GO:0141124	intracellular signaling cassette	ENSMUSG00000025473	Adam8	IDA
CRE upregulated	GO:0141124	intracellular signaling cassette	ENSMUSG00000030898	Cckbr	ISO
CRE upregulated	GO:0141124	intracellular signaling cassette	ENSMUSG00000024143	Rhoq	IEA
CRE upregulated	GO:0141124	intracellular signaling cassette	ENSMUSG00000033902	Mapkbp1	IEA
CRE upregulated	GO:0141124	intracellular signaling cassette	ENSMUSG00000030102	Itpr1	IEA
CRE upregulated	GO:0141124	intracellular signaling cassette	ENSMUSG00000014599	Csf1	IDA
CRE upregulated	GO:0141124	intracellular signaling cassette	ENSMUSG00000020427	Igfbp3	IGI
CRE upregulated	GO:0141124	intracellular signaling cassette	ENSMUSG00000023067	Cdkn1a	IEA
CRE upregulated	GO:0141124	intracellular signaling cassette	ENSMUSG00000024404	Riok3	IEA
CRE upregulated	GO:0141124	intracellular signaling cassette	ENSMUSG00000031681	Smad1	IMP, IGI, ISO, IBA, IEA
CRE upregulated	GO:0141124	intracellular signaling cassette	ENSMUSG00000032939	Nup93	IDA, IEA
CRE upregulated	GO:0141124	intracellular signaling cassette	ENSMUSG00000042688	Mapk6	IEA
CRE upregulated	GO:0141124	intracellular signaling cassette	ENSMUSG00000005087	Cd44	IEA
CRE upregulated	GO:0141124	intracellular signaling cassette	ENSMUSG00000026836	Acvr1	IMP, IEA
CRE upregulated	GO:0141124	intracellular signaling cassette	ENSMUSG00000021453	Gadd45g	IEA
CRE upregulated	GO:0141124	intracellular signaling cassette	ENSMUSG00000024256	Adcyap1	ISS, ISO, IBA, IEA
CRE upregulated	GO:0141124	intracellular signaling cassette	ENSMUSG00000002250	Ppard	IDA
CRE upregulated	GO:0141124	intracellular signaling cassette	ENSMUSG00000038894	Irs2	IMP
CRE upregulated	GO:0141124	intracellular signaling cassette	ENSMUSG00000029518	Rab35	IEA
CRE upregulated	GO:0141124	intracellular signaling cassette	ENSMUSG00000054855	Rnd1	IEA
CRE upregulated	GO:0141124	intracellular signaling cassette	ENSMUSG00000027540	Ptpn1	IMP, IGI, IBA, IEA
CRE upregulated	GO:0141124	intracellular signaling cassette	ENSMUSG00000034226	Rhov	IBA, IEA
CRE upregulated	GO:0141124	intracellular signaling cassette	ENSMUSG00000030678	Maz	IEA
CRE upregulated	GO:0141124	intracellular signaling cassette	ENSMUSG00000053436	Mapk14	IDA, IMP, ISO, IEA
CRE upregulated	GO:0141124	intracellular signaling cassette	ENSMUSG00000025809	Itgb1	IGI, IEA
CRE upregulated	GO:0141124	intracellular signaling cassette	ENSMUSG00000011008	Mcoln2	IEA
CRE upregulated	GO:0141124	intracellular signaling cassette	ENSMUSG00000015243	Abca1	IEA
CRE upregulated	GO:0141124	intracellular signaling cassette	ENSMUSG00000025746	Il6	ISO
CRE upregulated	GO:0141124	intracellular signaling cassette	ENSMUSG00000002233	Rhoc	IEA
CRE upregulated	GO:0141124	intracellular signaling cassette	ENSMUSG00000022607	Ptk2	ISS, ISO
CRE upregulated	GO:0141124	intracellular signaling cassette	ENSMUSG00000055994	Nod2	IDA, IMP, ISS, ISO, IBA, IEA
CRE upregulated	GO:0141124	intracellular signaling cassette	ENSMUSG00000020580	Rock2	IEA
CRE upregulated	GO:0141124	intracellular signaling cassette	ENSMUSG00000069094	Pde7a	IDA, IBA, IEA
CRE upregulated	GO:0141124	intracellular signaling cassette	ENSMUSG00000027560	Dok5	IDA, IBA
CRE upregulated	GO:0141124	intracellular signaling cassette	ENSMUSG00000059923	Grb2	IGI, IBA, TAS, IEA
CRE upregulated	GO:0141124	intracellular signaling cassette	ENSMUSG00000042406	Atf4	IDA, IMP, ISS, IEA
CRE upregulated	GO:0141124	intracellular signaling cassette	ENSMUSG00000020271	Fbxw11	IMP
CRE upregulated	GO:0141124	intracellular signaling cassette	ENSMUSG00000001507	Itga3	IGI
CRE upregulated	GO:0141124	intracellular signaling cassette	ENSMUSG00000055723	Rras2	IDA, IEA
CRE upregulated	GO:0141124	intracellular signaling cassette	ENSMUSG00000025408	Ddit3	IEA
CRE upregulated	GO:0141124	intracellular signaling cassette	ENSMUSG00000035199	Arl6ip5	IEA
CRE upregulated	GO:0141124	intracellular signaling cassette	ENSMUSG00000001847	Rac1	IDA, IMP, IGI, ISO, IBA, IEA
CRE upregulated	GO:0141124	intracellular signaling cassette	ENSMUSG00000050271	Prag1	ISS, ISO, IEA
CRE upregulated	GO:0141124	intracellular signaling cassette	ENSMUSG00000018909	Arrb1	IMP, ISO, IBA, IEA
CRE upregulated	GO:0141124	intracellular signaling cassette	ENSMUSG00000026821	Ralgds	IBA, IEA
CRE upregulated	GO:0141124	intracellular signaling cassette	ENSMUSG00000028145	Them4	ISS, IEA
CRE upregulated	GO:0141124	intracellular signaling cassette	ENSMUSG00000054008	Ndst1	IMP
CRE upregulated	GO:0141124	intracellular signaling cassette	ENSMUSG00000015837	Sqstm1	ISS, IEA
CRE upregulated	GO:0141124	intracellular signaling cassette	ENSMUSG00000022951	Rcan1	IMP, IGI, ISS, IBA, IEA
CRE upregulated	GO:0141124	intracellular signaling cassette	ENSMUSG00000015316	Slamf1	IEA
CRE upregulated	GO:0141124	intracellular signaling cassette	ENSMUSG00000022346	Myc	ISS, IEA
CRE upregulated	GO:0141124	intracellular signaling cassette	ENSMUSG00000027954	Efna1	IDA
CRE upregulated	GO:0141124	intracellular signaling cassette	ENSMUSG00000024789	Jak2	IMP, ISO, IEA
CRE upregulated	GO:0141124	intracellular signaling cassette	ENSMUSG00000004040	ENSMUSG00000004040	IDA, IEA
CRE upregulated	GO:0141124	intracellular signaling cassette	ENSMUSG00000003269	Cyth2	IEA
CRE upregulated	GO:0141124	intracellular signaling cassette	ENSMUSG00000109511	Nup62	IMP, ISS, IEA
CRE upregulated	GO:0141124	intracellular signaling cassette	ENSMUSG00000004347	ENSMUSG00000004347	IBA
CRE upregulated	GO:0141124	intracellular signaling cassette	ENSMUSG00000029826	Zc3hav1	ISO
CRE upregulated	GO:0141124	intracellular signaling cassette	ENSMUSG00000024190	Dusp1	IMP, ISS, ISO, IBA, IEA
CRE upregulated	GO:0141124	intracellular signaling cassette	ENSMUSG00000035236	Scai	IDA
CRE upregulated	GO:0141124	intracellular signaling cassette	ENSMUSG00000059866	Tnip2	IDA, ISS, IBA, IEA
CRE upregulated	GO:0141124	intracellular signaling cassette	ENSMUSG00000036882	ENSMUSG00000036882	IBA
CRE upregulated	GO:0141124	intracellular signaling cassette	ENSMUSG00000017615	Tnfaip1	ISS, IBA, IEA
CRE upregulated	GO:0141124	intracellular signaling cassette	ENSMUSG00000021360	ENSMUSG00000021360	IMP, IEA
CRE upregulated	GO:0141124	intracellular signaling cassette	ENSMUSG00000024927	Rela	IDA, IBA, IEA
CRE upregulated	GO:0141124	intracellular signaling cassette	ENSMUSG00000029458	ENSMUSG00000029458	ISO, IBA, IEA
CRE upregulated	GO:0141124	intracellular signaling cassette	ENSMUSG00000042608	Stk40	IMP
CRE upregulated	GO:0141124	intracellular signaling cassette	ENSMUSG00000053716	Dusp7	IBA
CRE upregulated	GO:0141124	intracellular signaling cassette	ENSMUSG00000027692	Tnik	ISS, IBA, IEA
CRE upregulated	GO:0141124	intracellular signaling cassette	ENSMUSG00000050730	Arhgap42	IMP
CRE upregulated	GO:0141124	intracellular signaling cassette	ENSMUSG00000028893	Sesn2	IMP
CRE upregulated	GO:0141124	intracellular signaling cassette	ENSMUSG00000024947	Men1	IEA
CRE upregulated	GO:0141124	intracellular signaling cassette	ENSMUSG00000036894	Rap2b	IDA, IBA, IEA
CRE upregulated	GO:0141124	intracellular signaling cassette	ENSMUSG00000053175	Bcl3	IEA
CRE upregulated	GO:0141124	intracellular signaling cassette	ENSMUSG00000020349	ENSMUSG00000020349	IMP, IEA
CRE upregulated	GO:0141124	intracellular signaling cassette	ENSMUSG00000025340	Rabgef1	IMP
CRE upregulated	GO:0141124	intracellular signaling cassette	ENSMUSG00000044147	Arf6	IEA
CRE upregulated	GO:0141124	intracellular signaling cassette	ENSMUSG00000052298	Cdc42se2	IEA
CRE upregulated	GO:0141124	intracellular signaling cassette	ENSMUSG00000011877	Git1	ISO, IBA, IEA
CRE upregulated	GO:0141124	intracellular signaling cassette	ENSMUSG00000021796	Bmpr1a	IEA
CRE upregulated	GO:0141124	intracellular signaling cassette	ENSMUSG00000031383	Dusp9	IDA, IBA
CRE upregulated	GO:0141124	intracellular signaling cassette	ENSMUSG00000049649	Gpr3	ISO, IEA
CRE upregulated	GO:0141124	intracellular signaling cassette	ENSMUSG00000019842	ENSMUSG00000019842	IBA, IEA
CRE upregulated	GO:0141124	intracellular signaling cassette	ENSMUSG00000070056	ENSMUSG00000070056	ISS, IEA
CRE upregulated	GO:0141124	intracellular signaling cassette	ENSMUSG00000041598	Cdc42ep4	IDA, IBA
CRE upregulated	GO:0141124	intracellular signaling cassette	ENSMUSG00000045664	Cdc42ep2	IBA
CRE upregulated	GO:0141124	intracellular signaling cassette	ENSMUSG00000037860	Aim2	IDA
CRE upregulated	GO:0141124	intracellular signaling cassette	ENSMUSG00000019256	ENSMUSG00000019256	IEA
CRE upregulated	GO:0141124	intracellular signaling cassette	ENSMUSG00000039844	ENSMUSG00000039844	IMP, IGI, ISO, IBA, IEA
CRE upregulated	GO:0141124	intracellular signaling cassette	ENSMUSG00000000787	ENSMUSG00000000787	ISS
CRE upregulated	GO:0141124	intracellular signaling cassette	ENSMUSG00000008859	ENSMUSG00000008859	IBA, IEA
CRE upregulated	GO:0141124	intracellular signaling cassette	ENSMUSG00000046722	ENSMUSG00000046722	ISS, IEA
CRE upregulated	GO:0141124	intracellular signaling cassette	ENSMUSG00000038676	Ucn	ISO, IEA
CRE upregulated	GO:0141124	intracellular signaling cassette	ENSMUSG00000052681	Rap1b	IDA, IGI, ISS, IBA, IEA
CRE upregulated	GO:0141124	intracellular signaling cassette	ENSMUSG00000032508	Myd88	IMP, IGI, ISO, IEA
CRE upregulated	GO:0141124	intracellular signaling cassette	ENSMUSG00000032462	ENSMUSG00000032462	IMP, IGI, IBA, IEA
CRE upregulated	GO:0141124	intracellular signaling cassette	ENSMUSG00000027944	Hax1	IEA
CRE upregulated	GO:0141124	intracellular signaling cassette	ENSMUSG00000019843	ENSMUSG00000019843	ISO
CRE upregulated	GO:0141124	intracellular signaling cassette	ENSMUSG00000027646	ENSMUSG00000027646	IMP, ISO, IEA
CRE upregulated	GO:0141124	intracellular signaling cassette	ENSMUSG00000032501	Trib1	IEA
CRE upregulated	GO:0141124	intracellular signaling cassette	ENSMUSG00000031073	Fgf15	IBA
CRE upregulated	GO:0141124	intracellular signaling cassette	ENSMUSG00000015839	Nfe2l2	IDA
CRE upregulated	GO:0141124	intracellular signaling cassette	ENSMUSG00000024907	Gal	IEA
CRE upregulated	GO:0141124	intracellular signaling cassette	ENSMUSG00000031751	ENSMUSG00000031751	IEA
CRE upregulated	GO:0141124	intracellular signaling cassette	ENSMUSG00000054204	ENSMUSG00000054204	IBA, IEA
CRE upregulated	GO:0006952	defense response	ENSMUSG00000052684	Jun	IMP
CRE upregulated	GO:0006952	defense response	ENSMUSG00000037428	Vgf	IEA
CRE upregulated	GO:0006952	defense response	ENSMUSG00000031574	Star	IEA
CRE upregulated	GO:0006952	defense response	ENSMUSG00000046688	Tifa	ISS, IBA, IEA
CRE upregulated	GO:0006952	defense response	ENSMUSG00000025473	Adam8	IDA, IMP, IBA, IEA
CRE upregulated	GO:0006952	defense response	ENSMUSG00000030898	Cckbr	ISO
CRE upregulated	GO:0006952	defense response	ENSMUSG00000037447	Arid5a	IEA
CRE upregulated	GO:0006952	defense response	ENSMUSG00000033902	Mapkbp1	IEA
CRE upregulated	GO:0006952	defense response	ENSMUSG00000030748	Il4ra	IMP, IEA
CRE upregulated	GO:0006952	defense response	ENSMUSG00000014599	Csf1	IEA
CRE upregulated	GO:0006952	defense response	ENSMUSG00000024404	Riok3	IEA
CRE upregulated	GO:0006952	defense response	ENSMUSG00000031681	Smad1	IEP
CRE upregulated	GO:0006952	defense response	ENSMUSG00000035673	Sbno2	IMP, IBA, IEA
CRE upregulated	GO:0006952	defense response	ENSMUSG00000030095	Tmem43	IEA
CRE upregulated	GO:0006952	defense response	ENSMUSG00000028793	Rnf19b	IMP
CRE upregulated	GO:0006952	defense response	ENSMUSG00000026836	Acvr1	IEP
CRE upregulated	GO:0006952	defense response	ENSMUSG00000026670	Uap1	IEA
CRE upregulated	GO:0006952	defense response	ENSMUSG00000021400	Wrnip1	IEA
CRE upregulated	GO:0006952	defense response	ENSMUSG00000048482	Bdnf	IMP
CRE upregulated	GO:0006952	defense response	ENSMUSG00000024256	Adcyap1	ISO, IEA
CRE upregulated	GO:0006952	defense response	ENSMUSG00000021070	Bdkrb2	ISO
CRE upregulated	GO:0006952	defense response	ENSMUSG00000002250	Ppard	IBA, IEA
CRE upregulated	GO:0006952	defense response	ENSMUSG00000044734	Serpinb1a	IDA
CRE upregulated	GO:0006952	defense response	ENSMUSG00000027035	Cers6	IEA
CRE upregulated	GO:0006952	defense response	ENSMUSG00000051343	Rab11fip5	IDA
CRE upregulated	GO:0006952	defense response	ENSMUSG00000026254	Eif4e2	IEA
CRE upregulated	GO:0006952	defense response	ENSMUSG00000027597	Ahcy	ISO
CRE upregulated	GO:0006952	defense response	ENSMUSG00000053436	Mapk14	IEA
CRE upregulated	GO:0006952	defense response	ENSMUSG00000025809	Itgb1	IMP
CRE upregulated	GO:0006952	defense response	ENSMUSG00000040025	Ythdf2	ISS, IEA
CRE upregulated	GO:0006952	defense response	ENSMUSG00000028156	Eif4e	IGI
CRE upregulated	GO:0006952	defense response	ENSMUSG00000022043	Trim35	IEA
CRE upregulated	GO:0006952	defense response	ENSMUSG00000011008	Mcoln2	IEA
CRE upregulated	GO:0006952	defense response	ENSMUSG00000025139	Tollip	IEA
CRE upregulated	GO:0006952	defense response	ENSMUSG00000025746	Il6	IDA, IMP, IEA
CRE upregulated	GO:0006952	defense response	ENSMUSG00000055994	Nod2	IDA, IMP, IGI, ISS, ISO, IBA, TAS, IEA
CRE upregulated	GO:0006952	defense response	ENSMUSG00000024014	Pim1	ISS, IEA
CRE upregulated	GO:0006952	defense response	ENSMUSG00000059923	Grb2	IEA
CRE upregulated	GO:0006952	defense response	ENSMUSG00000055078	Gabra5	IMP
CRE upregulated	GO:0006952	defense response	ENSMUSG00000042726	Trafd1	IMP, IBA
CRE upregulated	GO:0006952	defense response	ENSMUSG00000031628	Casp3	IEA
CRE upregulated	GO:0006952	defense response	ENSMUSG00000024349	Sting1	IDA, IMP, IGI, ISS, ISO, IBA, IEA
CRE upregulated	GO:0006952	defense response	ENSMUSG00000074115	Saa1	IEA
CRE upregulated	GO:0006952	defense response	ENSMUSG00000054008	Ndst1	IEA
CRE upregulated	GO:0006952	defense response	ENSMUSG00000038552	Fndc4	IDA, IBA, IEA
CRE upregulated	GO:0006952	defense response	ENSMUSG00000004768	Rab23	IEA
CRE upregulated	GO:0006952	defense response	ENSMUSG00000015837	Sqstm1	IEA
CRE upregulated	GO:0006952	defense response	ENSMUSG00000034783	Cd207	IEA
CRE upregulated	GO:0006952	defense response	ENSMUSG00000037580	Gch1	IEA
CRE upregulated	GO:0006952	defense response	ENSMUSG00000015316	Slamf1	IMP, IEA
CRE upregulated	GO:0006952	defense response	ENSMUSG00000053113	Socs3	IGI
CRE upregulated	GO:0006952	defense response	ENSMUSG00000026072	Il1r1	IMP, IBA, IEA
CRE upregulated	GO:0006952	defense response	ENSMUSG00000024789	Jak2	IDA, IGI, ISS, ISO, IEA
CRE upregulated	GO:0006952	defense response	ENSMUSG00000004040	ENSMUSG00000004040	IDA, IMP, IBA, IEA
CRE upregulated	GO:0006952	defense response	ENSMUSG00000029578	Wipi2	IPI
CRE upregulated	GO:0006952	defense response	ENSMUSG00000029135	Fosl2	IDA, IMP
CRE upregulated	GO:0006952	defense response	ENSMUSG00000036990	Otud4	IDA, IBA, IEA
CRE upregulated	GO:0006952	defense response	ENSMUSG00000029860	Zyx	IDA
CRE upregulated	GO:0006952	defense response	ENSMUSG00000029826	Zc3hav1	ISO, TAS, IEA
CRE upregulated	GO:0006952	defense response	ENSMUSG00000059866	Tnip2	IMP, IBA, IEA
CRE upregulated	GO:0006952	defense response	ENSMUSG00000033545	Znrf1	IEA
CRE upregulated	GO:0006952	defense response	ENSMUSG00000040033	ENSMUSG00000040033	IEA
CRE upregulated	GO:0006952	defense response	ENSMUSG00000024912	Fosl1	IMP
CRE upregulated	GO:0006952	defense response	ENSMUSG00000024927	Rela	IDA, IMP, ISO, IBA, IEA
CRE upregulated	GO:0006952	defense response	ENSMUSG00000038591	Colec10	NAS, IEA
CRE upregulated	GO:0006952	defense response	ENSMUSG00000025279	ENSMUSG00000025279	IDA
CRE upregulated	GO:0006952	defense response	ENSMUSG00000064210	ENSMUSG00000064210	IEA
CRE upregulated	GO:0006952	defense response	ENSMUSG00000040365	Trim41	ISS, IEA
CRE upregulated	GO:0006952	defense response	ENSMUSG00000053175	Bcl3	IMP
CRE upregulated	GO:0006952	defense response	ENSMUSG00000020349	ENSMUSG00000020349	IMP
CRE upregulated	GO:0006952	defense response	ENSMUSG00000024517	Grp	IMP
CRE upregulated	GO:0006952	defense response	ENSMUSG00000025340	Rabgef1	IMP
CRE upregulated	GO:0006952	defense response	ENSMUSG00000028599	Tnfrsf1b	IMP, IGI, IBA, IEA
CRE upregulated	GO:0006952	defense response	ENSMUSG00000033350	Chst2	IEA
CRE upregulated	GO:0006952	defense response	ENSMUSG00000044147	Arf6	NAS
CRE upregulated	GO:0006952	defense response	ENSMUSG00000030662	ENSMUSG00000030662	IEA
CRE upregulated	GO:0006952	defense response	ENSMUSG00000011877	Git1	IMP
CRE upregulated	GO:0006952	defense response	ENSMUSG00000025060	ENSMUSG00000025060	ISO
CRE upregulated	GO:0006952	defense response	ENSMUSG00000047281	ENSMUSG00000047281	ISS, IEA
CRE upregulated	GO:0006952	defense response	ENSMUSG00000019842	ENSMUSG00000019842	IDA, IMP, ISO, IEA
CRE upregulated	GO:0006952	defense response	ENSMUSG00000070056	ENSMUSG00000070056	IMP, ISS, IEA
CRE upregulated	GO:0006952	defense response	ENSMUSG00000041598	Cdc42ep4	IDA
CRE upregulated	GO:0006952	defense response	ENSMUSG00000045664	Cdc42ep2	IDA
CRE upregulated	GO:0006952	defense response	ENSMUSG00000037860	Aim2	IDA, IMP, IBA, NAS, IEA
CRE upregulated	GO:0006952	defense response	ENSMUSG00000039191	Rbpj	IMP
CRE upregulated	GO:0006952	defense response	ENSMUSG00000019256	ENSMUSG00000019256	IEA
CRE upregulated	GO:0006952	defense response	ENSMUSG00000076434	ENSMUSG00000076434	IBA
CRE upregulated	GO:0006952	defense response	ENSMUSG00000027997	Casp6	ISS, ISO, IEA
CRE upregulated	GO:0006952	defense response	ENSMUSG00000058354	Krt6a	IMP
CRE upregulated	GO:0006952	defense response	ENSMUSG00000020594	ENSMUSG00000020594	IEA
CRE upregulated	GO:0006952	defense response	ENSMUSG00000020448	Rnf185	ISS, IEA
CRE upregulated	GO:0006952	defense response	ENSMUSG00000000787	ENSMUSG00000000787	IDA, ISS, IEA
CRE upregulated	GO:0006952	defense response	ENSMUSG00000022948	Setd4	IDA, IEA
CRE upregulated	GO:0006952	defense response	ENSMUSG00000038676	Ucn	ISO, IEA
CRE upregulated	GO:0006952	defense response	ENSMUSG00000037553	ENSMUSG00000037553	ISS, IEA
CRE upregulated	GO:0006952	defense response	ENSMUSG00000025403	ENSMUSG00000025403	IEA
CRE upregulated	GO:0006952	defense response	ENSMUSG00000032508	Myd88	IMP, IGI, ISS, IBA, IEA
CRE upregulated	GO:0006952	defense response	ENSMUSG00000057465	Saa2	IEA
CRE upregulated	GO:0006952	defense response	ENSMUSG00000006344	ENSMUSG00000006344	IMP, IBA
CRE upregulated	GO:0006952	defense response	ENSMUSG00000004270	ENSMUSG00000004270	IMP
CRE upregulated	GO:0006952	defense response	ENSMUSG00000067586	ENSMUSG00000067586	IMP
CRE upregulated	GO:0006952	defense response	ENSMUSG00000038250	ENSMUSG00000038250	IEA
CRE upregulated	GO:0006952	defense response	ENSMUSG00000028291	ENSMUSG00000028291	IMP, IBA, IEA
CRE upregulated	GO:0006952	defense response	ENSMUSG00000050108	Bpifc	IEA
CRE upregulated	GO:0006952	defense response	ENSMUSG00000037411	Serpine1	IEA
CRE upregulated	GO:0006952	defense response	ENSMUSG00000019843	ENSMUSG00000019843	IBA
CRE upregulated	GO:0006952	defense response	ENSMUSG00000027646	ENSMUSG00000027646	IBA, IEA
CRE upregulated	GO:0006952	defense response	ENSMUSG00000052316	ENSMUSG00000052316	IEA
CRE upregulated	GO:0006952	defense response	ENSMUSG00000019726	ENSMUSG00000019726	IEA
CRE upregulated	GO:0006952	defense response	ENSMUSG00000015839	Nfe2l2	IMP
CRE upregulated	GO:0006952	defense response	ENSMUSG00000053797	ENSMUSG00000053797	IMP, IEA
CRE upregulated	GO:0006952	defense response	ENSMUSG00000003541	ENSMUSG00000003541	IMP
CRE upregulated	GO:0010557	positive regulation of macromolecule biosynthetic process	ENSMUSG00000026628	Atf3	IMP, IGI, ISO, IEA
CRE upregulated	GO:0010557	positive regulation of macromolecule biosynthetic process	ENSMUSG00000052684	Jun	IDA, IMP, IGI, ISS, ISO
CRE upregulated	GO:0010557	positive regulation of macromolecule biosynthetic process	ENSMUSG00000063632	Sox11	IDA, IMP, ISO, IBA, IEA
CRE upregulated	GO:0010557	positive regulation of macromolecule biosynthetic process	ENSMUSG00000031574	Star	ISO, IEA
CRE upregulated	GO:0010557	positive regulation of macromolecule biosynthetic process	ENSMUSG00000004951	Hspb1	IDA
CRE upregulated	GO:0010557	positive regulation of macromolecule biosynthetic process	ENSMUSG00000025473	Adam8	IMP
CRE upregulated	GO:0010557	positive regulation of macromolecule biosynthetic process	ENSMUSG00000056749	Nfil3	IDA, IMP
CRE upregulated	GO:0010557	positive regulation of macromolecule biosynthetic process	ENSMUSG00000024143	Rhoq	IEA
CRE upregulated	GO:0010557	positive regulation of macromolecule biosynthetic process	ENSMUSG00000022895	Ets2	ISO, IEA
CRE upregulated	GO:0010557	positive regulation of macromolecule biosynthetic process	ENSMUSG00000037447	Arid5a	IMP, IGI, ISS, IEA
CRE upregulated	GO:0010557	positive regulation of macromolecule biosynthetic process	ENSMUSG00000030748	Il4ra	IMP
CRE upregulated	GO:0010557	positive regulation of macromolecule biosynthetic process	ENSMUSG00000032515	Csrnp1	IDA
CRE upregulated	GO:0010557	positive regulation of macromolecule biosynthetic process	ENSMUSG00000014599	Csf1	IDA, IEA
CRE upregulated	GO:0010557	positive regulation of macromolecule biosynthetic process	ENSMUSG00000025612	Bach1	IDA
CRE upregulated	GO:0010557	positive regulation of macromolecule biosynthetic process	ENSMUSG00000024404	Riok3	IEA
CRE upregulated	GO:0010557	positive regulation of macromolecule biosynthetic process	ENSMUSG00000000078	Klf6	IEA
CRE upregulated	GO:0010557	positive regulation of macromolecule biosynthetic process	ENSMUSG00000030272	Camk1	IEA
CRE upregulated	GO:0010557	positive regulation of macromolecule biosynthetic process	ENSMUSG00000001542	Ell2	ISO, IBA
CRE upregulated	GO:0010557	positive regulation of macromolecule biosynthetic process	ENSMUSG00000031681	Smad1	IDA, IMP, IGI, IEA
CRE upregulated	GO:0010557	positive regulation of macromolecule biosynthetic process	ENSMUSG00000035673	Sbno2	IMP, IBA
CRE upregulated	GO:0010557	positive regulation of macromolecule biosynthetic process	ENSMUSG00000033060	Lmo7	IDA, ISS, ISO
CRE upregulated	GO:0010557	positive regulation of macromolecule biosynthetic process	ENSMUSG00000003644	Rps6ka1	ISO, IBA, IEA
CRE upregulated	GO:0010557	positive regulation of macromolecule biosynthetic process	ENSMUSG00000026836	Acvr1	IMP, IEA
CRE upregulated	GO:0010557	positive regulation of macromolecule biosynthetic process	ENSMUSG00000026670	Uap1	IEA
CRE upregulated	GO:0010557	positive regulation of macromolecule biosynthetic process	ENSMUSG00000024256	Adcyap1	IDA, ISS, ISO, IEA
CRE upregulated	GO:0010557	positive regulation of macromolecule biosynthetic process	ENSMUSG00000034832	Tet3	ISS, IBA, IEA
CRE upregulated	GO:0010557	positive regulation of macromolecule biosynthetic process	ENSMUSG00000002250	Ppard	IMP, ISS, IBA, IEA
CRE upregulated	GO:0010557	positive regulation of macromolecule biosynthetic process	ENSMUSG00000038894	Irs2	IEA
CRE upregulated	GO:0010557	positive regulation of macromolecule biosynthetic process	ENSMUSG00000026796	Niban2	IEA
CRE upregulated	GO:0010557	positive regulation of macromolecule biosynthetic process	ENSMUSG00000022661	Cd200	IEA
CRE upregulated	GO:0010557	positive regulation of macromolecule biosynthetic process	ENSMUSG00000028063	Lmna	IMP
CRE upregulated	GO:0010557	positive regulation of macromolecule biosynthetic process	ENSMUSG00000030678	Maz	IEA
CRE upregulated	GO:0010557	positive regulation of macromolecule biosynthetic process	ENSMUSG00000053436	Mapk14	IMP, ISO, IEA
CRE upregulated	GO:0010557	positive regulation of macromolecule biosynthetic process	ENSMUSG00000040025	Ythdf2	ISS
CRE upregulated	GO:0010557	positive regulation of macromolecule biosynthetic process	ENSMUSG00000011008	Mcoln2	IMP
CRE upregulated	GO:0010557	positive regulation of macromolecule biosynthetic process	ENSMUSG00000048490	Nrip1	IBA, IEA
CRE upregulated	GO:0010557	positive regulation of macromolecule biosynthetic process	ENSMUSG00000013089	Etv5	IDA, IEA
CRE upregulated	GO:0010557	positive regulation of macromolecule biosynthetic process	ENSMUSG00000025746	Il6	IDA, IMP, IGI, ISO
CRE upregulated	GO:0010557	positive regulation of macromolecule biosynthetic process	ENSMUSG00000032231	Anxa2	IDA, ISO, IEA
CRE upregulated	GO:0010557	positive regulation of macromolecule biosynthetic process	ENSMUSG00000055994	Nod2	IDA, IMP, IGI, ISS, ISO, IEA
CRE upregulated	GO:0010557	positive regulation of macromolecule biosynthetic process	ENSMUSG00000024014	Pim1	IMP
CRE upregulated	GO:0010557	positive regulation of macromolecule biosynthetic process	ENSMUSG00000020580	Rock2	IEA
CRE upregulated	GO:0010557	positive regulation of macromolecule biosynthetic process	ENSMUSG00000063889	Crem	IGI
CRE upregulated	GO:0010557	positive regulation of macromolecule biosynthetic process	ENSMUSG00000027613	Eif6	IMP
CRE upregulated	GO:0010557	positive regulation of macromolecule biosynthetic process	ENSMUSG00000042406	Atf4	IDA, IMP, IGI, ISS, ISO, IEA
CRE upregulated	GO:0010557	positive regulation of macromolecule biosynthetic process	ENSMUSG00000020271	Fbxw11	IMP
CRE upregulated	GO:0010557	positive regulation of macromolecule biosynthetic process	ENSMUSG00000020838	Slc6a4	IMP
CRE upregulated	GO:0010557	positive regulation of macromolecule biosynthetic process	ENSMUSG00000029641	Rasl11a	IDA
CRE upregulated	GO:0010557	positive regulation of macromolecule biosynthetic process	ENSMUSG00000001507	Itga3	ISO, IEA
CRE upregulated	GO:0010557	positive regulation of macromolecule biosynthetic process	ENSMUSG00000025408	Ddit3	IDA, IMP, IGI, ISO, NAS, IEA
CRE upregulated	GO:0010557	positive regulation of macromolecule biosynthetic process	ENSMUSG00000040435	Ppp1r15a	IDA
CRE upregulated	GO:0010557	positive regulation of macromolecule biosynthetic process	ENSMUSG00000032078	Zpr1	IMP, ISS, IBA, IEA
CRE upregulated	GO:0010557	positive regulation of macromolecule biosynthetic process	ENSMUSG00000018909	Arrb1	ISO, IEA
CRE upregulated	GO:0010557	positive regulation of macromolecule biosynthetic process	ENSMUSG00000020248	Nfyb	IDA, ISO, IEA
CRE upregulated	GO:0010557	positive regulation of macromolecule biosynthetic process	ENSMUSG00000024349	Sting1	IDA, IMP, ISS, ISO, IBA, IEA
CRE upregulated	GO:0010557	positive regulation of macromolecule biosynthetic process	ENSMUSG00000030057	Cnbp	IDA, IBA, IEA
CRE upregulated	GO:0010557	positive regulation of macromolecule biosynthetic process	ENSMUSG00000057531	Dtnbp1	IDA
CRE upregulated	GO:0010557	positive regulation of macromolecule biosynthetic process	ENSMUSG00000000134	Tfe3	IDA, IMP, IEA
CRE upregulated	GO:0010557	positive regulation of macromolecule biosynthetic process	ENSMUSG00000028901	Gmeb1	IDA
CRE upregulated	GO:0010557	positive regulation of macromolecule biosynthetic process	ENSMUSG00000037580	Gch1	ISO, IEA
CRE upregulated	GO:0010557	positive regulation of macromolecule biosynthetic process	ENSMUSG00000023087	Noct	IMP
CRE upregulated	GO:0010557	positive regulation of macromolecule biosynthetic process	ENSMUSG00000001627	Ifrd1	ISO
CRE upregulated	GO:0010557	positive regulation of macromolecule biosynthetic process	ENSMUSG00000015316	Slamf1	IDA, IBA
CRE upregulated	GO:0010557	positive regulation of macromolecule biosynthetic process	ENSMUSG00000022346	Myc	IDA, IMP, ISS, ISO, IEA
CRE upregulated	GO:0010557	positive regulation of macromolecule biosynthetic process	ENSMUSG00000026072	Il1r1	ISS, IEA
CRE upregulated	GO:0010557	positive regulation of macromolecule biosynthetic process	ENSMUSG00000024789	Jak2	IDA, IGI, ISS, ISO, NAS, IEA
CRE upregulated	GO:0010557	positive regulation of macromolecule biosynthetic process	ENSMUSG00000004040	ENSMUSG00000004040	IDA, IMP, IGI, ISO, IEA
CRE upregulated	GO:0010557	positive regulation of macromolecule biosynthetic process	ENSMUSG00000042292	Mrtfa	IDA, ISS, IBA, IEA
CRE upregulated	GO:0010557	positive regulation of macromolecule biosynthetic process	ENSMUSG00000061589	Dot1l	ISO, IEA
CRE upregulated	GO:0010557	positive regulation of macromolecule biosynthetic process	ENSMUSG00000109511	Nup62	IEA
CRE upregulated	GO:0010557	positive regulation of macromolecule biosynthetic process	ENSMUSG00000029135	Fosl2	IDA, ISO, IEA
CRE upregulated	GO:0010557	positive regulation of macromolecule biosynthetic process	ENSMUSG00000054136	Adm2	IEA
CRE upregulated	GO:0010557	positive regulation of macromolecule biosynthetic process	ENSMUSG00000020395	Itk	IMP
CRE upregulated	GO:0010557	positive regulation of macromolecule biosynthetic process	ENSMUSG00000029826	Zc3hav1	IDA, IBA
CRE upregulated	GO:0010557	positive regulation of macromolecule biosynthetic process	ENSMUSG00000020358	Hnrnpab	IDA, ISO, IEA
CRE upregulated	GO:0010557	positive regulation of macromolecule biosynthetic process	ENSMUSG00000059866	Tnip2	ISS, IEA
CRE upregulated	GO:0010557	positive regulation of macromolecule biosynthetic process	ENSMUSG00000040033	ENSMUSG00000040033	IEA
CRE upregulated	GO:0010557	positive regulation of macromolecule biosynthetic process	ENSMUSG00000024803	Ankrd1	IEA
CRE upregulated	GO:0010557	positive regulation of macromolecule biosynthetic process	ENSMUSG00000031934	ENSMUSG00000031934	IMP, IEA
CRE upregulated	GO:0010557	positive regulation of macromolecule biosynthetic process	ENSMUSG00000024912	Fosl1	ISO, IEA
CRE upregulated	GO:0010557	positive regulation of macromolecule biosynthetic process	ENSMUSG00000024927	Rela	IDA, IMP, ISS, ISO, IBA, TAS, IEA
CRE upregulated	GO:0010557	positive regulation of macromolecule biosynthetic process	ENSMUSG00000025793	ENSMUSG00000025793	IEA
CRE upregulated	GO:0010557	positive regulation of macromolecule biosynthetic process	ENSMUSG00000003435	ENSMUSG00000003435	ISO, IEA
CRE upregulated	GO:0010557	positive regulation of macromolecule biosynthetic process	ENSMUSG00000055044	Pdlim1	IEA
CRE upregulated	GO:0010557	positive regulation of macromolecule biosynthetic process	ENSMUSG00000024238	Zeb1	IDA, IGI, ISO, IEA
CRE upregulated	GO:0010557	positive regulation of macromolecule biosynthetic process	ENSMUSG00000026078	Pdcl3	IMP, IBA, IEA
CRE upregulated	GO:0010557	positive regulation of macromolecule biosynthetic process	ENSMUSG00000024947	Men1	IDA, IMP, IGI, ISO, IEA
CRE upregulated	GO:0010557	positive regulation of macromolecule biosynthetic process	ENSMUSG00000029071	ENSMUSG00000029071	IEA
CRE upregulated	GO:0010557	positive regulation of macromolecule biosynthetic process	ENSMUSG00000040433	Zbtb38	ISO
CRE upregulated	GO:0010557	positive regulation of macromolecule biosynthetic process	ENSMUSG00000024777	ENSMUSG00000024777	ISO, IEA
CRE upregulated	GO:0010557	positive regulation of macromolecule biosynthetic process	ENSMUSG00000028466	Creb3	IEA
CRE upregulated	GO:0010557	positive regulation of macromolecule biosynthetic process	ENSMUSG00000071637	Cebpd	IDA, ISO, IEA
CRE upregulated	GO:0010557	positive regulation of macromolecule biosynthetic process	ENSMUSG00000015776	Med22	NAS
CRE upregulated	GO:0010557	positive regulation of macromolecule biosynthetic process	ENSMUSG00000031668	ENSMUSG00000031668	IEA
CRE upregulated	GO:0010557	positive regulation of macromolecule biosynthetic process	ENSMUSG00000053175	Bcl3	IDA, IMP, IBA, IEA
CRE upregulated	GO:0010557	positive regulation of macromolecule biosynthetic process	ENSMUSG00000059796	Eif4a1	ISS, IEA
CRE upregulated	GO:0010557	positive regulation of macromolecule biosynthetic process	ENSMUSG00000030199	Etv6	IDA
CRE upregulated	GO:0010557	positive regulation of macromolecule biosynthetic process	ENSMUSG00000003154	Foxj2	IEA
CRE upregulated	GO:0010557	positive regulation of macromolecule biosynthetic process	ENSMUSG00000027605	Acss2	IEA
CRE upregulated	GO:0010557	positive regulation of macromolecule biosynthetic process	ENSMUSG00000036180	ENSMUSG00000036180	NAS
CRE upregulated	GO:0010557	positive regulation of macromolecule biosynthetic process	ENSMUSG00000055491	ENSMUSG00000055491	IBA
CRE upregulated	GO:0010557	positive regulation of macromolecule biosynthetic process	ENSMUSG00000052837	ENSMUSG00000052837	IMP, IEA
CRE upregulated	GO:0010557	positive regulation of macromolecule biosynthetic process	ENSMUSG00000028840	Zfp593	IEA
CRE upregulated	GO:0010557	positive regulation of macromolecule biosynthetic process	ENSMUSG00000021796	Bmpr1a	IDA, IMP, IEA
CRE upregulated	GO:0010557	positive regulation of macromolecule biosynthetic process	ENSMUSG00000019842	ENSMUSG00000019842	IDA, IMP
CRE upregulated	GO:0010557	positive regulation of macromolecule biosynthetic process	ENSMUSG00000029110	ENSMUSG00000029110	IDA, ISS, ISO, IBA, IEA
CRE upregulated	GO:0010557	positive regulation of macromolecule biosynthetic process	ENSMUSG00000021890	ENSMUSG00000021890	ISO
CRE upregulated	GO:0010557	positive regulation of macromolecule biosynthetic process	ENSMUSG00000037860	Aim2	IDA, IMP, IGI, ISO, IEA
CRE upregulated	GO:0010557	positive regulation of macromolecule biosynthetic process	ENSMUSG00000028434	Epb41l4b	IEA
CRE upregulated	GO:0010557	positive regulation of macromolecule biosynthetic process	ENSMUSG00000039191	Rbpj	IDA, IMP, IGI, ISS, ISO, IEA
CRE upregulated	GO:0010557	positive regulation of macromolecule biosynthetic process	ENSMUSG00000019256	ENSMUSG00000019256	IEA
CRE upregulated	GO:0010557	positive regulation of macromolecule biosynthetic process	ENSMUSG00000019763	ENSMUSG00000019763	ISS, IBA, IEA
CRE upregulated	GO:0010557	positive regulation of macromolecule biosynthetic process	ENSMUSG00000051316	Taf7	ISS, ISO, NAS, IEA
CRE upregulated	GO:0010557	positive regulation of macromolecule biosynthetic process	ENSMUSG00000001552	ENSMUSG00000001552	IBA
CRE upregulated	GO:0010557	positive regulation of macromolecule biosynthetic process	ENSMUSG00000040010	Slc7a5	IEA
CRE upregulated	GO:0010557	positive regulation of macromolecule biosynthetic process	ENSMUSG00000040463	ENSMUSG00000040463	ISO, NAS, IEA
CRE upregulated	GO:0010557	positive regulation of macromolecule biosynthetic process	ENSMUSG00000004099	ENSMUSG00000004099	IEA
CRE upregulated	GO:0010557	positive regulation of macromolecule biosynthetic process	ENSMUSG00000022858	ENSMUSG00000022858	IMP, ISS, IBA, IEA
CRE upregulated	GO:0010557	positive regulation of macromolecule biosynthetic process	ENSMUSG00000053007	Creb5	IEA
CRE upregulated	GO:0010557	positive regulation of macromolecule biosynthetic process	ENSMUSG00000011256	ENSMUSG00000011256	ISS
CRE upregulated	GO:0010557	positive regulation of macromolecule biosynthetic process	ENSMUSG00000000787	ENSMUSG00000000787	ISS
CRE upregulated	GO:0010557	positive regulation of macromolecule biosynthetic process	ENSMUSG00000022948	Setd4	IDA, IBA
CRE upregulated	GO:0010557	positive regulation of macromolecule biosynthetic process	ENSMUSG00000038676	Ucn	IMP, ISO, IEA
CRE upregulated	GO:0010557	positive regulation of macromolecule biosynthetic process	ENSMUSG00000042185	ENSMUSG00000042185	ISO, IEA
CRE upregulated	GO:0010557	positive regulation of macromolecule biosynthetic process	ENSMUSG00000032508	Myd88	IMP, IGI, ISS, IEA
CRE upregulated	GO:0010557	positive regulation of macromolecule biosynthetic process	ENSMUSG00000002633	Shh	IDA, IMP, IGI, IEA
CRE upregulated	GO:0010557	positive regulation of macromolecule biosynthetic process	ENSMUSG00000008384	Sertad1	IDA, IGI
CRE upregulated	GO:0010557	positive regulation of macromolecule biosynthetic process	ENSMUSG00000032462	ENSMUSG00000032462	ISO, IEA
CRE upregulated	GO:0010557	positive regulation of macromolecule biosynthetic process	ENSMUSG00000027944	Hax1	IEA
CRE upregulated	GO:0010557	positive regulation of macromolecule biosynthetic process	ENSMUSG00000039671	ENSMUSG00000039671	IEA
CRE upregulated	GO:0010557	positive regulation of macromolecule biosynthetic process	ENSMUSG00000048027	ENSMUSG00000048027	IDA
CRE upregulated	GO:0010557	positive regulation of macromolecule biosynthetic process	ENSMUSG00000028291	ENSMUSG00000028291	IDA, IMP, IBA
CRE upregulated	GO:0010557	positive regulation of macromolecule biosynthetic process	ENSMUSG00000037411	Serpine1	IEA
CRE upregulated	GO:0010557	positive regulation of macromolecule biosynthetic process	ENSMUSG00000037465	Klf10	IEA
CRE upregulated	GO:0010557	positive regulation of macromolecule biosynthetic process	ENSMUSG00000027646	ENSMUSG00000027646	IGI, ISO, IEA
CRE upregulated	GO:0010557	positive regulation of macromolecule biosynthetic process	ENSMUSG00000020680	ENSMUSG00000020680	ISO, IEA
CRE upregulated	GO:0010557	positive regulation of macromolecule biosynthetic process	ENSMUSG00000003119	ENSMUSG00000003119	ISS, ISO, IBA, IEA
CRE upregulated	GO:0010557	positive regulation of macromolecule biosynthetic process	ENSMUSG00000055067	ENSMUSG00000055067	IMP
CRE upregulated	GO:0010557	positive regulation of macromolecule biosynthetic process	ENSMUSG00000031073	Fgf15	IBA, IEA
CRE upregulated	GO:0010557	positive regulation of macromolecule biosynthetic process	ENSMUSG00000015839	Nfe2l2	IDA, IMP, IGI, ISO, IEA
CRE upregulated	GO:0010557	positive regulation of macromolecule biosynthetic process	ENSMUSG00000022332	ENSMUSG00000022332	ISO
CRE upregulated	GO:0010557	positive regulation of macromolecule biosynthetic process	ENSMUSG00000024907	Gal	ISS, IEA
CRE upregulated	GO:0071705	nitrogen compound transport	ENSMUSG00000037428	Vgf	IGI
CRE upregulated	GO:0071705	nitrogen compound transport	ENSMUSG00000004951	Hspb1	ISS, IEA
CRE upregulated	GO:0071705	nitrogen compound transport	ENSMUSG00000030898	Cckbr	ISO
CRE upregulated	GO:0071705	nitrogen compound transport	ENSMUSG00000030102	Itpr1	IMP, IGI
CRE upregulated	GO:0071705	nitrogen compound transport	ENSMUSG00000024891	Slc29a2	IDA, IGI, ISS, ISO, IBA, IEA
CRE upregulated	GO:0071705	nitrogen compound transport	ENSMUSG00000023067	Cdkn1a	IMP
CRE upregulated	GO:0071705	nitrogen compound transport	ENSMUSG00000041831	Sytl3	IEA
CRE upregulated	GO:0071705	nitrogen compound transport	ENSMUSG00000109901	Chmp1b	IBA, IEA
CRE upregulated	GO:0071705	nitrogen compound transport	ENSMUSG00000030272	Camk1	IDA, IEA
CRE upregulated	GO:0071705	nitrogen compound transport	ENSMUSG00000035621	Midn	ISO, IEA
CRE upregulated	GO:0071705	nitrogen compound transport	ENSMUSG00000034300	Fam53c	IBA
CRE upregulated	GO:0071705	nitrogen compound transport	ENSMUSG00000024261	Syt4	IMP, ISO, IEA
CRE upregulated	GO:0071705	nitrogen compound transport	ENSMUSG00000032939	Nup93	IBA, IEA
CRE upregulated	GO:0071705	nitrogen compound transport	ENSMUSG00000048482	Bdnf	IPI
CRE upregulated	GO:0071705	nitrogen compound transport	ENSMUSG00000024256	Adcyap1	IDA, ISS, ISO, IEA
CRE upregulated	GO:0071705	nitrogen compound transport	ENSMUSG00000037458	Azin1	IDA, IBA, IEA
CRE upregulated	GO:0071705	nitrogen compound transport	ENSMUSG00000018736	Ndel1	IEA
CRE upregulated	GO:0071705	nitrogen compound transport	ENSMUSG00000002250	Ppard	ISO, NAS
CRE upregulated	GO:0071705	nitrogen compound transport	ENSMUSG00000038894	Irs2	IMP
CRE upregulated	GO:0071705	nitrogen compound transport	ENSMUSG00000035828	Pim3	IMP
CRE upregulated	GO:0071705	nitrogen compound transport	ENSMUSG00000005069	Pex5	IMP, ISS, IBA, IEA
CRE upregulated	GO:0071705	nitrogen compound transport	ENSMUSG00000029518	Rab35	IEA
CRE upregulated	GO:0071705	nitrogen compound transport	ENSMUSG00000020142	Slc1a4	IDA, ISO, IBA, IEA
CRE upregulated	GO:0071705	nitrogen compound transport	ENSMUSG00000028789	Azin2	IDA, IBA
CRE upregulated	GO:0071705	nitrogen compound transport	ENSMUSG00000027540	Ptpn1	IEA
CRE upregulated	GO:0071705	nitrogen compound transport	ENSMUSG00000022661	Cd200	IEA
CRE upregulated	GO:0071705	nitrogen compound transport	ENSMUSG00000039232	Stx11	IEA
CRE upregulated	GO:0071705	nitrogen compound transport	ENSMUSG00000028063	Lmna	IMP
CRE upregulated	GO:0071705	nitrogen compound transport	ENSMUSG00000051343	Rab11fip5	IMP, IEA
CRE upregulated	GO:0071705	nitrogen compound transport	ENSMUSG00000015341	Golga7	ISS, IBA, IEA
CRE upregulated	GO:0071705	nitrogen compound transport	ENSMUSG00000053436	Mapk14	IMP
CRE upregulated	GO:0071705	nitrogen compound transport	ENSMUSG00000025809	Itgb1	IMP, ISO
CRE upregulated	GO:0071705	nitrogen compound transport	ENSMUSG00000028156	Eif4e	IDA, IMP, IEA
CRE upregulated	GO:0071705	nitrogen compound transport	ENSMUSG00000018362	Kpna2	IDA, ISS, IBA, IEA
CRE upregulated	GO:0071705	nitrogen compound transport	ENSMUSG00000011008	Mcoln2	IEA
CRE upregulated	GO:0071705	nitrogen compound transport	ENSMUSG00000015243	Abca1	IMP, IEA
CRE upregulated	GO:0071705	nitrogen compound transport	ENSMUSG00000025746	Il6	IDA, IMP, ISO
CRE upregulated	GO:0071705	nitrogen compound transport	ENSMUSG00000021843	Ktn1	IEA
CRE upregulated	GO:0071705	nitrogen compound transport	ENSMUSG00000031078	Cttn	IMP, ISS, IEA
CRE upregulated	GO:0071705	nitrogen compound transport	ENSMUSG00000040312	Cchcr1	IDA, IBA
CRE upregulated	GO:0071705	nitrogen compound transport	ENSMUSG00000034247	Plekhm1	IEA
CRE upregulated	GO:0071705	nitrogen compound transport	ENSMUSG00000024772	Ehd1	ISS, IEA
CRE upregulated	GO:0071705	nitrogen compound transport	ENSMUSG00000023169	Slc38a1	IDA, IMP, ISS, ISO, IBA, IEA
CRE upregulated	GO:0071705	nitrogen compound transport	ENSMUSG00000035392	Dennd1a	IEA
CRE upregulated	GO:0071705	nitrogen compound transport	ENSMUSG00000033039	Micall1	IEA
CRE upregulated	GO:0071705	nitrogen compound transport	ENSMUSG00000022848	Slc49a4	ISS, IEA
CRE upregulated	GO:0071705	nitrogen compound transport	ENSMUSG00000040322	Slc25a24	ISS, IBA, IEA
CRE upregulated	GO:0071705	nitrogen compound transport	ENSMUSG00000007458	M6pr	IDA, IBA, TAS, IEA
CRE upregulated	GO:0071705	nitrogen compound transport	ENSMUSG00000020838	Slc6a4	IDA, IMP, ISO, IBA, IEA
CRE upregulated	GO:0071705	nitrogen compound transport	ENSMUSG00000032078	Zpr1	IMP, ISS, IBA, IEA
CRE upregulated	GO:0071705	nitrogen compound transport	ENSMUSG00000035199	Arl6ip5	IDA, ISO, IEA
CRE upregulated	GO:0071705	nitrogen compound transport	ENSMUSG00000001847	Rac1	IMP, ISO
CRE upregulated	GO:0071705	nitrogen compound transport	ENSMUSG00000018909	Arrb1	IMP, IEA
CRE upregulated	GO:0071705	nitrogen compound transport	ENSMUSG00000026317	Cln8	IMP
CRE upregulated	GO:0071705	nitrogen compound transport	ENSMUSG00000057531	Dtnbp1	IMP, ISO, IEA
CRE upregulated	GO:0071705	nitrogen compound transport	ENSMUSG00000004768	Rab23	IEA
CRE upregulated	GO:0071705	nitrogen compound transport	ENSMUSG00000015837	Sqstm1	IDA, IMP, ISS, IEA
CRE upregulated	GO:0071705	nitrogen compound transport	ENSMUSG00000036057	Ptpn23	IBA, IEA
CRE upregulated	GO:0071705	nitrogen compound transport	ENSMUSG00000030616	Sytl2	IEA
CRE upregulated	GO:0071705	nitrogen compound transport	ENSMUSG00000047604	Frat2	ISS
CRE upregulated	GO:0071705	nitrogen compound transport	ENSMUSG00000023032	Slc4a8	ISO, IEA
CRE upregulated	GO:0071705	nitrogen compound transport	ENSMUSG00000024789	Jak2	ISS, ISO, IEA
CRE upregulated	GO:0071705	nitrogen compound transport	ENSMUSG00000010095	Slc3a2	IDA, ISS, ISO, IBA, IEA
CRE upregulated	GO:0071705	nitrogen compound transport	ENSMUSG00000038949	Cnst	ISS, IBA, IEA
CRE upregulated	GO:0071705	nitrogen compound transport	ENSMUSG00000004040	ENSMUSG00000004040	ISS, IEA
CRE upregulated	GO:0071705	nitrogen compound transport	ENSMUSG00000022602	Arc	ISS, ISO, IEA
CRE upregulated	GO:0071705	nitrogen compound transport	ENSMUSG00000022555	Dgat1	ISO
CRE upregulated	GO:0071705	nitrogen compound transport	ENSMUSG00000109511	Nup62	ISO, IBA, IEA
CRE upregulated	GO:0071705	nitrogen compound transport	ENSMUSG00000004347	ENSMUSG00000004347	ISO
CRE upregulated	GO:0071705	nitrogen compound transport	ENSMUSG00000033769	Exoc6b	IEA
CRE upregulated	GO:0071705	nitrogen compound transport	ENSMUSG00000036882	ENSMUSG00000036882	IEA
CRE upregulated	GO:0071705	nitrogen compound transport	ENSMUSG00000026426	ENSMUSG00000026426	IEA
CRE upregulated	GO:0071705	nitrogen compound transport	ENSMUSG00000024803	Ankrd1	IEA
CRE upregulated	GO:0071705	nitrogen compound transport	ENSMUSG00000031934	ENSMUSG00000031934	ISS, IEA
CRE upregulated	GO:0071705	nitrogen compound transport	ENSMUSG00000019188	ENSMUSG00000019188	IEA
CRE upregulated	GO:0071705	nitrogen compound transport	ENSMUSG00000025793	ENSMUSG00000025793	IEA
CRE upregulated	GO:0071705	nitrogen compound transport	ENSMUSG00000026718	ENSMUSG00000026718	IBA, IEA
CRE upregulated	GO:0071705	nitrogen compound transport	ENSMUSG00000044453	Ffar1	IDA, IMP, ISO, IBA
CRE upregulated	GO:0071705	nitrogen compound transport	ENSMUSG00000032902	Slc16a1	IMP
CRE upregulated	GO:0071705	nitrogen compound transport	ENSMUSG00000026074	Map4k4	IEA
CRE upregulated	GO:0071705	nitrogen compound transport	ENSMUSG00000031904	ENSMUSG00000031904	IDA, ISS, ISO, IEA
CRE upregulated	GO:0071705	nitrogen compound transport	ENSMUSG00000049866	Arl4c	IBA
CRE upregulated	GO:0071705	nitrogen compound transport	ENSMUSG00000010660	Plcd1	ISO
CRE upregulated	GO:0071705	nitrogen compound transport	ENSMUSG00000031278	ENSMUSG00000031278	ISS, ISO
CRE upregulated	GO:0071705	nitrogen compound transport	ENSMUSG00000053175	Bcl3	IEA
CRE upregulated	GO:0071705	nitrogen compound transport	ENSMUSG00000024517	Grp	ISS
CRE upregulated	GO:0071705	nitrogen compound transport	ENSMUSG00000025340	Rabgef1	IEA
CRE upregulated	GO:0071705	nitrogen compound transport	ENSMUSG00000021587	Pcsk1	ISO, IEA
CRE upregulated	GO:0071705	nitrogen compound transport	ENSMUSG00000044147	Arf6	IBA, TAS, IEA
CRE upregulated	GO:0071705	nitrogen compound transport	ENSMUSG00000030662	ENSMUSG00000030662	IDA, IMP, IBA, IEA
CRE upregulated	GO:0071705	nitrogen compound transport	ENSMUSG00000047281	ENSMUSG00000047281	IDA
CRE upregulated	GO:0071705	nitrogen compound transport	ENSMUSG00000025351	Cd63	IEA
CRE upregulated	GO:0071705	nitrogen compound transport	ENSMUSG00000019842	ENSMUSG00000019842	IDA
CRE upregulated	GO:0071705	nitrogen compound transport	ENSMUSG00000044465	ENSMUSG00000044465	IEA
CRE upregulated	GO:0071705	nitrogen compound transport	ENSMUSG00000016534	ENSMUSG00000016534	IMP, ISO, IBA, IEA
CRE upregulated	GO:0071705	nitrogen compound transport	ENSMUSG00000001552	ENSMUSG00000001552	IEA
CRE upregulated	GO:0071705	nitrogen compound transport	ENSMUSG00000040010	Slc7a5	IDA, ISS, ISO, IEA
CRE upregulated	GO:0071705	nitrogen compound transport	ENSMUSG00000020671	ENSMUSG00000020671	ISS, IBA, TAS, IEA
CRE upregulated	GO:0071705	nitrogen compound transport	ENSMUSG00000047547	Cltb	IEA
CRE upregulated	GO:0071705	nitrogen compound transport	ENSMUSG00000069072	ENSMUSG00000069072	IMP
CRE upregulated	GO:0071705	nitrogen compound transport	ENSMUSG00000038676	Ucn	ISO, IEA
CRE upregulated	GO:0071705	nitrogen compound transport	ENSMUSG00000038467	ENSMUSG00000038467	IEA
CRE upregulated	GO:0071705	nitrogen compound transport	ENSMUSG00000066595	ENSMUSG00000066595	ISS, ISO, IBA, IEA
CRE upregulated	GO:0071705	nitrogen compound transport	ENSMUSG00000026864	ENSMUSG00000026864	ISS, IEA
CRE upregulated	GO:0071705	nitrogen compound transport	ENSMUSG00000002633	Shh	IGI
CRE upregulated	GO:0071705	nitrogen compound transport	ENSMUSG00000028680	ENSMUSG00000028680	IEA
CRE upregulated	GO:0071705	nitrogen compound transport	ENSMUSG00000005089	Slc1a2	IDA, IMP, ISS, ISO, IBA, IEA
CRE upregulated	GO:0071705	nitrogen compound transport	ENSMUSG00000061244	ENSMUSG00000061244	IEA
CRE upregulated	GO:0071705	nitrogen compound transport	ENSMUSG00000056050	ENSMUSG00000056050	IEA
CRE upregulated	GO:0071705	nitrogen compound transport	ENSMUSG00000040652	ENSMUSG00000040652	IDA
CRE upregulated	GO:0071705	nitrogen compound transport	ENSMUSG00000028291	ENSMUSG00000028291	ISS, IEA
CRE upregulated	GO:0071705	nitrogen compound transport	ENSMUSG00000078676	ENSMUSG00000078676	NAS, IEA
CRE upregulated	GO:0071705	nitrogen compound transport	ENSMUSG00000051209	ENSMUSG00000051209	IDA
CRE upregulated	GO:0071705	nitrogen compound transport	ENSMUSG00000027646	ENSMUSG00000027646	ISO, IEA
CRE upregulated	GO:0071705	nitrogen compound transport	ENSMUSG00000049550	ENSMUSG00000049550	IMP
CRE upregulated	GO:0071705	nitrogen compound transport	ENSMUSG00000019998	ENSMUSG00000019998	IEA
CRE upregulated	GO:0071705	nitrogen compound transport	ENSMUSG00000024287	ENSMUSG00000024287	ISS, IBA, IEA
CRE upregulated	GO:0030182	neuron differentiation	ENSMUSG00000051379	Flrt3	IMP, ISS, ISO, IEA
CRE upregulated	GO:0030182	neuron differentiation	ENSMUSG00000052684	Jun	IMP
CRE upregulated	GO:0030182	neuron differentiation	ENSMUSG00000063632	Sox11	IDA, IMP, ISO, IBA, IEA
CRE upregulated	GO:0030182	neuron differentiation	ENSMUSG00000019647	Sema6a	IMP, IBA, NAS
CRE upregulated	GO:0030182	neuron differentiation	ENSMUSG00000004951	Hspb1	ISO
CRE upregulated	GO:0030182	neuron differentiation	ENSMUSG00000022044	Stmn4	IBA
CRE upregulated	GO:0030182	neuron differentiation	ENSMUSG00000046731	Kctd11	IDA, IBA
CRE upregulated	GO:0030182	neuron differentiation	ENSMUSG00000023905	Tnfrsf12a	IDA
CRE upregulated	GO:0030182	neuron differentiation	ENSMUSG00000030102	Itpr1	ISO
CRE upregulated	GO:0030182	neuron differentiation	ENSMUSG00000025089	Gfra1	ISO, IEA
CRE upregulated	GO:0030182	neuron differentiation	ENSMUSG00000037705	Tecta	IGI
CRE upregulated	GO:0030182	neuron differentiation	ENSMUSG00000030272	Camk1	ISS, IEA
CRE upregulated	GO:0030182	neuron differentiation	ENSMUSG00000024261	Syt4	IEA
CRE upregulated	GO:0030182	neuron differentiation	ENSMUSG00000029378	Areg	ISO, IEA
CRE upregulated	GO:0030182	neuron differentiation	ENSMUSG00000042688	Mapk6	IGI
CRE upregulated	GO:0030182	neuron differentiation	ENSMUSG00000048482	Bdnf	IDA, IMP, IGI, ISO, IBA, IEA
CRE upregulated	GO:0030182	neuron differentiation	ENSMUSG00000024256	Adcyap1	ISS, ISO, IBA, IEA
CRE upregulated	GO:0030182	neuron differentiation	ENSMUSG00000018736	Ndel1	IMP, IGI, ISO, IBA
CRE upregulated	GO:0030182	neuron differentiation	ENSMUSG00000018507	Trpv2	IMP
CRE upregulated	GO:0030182	neuron differentiation	ENSMUSG00000037568	Vash2	ISS, IEA
CRE upregulated	GO:0030182	neuron differentiation	ENSMUSG00000005069	Pex5	IMP
CRE upregulated	GO:0030182	neuron differentiation	ENSMUSG00000029518	Rab35	IMP
CRE upregulated	GO:0030182	neuron differentiation	ENSMUSG00000045136	Tubb2b	ISS, IEA
CRE upregulated	GO:0030182	neuron differentiation	ENSMUSG00000054855	Rnd1	IEA
CRE upregulated	GO:0030182	neuron differentiation	ENSMUSG00000029201	Ugdh	ISS, IEA
CRE upregulated	GO:0030182	neuron differentiation	ENSMUSG00000027540	Ptpn1	IEA
CRE upregulated	GO:0030182	neuron differentiation	ENSMUSG00000029121	Crmp1	IEA
CRE upregulated	GO:0030182	neuron differentiation	ENSMUSG00000025809	Itgb1	IMP, IGI, ISO
CRE upregulated	GO:0030182	neuron differentiation	ENSMUSG00000028156	Eif4e	IMP
CRE upregulated	GO:0030182	neuron differentiation	ENSMUSG00000023030	Slc11a2	IMP
CRE upregulated	GO:0030182	neuron differentiation	ENSMUSG00000013089	Etv5	ISO, IEA
CRE upregulated	GO:0030182	neuron differentiation	ENSMUSG00000025746	Il6	ISO
CRE upregulated	GO:0030182	neuron differentiation	ENSMUSG00000031078	Cttn	ISS, ISO
CRE upregulated	GO:0030182	neuron differentiation	ENSMUSG00000022607	Ptk2	IMP
CRE upregulated	GO:0030182	neuron differentiation	ENSMUSG00000037062	Sh3glb1	ISO
CRE upregulated	GO:0030182	neuron differentiation	ENSMUSG00000024772	Ehd1	ISS, ISO, IEA
CRE upregulated	GO:0030182	neuron differentiation	ENSMUSG00000027560	Dok5	IDA
CRE upregulated	GO:0030182	neuron differentiation	ENSMUSG00000033039	Micall1	IMP, ISO
CRE upregulated	GO:0030182	neuron differentiation	ENSMUSG00000042406	Atf4	IEA
CRE upregulated	GO:0030182	neuron differentiation	ENSMUSG00000055078	Gabra5	IMP
CRE upregulated	GO:0030182	neuron differentiation	ENSMUSG00000017929	B4galt5	IMP
CRE upregulated	GO:0030182	neuron differentiation	ENSMUSG00000020838	Slc6a4	ISO, IEA
CRE upregulated	GO:0030182	neuron differentiation	ENSMUSG00000001507	Itga3	ISO, IEA
CRE upregulated	GO:0030182	neuron differentiation	ENSMUSG00000031628	Casp3	ISO, IBA, IEA
CRE upregulated	GO:0030182	neuron differentiation	ENSMUSG00000032078	Zpr1	IMP, IBA, IEA
CRE upregulated	GO:0030182	neuron differentiation	ENSMUSG00000055407	Map6	ISS, ISO, IBA, IEA
CRE upregulated	GO:0030182	neuron differentiation	ENSMUSG00000001847	Rac1	IDA, IMP, IGI, IBA, IEA
CRE upregulated	GO:0030182	neuron differentiation	ENSMUSG00000050271	Prag1	ISS, ISO, IEA
CRE upregulated	GO:0030182	neuron differentiation	ENSMUSG00000030077	Chl1	IDA, IMP, IEA
CRE upregulated	GO:0030182	neuron differentiation	ENSMUSG00000026317	Cln8	IMP
CRE upregulated	GO:0030182	neuron differentiation	ENSMUSG00000044667	Plppr4	ISO, IBA
CRE upregulated	GO:0030182	neuron differentiation	ENSMUSG00000057531	Dtnbp1	IDA, IMP, ISS, ISO, IBA, NAS, IEA
CRE upregulated	GO:0030182	neuron differentiation	ENSMUSG00000030309	Caprin2	IMP
CRE upregulated	GO:0030182	neuron differentiation	ENSMUSG00000001627	Ifrd1	IGI
CRE upregulated	GO:0030182	neuron differentiation	ENSMUSG00000029765	Plxna4	IMP, IGI, IBA
CRE upregulated	GO:0030182	neuron differentiation	ENSMUSG00000027954	Efna1	IDA, IBA
CRE upregulated	GO:0030182	neuron differentiation	ENSMUSG00000024789	Jak2	ISS, ISO, IEA
CRE upregulated	GO:0030182	neuron differentiation	ENSMUSG00000004040	ENSMUSG00000004040	IMP
CRE upregulated	GO:0030182	neuron differentiation	ENSMUSG00000042292	Mrtfa	IGI
CRE upregulated	GO:0030182	neuron differentiation	ENSMUSG00000022602	Arc	ISO, IEA
CRE upregulated	GO:0030182	neuron differentiation	ENSMUSG00000020027	Socs2	IDA
CRE upregulated	GO:0030182	neuron differentiation	ENSMUSG00000063919	Srrm4	IBA
CRE upregulated	GO:0030182	neuron differentiation	ENSMUSG00000030223	ENSMUSG00000030223	IMP, IBA
CRE upregulated	GO:0030182	neuron differentiation	ENSMUSG00000027797	Dclk1	IMP, IGI, IBA
CRE upregulated	GO:0030182	neuron differentiation	ENSMUSG00000036882	ENSMUSG00000036882	ISO, IEA
CRE upregulated	GO:0030182	neuron differentiation	ENSMUSG00000024803	Ankrd1	ISO
CRE upregulated	GO:0030182	neuron differentiation	ENSMUSG00000023915	Tnfrsf21	ISO, IEA
CRE upregulated	GO:0030182	neuron differentiation	ENSMUSG00000027692	Tnik	ISS, ISO, IBA, IEA
CRE upregulated	GO:0030182	neuron differentiation	ENSMUSG00000024238	Zeb1	IDA
CRE upregulated	GO:0030182	neuron differentiation	ENSMUSG00000029071	ENSMUSG00000029071	IDA, IMP, ISO, IEA
CRE upregulated	GO:0030182	neuron differentiation	ENSMUSG00000024777	ENSMUSG00000024777	ISO, IEA
CRE upregulated	GO:0030182	neuron differentiation	ENSMUSG00000026074	Map4k4	IEA
CRE upregulated	GO:0030182	neuron differentiation	ENSMUSG00000025162	ENSMUSG00000025162	IGI
CRE upregulated	GO:0030182	neuron differentiation	ENSMUSG00000031278	ENSMUSG00000031278	ISO, IBA
CRE upregulated	GO:0030182	neuron differentiation	ENSMUSG00000037815	Ctnna1	IEA
CRE upregulated	GO:0030182	neuron differentiation	ENSMUSG00000044147	Arf6	IMP, ISO, IBA, IEA
CRE upregulated	GO:0030182	neuron differentiation	ENSMUSG00000011877	Git1	IMP, ISO
CRE upregulated	GO:0030182	neuron differentiation	ENSMUSG00000008435	Rdh13	IMP
CRE upregulated	GO:0030182	neuron differentiation	ENSMUSG00000062234	ENSMUSG00000062234	IEA
CRE upregulated	GO:0030182	neuron differentiation	ENSMUSG00000021796	Bmpr1a	IGI
CRE upregulated	GO:0030182	neuron differentiation	ENSMUSG00000039191	Rbpj	IMP
CRE upregulated	GO:0030182	neuron differentiation	ENSMUSG00000039844	ENSMUSG00000039844	ISO, IEA
CRE upregulated	GO:0030182	neuron differentiation	ENSMUSG00000020671	ENSMUSG00000020671	ISS, ISO
CRE upregulated	GO:0030182	neuron differentiation	ENSMUSG00000027997	Casp6	ISO
CRE upregulated	GO:0030182	neuron differentiation	ENSMUSG00000020594	ENSMUSG00000020594	ISO, IEA
CRE upregulated	GO:0030182	neuron differentiation	ENSMUSG00000008730	Hipk1	IMP
CRE upregulated	GO:0030182	neuron differentiation	ENSMUSG00000038676	Ucn	ISO, IEA
CRE upregulated	GO:0030182	neuron differentiation	ENSMUSG00000026864	ENSMUSG00000026864	ISO
CRE upregulated	GO:0030182	neuron differentiation	ENSMUSG00000002633	Shh	IDA, IMP, IGI, ISO, TAS, IEA
CRE upregulated	GO:0030182	neuron differentiation	ENSMUSG00000039671	ENSMUSG00000039671	ISO, IEA
CRE upregulated	GO:0030182	neuron differentiation	ENSMUSG00000020340	ENSMUSG00000020340	IMP, IBA
CRE upregulated	GO:0030182	neuron differentiation	ENSMUSG00000023277	ENSMUSG00000023277	IBA, IEA
CRE upregulated	GO:0030182	neuron differentiation	ENSMUSG00000019843	ENSMUSG00000019843	IMP, IGI
CRE upregulated	GO:0030182	neuron differentiation	ENSMUSG00000004698	ENSMUSG00000004698	IEA
CRE upregulated	GO:0030182	neuron differentiation	ENSMUSG00000053825	ENSMUSG00000053825	IEA
CRE upregulated	GO:0030182	neuron differentiation	ENSMUSG00000047261	ENSMUSG00000047261	IMP, IBA
CRE upregulated	GO:0030182	neuron differentiation	ENSMUSG00000027433	ENSMUSG00000027433	IEA
CRE upregulated	GO:0030182	neuron differentiation	ENSMUSG00000015839	Nfe2l2	ISO, IEA
CRE upregulated	GO:0030182	neuron differentiation	ENSMUSG00000049550	ENSMUSG00000049550	ISO
CRE upregulated	GO:0030182	neuron differentiation	ENSMUSG00000000627	ENSMUSG00000000627	ISO, IBA, IEA
CRE upregulated	GO:0030182	neuron differentiation	ENSMUSG00000069227	ENSMUSG00000069227	IDA, IBA
CRE upregulated	GO:0030182	neuron differentiation	ENSMUSG00000054204	ENSMUSG00000054204	ISS, IEA
CRE upregulated	GO:0045184	establishment of protein localization	ENSMUSG00000037428	Vgf	IGI
CRE upregulated	GO:0045184	establishment of protein localization	ENSMUSG00000004951	Hspb1	ISS, IEA
CRE upregulated	GO:0045184	establishment of protein localization	ENSMUSG00000030102	Itpr1	IMP, IGI
CRE upregulated	GO:0045184	establishment of protein localization	ENSMUSG00000023067	Cdkn1a	IMP
CRE upregulated	GO:0045184	establishment of protein localization	ENSMUSG00000006304	Arpc2	ISO
CRE upregulated	GO:0045184	establishment of protein localization	ENSMUSG00000041831	Sytl3	IEA
CRE upregulated	GO:0045184	establishment of protein localization	ENSMUSG00000109901	Chmp1b	IBA, IEA
CRE upregulated	GO:0045184	establishment of protein localization	ENSMUSG00000030272	Camk1	IDA, IEA
CRE upregulated	GO:0045184	establishment of protein localization	ENSMUSG00000035621	Midn	ISO, IEA
CRE upregulated	GO:0045184	establishment of protein localization	ENSMUSG00000034300	Fam53c	IBA
CRE upregulated	GO:0045184	establishment of protein localization	ENSMUSG00000024261	Syt4	IMP
CRE upregulated	GO:0045184	establishment of protein localization	ENSMUSG00000032939	Nup93	IBA, IEA
CRE upregulated	GO:0045184	establishment of protein localization	ENSMUSG00000024256	Adcyap1	IDA
CRE upregulated	GO:0045184	establishment of protein localization	ENSMUSG00000018736	Ndel1	IEA
CRE upregulated	GO:0045184	establishment of protein localization	ENSMUSG00000002250	Ppard	ISO, NAS
CRE upregulated	GO:0045184	establishment of protein localization	ENSMUSG00000021501	Caml	ISS, ISO, IBA, IEA
CRE upregulated	GO:0045184	establishment of protein localization	ENSMUSG00000038894	Irs2	IMP
CRE upregulated	GO:0045184	establishment of protein localization	ENSMUSG00000035828	Pim3	IMP
CRE upregulated	GO:0045184	establishment of protein localization	ENSMUSG00000005069	Pex5	IMP, ISS, IBA, TAS, IEA
CRE upregulated	GO:0045184	establishment of protein localization	ENSMUSG00000029518	Rab35	IEA
CRE upregulated	GO:0045184	establishment of protein localization	ENSMUSG00000027540	Ptpn1	IEA
CRE upregulated	GO:0045184	establishment of protein localization	ENSMUSG00000022661	Cd200	IEA
CRE upregulated	GO:0045184	establishment of protein localization	ENSMUSG00000039232	Stx11	IEA
CRE upregulated	GO:0045184	establishment of protein localization	ENSMUSG00000028063	Lmna	IMP
CRE upregulated	GO:0045184	establishment of protein localization	ENSMUSG00000051343	Rab11fip5	IMP, IEA
CRE upregulated	GO:0045184	establishment of protein localization	ENSMUSG00000015341	Golga7	ISS, IBA, IEA
CRE upregulated	GO:0045184	establishment of protein localization	ENSMUSG00000053436	Mapk14	IMP
CRE upregulated	GO:0045184	establishment of protein localization	ENSMUSG00000025809	Itgb1	ISO
CRE upregulated	GO:0045184	establishment of protein localization	ENSMUSG00000018362	Kpna2	IDA, ISS, IBA, IEA
CRE upregulated	GO:0045184	establishment of protein localization	ENSMUSG00000011008	Mcoln2	IEA
CRE upregulated	GO:0045184	establishment of protein localization	ENSMUSG00000015243	Abca1	IMP, IEA
CRE upregulated	GO:0045184	establishment of protein localization	ENSMUSG00000025746	Il6	IDA, ISO
CRE upregulated	GO:0045184	establishment of protein localization	ENSMUSG00000021843	Ktn1	IEA
CRE upregulated	GO:0045184	establishment of protein localization	ENSMUSG00000031078	Cttn	IMP, ISS, IEA
CRE upregulated	GO:0045184	establishment of protein localization	ENSMUSG00000040312	Cchcr1	IDA, IBA
CRE upregulated	GO:0045184	establishment of protein localization	ENSMUSG00000037062	Sh3glb1	IMP
CRE upregulated	GO:0045184	establishment of protein localization	ENSMUSG00000034247	Plekhm1	IEA
CRE upregulated	GO:0045184	establishment of protein localization	ENSMUSG00000024772	Ehd1	ISS, IEA
CRE upregulated	GO:0045184	establishment of protein localization	ENSMUSG00000035392	Dennd1a	IEA
CRE upregulated	GO:0045184	establishment of protein localization	ENSMUSG00000033039	Micall1	ISS, IEA
CRE upregulated	GO:0045184	establishment of protein localization	ENSMUSG00000007458	M6pr	IDA, IBA, TAS, IEA
CRE upregulated	GO:0045184	establishment of protein localization	ENSMUSG00000025408	Ddit3	IDA
CRE upregulated	GO:0045184	establishment of protein localization	ENSMUSG00000032078	Zpr1	IMP, ISS, IBA, IEA
CRE upregulated	GO:0045184	establishment of protein localization	ENSMUSG00000035199	Arl6ip5	ISO, IEA
CRE upregulated	GO:0045184	establishment of protein localization	ENSMUSG00000001847	Rac1	IMP, ISO
CRE upregulated	GO:0045184	establishment of protein localization	ENSMUSG00000018909	Arrb1	IMP, IEA
CRE upregulated	GO:0045184	establishment of protein localization	ENSMUSG00000024521	Pmaip1	IMP
CRE upregulated	GO:0045184	establishment of protein localization	ENSMUSG00000057531	Dtnbp1	IMP
CRE upregulated	GO:0045184	establishment of protein localization	ENSMUSG00000004768	Rab23	IEA
CRE upregulated	GO:0045184	establishment of protein localization	ENSMUSG00000015837	Sqstm1	IDA, IMP, ISS, IEA
CRE upregulated	GO:0045184	establishment of protein localization	ENSMUSG00000036057	Ptpn23	IBA, IEA
CRE upregulated	GO:0045184	establishment of protein localization	ENSMUSG00000030616	Sytl2	IEA
CRE upregulated	GO:0045184	establishment of protein localization	ENSMUSG00000047604	Frat2	ISS
CRE upregulated	GO:0045184	establishment of protein localization	ENSMUSG00000023032	Slc4a8	ISO, IEA
CRE upregulated	GO:0045184	establishment of protein localization	ENSMUSG00000024789	Jak2	ISS, ISO, IEA
CRE upregulated	GO:0045184	establishment of protein localization	ENSMUSG00000038949	Cnst	ISS, IBA, IEA
CRE upregulated	GO:0045184	establishment of protein localization	ENSMUSG00000004040	ENSMUSG00000004040	ISS, IEA
CRE upregulated	GO:0045184	establishment of protein localization	ENSMUSG00000022555	Dgat1	ISO
CRE upregulated	GO:0045184	establishment of protein localization	ENSMUSG00000109511	Nup62	ISO, IBA, IEA
CRE upregulated	GO:0045184	establishment of protein localization	ENSMUSG00000004347	ENSMUSG00000004347	ISO
CRE upregulated	GO:0045184	establishment of protein localization	ENSMUSG00000033769	Exoc6b	IEA
CRE upregulated	GO:0045184	establishment of protein localization	ENSMUSG00000036882	ENSMUSG00000036882	IEA
CRE upregulated	GO:0045184	establishment of protein localization	ENSMUSG00000026426	ENSMUSG00000026426	IEA
CRE upregulated	GO:0045184	establishment of protein localization	ENSMUSG00000024803	Ankrd1	IEA
CRE upregulated	GO:0045184	establishment of protein localization	ENSMUSG00000019188	ENSMUSG00000019188	IEA
CRE upregulated	GO:0045184	establishment of protein localization	ENSMUSG00000025793	ENSMUSG00000025793	IEA
CRE upregulated	GO:0045184	establishment of protein localization	ENSMUSG00000026718	ENSMUSG00000026718	IBA, IEA
CRE upregulated	GO:0045184	establishment of protein localization	ENSMUSG00000042743	Sgtb	IBA
CRE upregulated	GO:0045184	establishment of protein localization	ENSMUSG00000044453	Ffar1	IDA, IMP, ISO, IBA
CRE upregulated	GO:0045184	establishment of protein localization	ENSMUSG00000032902	Slc16a1	IMP
CRE upregulated	GO:0045184	establishment of protein localization	ENSMUSG00000026074	Map4k4	IEA
CRE upregulated	GO:0045184	establishment of protein localization	ENSMUSG00000049866	Arl4c	IBA
CRE upregulated	GO:0045184	establishment of protein localization	ENSMUSG00000031278	ENSMUSG00000031278	ISS, ISO
CRE upregulated	GO:0045184	establishment of protein localization	ENSMUSG00000053175	Bcl3	IEA
CRE upregulated	GO:0045184	establishment of protein localization	ENSMUSG00000025340	Rabgef1	IEA
CRE upregulated	GO:0045184	establishment of protein localization	ENSMUSG00000021587	Pcsk1	ISO, IEA
CRE upregulated	GO:0045184	establishment of protein localization	ENSMUSG00000004530	ENSMUSG00000004530	IMP, IGI
CRE upregulated	GO:0045184	establishment of protein localization	ENSMUSG00000044147	Arf6	IBA, TAS, IEA
CRE upregulated	GO:0045184	establishment of protein localization	ENSMUSG00000030662	ENSMUSG00000030662	IDA, IMP, IBA, IEA
CRE upregulated	GO:0045184	establishment of protein localization	ENSMUSG00000047281	ENSMUSG00000047281	IDA, IEA
CRE upregulated	GO:0045184	establishment of protein localization	ENSMUSG00000025351	Cd63	IEA
CRE upregulated	GO:0045184	establishment of protein localization	ENSMUSG00000019842	ENSMUSG00000019842	IDA
CRE upregulated	GO:0045184	establishment of protein localization	ENSMUSG00000044465	ENSMUSG00000044465	IEA
CRE upregulated	GO:0045184	establishment of protein localization	ENSMUSG00000016534	ENSMUSG00000016534	IMP, ISO, IBA, IEA
CRE upregulated	GO:0045184	establishment of protein localization	ENSMUSG00000022656	ENSMUSG00000022656	IMP
CRE upregulated	GO:0045184	establishment of protein localization	ENSMUSG00000001552	ENSMUSG00000001552	IEA
CRE upregulated	GO:0045184	establishment of protein localization	ENSMUSG00000020671	ENSMUSG00000020671	ISS, IBA, TAS, IEA
CRE upregulated	GO:0045184	establishment of protein localization	ENSMUSG00000047547	Cltb	IEA
CRE upregulated	GO:0045184	establishment of protein localization	ENSMUSG00000008859	ENSMUSG00000008859	ISS, IEA
CRE upregulated	GO:0045184	establishment of protein localization	ENSMUSG00000038467	ENSMUSG00000038467	IEA
CRE upregulated	GO:0045184	establishment of protein localization	ENSMUSG00000037553	ENSMUSG00000037553	IBA
CRE upregulated	GO:0045184	establishment of protein localization	ENSMUSG00000026864	ENSMUSG00000026864	ISS, IEA
CRE upregulated	GO:0045184	establishment of protein localization	ENSMUSG00000002633	Shh	IGI
CRE upregulated	GO:0045184	establishment of protein localization	ENSMUSG00000028680	ENSMUSG00000028680	IEA
CRE upregulated	GO:0045184	establishment of protein localization	ENSMUSG00000053581	ENSMUSG00000053581	IBA
CRE upregulated	GO:0045184	establishment of protein localization	ENSMUSG00000061244	ENSMUSG00000061244	IEA
CRE upregulated	GO:0045184	establishment of protein localization	ENSMUSG00000056050	ENSMUSG00000056050	IEA
CRE upregulated	GO:0045184	establishment of protein localization	ENSMUSG00000040652	ENSMUSG00000040652	IDA
CRE upregulated	GO:0045184	establishment of protein localization	ENSMUSG00000028291	ENSMUSG00000028291	ISS, IEA
CRE upregulated	GO:0045184	establishment of protein localization	ENSMUSG00000051209	ENSMUSG00000051209	IDA
CRE upregulated	GO:0045184	establishment of protein localization	ENSMUSG00000019843	ENSMUSG00000019843	IGI
CRE upregulated	GO:0045184	establishment of protein localization	ENSMUSG00000027646	ENSMUSG00000027646	ISO, IEA
CRE upregulated	GO:0045184	establishment of protein localization	ENSMUSG00000042532	ENSMUSG00000042532	IBA
CRE upregulated	GO:0045184	establishment of protein localization	ENSMUSG00000055067	ENSMUSG00000055067	IMP
CRE upregulated	GO:0045184	establishment of protein localization	ENSMUSG00000036667	ENSMUSG00000036667	IBA, IEA
CRE upregulated	GO:0045184	establishment of protein localization	ENSMUSG00000049550	ENSMUSG00000049550	IMP
CRE upregulated	GO:0045184	establishment of protein localization	ENSMUSG00000019998	ENSMUSG00000019998	IEA
CRE upregulated	GO:0007165	signal transduction	ENSMUSG00000026628	Atf3	IMP, IEA
CRE upregulated	GO:0007165	signal transduction	ENSMUSG00000036390	Gadd45a	IMP, IEA
CRE upregulated	GO:0007165	signal transduction	ENSMUSG00000051379	Flrt3	IMP
CRE upregulated	GO:0007165	signal transduction	ENSMUSG00000052684	Jun	IDA, IMP, ISO
CRE upregulated	GO:0007165	signal transduction	ENSMUSG00000063632	Sox11	IMP, IEA
CRE upregulated	GO:0007165	signal transduction	ENSMUSG00000019647	Sema6a	IDA, IMP, IBA, IEA
CRE upregulated	GO:0007165	signal transduction	ENSMUSG00000073680	Tmem88b	IBA
CRE upregulated	GO:0007165	signal transduction	ENSMUSG00000037428	Vgf	IEA
CRE upregulated	GO:0007165	signal transduction	ENSMUSG00000042816	Gpr151	ISS, IBA, IEA
CRE upregulated	GO:0007165	signal transduction	ENSMUSG00000046223	Plaur	NAS, IEA
CRE upregulated	GO:0007165	signal transduction	ENSMUSG00000004951	Hspb1	IDA, IEA
CRE upregulated	GO:0007165	signal transduction	ENSMUSG00000046688	Tifa	IDA, IPI, ISS, IBA, IEA
CRE upregulated	GO:0007165	signal transduction	ENSMUSG00000025473	Adam8	IDA
CRE upregulated	GO:0007165	signal transduction	ENSMUSG00000050164	Mchr1	ISO, IBA, IEA
CRE upregulated	GO:0007165	signal transduction	ENSMUSG00000030898	Cckbr	ISO, IBA, IEA
CRE upregulated	GO:0007165	signal transduction	ENSMUSG00000046731	Kctd11	IDA
CRE upregulated	GO:0007165	signal transduction	ENSMUSG00000024143	Rhoq	IBA, IEA
CRE upregulated	GO:0007165	signal transduction	ENSMUSG00000033902	Mapkbp1	IEA
CRE upregulated	GO:0007165	signal transduction	ENSMUSG00000030748	Il4ra	IBA, IEA
CRE upregulated	GO:0007165	signal transduction	ENSMUSG00000023905	Tnfrsf12a	IDA, IBA
CRE upregulated	GO:0007165	signal transduction	ENSMUSG00000030102	Itpr1	IMP, IGI, IEA
CRE upregulated	GO:0007165	signal transduction	ENSMUSG00000032515	Csrnp1	IMP
CRE upregulated	GO:0007165	signal transduction	ENSMUSG00000025089	Gfra1	ISS, TAS, IEA
CRE upregulated	GO:0007165	signal transduction	ENSMUSG00000021765	Fst	IGI, IBA, IEA
CRE upregulated	GO:0007165	signal transduction	ENSMUSG00000025348	Itga7	IEA
CRE upregulated	GO:0007165	signal transduction	ENSMUSG00000014599	Csf1	IDA, IEA
CRE upregulated	GO:0007165	signal transduction	ENSMUSG00000020427	Igfbp3	IGI, IBA
CRE upregulated	GO:0007165	signal transduction	ENSMUSG00000023067	Cdkn1a	IMP, ISS, IEA
CRE upregulated	GO:0007165	signal transduction	ENSMUSG00000024404	Riok3	IEA
CRE upregulated	GO:0007165	signal transduction	ENSMUSG00000030681	Mvp	IEA
CRE upregulated	GO:0007165	signal transduction	ENSMUSG00000006304	Arpc2	ISO
CRE upregulated	GO:0007165	signal transduction	ENSMUSG00000031074	Fgf3	IEA
CRE upregulated	GO:0007165	signal transduction	ENSMUSG00000030272	Camk1	IDA, IEA
CRE upregulated	GO:0007165	signal transduction	ENSMUSG00000031681	Smad1	IDA, IMP, IGI, ISS, ISO, IBA, TAS, IEA
CRE upregulated	GO:0007165	signal transduction	ENSMUSG00000050989	Selenon	IMP
CRE upregulated	GO:0007165	signal transduction	ENSMUSG00000048216	Gpr85	IEA
CRE upregulated	GO:0007165	signal transduction	ENSMUSG00000058153	Sez6l	IGI, IBA
CRE upregulated	GO:0007165	signal transduction	ENSMUSG00000032939	Nup93	IDA, IEA
CRE upregulated	GO:0007165	signal transduction	ENSMUSG00000003644	Rps6ka1	IEA
CRE upregulated	GO:0007165	signal transduction	ENSMUSG00000029378	Areg	IGI, ISO, IBA, IEA
CRE upregulated	GO:0007165	signal transduction	ENSMUSG00000042688	Mapk6	IBA, IEA
CRE upregulated	GO:0007165	signal transduction	ENSMUSG00000005087	Cd44	IEA
CRE upregulated	GO:0007165	signal transduction	ENSMUSG00000026836	Acvr1	IDA, IMP, ISO, IBA, TAS, IEA
CRE upregulated	GO:0007165	signal transduction	ENSMUSG00000021453	Gadd45g	IEA
CRE upregulated	GO:0007165	signal transduction	ENSMUSG00000002459	Rgs20	TAS, IEA
CRE upregulated	GO:0007165	signal transduction	ENSMUSG00000068566	Myadm	IEA
CRE upregulated	GO:0007165	signal transduction	ENSMUSG00000048482	Bdnf	IMP, IGI, ISO, IBA, IEA
CRE upregulated	GO:0007165	signal transduction	ENSMUSG00000024256	Adcyap1	IDA, ISS, ISO, IBA, TAS, IEA
CRE upregulated	GO:0007165	signal transduction	ENSMUSG00000021070	Bdkrb2	IMP, IGI, IBA, IEA
CRE upregulated	GO:0007165	signal transduction	ENSMUSG00000018736	Ndel1	IDA
CRE upregulated	GO:0007165	signal transduction	ENSMUSG00000042804	Gpr153	IEA
CRE upregulated	GO:0007165	signal transduction	ENSMUSG00000002250	Ppard	IDA, IBA, IEA
CRE upregulated	GO:0007165	signal transduction	ENSMUSG00000032641	Gpr19	IBA, IEA
CRE upregulated	GO:0007165	signal transduction	ENSMUSG00000021501	Caml	IDA
CRE upregulated	GO:0007165	signal transduction	ENSMUSG00000038894	Irs2	IDA, IMP, ISO, IBA, IEA
CRE upregulated	GO:0007165	signal transduction	ENSMUSG00000024883	Rin1	IEA
CRE upregulated	GO:0007165	signal transduction	ENSMUSG00000032578	Cish	IEA
CRE upregulated	GO:0007165	signal transduction	ENSMUSG00000029518	Rab35	IEA
CRE upregulated	GO:0007165	signal transduction	ENSMUSG00000054855	Rnd1	IBA, IEA
CRE upregulated	GO:0007165	signal transduction	ENSMUSG00000027313	Chac1	ISS, IEA
CRE upregulated	GO:0007165	signal transduction	ENSMUSG00000039954	Stk32a	IBA
CRE upregulated	GO:0007165	signal transduction	ENSMUSG00000027540	Ptpn1	IMP, IGI, ISS, ISO, IBA, IEA
CRE upregulated	GO:0007165	signal transduction	ENSMUSG00000019461	Plscr3	ISS, IEA
CRE upregulated	GO:0007165	signal transduction	ENSMUSG00000043895	S1pr2	IMP, ISO, IBA, IEA
CRE upregulated	GO:0007165	signal transduction	ENSMUSG00000028063	Lmna	IMP
CRE upregulated	GO:0007165	signal transduction	ENSMUSG00000034226	Rhov	IBA, IEA
CRE upregulated	GO:0007165	signal transduction	ENSMUSG00000026254	Eif4e2	IEA
CRE upregulated	GO:0007165	signal transduction	ENSMUSG00000029121	Crmp1	IGI, IEP
CRE upregulated	GO:0007165	signal transduction	ENSMUSG00000030678	Maz	IEA
CRE upregulated	GO:0007165	signal transduction	ENSMUSG00000063506	Arhgap22	IEA
CRE upregulated	GO:0007165	signal transduction	ENSMUSG00000053436	Mapk14	IDA, IMP, IGI, ISS, ISO, IBA, IEA
CRE upregulated	GO:0007165	signal transduction	ENSMUSG00000025809	Itgb1	IGI, ISO, IBA, NAS, IEA
CRE upregulated	GO:0007165	signal transduction	ENSMUSG00000039364	Sectm1b	IEA
CRE upregulated	GO:0007165	signal transduction	ENSMUSG00000040025	Ythdf2	ISS, IEA
CRE upregulated	GO:0007165	signal transduction	ENSMUSG00000025239	Limd1	IMP, ISS, IBA, IEA
CRE upregulated	GO:0007165	signal transduction	ENSMUSG00000005370	Msh6	IMP
CRE upregulated	GO:0007165	signal transduction	ENSMUSG00000018362	Kpna2	IDA, IMP
CRE upregulated	GO:0007165	signal transduction	ENSMUSG00000011008	Mcoln2	IEA
CRE upregulated	GO:0007165	signal transduction	ENSMUSG00000015243	Abca1	IEA
CRE upregulated	GO:0007165	signal transduction	ENSMUSG00000025139	Tollip	IDA, IEA
CRE upregulated	GO:0007165	signal transduction	ENSMUSG00000020592	Sdc1	IMP
CRE upregulated	GO:0007165	signal transduction	ENSMUSG00000025746	Il6	IDA, IMP, ISO, IBA, IEA
CRE upregulated	GO:0007165	signal transduction	ENSMUSG00000002233	Rhoc	IBA, IEA
CRE upregulated	GO:0007165	signal transduction	ENSMUSG00000032280	Tle3	IBA, IEA
CRE upregulated	GO:0007165	signal transduction	ENSMUSG00000073563	Csnk1g3	IBA, IEA
CRE upregulated	GO:0007165	signal transduction	ENSMUSG00000031078	Cttn	IGI
CRE upregulated	GO:0007165	signal transduction	ENSMUSG00000022607	Ptk2	ISS, ISO, IBA, TAS, IEA
CRE upregulated	GO:0007165	signal transduction	ENSMUSG00000055994	Nod2	IDA, IMP, ISS, ISO, IBA, TAS, IEA
CRE upregulated	GO:0007165	signal transduction	ENSMUSG00000024014	Pim1	ISS, IEA
CRE upregulated	GO:0007165	signal transduction	ENSMUSG00000037062	Sh3glb1	IDA, IMP, ISO
CRE upregulated	GO:0007165	signal transduction	ENSMUSG00000020580	Rock2	IEA
CRE upregulated	GO:0007165	signal transduction	ENSMUSG00000021990	Spata13	IEA
CRE upregulated	GO:0007165	signal transduction	ENSMUSG00000069094	Pde7a	IDA, IBA, IEA
CRE upregulated	GO:0007165	signal transduction	ENSMUSG00000027560	Dok5	IDA, IPI, ISO, IBA, IEA
CRE upregulated	GO:0007165	signal transduction	ENSMUSG00000059923	Grb2	IDA, IGI, ISO, IBA, TAS, IEA
CRE upregulated	GO:0007165	signal transduction	ENSMUSG00000042406	Atf4	IDA, IMP, ISS, ISO, IEA
CRE upregulated	GO:0007165	signal transduction	ENSMUSG00000020271	Fbxw11	IMP, IEA
CRE upregulated	GO:0007165	signal transduction	ENSMUSG00000005950	P2rx5	IEA
CRE upregulated	GO:0007165	signal transduction	ENSMUSG00000001507	Itga3	IGI, IBA, IEA
CRE upregulated	GO:0007165	signal transduction	ENSMUSG00000055723	Rras2	IDA, IEA
CRE upregulated	GO:0007165	signal transduction	ENSMUSG00000031628	Casp3	IDA, ISO, NAS, IEA
CRE upregulated	GO:0007165	signal transduction	ENSMUSG00000025408	Ddit3	IDA, IMP, ISS, ISO, IBA, IEA
CRE upregulated	GO:0007165	signal transduction	ENSMUSG00000040435	Ppp1r15a	IMP
CRE upregulated	GO:0007165	signal transduction	ENSMUSG00000035199	Arl6ip5	IEA
CRE upregulated	GO:0007165	signal transduction	ENSMUSG00000001847	Rac1	IDA, IMP, IGI, ISS, ISO, IBA, IEA
CRE upregulated	GO:0007165	signal transduction	ENSMUSG00000042121	Ssh1	ISO, IEA
CRE upregulated	GO:0007165	signal transduction	ENSMUSG00000050271	Prag1	IMP, ISS, ISO, IEA
CRE upregulated	GO:0007165	signal transduction	ENSMUSG00000018909	Arrb1	IMP, ISS, ISO, IBA, IEA
CRE upregulated	GO:0007165	signal transduction	ENSMUSG00000024349	Sting1	IDA, ISS, IEA
CRE upregulated	GO:0007165	signal transduction	ENSMUSG00000020064	Herc4	IEA
CRE upregulated	GO:0007165	signal transduction	ENSMUSG00000024521	Pmaip1	IDA, IMP, IEA
CRE upregulated	GO:0007165	signal transduction	ENSMUSG00000026821	Ralgds	IBA, IEA
CRE upregulated	GO:0007165	signal transduction	ENSMUSG00000061039	Or8b53	ISA, IBA, IEA
CRE upregulated	GO:0007165	signal transduction	ENSMUSG00000044667	Plppr4	IMP, IBA
CRE upregulated	GO:0007165	signal transduction	ENSMUSG00000028145	Them4	ISS, IEA
CRE upregulated	GO:0007165	signal transduction	ENSMUSG00000026107	Nabp1	ISS, ISO, IEA
CRE upregulated	GO:0007165	signal transduction	ENSMUSG00000054008	Ndst1	IMP, IGI
CRE upregulated	GO:0007165	signal transduction	ENSMUSG00000057531	Dtnbp1	ISS, ISO, IEA
CRE upregulated	GO:0007165	signal transduction	ENSMUSG00000015837	Sqstm1	ISS, IEA
CRE upregulated	GO:0007165	signal transduction	ENSMUSG00000022951	Rcan1	IMP, IGI, ISS, IBA, IEA
CRE upregulated	GO:0007165	signal transduction	ENSMUSG00000030309	Caprin2	IBA
CRE upregulated	GO:0007165	signal transduction	ENSMUSG00000036737	Oxsr1	IMP, IGI, ISS, IBA, IEA
CRE upregulated	GO:0007165	signal transduction	ENSMUSG00000031955	Bcar1	IDA, ISS, ISO, IBA, IEA
CRE upregulated	GO:0007165	signal transduction	ENSMUSG00000015316	Slamf1	IEA
CRE upregulated	GO:0007165	signal transduction	ENSMUSG00000029765	Plxna4	IMP, IGI, IEA
CRE upregulated	GO:0007165	signal transduction	ENSMUSG00000022433	Csnk1e	IGI, IBA, IEA
CRE upregulated	GO:0007165	signal transduction	ENSMUSG00000022346	Myc	IDA, IMP, ISS, IEA
CRE upregulated	GO:0007165	signal transduction	ENSMUSG00000053113	Socs3	IDA, IGI, ISO, IEA
CRE upregulated	GO:0007165	signal transduction	ENSMUSG00000036437	Npy1r	IEA
CRE upregulated	GO:0007165	signal transduction	ENSMUSG00000047604	Frat2	IGI, ISS
CRE upregulated	GO:0007165	signal transduction	ENSMUSG00000026072	Il1r1	IDA, IMP, ISO, IBA, IEA
CRE upregulated	GO:0007165	signal transduction	ENSMUSG00000027954	Efna1	IDA, IBA, IEA
CRE upregulated	GO:0007165	signal transduction	ENSMUSG00000026247	Ecel1	ISO
CRE upregulated	GO:0007165	signal transduction	ENSMUSG00000024789	Jak2	IDA, IMP, IGI, ISS, ISO, IBA, TAS, IEA
CRE upregulated	GO:0007165	signal transduction	ENSMUSG00000004040	ENSMUSG00000004040	IDA, IMP, ISS, ISO, IBA, TAS, NAS, IEA
CRE upregulated	GO:0007165	signal transduction	ENSMUSG00000042292	Mrtfa	IDA
CRE upregulated	GO:0007165	signal transduction	ENSMUSG00000061589	Dot1l	IBA, IEA
CRE upregulated	GO:0007165	signal transduction	ENSMUSG00000003269	Cyth2	IEA
CRE upregulated	GO:0007165	signal transduction	ENSMUSG00000022602	Arc	IEA
CRE upregulated	GO:0007165	signal transduction	ENSMUSG00000020027	Socs2	IMP, IGI, IEA
CRE upregulated	GO:0007165	signal transduction	ENSMUSG00000109511	Nup62	IMP, ISS, IEA
CRE upregulated	GO:0007165	signal transduction	ENSMUSG00000029135	Fosl2	IDA, IMP
CRE upregulated	GO:0007165	signal transduction	ENSMUSG00000054136	Adm2	ISO, IBA, IEA
CRE upregulated	GO:0007165	signal transduction	ENSMUSG00000020395	Itk	IMP, IBA, IEA
CRE upregulated	GO:0007165	signal transduction	ENSMUSG00000036990	Otud4	IDA, IBA, IEA
CRE upregulated	GO:0007165	signal transduction	ENSMUSG00000029860	Zyx	IMP, IBA, IEA
CRE upregulated	GO:0007165	signal transduction	ENSMUSG00000044017	Adgrd1	ISS, IBA, IEA
CRE upregulated	GO:0007165	signal transduction	ENSMUSG00000004347	ENSMUSG00000004347	IBA, IEA
CRE upregulated	GO:0007165	signal transduction	ENSMUSG00000029826	Zc3hav1	ISO, TAS
CRE upregulated	GO:0007165	signal transduction	ENSMUSG00000050335	Lgals3	IEA
CRE upregulated	GO:0007165	signal transduction	ENSMUSG00000024190	Dusp1	IMP, ISS, ISO, IBA, IEA
CRE upregulated	GO:0007165	signal transduction	ENSMUSG00000030223	ENSMUSG00000030223	IDA, IBA
CRE upregulated	GO:0007165	signal transduction	ENSMUSG00000035236	Scai	IDA, IEA
CRE upregulated	GO:0007165	signal transduction	ENSMUSG00000027797	Dclk1	IEA
CRE upregulated	GO:0007165	signal transduction	ENSMUSG00000031960	Aars1	ISS, IEA
CRE upregulated	GO:0007165	signal transduction	ENSMUSG00000059866	Tnip2	IDA, IMP, ISS, IBA, IEA
CRE upregulated	GO:0007165	signal transduction	ENSMUSG00000004865	ENSMUSG00000004865	IDA, IBA, IEA
CRE upregulated	GO:0007165	signal transduction	ENSMUSG00000036882	ENSMUSG00000036882	IBA, IEA
CRE upregulated	GO:0007165	signal transduction	ENSMUSG00000041594	ENSMUSG00000041594	IMP, IBA
CRE upregulated	GO:0007165	signal transduction	ENSMUSG00000017615	Tnfaip1	ISS, IBA, IEA
CRE upregulated	GO:0007165	signal transduction	ENSMUSG00000033545	Znrf1	IEA
CRE upregulated	GO:0007165	signal transduction	ENSMUSG00000026930	Gpsm1	ISO
CRE upregulated	GO:0007165	signal transduction	ENSMUSG00000040033	ENSMUSG00000040033	IEA
CRE upregulated	GO:0007165	signal transduction	ENSMUSG00000021360	ENSMUSG00000021360	IMP, IBA, IEA
CRE upregulated	GO:0007165	signal transduction	ENSMUSG00000059316	Slc27a4	IEA
CRE upregulated	GO:0007165	signal transduction	ENSMUSG00000024803	Ankrd1	IGI, IEA
CRE upregulated	GO:0007165	signal transduction	ENSMUSG00000021306	Gpr137b	IEA
CRE upregulated	GO:0007165	signal transduction	ENSMUSG00000023915	Tnfrsf21	IMP, IEA
CRE upregulated	GO:0007165	signal transduction	ENSMUSG00000024912	Fosl1	IMP
CRE upregulated	GO:0007165	signal transduction	ENSMUSG00000024927	Rela	IDA, ISO, IBA, IEA
CRE upregulated	GO:0007165	signal transduction	ENSMUSG00000029458	ENSMUSG00000029458	ISO, IBA, IEA
CRE upregulated	GO:0007165	signal transduction	ENSMUSG00000042608	Stk40	IMP
CRE upregulated	GO:0007165	signal transduction	ENSMUSG00000053716	Dusp7	IBA
CRE upregulated	GO:0007165	signal transduction	ENSMUSG00000036206	Sh3bp4	ISS, IEA
CRE upregulated	GO:0007165	signal transduction	ENSMUSG00000025793	ENSMUSG00000025793	IEA
CRE upregulated	GO:0007165	signal transduction	ENSMUSG00000027692	Tnik	ISS, IBA, IEA
CRE upregulated	GO:0007165	signal transduction	ENSMUSG00000050730	Arhgap42	IMP, IEA
CRE upregulated	GO:0007165	signal transduction	ENSMUSG00000024238	Zeb1	IGI
CRE upregulated	GO:0007165	signal transduction	ENSMUSG00000028893	Sesn2	IMP, ISO, IBA, IEA
CRE upregulated	GO:0007165	signal transduction	ENSMUSG00000038861	Pi4kb	IBA
CRE upregulated	GO:0007165	signal transduction	ENSMUSG00000024947	Men1	ISO, IEA
CRE upregulated	GO:0007165	signal transduction	ENSMUSG00000029071	ENSMUSG00000029071	IDA, IMP, IGI, ISO, IBA, TAS, IEA
CRE upregulated	GO:0007165	signal transduction	ENSMUSG00000036894	Rap2b	IDA, IBA, IEA
CRE upregulated	GO:0007165	signal transduction	ENSMUSG00000044453	Ffar1	IDA, ISO, IBA, IEA
CRE upregulated	GO:0007165	signal transduction	ENSMUSG00000064210	ENSMUSG00000064210	IMP, IEA
CRE upregulated	GO:0007165	signal transduction	ENSMUSG00000032715	Trib3	ISS, IEA
CRE upregulated	GO:0007165	signal transduction	ENSMUSG00000024777	ENSMUSG00000024777	ISO, IEA
CRE upregulated	GO:0007165	signal transduction	ENSMUSG00000035594	Chrna5	IBA, IEA
CRE upregulated	GO:0007165	signal transduction	ENSMUSG00000040365	Trim41	ISS, IEA
CRE upregulated	GO:0007165	signal transduction	ENSMUSG00000048047	Zbtb33	IEA
CRE upregulated	GO:0007165	signal transduction	ENSMUSG00000025485	ENSMUSG00000025485	IDA, ISO, IBA
CRE upregulated	GO:0007165	signal transduction	ENSMUSG00000020694	ENSMUSG00000020694	ISS, IBA, IEA
CRE upregulated	GO:0007165	signal transduction	ENSMUSG00000028466	Creb3	IEA
CRE upregulated	GO:0007165	signal transduction	ENSMUSG00000029175	Slc35f6	ISS, IEA
CRE upregulated	GO:0007165	signal transduction	ENSMUSG00000025162	ENSMUSG00000025162	IGI, IBA, IEA
CRE upregulated	GO:0007165	signal transduction	ENSMUSG00000010660	Plcd1	ISO, IBA, IEA
CRE upregulated	GO:0007165	signal transduction	ENSMUSG00000090291	Lrrc10b	IBA
CRE upregulated	GO:0007165	signal transduction	ENSMUSG00000031668	ENSMUSG00000031668	IEA
CRE upregulated	GO:0007165	signal transduction	ENSMUSG00000053175	Bcl3	ISO, IEA
CRE upregulated	GO:0007165	signal transduction	ENSMUSG00000037815	Ctnna1	IMP, IGI
CRE upregulated	GO:0007165	signal transduction	ENSMUSG00000020349	ENSMUSG00000020349	IMP, ISS, IEA
CRE upregulated	GO:0007165	signal transduction	ENSMUSG00000024517	Grp	IMP, ISO, IBA, IEA
CRE upregulated	GO:0007165	signal transduction	ENSMUSG00000025340	Rabgef1	IDA, IMP
CRE upregulated	GO:0007165	signal transduction	ENSMUSG00000028599	Tnfrsf1b	IMP, IBA, IEA
CRE upregulated	GO:0007165	signal transduction	ENSMUSG00000044147	Arf6	NAS, IEA
CRE upregulated	GO:0007165	signal transduction	ENSMUSG00000052298	Cdc42se2	ISS, IEA
CRE upregulated	GO:0007165	signal transduction	ENSMUSG00000030662	ENSMUSG00000030662	IEA
CRE upregulated	GO:0007165	signal transduction	ENSMUSG00000011877	Git1	IDA, ISO, IBA, IEA
CRE upregulated	GO:0007165	signal transduction	ENSMUSG00000024270	ENSMUSG00000024270	ISS, IEA
CRE upregulated	GO:0007165	signal transduction	ENSMUSG00000039985	Sinhcaf	NAS
CRE upregulated	GO:0007165	signal transduction	ENSMUSG00000028602	Tnfrsf8	IEA
CRE upregulated	GO:0007165	signal transduction	ENSMUSG00000007411	ENSMUSG00000007411	ISS, IBA, IEA
CRE upregulated	GO:0007165	signal transduction	ENSMUSG00000013483	Card14	ISS, IEA
CRE upregulated	GO:0007165	signal transduction	ENSMUSG00000047281	ENSMUSG00000047281	IDA, IBA, IEA
CRE upregulated	GO:0007165	signal transduction	ENSMUSG00000025351	Cd63	IMP, ISS, IBA, IEA
CRE upregulated	GO:0007165	signal transduction	ENSMUSG00000021796	Bmpr1a	IDA, IMP, IGI, IBA, IEA
CRE upregulated	GO:0007165	signal transduction	ENSMUSG00000031383	Dusp9	IDA, IBA
CRE upregulated	GO:0007165	signal transduction	ENSMUSG00000049649	Gpr3	ISO, IBA, IEA
CRE upregulated	GO:0007165	signal transduction	ENSMUSG00000019842	ENSMUSG00000019842	IDA, IMP, IGI, ISO, IBA, IEA
CRE upregulated	GO:0007165	signal transduction	ENSMUSG00000024750	ENSMUSG00000024750	IMP
CRE upregulated	GO:0007165	signal transduction	ENSMUSG00000070056	ENSMUSG00000070056	IMP, ISS, IBA, IEA
CRE upregulated	GO:0007165	signal transduction	ENSMUSG00000041598	Cdc42ep4	IDA, IBA
CRE upregulated	GO:0007165	signal transduction	ENSMUSG00000045664	Cdc42ep2	IBA
CRE upregulated	GO:0007165	signal transduction	ENSMUSG00000037860	Aim2	IDA, NAS, IEA
CRE upregulated	GO:0007165	signal transduction	ENSMUSG00000039191	Rbpj	IMP, IGI, ISS, IBA, TAS, IEA
CRE upregulated	GO:0007165	signal transduction	ENSMUSG00000000001	ENSMUSG00000000001	ISS, ISO, IBA, TAS, IEA
CRE upregulated	GO:0007165	signal transduction	ENSMUSG00000048668	Rhno1	IEA
CRE upregulated	GO:0007165	signal transduction	ENSMUSG00000019256	ENSMUSG00000019256	IEA
CRE upregulated	GO:0007165	signal transduction	ENSMUSG00000039844	ENSMUSG00000039844	IMP, IGI, ISO, IBA, IEA
CRE upregulated	GO:0007165	signal transduction	ENSMUSG00000035725	ENSMUSG00000035725	IBA
CRE upregulated	GO:0007165	signal transduction	ENSMUSG00000051316	Taf7	IDA
CRE upregulated	GO:0007165	signal transduction	ENSMUSG00000001552	ENSMUSG00000001552	IBA
CRE upregulated	GO:0007165	signal transduction	ENSMUSG00000017677	Wsb1	IEA
CRE upregulated	GO:0007165	signal transduction	ENSMUSG00000040463	ENSMUSG00000040463	IEA
CRE upregulated	GO:0007165	signal transduction	ENSMUSG00000027997	Casp6	ISS, IEA
CRE upregulated	GO:0007165	signal transduction	ENSMUSG00000058354	Krt6a	IDA
CRE upregulated	GO:0007165	signal transduction	ENSMUSG00000020594	ENSMUSG00000020594	IEA
CRE upregulated	GO:0007165	signal transduction	ENSMUSG00000020448	Rnf185	ISS, IEA
CRE upregulated	GO:0007165	signal transduction	ENSMUSG00000000787	ENSMUSG00000000787	IDA, ISS
CRE upregulated	GO:0007165	signal transduction	ENSMUSG00000008859	ENSMUSG00000008859	IBA, IEA
CRE upregulated	GO:0007165	signal transduction	ENSMUSG00000008730	Hipk1	IGI, IBA, IEA
CRE upregulated	GO:0007165	signal transduction	ENSMUSG00000046722	ENSMUSG00000046722	ISS, IEA
CRE upregulated	GO:0007165	signal transduction	ENSMUSG00000022094	ENSMUSG00000022094	IMP
CRE upregulated	GO:0007165	signal transduction	ENSMUSG00000038676	Ucn	ISO, IEA
CRE upregulated	GO:0007165	signal transduction	ENSMUSG00000052681	Rap1b	IDA, IGI, ISS, IBA, IEA
CRE upregulated	GO:0007165	signal transduction	ENSMUSG00000037553	ENSMUSG00000037553	IEA
CRE upregulated	GO:0007165	signal transduction	ENSMUSG00000020097	ENSMUSG00000020097	IMP, ISS, IEA
CRE upregulated	GO:0007165	signal transduction	ENSMUSG00000028826	ENSMUSG00000028826	ISS, IBA, IEA
CRE upregulated	GO:0007165	signal transduction	ENSMUSG00000032508	Myd88	IDA, IMP, IGI, ISS, ISO, IBA, TAS, IEA
CRE upregulated	GO:0007165	signal transduction	ENSMUSG00000028370	Pappa	IBA
CRE upregulated	GO:0007165	signal transduction	ENSMUSG00000026864	ENSMUSG00000026864	IDA, IMP, IGI, ISS, IBA
CRE upregulated	GO:0007165	signal transduction	ENSMUSG00000002633	Shh	IDA, IMP, IGI, ISS, IBA, TAS, IEA
CRE upregulated	GO:0007165	signal transduction	ENSMUSG00000032462	ENSMUSG00000032462	IMP, IGI, IBA, IEA
CRE upregulated	GO:0007165	signal transduction	ENSMUSG00000025198	ENSMUSG00000025198	IBA, IEA
CRE upregulated	GO:0007165	signal transduction	ENSMUSG00000049807	Arhgap23	IEA
CRE upregulated	GO:0007165	signal transduction	ENSMUSG00000027944	Hax1	TAS, IEA
CRE upregulated	GO:0007165	signal transduction	ENSMUSG00000039671	ENSMUSG00000039671	ISO, IEA
CRE upregulated	GO:0007165	signal transduction	ENSMUSG00000045174	ENSMUSG00000045174	IBA, IEA
CRE upregulated	GO:0007165	signal transduction	ENSMUSG00000029145	ENSMUSG00000029145	ISS, IEA
CRE upregulated	GO:0007165	signal transduction	ENSMUSG00000067586	ENSMUSG00000067586	IDA, IBA, IEA
CRE upregulated	GO:0007165	signal transduction	ENSMUSG00000048027	ENSMUSG00000048027	IDA, IBA
CRE upregulated	GO:0007165	signal transduction	ENSMUSG00000037411	Serpine1	IEA
CRE upregulated	GO:0007165	signal transduction	ENSMUSG00000020340	ENSMUSG00000020340	IMP
CRE upregulated	GO:0007165	signal transduction	ENSMUSG00000023277	ENSMUSG00000023277	ISO
CRE upregulated	GO:0007165	signal transduction	ENSMUSG00000051209	ENSMUSG00000051209	IBA, IEA
CRE upregulated	GO:0007165	signal transduction	ENSMUSG00000019843	ENSMUSG00000019843	IDA, IMP, IGI, ISO, IBA, IEA
CRE upregulated	GO:0007165	signal transduction	ENSMUSG00000024493	ENSMUSG00000024493	IEA
CRE upregulated	GO:0007165	signal transduction	ENSMUSG00000027646	ENSMUSG00000027646	IDA, IMP, IGI, ISO, IBA, IEA
CRE upregulated	GO:0007165	signal transduction	ENSMUSG00000021340	ENSMUSG00000021340	IEA
CRE upregulated	GO:0007165	signal transduction	ENSMUSG00000046761	ENSMUSG00000046761	IBA
CRE upregulated	GO:0007165	signal transduction	ENSMUSG00000032501	Trib1	IEA
CRE upregulated	GO:0007165	signal transduction	ENSMUSG00000031642	Sh3rf1	IEA
CRE upregulated	GO:0007165	signal transduction	ENSMUSG00000042197	ENSMUSG00000042197	ISS, IEA
CRE upregulated	GO:0007165	signal transduction	ENSMUSG00000074886	ENSMUSG00000074886	ISO, IBA, IEA
CRE upregulated	GO:0007165	signal transduction	ENSMUSG00000031073	Fgf15	ISO, IBA, IEA
CRE upregulated	GO:0007165	signal transduction	ENSMUSG00000002797	Ggct	ISS, IEA
CRE upregulated	GO:0007165	signal transduction	ENSMUSG00000038205	ENSMUSG00000038205	IBA
CRE upregulated	GO:0007165	signal transduction	ENSMUSG00000015839	Nfe2l2	IDA, IEA
CRE upregulated	GO:0007165	signal transduction	ENSMUSG00000021477	ENSMUSG00000021477	IBA
CRE upregulated	GO:0007165	signal transduction	ENSMUSG00000000627	ENSMUSG00000000627	IBA
CRE upregulated	GO:0007165	signal transduction	ENSMUSG00000040843	ENSMUSG00000040843	IBA, IEA
CRE upregulated	GO:0007165	signal transduction	ENSMUSG00000054499	ENSMUSG00000054499	IBA, IEA
CRE upregulated	GO:0007165	signal transduction	ENSMUSG00000024907	Gal	IMP, IBA, IEA
CRE upregulated	GO:0007165	signal transduction	ENSMUSG00000031751	ENSMUSG00000031751	IMP, IBA, IEA
CRE upregulated	GO:0007165	signal transduction	ENSMUSG00000054204	ENSMUSG00000054204	IBA, IEA
CRE upregulated	GO:0007165	signal transduction	ENSMUSG00000046707	ENSMUSG00000046707	IEA
CRE upregulated	GO:0007165	signal transduction	ENSMUSG00000003541	ENSMUSG00000003541	IDA, IMP
CRE upregulated	GO:0007165	signal transduction	ENSMUSG00000024287	ENSMUSG00000024287	IEA
CRE upregulated	GO:0030334	regulation of cell migration	ENSMUSG00000036390	Gadd45a	IMP, IEA
CRE upregulated	GO:0030334	regulation of cell migration	ENSMUSG00000052684	Jun	IMP
CRE upregulated	GO:0030334	regulation of cell migration	ENSMUSG00000019647	Sema6a	IMP, IBA
CRE upregulated	GO:0030334	regulation of cell migration	ENSMUSG00000004951	Hspb1	IEA
CRE upregulated	GO:0030334	regulation of cell migration	ENSMUSG00000025473	Adam8	IMP, IBA, IEA
CRE upregulated	GO:0030334	regulation of cell migration	ENSMUSG00000014599	Csf1	IGI, ISO, IEA
CRE upregulated	GO:0030334	regulation of cell migration	ENSMUSG00000020427	Igfbp3	IEA
CRE upregulated	GO:0030334	regulation of cell migration	ENSMUSG00000006304	Arpc2	ISO
CRE upregulated	GO:0030334	regulation of cell migration	ENSMUSG00000026836	Acvr1	IEA
CRE upregulated	GO:0030334	regulation of cell migration	ENSMUSG00000068566	Myadm	IEA
CRE upregulated	GO:0030334	regulation of cell migration	ENSMUSG00000002250	Ppard	ISO
CRE upregulated	GO:0030334	regulation of cell migration	ENSMUSG00000038894	Irs2	IGI
CRE upregulated	GO:0030334	regulation of cell migration	ENSMUSG00000027540	Ptpn1	IEA
CRE upregulated	GO:0030334	regulation of cell migration	ENSMUSG00000043895	S1pr2	ISO
CRE upregulated	GO:0030334	regulation of cell migration	ENSMUSG00000028063	Lmna	IMP
CRE upregulated	GO:0030334	regulation of cell migration	ENSMUSG00000030678	Maz	IEA
CRE upregulated	GO:0030334	regulation of cell migration	ENSMUSG00000025809	Itgb1	ISS, ISO, IEA
CRE upregulated	GO:0030334	regulation of cell migration	ENSMUSG00000002233	Rhoc	IEA
CRE upregulated	GO:0030334	regulation of cell migration	ENSMUSG00000022607	Ptk2	ISS, ISO, IBA
CRE upregulated	GO:0030334	regulation of cell migration	ENSMUSG00000055994	Nod2	IMP
CRE upregulated	GO:0030334	regulation of cell migration	ENSMUSG00000020580	Rock2	IEA
CRE upregulated	GO:0030334	regulation of cell migration	ENSMUSG00000021990	Spata13	IEA
CRE upregulated	GO:0030334	regulation of cell migration	ENSMUSG00000046854	Pip5kl1	IEA
CRE upregulated	GO:0030334	regulation of cell migration	ENSMUSG00000001507	Itga3	ISO, IEA
CRE upregulated	GO:0030334	regulation of cell migration	ENSMUSG00000055723	Rras2	IGI
CRE upregulated	GO:0030334	regulation of cell migration	ENSMUSG00000001847	Rac1	IMP, IBA, IEA
CRE upregulated	GO:0030334	regulation of cell migration	ENSMUSG00000042121	Ssh1	ISO, IEA
CRE upregulated	GO:0030334	regulation of cell migration	ENSMUSG00000036737	Oxsr1	IMP, IBA, IEA
CRE upregulated	GO:0030334	regulation of cell migration	ENSMUSG00000031955	Bcar1	ISS, IEA
CRE upregulated	GO:0030334	regulation of cell migration	ENSMUSG00000036057	Ptpn23	IEA
CRE upregulated	GO:0030334	regulation of cell migration	ENSMUSG00000015316	Slamf1	IMP
CRE upregulated	GO:0030334	regulation of cell migration	ENSMUSG00000029765	Plxna4	IBA
CRE upregulated	GO:0030334	regulation of cell migration	ENSMUSG00000022346	Myc	ISO
CRE upregulated	GO:0030334	regulation of cell migration	ENSMUSG00000026072	Il1r1	IMP, ISO
CRE upregulated	GO:0030334	regulation of cell migration	ENSMUSG00000027954	Efna1	IDA
CRE upregulated	GO:0030334	regulation of cell migration	ENSMUSG00000024789	Jak2	ISS, ISO, IEA
CRE upregulated	GO:0030334	regulation of cell migration	ENSMUSG00000004040	ENSMUSG00000004040	IGI, IEA
CRE upregulated	GO:0030334	regulation of cell migration	ENSMUSG00000050335	Lgals3	IEA
CRE upregulated	GO:0030334	regulation of cell migration	ENSMUSG00000024190	Dusp1	IEA
CRE upregulated	GO:0030334	regulation of cell migration	ENSMUSG00000035236	Scai	IGI, IEA
CRE upregulated	GO:0030334	regulation of cell migration	ENSMUSG00000021360	ENSMUSG00000021360	IEA
CRE upregulated	GO:0030334	regulation of cell migration	ENSMUSG00000018565	Elp5	IMP
CRE upregulated	GO:0030334	regulation of cell migration	ENSMUSG00000036894	Rap2b	IDA, IBA, IEA
CRE upregulated	GO:0030334	regulation of cell migration	ENSMUSG00000064210	ENSMUSG00000064210	IMP, IEA
CRE upregulated	GO:0030334	regulation of cell migration	ENSMUSG00000028466	Creb3	IEA
CRE upregulated	GO:0030334	regulation of cell migration	ENSMUSG00000025340	Rabgef1	IMP
CRE upregulated	GO:0030334	regulation of cell migration	ENSMUSG00000033350	Chst2	IMP
CRE upregulated	GO:0030334	regulation of cell migration	ENSMUSG00000004530	ENSMUSG00000004530	IMP, IEA
CRE upregulated	GO:0030334	regulation of cell migration	ENSMUSG00000044147	Arf6	IMP
CRE upregulated	GO:0030334	regulation of cell migration	ENSMUSG00000039985	Sinhcaf	ISS, IBA, NAS, IEA
CRE upregulated	GO:0030334	regulation of cell migration	ENSMUSG00000025060	ENSMUSG00000025060	IMP, IBA, IEA
CRE upregulated	GO:0030334	regulation of cell migration	ENSMUSG00000025351	Cd63	ISO
CRE upregulated	GO:0030334	regulation of cell migration	ENSMUSG00000021796	Bmpr1a	IEA
CRE upregulated	GO:0030334	regulation of cell migration	ENSMUSG00000028434	Epb41l4b	IEA
CRE upregulated	GO:0030334	regulation of cell migration	ENSMUSG00000035725	ENSMUSG00000035725	ISS, IEA
CRE upregulated	GO:0030334	regulation of cell migration	ENSMUSG00000001552	ENSMUSG00000001552	IEA
CRE upregulated	GO:0030334	regulation of cell migration	ENSMUSG00000032508	Myd88	IMP
CRE upregulated	GO:0030334	regulation of cell migration	ENSMUSG00000026864	ENSMUSG00000026864	ISS, IEA
CRE upregulated	GO:0030334	regulation of cell migration	ENSMUSG00000002633	Shh	IDA, ISO
CRE upregulated	GO:0030334	regulation of cell migration	ENSMUSG00000032462	ENSMUSG00000032462	IGI, IEA
CRE upregulated	GO:0030334	regulation of cell migration	ENSMUSG00000039671	ENSMUSG00000039671	IEA
CRE upregulated	GO:0030334	regulation of cell migration	ENSMUSG00000056050	ENSMUSG00000056050	IEA
CRE upregulated	GO:0030334	regulation of cell migration	ENSMUSG00000037411	Serpine1	IEA
CRE upregulated	GO:0030334	regulation of cell migration	ENSMUSG00000027646	ENSMUSG00000027646	ISO, IEA
CRE upregulated	GO:0030334	regulation of cell migration	ENSMUSG00000052316	ENSMUSG00000052316	IEA
CRE upregulated	GO:0030334	regulation of cell migration	ENSMUSG00000021340	ENSMUSG00000021340	IEA
CRE upregulated	GO:0030334	regulation of cell migration	ENSMUSG00000004698	ENSMUSG00000004698	IEA
CRE upregulated	GO:0030334	regulation of cell migration	ENSMUSG00000046761	ENSMUSG00000046761	ISS, IBA, IEA
CRE upregulated	GO:0030334	regulation of cell migration	ENSMUSG00000032501	Trib1	IEA
CRE upregulated	GO:0030334	regulation of cell migration	ENSMUSG00000031073	Fgf15	IBA, IEA
CRE upregulated	GO:0030334	regulation of cell migration	ENSMUSG00000036667	ENSMUSG00000036667	IEA
CRE upregulated	GO:0030334	regulation of cell migration	ENSMUSG00000015839	Nfe2l2	ISO, IEA
CRE upregulated	GO:0030334	regulation of cell migration	ENSMUSG00000000627	ENSMUSG00000000627	IBA
CRE upregulated	GO:0030334	regulation of cell migration	ENSMUSG00000053797	ENSMUSG00000053797	IEA
CRE upregulated	GO:0009987	cellular process	ENSMUSG00000026628	Atf3	IDA, IMP, IGI, ISO, IBA, IEA
CRE upregulated	GO:0009987	cellular process	ENSMUSG00000036390	Gadd45a	IDA, IMP, IGI, IBA, IEA
CRE upregulated	GO:0009987	cellular process	ENSMUSG00000051379	Flrt3	IDA, IMP, ISS, ISO, IEA
CRE upregulated	GO:0009987	cellular process	ENSMUSG00000052684	Jun	IDA, IMP, IGI, IEP, ISS, ISO, IBA, NAS, IEA
CRE upregulated	GO:0009987	cellular process	ENSMUSG00000063632	Sox11	IDA, IMP, ISS, ISO, IBA, IEA
CRE upregulated	GO:0009987	cellular process	ENSMUSG00000019647	Sema6a	IDA, IMP, IBA, NAS, IEA
CRE upregulated	GO:0009987	cellular process	ENSMUSG00000073680	Tmem88b	IBA
CRE upregulated	GO:0009987	cellular process	ENSMUSG00000037428	Vgf	IMP, IGI, ISO, IBA, IEA
CRE upregulated	GO:0009987	cellular process	ENSMUSG00000042816	Gpr151	EXP, IDA, IMP, ISS, IBA, IEA
CRE upregulated	GO:0009987	cellular process	ENSMUSG00000001473	Tubb6	IBA, IEA
CRE upregulated	GO:0009987	cellular process	ENSMUSG00000046223	Plaur	ISO, NAS, IEA
CRE upregulated	GO:0009987	cellular process	ENSMUSG00000031574	Star	IDA, IMP, ISO, IBA, IEA
CRE upregulated	GO:0009987	cellular process	ENSMUSG00000039328	Rnf122	ISS, IEA
CRE upregulated	GO:0009987	cellular process	ENSMUSG00000004951	Hspb1	IDA, ISS, ISO, IBA, IEA
CRE upregulated	GO:0009987	cellular process	ENSMUSG00000003752	Itpkc	ISS, IBA, IEA
CRE upregulated	GO:0009987	cellular process	ENSMUSG00000046688	Tifa	IDA, IPI, ISS, IBA, IEA
CRE upregulated	GO:0009987	cellular process	ENSMUSG00000025473	Adam8	IDA, IMP, ISS, IBA, TAS, NAS, IEA
CRE upregulated	GO:0009987	cellular process	ENSMUSG00000050164	Mchr1	ISO, IBA, IEA
CRE upregulated	GO:0009987	cellular process	ENSMUSG00000022044	Stmn4	IBA, IEA
CRE upregulated	GO:0009987	cellular process	ENSMUSG00000028494	Plin2	IDA, ISS, IBA, IEA
CRE upregulated	GO:0009987	cellular process	ENSMUSG00000030898	Cckbr	ISS, ISO, IBA, IEA
CRE upregulated	GO:0009987	cellular process	ENSMUSG00000046731	Kctd11	IDA, IBA, IEA
CRE upregulated	GO:0009987	cellular process	ENSMUSG00000056749	Nfil3	IDA, IMP, IBA, IEA
CRE upregulated	GO:0009987	cellular process	ENSMUSG00000024143	Rhoq	IDA, IMP, IBA, TAS, IC, IEA
CRE upregulated	GO:0009987	cellular process	ENSMUSG00000022895	Ets2	IGI, ISO, IBA, IEA
CRE upregulated	GO:0009987	cellular process	ENSMUSG00000019876	Pkib	IEA
CRE upregulated	GO:0009987	cellular process	ENSMUSG00000037447	Arid5a	IDA, IMP, IGI, ISS, IBA, IEA
CRE upregulated	GO:0009987	cellular process	ENSMUSG00000033902	Mapkbp1	IEA
CRE upregulated	GO:0009987	cellular process	ENSMUSG00000030748	Il4ra	IMP, IGI, ISO, IBA, IEA
CRE upregulated	GO:0009987	cellular process	ENSMUSG00000023905	Tnfrsf12a	IDA, IBA, IEA
CRE upregulated	GO:0009987	cellular process	ENSMUSG00000030102	Itpr1	IDA, IMP, IGI, ISS, ISO, IBA, IEA
CRE upregulated	GO:0009987	cellular process	ENSMUSG00000032802	Srxn1	IEA
CRE upregulated	GO:0009987	cellular process	ENSMUSG00000032515	Csrnp1	IDA, IMP, IBA, IEA
CRE upregulated	GO:0009987	cellular process	ENSMUSG00000025089	Gfra1	ISS, ISO, TAS, IEA
CRE upregulated	GO:0009987	cellular process	ENSMUSG00000021765	Fst	IMP, IGI, IBA, IEA
CRE upregulated	GO:0009987	cellular process	ENSMUSG00000025348	Itga7	IEA
CRE upregulated	GO:0009987	cellular process	ENSMUSG00000030256	Bhlhe41	IDA, IMP, IBA, TAS, IEA
CRE upregulated	GO:0009987	cellular process	ENSMUSG00000040151	Hs2st1	IMP
CRE upregulated	GO:0009987	cellular process	ENSMUSG00000001054	Rmnd5b	IBA, IEA
CRE upregulated	GO:0009987	cellular process	ENSMUSG00000037705	Tecta	IGI, IEA
CRE upregulated	GO:0009987	cellular process	ENSMUSG00000014599	Csf1	IDA, IMP, IGI, ISO, IBA, IEA
CRE upregulated	GO:0009987	cellular process	ENSMUSG00000024891	Slc29a2	IDA, IGI, ISS, ISO, IBA, IEA
CRE upregulated	GO:0009987	cellular process	ENSMUSG00000025612	Bach1	IDA, ISS, IBA, IEA
CRE upregulated	GO:0009987	cellular process	ENSMUSG00000024664	Fads3	IBA, IEA
CRE upregulated	GO:0009987	cellular process	ENSMUSG00000020427	Igfbp3	IGI, IEP, ISS, ISO, IBA, IEA
CRE upregulated	GO:0009987	cellular process	ENSMUSG00000023067	Cdkn1a	IDA, IMP, IGI, ISS, ISO, IBA, IEA
CRE upregulated	GO:0009987	cellular process	ENSMUSG00000024404	Riok3	IBA, IEA
CRE upregulated	GO:0009987	cellular process	ENSMUSG00000000078	Klf6	IEA
CRE upregulated	GO:0009987	cellular process	ENSMUSG00000030681	Mvp	IMP, IEA
CRE upregulated	GO:0009987	cellular process	ENSMUSG00000006304	Arpc2	IDA, IMP, ISO, IBA, IEA
CRE upregulated	GO:0009987	cellular process	ENSMUSG00000041831	Sytl3	IDA, IBA, IEA
CRE upregulated	GO:0009987	cellular process	ENSMUSG00000038650	Rnh1	IBA
CRE upregulated	GO:0009987	cellular process	ENSMUSG00000058093	Zfp729b	IBA, IEA
CRE upregulated	GO:0009987	cellular process	ENSMUSG00000109901	Chmp1b	ISO, IBA, NAS, IEA
CRE upregulated	GO:0009987	cellular process	ENSMUSG00000027495	Fam210b	ISS, IEA
CRE upregulated	GO:0009987	cellular process	ENSMUSG00000048807	Slc35e4	IBA
CRE upregulated	GO:0009987	cellular process	ENSMUSG00000044934	Zfp367	ISO, IBA, IEA
CRE upregulated	GO:0009987	cellular process	ENSMUSG00000028226	Mmp16	IDA, IGI, IBA, IEA
CRE upregulated	GO:0009987	cellular process	ENSMUSG00000031074	Fgf3	IEA
CRE upregulated	GO:0009987	cellular process	ENSMUSG00000030272	Camk1	IDA, IGI, ISS, ISO, IEA
CRE upregulated	GO:0009987	cellular process	ENSMUSG00000004846	Plod3	IDA, IMP, ISS, IEA
CRE upregulated	GO:0009987	cellular process	ENSMUSG00000033983	Coil	IBA
CRE upregulated	GO:0009987	cellular process	ENSMUSG00000035621	Midn	ISO, IEA
CRE upregulated	GO:0009987	cellular process	ENSMUSG00000020205	Phlda1	ISO, IBA, IEA
CRE upregulated	GO:0009987	cellular process	ENSMUSG00000001542	Ell2	ISS, ISO, IBA, IEA
CRE upregulated	GO:0009987	cellular process	ENSMUSG00000034300	Fam53c	IBA
CRE upregulated	GO:0009987	cellular process	ENSMUSG00000031681	Smad1	IDA, IMP, IGI, ISS, ISO, IBA, TAS, IEA
CRE upregulated	GO:0009987	cellular process	ENSMUSG00000050989	Selenon	IDA, IMP, IGI, ISS, IBA
CRE upregulated	GO:0009987	cellular process	ENSMUSG00000048216	Gpr85	IEA
CRE upregulated	GO:0009987	cellular process	ENSMUSG00000026558	Uck2	ISS, ISO, IEA
CRE upregulated	GO:0009987	cellular process	ENSMUSG00000035673	Sbno2	IDA, IMP, IBA, IEA
CRE upregulated	GO:0009987	cellular process	ENSMUSG00000058153	Sez6l	IGI, IBA
CRE upregulated	GO:0009987	cellular process	ENSMUSG00000030095	Tmem43	IDA, ISO, IBA, IEA
CRE upregulated	GO:0009987	cellular process	ENSMUSG00000024261	Syt4	EXP, IDA, IMP, ISO, IBA, TAS, IEA
CRE upregulated	GO:0009987	cellular process	ENSMUSG00000037280	Galnt6	ISS, IBA, IEA
CRE upregulated	GO:0009987	cellular process	ENSMUSG00000032939	Nup93	IDA, ISS, IBA, NAS, IEA
CRE upregulated	GO:0009987	cellular process	ENSMUSG00000033060	Lmo7	IDA, ISS, ISO, IEA
CRE upregulated	GO:0009987	cellular process	ENSMUSG00000028793	Rnf19b	IMP, ISS, IBA, IEA
CRE upregulated	GO:0009987	cellular process	ENSMUSG00000024691	Fam111a	ISS, IBA, IEA
CRE upregulated	GO:0009987	cellular process	ENSMUSG00000043003	Rasef	IBA
CRE upregulated	GO:0009987	cellular process	ENSMUSG00000036160	Surf6	IMP, IBA, NAS
CRE upregulated	GO:0009987	cellular process	ENSMUSG00000003644	Rps6ka1	IDA, ISS, ISO, IBA, IEA
CRE upregulated	GO:0009987	cellular process	ENSMUSG00000029378	Areg	IDA, IMP, IGI, ISO, IBA, IEA
CRE upregulated	GO:0009987	cellular process	ENSMUSG00000042688	Mapk6	IDA, IGI, IBA, IEA
CRE upregulated	GO:0009987	cellular process	ENSMUSG00000005087	Cd44	IEA
CRE upregulated	GO:0009987	cellular process	ENSMUSG00000026836	Acvr1	IDA, IMP, ISO, IBA, TAS, IEA
CRE upregulated	GO:0009987	cellular process	ENSMUSG00000026670	Uap1	IEA
CRE upregulated	GO:0009987	cellular process	ENSMUSG00000021400	Wrnip1	ISS, IBA, IEA
CRE upregulated	GO:0009987	cellular process	ENSMUSG00000003153	Slc2a3	IDA, IMP, ISS, ISO, IBA, IEA
CRE upregulated	GO:0009987	cellular process	ENSMUSG00000021453	Gadd45g	IEA
CRE upregulated	GO:0009987	cellular process	ENSMUSG00000038943	Prc1	ISS, ISO, IBA, IEA
CRE upregulated	GO:0009987	cellular process	ENSMUSG00000028896	Rcc1	ISS, IEA
CRE upregulated	GO:0009987	cellular process	ENSMUSG00000002459	Rgs20	TAS, IEA
CRE upregulated	GO:0009987	cellular process	ENSMUSG00000068566	Myadm	IBA, IEA
CRE upregulated	GO:0009987	cellular process	ENSMUSG00000048482	Bdnf	EXP, IDA, IPI, IMP, IGI, ISO, IBA, IEA
CRE upregulated	GO:0009987	cellular process	ENSMUSG00000024256	Adcyap1	IDA, IMP, ISS, ISO, IBA, TAS, IEA
CRE upregulated	GO:0009987	cellular process	ENSMUSG00000015745	Plekho1	IDA, IMP, IBA
CRE upregulated	GO:0009987	cellular process	ENSMUSG00000034832	Tet3	IMP, ISS, IBA, IEA
CRE upregulated	GO:0009987	cellular process	ENSMUSG00000056076	Eif3b	IDA, IBA, IEA
CRE upregulated	GO:0009987	cellular process	ENSMUSG00000037458	Azin1	IDA, ISS, ISO, IBA, TAS, IEA
CRE upregulated	GO:0009987	cellular process	ENSMUSG00000014195	Dnajc7	IEA
CRE upregulated	GO:0009987	cellular process	ENSMUSG00000021070	Bdkrb2	IMP, IGI, ISO, IBA, IEA
CRE upregulated	GO:0009987	cellular process	ENSMUSG00000079442	St6galnac4	IEA
CRE upregulated	GO:0009987	cellular process	ENSMUSG00000018736	Ndel1	IDA, IMP, IGI, ISS, ISO, IBA, IEA
CRE upregulated	GO:0009987	cellular process	ENSMUSG00000042804	Gpr153	IEA
CRE upregulated	GO:0009987	cellular process	ENSMUSG00000002250	Ppard	IDA, IMP, IGI, IEP, ISS, ISO, IBA, NAS, IEA
CRE upregulated	GO:0009987	cellular process	ENSMUSG00000027198	Ext2	IDA, IMP, IGI, IEA
CRE upregulated	GO:0009987	cellular process	ENSMUSG00000032641	Gpr19	IBA, IEA
CRE upregulated	GO:0009987	cellular process	ENSMUSG00000044734	Serpinb1a	IDA, IPI, IMP, IBA
CRE upregulated	GO:0009987	cellular process	ENSMUSG00000018507	Trpv2	IMP, ISO, IEA
CRE upregulated	GO:0009987	cellular process	ENSMUSG00000037638	Zbtb42	IDA, IBA
CRE upregulated	GO:0009987	cellular process	ENSMUSG00000021501	Caml	IDA, IMP, ISS, ISO, IBA, IEA
CRE upregulated	GO:0009987	cellular process	ENSMUSG00000041870	Ankrd13a	ISS, IEA
CRE upregulated	GO:0009987	cellular process	ENSMUSG00000038894	Irs2	IDA, IMP, IGI, ISO, IBA, IEA
CRE upregulated	GO:0009987	cellular process	ENSMUSG00000025648	Pfkfb4	IBA, IEA
CRE upregulated	GO:0009987	cellular process	ENSMUSG00000037568	Vash2	IDA, IMP, ISS, ISO, IEA
CRE upregulated	GO:0009987	cellular process	ENSMUSG00000066838	Zfp772	IBA, IEA
CRE upregulated	GO:0009987	cellular process	ENSMUSG00000024883	Rin1	IMP, IEA
CRE upregulated	GO:0009987	cellular process	ENSMUSG00000039473	Ubn1	IBA, TAS, IEA
CRE upregulated	GO:0009987	cellular process	ENSMUSG00000025337	Sbds	IMP, ISS, IEA
CRE upregulated	GO:0009987	cellular process	ENSMUSG00000035828	Pim3	IMP, ISS, IBA, IEA
CRE upregulated	GO:0009987	cellular process	ENSMUSG00000024376	Epb41l4a	IBA
CRE upregulated	GO:0009987	cellular process	ENSMUSG00000032578	Cish	IBA, IEA
CRE upregulated	GO:0009987	cellular process	ENSMUSG00000007812	Zfp655	ISS, IBA, IEA
CRE upregulated	GO:0009987	cellular process	ENSMUSG00000031545	Gpat4	IMP, IEA
CRE upregulated	GO:0009987	cellular process	ENSMUSG00000007041	Clic1	IDA, IEA
CRE upregulated	GO:0009987	cellular process	ENSMUSG00000005069	Pex5	IDA, IMP, ISS, IBA, TAS, IEA
CRE upregulated	GO:0009987	cellular process	ENSMUSG00000029518	Rab35	IMP, ISS, ISO, IBA, IEA
CRE upregulated	GO:0009987	cellular process	ENSMUSG00000020142	Slc1a4	IDA, IBA, IEA
CRE upregulated	GO:0009987	cellular process	ENSMUSG00000045136	Tubb2b	IDA, IMP, ISS, ISO, IBA, IEA
CRE upregulated	GO:0009987	cellular process	ENSMUSG00000054855	Rnd1	IBA, IEA
CRE upregulated	GO:0009987	cellular process	ENSMUSG00000029201	Ugdh	IMP, ISS, IBA, IEA
CRE upregulated	GO:0009987	cellular process	ENSMUSG00000042507	Mideas	IBA
CRE upregulated	GO:0009987	cellular process	ENSMUSG00000106350	Kif19b	IBA, IEA
CRE upregulated	GO:0009987	cellular process	ENSMUSG00000027313	Chac1	IMP, ISS, IBA, IEA
CRE upregulated	GO:0009987	cellular process	ENSMUSG00000028789	Azin2	IDA, ISS, IBA, IEA
CRE upregulated	GO:0009987	cellular process	ENSMUSG00000026796	Niban2	IEA
CRE upregulated	GO:0009987	cellular process	ENSMUSG00000039954	Stk32a	IBA, IEA
CRE upregulated	GO:0009987	cellular process	ENSMUSG00000027540	Ptpn1	IMP, IGI, ISS, ISO, IBA, IEA
CRE upregulated	GO:0009987	cellular process	ENSMUSG00000038023	Atp6v0a2	ISS, IEA
CRE upregulated	GO:0009987	cellular process	ENSMUSG00000019461	Plscr3	IMP, IEP, ISS, IBA, IEA
CRE upregulated	GO:0009987	cellular process	ENSMUSG00000043895	S1pr2	EXP, IDA, IMP, ISO, IBA, IEA
CRE upregulated	GO:0009987	cellular process	ENSMUSG00000022661	Cd200	IEA
CRE upregulated	GO:0009987	cellular process	ENSMUSG00000039232	Stx11	IEA
CRE upregulated	GO:0009987	cellular process	ENSMUSG00000040511	Pvr	IDA, IBA
CRE upregulated	GO:0009987	cellular process	ENSMUSG00000011179	Odc1	IDA, IMP, ISO, IBA, IEA
CRE upregulated	GO:0009987	cellular process	ENSMUSG00000027035	Cers6	IDA, IMP, ISO, IBA, IEA
CRE upregulated	GO:0009987	cellular process	ENSMUSG00000027583	Zbtb46	IDA, IMP, IBA, IEA
CRE upregulated	GO:0009987	cellular process	ENSMUSG00000028063	Lmna	IMP, IGI, ISS, ISO, IBA, NAS, IEA
CRE upregulated	GO:0009987	cellular process	ENSMUSG00000029321	Slc10a6	IEA
CRE upregulated	GO:0009987	cellular process	ENSMUSG00000050359	Sprr1a	IEA
CRE upregulated	GO:0009987	cellular process	ENSMUSG00000041548	Hspb8	IBA, IEA
CRE upregulated	GO:0009987	cellular process	ENSMUSG00000000278	Scpep1	IEA
CRE upregulated	GO:0009987	cellular process	ENSMUSG00000026675	Hsd17b7	IDA, IMP, ISO, IBA, IEA
CRE upregulated	GO:0009987	cellular process	ENSMUSG00000051343	Rab11fip5	IDA, IMP, IBA, IEA
CRE upregulated	GO:0009987	cellular process	ENSMUSG00000024785	Rcl1	IMP, ISS, ISA, IBA, IEA
CRE upregulated	GO:0009987	cellular process	ENSMUSG00000034226	Rhov	IBA, IEA
CRE upregulated	GO:0009987	cellular process	ENSMUSG00000001420	Tmem79	IMP, IBA
CRE upregulated	GO:0009987	cellular process	ENSMUSG00000034591	Slc41a2	IDA, IEA
CRE upregulated	GO:0009987	cellular process	ENSMUSG00000015341	Golga7	ISS, ISO, IBA, IEA
CRE upregulated	GO:0009987	cellular process	ENSMUSG00000026254	Eif4e2	ISS, ISO, IBA, IEA
CRE upregulated	GO:0009987	cellular process	ENSMUSG00000029121	Crmp1	IDA, IGI, IEP, IEA
CRE upregulated	GO:0009987	cellular process	ENSMUSG00000028645	Slc2a1	IDA, ISS, ISO, IBA, IEA
CRE upregulated	GO:0009987	cellular process	ENSMUSG00000030678	Maz	IEA
CRE upregulated	GO:0009987	cellular process	ENSMUSG00000063506	Arhgap22	IEA
CRE upregulated	GO:0009987	cellular process	ENSMUSG00000028849	Map7d1	IBA, IEA
CRE upregulated	GO:0009987	cellular process	ENSMUSG00000027597	Ahcy	IDA, ISO, IBA, IEA
CRE upregulated	GO:0009987	cellular process	ENSMUSG00000053436	Mapk14	EXP, IDA, IMP, IGI, IEP, ISS, ISO, IBA, IEA
CRE upregulated	GO:0009987	cellular process	ENSMUSG00000025809	Itgb1	IDA, IMP, IGI, ISS, ISO, IBA, NAS, IEA
CRE upregulated	GO:0009987	cellular process	ENSMUSG00000039364	Sectm1b	IEA
CRE upregulated	GO:0009987	cellular process	ENSMUSG00000040025	Ythdf2	IMP, ISS, IBA, IEA
CRE upregulated	GO:0009987	cellular process	ENSMUSG00000028156	Eif4e	IDA, IMP, IEP, ISS, IBA, NAS, IEA
CRE upregulated	GO:0009987	cellular process	ENSMUSG00000025503	Taldo1	IDA, IMP, ISO, IBA, IEA
CRE upregulated	GO:0009987	cellular process	ENSMUSG00000025239	Limd1	IMP, ISS, ISO, IBA, IEA
CRE upregulated	GO:0009987	cellular process	ENSMUSG00000005370	Msh6	IMP, IGI, ISO, IBA, IEA
CRE upregulated	GO:0009987	cellular process	ENSMUSG00000018362	Kpna2	IDA, IMP, ISS, IBA, IEA
CRE upregulated	GO:0009987	cellular process	ENSMUSG00000057561	Eif1a	IBA, IEA
CRE upregulated	GO:0009987	cellular process	ENSMUSG00000023030	Slc11a2	IDA, IMP, ISS, ISO, IBA, IEA
CRE upregulated	GO:0009987	cellular process	ENSMUSG00000022043	Trim35	IEA
CRE upregulated	GO:0009987	cellular process	ENSMUSG00000011008	Mcoln2	IMP, IEA
CRE upregulated	GO:0009987	cellular process	ENSMUSG00000048490	Nrip1	IDA, IMP, IBA, IEA
CRE upregulated	GO:0009987	cellular process	ENSMUSG00000015243	Abca1	IDA, IMP, ISO, IEA
CRE upregulated	GO:0009987	cellular process	ENSMUSG00000022272	Myo10	IGI, ISS, IBA, IC, IEA
CRE upregulated	GO:0009987	cellular process	ENSMUSG00000022096	Hr	IDA, IBA, IEA
CRE upregulated	GO:0009987	cellular process	ENSMUSG00000013089	Etv5	IDA, IMP, ISS, ISO, IBA, IEA
CRE upregulated	GO:0009987	cellular process	ENSMUSG00000025139	Tollip	IDA, ISS, ISO, IBA, IEA
CRE upregulated	GO:0009987	cellular process	ENSMUSG00000020592	Sdc1	IDA, IMP, IBA, IEA
CRE upregulated	GO:0009987	cellular process	ENSMUSG00000025746	Il6	IDA, IMP, IGI, ISS, ISO, IBA, IEA
CRE upregulated	GO:0009987	cellular process	ENSMUSG00000002233	Rhoc	IDA, IMP, ISS, IBA, IEA
CRE upregulated	GO:0009987	cellular process	ENSMUSG00000046378	Asphd1	IEA
CRE upregulated	GO:0009987	cellular process	ENSMUSG00000032231	Anxa2	IDA, IMP, ISO, IBA, NAS, IEA
CRE upregulated	GO:0009987	cellular process	ENSMUSG00000023387	Kcnk16	IBA, IEA
CRE upregulated	GO:0009987	cellular process	ENSMUSG00000047368	Abhd17b	IMP, ISO, IBA
CRE upregulated	GO:0009987	cellular process	ENSMUSG00000032280	Tle3	IMP, ISO, IBA, IEA
CRE upregulated	GO:0009987	cellular process	ENSMUSG00000021843	Ktn1	IEA
CRE upregulated	GO:0009987	cellular process	ENSMUSG00000073563	Csnk1g3	IBA, IEA
CRE upregulated	GO:0009987	cellular process	ENSMUSG00000031078	Cttn	IMP, IGI, ISS, ISO, IBA, IEA
CRE upregulated	GO:0009987	cellular process	ENSMUSG00000022607	Ptk2	IDA, IMP, ISS, ISO, IBA, TAS, IEA
CRE upregulated	GO:0009987	cellular process	ENSMUSG00000055994	Nod2	IDA, IMP, IGI, ISS, ISO, IBA, TAS, IEA
CRE upregulated	GO:0009987	cellular process	ENSMUSG00000043091	Tuba1c	IBA, IEA
CRE upregulated	GO:0009987	cellular process	ENSMUSG00000040312	Cchcr1	IDA, IBA, IEA
CRE upregulated	GO:0009987	cellular process	ENSMUSG00000024014	Pim1	IDA, IMP, ISS, IEA
CRE upregulated	GO:0009987	cellular process	ENSMUSG00000037062	Sh3glb1	IDA, IMP, ISO, IBA, IEA
CRE upregulated	GO:0009987	cellular process	ENSMUSG00000034247	Plekhm1	IMP, ISS, IEA
CRE upregulated	GO:0009987	cellular process	ENSMUSG00000024772	Ehd1	IDA, IMP, ISS, ISO, IBA, IEA
CRE upregulated	GO:0009987	cellular process	ENSMUSG00000023169	Slc38a1	IMP, ISS, ISO, IBA, IEA
CRE upregulated	GO:0009987	cellular process	ENSMUSG00000027293	Ehd4	ISS, ISO, IBA, IEA
CRE upregulated	GO:0009987	cellular process	ENSMUSG00000035392	Dennd1a	IDA, ISS, IBA, IEA
CRE upregulated	GO:0009987	cellular process	ENSMUSG00000020580	Rock2	IEA
CRE upregulated	GO:0009987	cellular process	ENSMUSG00000020435	Osbp2	IMP
CRE upregulated	GO:0009987	cellular process	ENSMUSG00000063889	Crem	IMP, IGI, IBA, IEA
CRE upregulated	GO:0009987	cellular process	ENSMUSG00000021990	Spata13	IEA
CRE upregulated	GO:0009987	cellular process	ENSMUSG00000069094	Pde7a	IDA, IBA, IEA
CRE upregulated	GO:0009987	cellular process	ENSMUSG00000028869	Gnl2	IEA
CRE upregulated	GO:0009987	cellular process	ENSMUSG00000027560	Dok5	IDA, IPI, ISO, IBA, IEA
CRE upregulated	GO:0009987	cellular process	ENSMUSG00000021133	Susd6	ISS, IBA, IEA
CRE upregulated	GO:0009987	cellular process	ENSMUSG00000067787	Blcap	IEA
CRE upregulated	GO:0009987	cellular process	ENSMUSG00000027613	Eif6	IMP, ISS, IBA, IEA
CRE upregulated	GO:0009987	cellular process	ENSMUSG00000033039	Micall1	IMP, ISS, ISO, IEA
CRE upregulated	GO:0009987	cellular process	ENSMUSG00000059923	Grb2	IDA, IMP, IGI, ISO, IBA, TAS, IEA
CRE upregulated	GO:0009987	cellular process	ENSMUSG00000049303	Syt12	IDA, IMP, ISO, IBA, IEA
CRE upregulated	GO:0009987	cellular process	ENSMUSG00000021996	Esd	IEA
CRE upregulated	GO:0009987	cellular process	ENSMUSG00000042406	Atf4	IDA, IMP, IGI, ISS, ISO, IBA, IEA
CRE upregulated	GO:0009987	cellular process	ENSMUSG00000052557	Gan	ISS, ISO, IEA
CRE upregulated	GO:0009987	cellular process	ENSMUSG00000079049	Serpinb1c	IMP, IBA
CRE upregulated	GO:0009987	cellular process	ENSMUSG00000055078	Gabra5	IMP, ISO, IBA, IEA
CRE upregulated	GO:0009987	cellular process	ENSMUSG00000038267	Slc22a23	IEA
CRE upregulated	GO:0009987	cellular process	ENSMUSG00000023079	Gtf2ird1	IEA
CRE upregulated	GO:0009987	cellular process	ENSMUSG00000040322	Slc25a24	ISS, IEA
CRE upregulated	GO:0009987	cellular process	ENSMUSG00000017929	B4galt5	IMP, IBA, IEA
CRE upregulated	GO:0009987	cellular process	ENSMUSG00000029777	Gars1	IMP, ISS, IBA, IEA
CRE upregulated	GO:0009987	cellular process	ENSMUSG00000007458	M6pr	IDA, IBA, TAS, IEA
CRE upregulated	GO:0009987	cellular process	ENSMUSG00000020271	Fbxw11	IDA, IMP, ISS, IBA, IEA
CRE upregulated	GO:0009987	cellular process	ENSMUSG00000005950	P2rx5	IEA
CRE upregulated	GO:0009987	cellular process	ENSMUSG00000020838	Slc6a4	IDA, IMP, ISO, IBA, NAS, IEA
CRE upregulated	GO:0009987	cellular process	ENSMUSG00000046854	Pip5kl1	ISS, IBA, IEA
CRE upregulated	GO:0009987	cellular process	ENSMUSG00000005667	Mthfd2	IBA, IEA
CRE upregulated	GO:0009987	cellular process	ENSMUSG00000029641	Rasl11a	IDA
CRE upregulated	GO:0009987	cellular process	ENSMUSG00000001507	Itga3	IDA, IMP, IGI, ISS, ISO, IBA, IEA
CRE upregulated	GO:0009987	cellular process	ENSMUSG00000055723	Rras2	IDA, IGI, IEA
CRE upregulated	GO:0009987	cellular process	ENSMUSG00000031628	Casp3	IDA, IMP, IGI, ISS, ISO, IBA, RCA, NAS, IEA
CRE upregulated	GO:0009987	cellular process	ENSMUSG00000025408	Ddit3	IDA, IMP, IGI, ISS, ISO, IBA, NAS, IEA
CRE upregulated	GO:0009987	cellular process	ENSMUSG00000039879	Heca	IEA
CRE upregulated	GO:0009987	cellular process	ENSMUSG00000010755	Cars1	ISS, IBA, IEA
CRE upregulated	GO:0009987	cellular process	ENSMUSG00000040435	Ppp1r15a	IDA, IMP, ISO, IBA, IEA
CRE upregulated	GO:0009987	cellular process	ENSMUSG00000032078	Zpr1	IMP, ISS, IBA, IEA
CRE upregulated	GO:0009987	cellular process	ENSMUSG00000035199	Arl6ip5	IDA, IMP, ISO, IEA
CRE upregulated	GO:0009987	cellular process	ENSMUSG00000055407	Map6	ISS, ISO, IBA, IEA
CRE upregulated	GO:0009987	cellular process	ENSMUSG00000001847	Rac1	IDA, IMP, IGI, ISS, ISO, IBA, TAS, IEA
CRE upregulated	GO:0009987	cellular process	ENSMUSG00000042121	Ssh1	ISO, IBA, IEA
CRE upregulated	GO:0009987	cellular process	ENSMUSG00000050271	Prag1	IMP, ISS, ISO, IEA
CRE upregulated	GO:0009987	cellular process	ENSMUSG00000033316	Galnt9	IBA, IEA
CRE upregulated	GO:0009987	cellular process	ENSMUSG00000030077	Chl1	IDA, IMP, IEA
CRE upregulated	GO:0009987	cellular process	ENSMUSG00000018909	Arrb1	IMP, ISS, ISO, IBA, IEA
CRE upregulated	GO:0009987	cellular process	ENSMUSG00000020248	Nfyb	IDA, ISO, IBA, IEA
CRE upregulated	GO:0009987	cellular process	ENSMUSG00000050410	Tcf19	IEA
CRE upregulated	GO:0009987	cellular process	ENSMUSG00000024349	Sting1	IDA, IMP, IGI, ISS, ISO, IBA, IEA
CRE upregulated	GO:0009987	cellular process	ENSMUSG00000030057	Cnbp	IDA, IBA, IEA
CRE upregulated	GO:0009987	cellular process	ENSMUSG00000020064	Herc4	IBA, TAS, IEA
CRE upregulated	GO:0009987	cellular process	ENSMUSG00000024521	Pmaip1	IDA, IMP, ISO, RCA, IEA
CRE upregulated	GO:0009987	cellular process	ENSMUSG00000026317	Cln8	IMP, ISS, IBA, IEA
CRE upregulated	GO:0009987	cellular process	ENSMUSG00000026821	Ralgds	IBA, IEA
CRE upregulated	GO:0009987	cellular process	ENSMUSG00000061039	Or8b53	ISA, IBA, IEA
CRE upregulated	GO:0009987	cellular process	ENSMUSG00000074115	Saa1	IDA
CRE upregulated	GO:0009987	cellular process	ENSMUSG00000044667	Plppr4	IDA, IMP, ISO, IBA, IEA
CRE upregulated	GO:0009987	cellular process	ENSMUSG00000033955	Tnks1bp1	IBA, IEA
CRE upregulated	GO:0009987	cellular process	ENSMUSG00000028145	Them4	ISS, IEA
CRE upregulated	GO:0009987	cellular process	ENSMUSG00000026107	Nabp1	ISS, ISO, IBA, IEA
CRE upregulated	GO:0009987	cellular process	ENSMUSG00000024360	Etf1	ISO, IBA, IEA
CRE upregulated	GO:0009987	cellular process	ENSMUSG00000027455	Nsfl1c	ISO, IBA, IEA
CRE upregulated	GO:0009987	cellular process	ENSMUSG00000054008	Ndst1	IDA, IMP, IGI, ISO, IEA
CRE upregulated	GO:0009987	cellular process	ENSMUSG00000057531	Dtnbp1	IDA, IMP, ISS, ISO, IBA, NAS, IEA
CRE upregulated	GO:0009987	cellular process	ENSMUSG00000058355	Abce1	ISS, IBA, IEA
CRE upregulated	GO:0009987	cellular process	ENSMUSG00000000134	Tfe3	IDA, IMP, IGI, ISS, IBA, IEA
CRE upregulated	GO:0009987	cellular process	ENSMUSG00000002980	ENSMUSG00000002980	IDA, IEA
CRE upregulated	GO:0009987	cellular process	ENSMUSG00000008393	Carhsp1	IMP, IBA, IEA
CRE upregulated	GO:0009987	cellular process	ENSMUSG00000004768	Rab23	IEA
CRE upregulated	GO:0009987	cellular process	ENSMUSG00000058057	Tmt1a3	IEA
CRE upregulated	GO:0009987	cellular process	ENSMUSG00000015837	Sqstm1	IDA, IMP, ISS, ISO, IBA, IEA
CRE upregulated	GO:0009987	cellular process	ENSMUSG00000022951	Rcan1	IDA, IMP, IGI, ISS, ISO, IBA, IEA
CRE upregulated	GO:0009987	cellular process	ENSMUSG00000028901	Gmeb1	IDA, IBA
CRE upregulated	GO:0009987	cellular process	ENSMUSG00000030677	Kif22	ISS, IBA, IEA
CRE upregulated	GO:0009987	cellular process	ENSMUSG00000030309	Caprin2	IMP, ISS, IBA, IEA
CRE upregulated	GO:0009987	cellular process	ENSMUSG00000029131	Dnajb6	IDA, IMP, ISO, IBA, IEA
CRE upregulated	GO:0009987	cellular process	ENSMUSG00000036737	Oxsr1	IMP, IGI, ISS, IBA, IEA
CRE upregulated	GO:0009987	cellular process	ENSMUSG00000037580	Gch1	ISO, IBA, TAS, NAS, IC, IEA
CRE upregulated	GO:0009987	cellular process	ENSMUSG00000023286	Ube2j2	ISS, IBA, IEA
CRE upregulated	GO:0009987	cellular process	ENSMUSG00000023087	Noct	IMP, IGI, ISS, IEA
CRE upregulated	GO:0009987	cellular process	ENSMUSG00000017428	Psmd11	ISS, IBA, IEA
CRE upregulated	GO:0009987	cellular process	ENSMUSG00000031955	Bcar1	IDA, ISS, ISO, IBA, IEA
CRE upregulated	GO:0009987	cellular process	ENSMUSG00000044626	Liph	IBA, IEA
CRE upregulated	GO:0009987	cellular process	ENSMUSG00000001627	Ifrd1	IMP, IGI, ISO, IEA
CRE upregulated	GO:0009987	cellular process	ENSMUSG00000036057	Ptpn23	ISS, IBA, IEA
CRE upregulated	GO:0009987	cellular process	ENSMUSG00000015316	Slamf1	IDA, IMP, IBA, IEA
CRE upregulated	GO:0009987	cellular process	ENSMUSG00000032502	Stac	IDA, IMP, IBA
CRE upregulated	GO:0009987	cellular process	ENSMUSG00000039096	Rsad1	IBA, IEA
CRE upregulated	GO:0009987	cellular process	ENSMUSG00000029765	Plxna4	IDA, IMP, IGI, IBA, IEA
CRE upregulated	GO:0009987	cellular process	ENSMUSG00000000811	Txnrd3	IEA
CRE upregulated	GO:0009987	cellular process	ENSMUSG00000020015	Cdk17	IEA
CRE upregulated	GO:0009987	cellular process	ENSMUSG00000030917	Ldaf1	ISS, IEA
CRE upregulated	GO:0009987	cellular process	ENSMUSG00000022433	Csnk1e	IDA, IMP, IGI, ISO, IBA, IEA
CRE upregulated	GO:0009987	cellular process	ENSMUSG00000073747	Zpld2	IBA
CRE upregulated	GO:0009987	cellular process	ENSMUSG00000022346	Myc	IDA, IMP, IGI, ISS, ISO, IBA, IEA
CRE upregulated	GO:0009987	cellular process	ENSMUSG00000036478	Btg1	IDA, ISS, ISO, IBA, IEA
CRE upregulated	GO:0009987	cellular process	ENSMUSG00000053113	Socs3	IDA, IGI, ISO, IBA, IEA
CRE upregulated	GO:0009987	cellular process	ENSMUSG00000042246	Tmc7	IEA
CRE upregulated	GO:0009987	cellular process	ENSMUSG00000036437	Npy1r	IMP, ISO, IEA
CRE upregulated	GO:0009987	cellular process	ENSMUSG00000030616	Sytl2	IDA, IBA, IEA
CRE upregulated	GO:0009987	cellular process	ENSMUSG00000035572	Dcaf10	IEA
CRE upregulated	GO:0009987	cellular process	ENSMUSG00000047604	Frat2	IGI, ISS
CRE upregulated	GO:0009987	cellular process	ENSMUSG00000026072	Il1r1	IDA, IMP, ISS, ISO, IBA, IEA
CRE upregulated	GO:0009987	cellular process	ENSMUSG00000005813	Metap1	IDA, IEA
CRE upregulated	GO:0009987	cellular process	ENSMUSG00000027954	Efna1	IDA, IMP, IBA, IEA
CRE upregulated	GO:0009987	cellular process	ENSMUSG00000030650	Tmc5	IEA
CRE upregulated	GO:0009987	cellular process	ENSMUSG00000026247	Ecel1	ISO, IBA, IEA
CRE upregulated	GO:0009987	cellular process	ENSMUSG00000023032	Slc4a8	EXP, IDA, IMP, ISO, IBA, IEA
CRE upregulated	GO:0009987	cellular process	ENSMUSG00000055809	Dnaaf3	ISS, IBA, IEA
CRE upregulated	GO:0009987	cellular process	ENSMUSG00000024789	Jak2	IDA, IMP, IGI, ISS, ISO, IBA, TAS, NAS, IEA
CRE upregulated	GO:0009987	cellular process	ENSMUSG00000010095	Slc3a2	ISS, ISO, IBA, IEA
CRE upregulated	GO:0009987	cellular process	ENSMUSG00000038949	Cnst	ISS, IBA, IEA
CRE upregulated	GO:0009987	cellular process	ENSMUSG00000004040	ENSMUSG00000004040	IDA, IMP, IGI, ISS, ISO, IBA, TAS, NAS, IEA
CRE upregulated	GO:0009987	cellular process	ENSMUSG00000042292	Mrtfa	IDA, IGI, ISS, ISO, IBA, IEA
CRE upregulated	GO:0009987	cellular process	ENSMUSG00000061589	Dot1l	IDA, IMP, ISO, IBA, IEA
CRE upregulated	GO:0009987	cellular process	ENSMUSG00000003269	Cyth2	IEA
CRE upregulated	GO:0009987	cellular process	ENSMUSG00000025178	Pi4k2a	ISS, ISO, IBA, IEA
CRE upregulated	GO:0009987	cellular process	ENSMUSG00000022602	Arc	IDA, IMP, ISS, ISO, IBA, IEA
CRE upregulated	GO:0009987	cellular process	ENSMUSG00000022555	Dgat1	IDA, IMP, IGI, ISO, IBA, IEA
CRE upregulated	GO:0009987	cellular process	ENSMUSG00000020027	Socs2	IDA, IMP, IGI, ISS, IBA, IEA
CRE upregulated	GO:0009987	cellular process	ENSMUSG00000029578	Wipi2	IPI, ISS, IBA, IEA
CRE upregulated	GO:0009987	cellular process	ENSMUSG00000103523	2210017I01Rik	IEA
CRE upregulated	GO:0009987	cellular process	ENSMUSG00000109511	Nup62	IDA, IMP, ISS, ISO, IBA, NAS, IEA
CRE upregulated	GO:0009987	cellular process	ENSMUSG00000035778	Ggta1	IBA, IEA
CRE upregulated	GO:0009987	cellular process	ENSMUSG00000029135	Fosl2	IDA, IMP, ISO, IBA, IEA
CRE upregulated	GO:0009987	cellular process	ENSMUSG00000054136	Adm2	ISO, IBA, IEA
CRE upregulated	GO:0009987	cellular process	ENSMUSG00000020395	Itk	IMP, IGI, IBA, IEA
CRE upregulated	GO:0009987	cellular process	ENSMUSG00000036990	Otud4	IDA, ISS, IBA, IEA
CRE upregulated	GO:0009987	cellular process	ENSMUSG00000047554	Tmem41b	ISS, IBA, IEA
CRE upregulated	GO:0009987	cellular process	ENSMUSG00000029860	Zyx	IMP, IBA, IEA
CRE upregulated	GO:0009987	cellular process	ENSMUSG00000044017	Adgrd1	ISS, IBA, IEA
CRE upregulated	GO:0009987	cellular process	ENSMUSG00000004347	ENSMUSG00000004347	ISO, IBA, IEA
CRE upregulated	GO:0009987	cellular process	ENSMUSG00000039770	Ypel5	ISS
CRE upregulated	GO:0009987	cellular process	ENSMUSG00000031310	ENSMUSG00000031310	ISS, IEA
CRE upregulated	GO:0009987	cellular process	ENSMUSG00000033769	Exoc6b	IBA, NAS, IEA
CRE upregulated	GO:0009987	cellular process	ENSMUSG00000018143	Mafk	IDA, IBA, IEA
CRE upregulated	GO:0009987	cellular process	ENSMUSG00000037722	Gnpnat1	IMP, ISO, TAS, IEA
CRE upregulated	GO:0009987	cellular process	ENSMUSG00000029826	Zc3hav1	IDA, ISS, ISO, IBA, TAS, IEA
CRE upregulated	GO:0009987	cellular process	ENSMUSG00000050335	Lgals3	IEA
CRE upregulated	GO:0009987	cellular process	ENSMUSG00000037851	Iars1	IDA, ISO, IBA, IEA
CRE upregulated	GO:0009987	cellular process	ENSMUSG00000047649	Polr1g	IDA, IEA
CRE upregulated	GO:0009987	cellular process	ENSMUSG00000028255	Clca1	IEA
CRE upregulated	GO:0009987	cellular process	ENSMUSG00000024190	Dusp1	IMP, ISS, ISO, IBA, IEA
CRE upregulated	GO:0009987	cellular process	ENSMUSG00000063919	Srrm4	IDA, IMP, ISS, IBA, IEA
CRE upregulated	GO:0009987	cellular process	ENSMUSG00000032307	Ube2q2	ISS, IBA, IEA
CRE upregulated	GO:0009987	cellular process	ENSMUSG00000030223	ENSMUSG00000030223	IDA, IMP, ISS, IBA, IEA
CRE upregulated	GO:0009987	cellular process	ENSMUSG00000035236	Scai	IDA, IGI, IEA
CRE upregulated	GO:0009987	cellular process	ENSMUSG00000027797	Dclk1	IDA, IMP, IGI, IBA, IEA
CRE upregulated	GO:0009987	cellular process	ENSMUSG00000031960	Aars1	IDA, IMP, ISS, ISO, IBA, IEA
CRE upregulated	GO:0009987	cellular process	ENSMUSG00000020358	Hnrnpab	IDA, IGI, ISO, IBA, IEA
CRE upregulated	GO:0009987	cellular process	ENSMUSG00000059866	Tnip2	IDA, IMP, ISS, IBA, IEA
CRE upregulated	GO:0009987	cellular process	ENSMUSG00000004865	ENSMUSG00000004865	IDA, ISS, IBA, IEA
CRE upregulated	GO:0009987	cellular process	ENSMUSG00000003762	Coq8b	IEA
CRE upregulated	GO:0009987	cellular process	ENSMUSG00000036882	ENSMUSG00000036882	IDA, IMP, ISO, IBA, IEA
CRE upregulated	GO:0009987	cellular process	ENSMUSG00000041594	ENSMUSG00000041594	IMP, ISS, IBA, IEA
CRE upregulated	GO:0009987	cellular process	ENSMUSG00000027806	Tsc22d2	ISS, IEA
CRE upregulated	GO:0009987	cellular process	ENSMUSG00000017615	Tnfaip1	ISS, ISO, IBA, IEA
CRE upregulated	GO:0009987	cellular process	ENSMUSG00000033545	Znrf1	IDA, IBA, TAS, IEA
CRE upregulated	GO:0009987	cellular process	ENSMUSG00000026930	Gpsm1	ISO, IBA, IEA
CRE upregulated	GO:0009987	cellular process	ENSMUSG00000057421	Las1l	ISS, IBA, IEA
CRE upregulated	GO:0009987	cellular process	ENSMUSG00000040033	ENSMUSG00000040033	IEA
CRE upregulated	GO:0009987	cellular process	ENSMUSG00000021360	ENSMUSG00000021360	IMP, IBA, IEA
CRE upregulated	GO:0009987	cellular process	ENSMUSG00000026426	ENSMUSG00000026426	IDA, IBA, IEA
CRE upregulated	GO:0009987	cellular process	ENSMUSG00000059316	Slc27a4	IDA, IMP, IBA, TAS, IEA
CRE upregulated	GO:0009987	cellular process	ENSMUSG00000050747	Trim15	IBA
CRE upregulated	GO:0009987	cellular process	ENSMUSG00000024803	Ankrd1	IDA, IMP, IGI, ISO, IBA, IEA
CRE upregulated	GO:0009987	cellular process	ENSMUSG00000026020	Nop58	ISS, IEA
CRE upregulated	GO:0009987	cellular process	ENSMUSG00000031934	ENSMUSG00000031934	IDA, IMP, ISO, IBA, IEA
CRE upregulated	GO:0009987	cellular process	ENSMUSG00000018565	Elp5	IMP, IBA, IEA
CRE upregulated	GO:0009987	cellular process	ENSMUSG00000038733	Wdr26	IBA
CRE upregulated	GO:0009987	cellular process	ENSMUSG00000021306	Gpr137b	IEA
CRE upregulated	GO:0009987	cellular process	ENSMUSG00000019188	ENSMUSG00000019188	ISS, IBA, IEA
CRE upregulated	GO:0009987	cellular process	ENSMUSG00000032497	Lrrfip2	IEA
CRE upregulated	GO:0009987	cellular process	ENSMUSG00000023915	Tnfrsf21	IMP, ISO, IBA, IEA
CRE upregulated	GO:0009987	cellular process	ENSMUSG00000024912	Fosl1	IMP, ISO, IBA, IEA
CRE upregulated	GO:0009987	cellular process	ENSMUSG00000024927	Rela	IDA, IMP, IEP, ISS, ISO, IBA, TAS, IEA
CRE upregulated	GO:0009987	cellular process	ENSMUSG00000038335	Tsr1	IBA, IEA
CRE upregulated	GO:0009987	cellular process	ENSMUSG00000029458	ENSMUSG00000029458	ISO, IBA, IEA
CRE upregulated	GO:0009987	cellular process	ENSMUSG00000050721	Plekho2	IMP, IBA
CRE upregulated	GO:0009987	cellular process	ENSMUSG00000042608	Stk40	IMP, IEA
CRE upregulated	GO:0009987	cellular process	ENSMUSG00000053716	Dusp7	IBA, IEA
CRE upregulated	GO:0009987	cellular process	ENSMUSG00000023232	ENSMUSG00000023232	ISO
CRE upregulated	GO:0009987	cellular process	ENSMUSG00000036206	Sh3bp4	ISS, IEA
CRE upregulated	GO:0009987	cellular process	ENSMUSG00000025793	ENSMUSG00000025793	ISO, IBA, IEA
CRE upregulated	GO:0009987	cellular process	ENSMUSG00000038591	Colec10	NAS, IEA
CRE upregulated	GO:0009987	cellular process	ENSMUSG00000027692	Tnik	IDA, IMP, ISS, ISO, IBA, IEA
CRE upregulated	GO:0009987	cellular process	ENSMUSG00000002733	Plekha3	IBA
CRE upregulated	GO:0009987	cellular process	ENSMUSG00000003435	ENSMUSG00000003435	ISO, IBA, IEA
CRE upregulated	GO:0009987	cellular process	ENSMUSG00000027952	Pmvk	ISO, IBA, IEA
CRE upregulated	GO:0009987	cellular process	ENSMUSG00000050730	Arhgap42	IMP, IEA
CRE upregulated	GO:0009987	cellular process	ENSMUSG00000055044	Pdlim1	IDA, ISO, IBA, IEA
CRE upregulated	GO:0009987	cellular process	ENSMUSG00000024238	Zeb1	IDA, IMP, IGI, ISS, ISO, IBA, IEA
CRE upregulated	GO:0009987	cellular process	ENSMUSG00000026718	ENSMUSG00000026718	IBA, IEA
CRE upregulated	GO:0009987	cellular process	ENSMUSG00000026078	Pdcl3	IMP, ISO, IBA, IEA
CRE upregulated	GO:0009987	cellular process	ENSMUSG00000028893	Sesn2	IDA, IMP, IGI, ISS, ISO, IBA, IEA
CRE upregulated	GO:0009987	cellular process	ENSMUSG00000025279	ENSMUSG00000025279	IDA, IBA, IEA
CRE upregulated	GO:0009987	cellular process	ENSMUSG00000046598	ENSMUSG00000046598	IBA, IEA
CRE upregulated	GO:0009987	cellular process	ENSMUSG00000038861	Pi4kb	ISO, IBA, IEA
CRE upregulated	GO:0009987	cellular process	ENSMUSG00000024947	Men1	IDA, IMP, IGI, ISO, IBA, IEA
CRE upregulated	GO:0009987	cellular process	ENSMUSG00000067006	ENSMUSG00000067006	IMP
CRE upregulated	GO:0009987	cellular process	ENSMUSG00000029071	ENSMUSG00000029071	IDA, IMP, IGI, ISO, IBA, TAS, IEA
CRE upregulated	GO:0009987	cellular process	ENSMUSG00000042743	Sgtb	ISO, IBA, IEA
CRE upregulated	GO:0009987	cellular process	ENSMUSG00000036894	Rap2b	IDA, IBA, IEA
CRE upregulated	GO:0009987	cellular process	ENSMUSG00000022125	Cln5	IMP, ISS, IBA, IEA
CRE upregulated	GO:0009987	cellular process	ENSMUSG00000040433	Zbtb38	ISO, IBA, IEA
CRE upregulated	GO:0009987	cellular process	ENSMUSG00000044453	Ffar1	IDA, IMP, ISO, IBA, IEA
CRE upregulated	GO:0009987	cellular process	ENSMUSG00000024036	ENSMUSG00000024036	ISS, IBA, IEA
CRE upregulated	GO:0009987	cellular process	ENSMUSG00000037514	Pank2	IMP, IGI, IBA, IEA
CRE upregulated	GO:0009987	cellular process	ENSMUSG00000064210	ENSMUSG00000064210	IDA, IMP, IGI, ISS, ISO, IBA, IEA
CRE upregulated	GO:0009987	cellular process	ENSMUSG00000032902	Slc16a1	IMP, ISS, ISO, IBA, IEA
CRE upregulated	GO:0009987	cellular process	ENSMUSG00000032715	Trib3	IDA, IMP, ISS, ISO, IBA, TAS, IC, IEA
CRE upregulated	GO:0009987	cellular process	ENSMUSG00000024777	ENSMUSG00000024777	ISO, IEA
CRE upregulated	GO:0009987	cellular process	ENSMUSG00000035594	Chrna5	IDA, IMP, ISO, IBA, IEA
CRE upregulated	GO:0009987	cellular process	ENSMUSG00000024335	Brd2	IDA, IMP, ISS, IBA, IEA
CRE upregulated	GO:0009987	cellular process	ENSMUSG00000026074	Map4k4	IEA
CRE upregulated	GO:0009987	cellular process	ENSMUSG00000031904	ENSMUSG00000031904	ISS, ISO, IBA, IEA
CRE upregulated	GO:0009987	cellular process	ENSMUSG00000040365	Trim41	ISS, IBA, IEA
CRE upregulated	GO:0009987	cellular process	ENSMUSG00000048047	Zbtb33	ISS, ISA, IBA, IEA
CRE upregulated	GO:0009987	cellular process	ENSMUSG00000020547	Bzw2	ISS, IEA
CRE upregulated	GO:0009987	cellular process	ENSMUSG00000025485	ENSMUSG00000025485	IDA, IMP, ISO, IBA
CRE upregulated	GO:0009987	cellular process	ENSMUSG00000020694	ENSMUSG00000020694	ISS, IBA, IEA
CRE upregulated	GO:0009987	cellular process	ENSMUSG00000028466	Creb3	IEA
CRE upregulated	GO:0009987	cellular process	ENSMUSG00000027919	Lce1g	IEA
CRE upregulated	GO:0009987	cellular process	ENSMUSG00000031168	ENSMUSG00000031168	IMP, ISS, ISO, IBA, IC, IEA
CRE upregulated	GO:0009987	cellular process	ENSMUSG00000037876	Jmjd1c	IMP, IBA, IEA
CRE upregulated	GO:0009987	cellular process	ENSMUSG00000022526	Zfp251	IBA, IEA
CRE upregulated	GO:0009987	cellular process	ENSMUSG00000025007	Aldh18a1	ISS, TAS, IEA
CRE upregulated	GO:0009987	cellular process	ENSMUSG00000029175	Slc35f6	ISS, IEA
CRE upregulated	GO:0009987	cellular process	ENSMUSG00000071637	Cebpd	IDA, IGI, ISO, IBA, IEA
CRE upregulated	GO:0009987	cellular process	ENSMUSG00000066441	ENSMUSG00000066441	IDA, IMP, ISS, ISO, IEA
CRE upregulated	GO:0009987	cellular process	ENSMUSG00000049866	Arl4c	ISS, IBA, IEA
CRE upregulated	GO:0009987	cellular process	ENSMUSG00000025162	ENSMUSG00000025162	IDA, IMP, IGI, ISS, IBA, IEA
CRE upregulated	GO:0009987	cellular process	ENSMUSG00000028811	ENSMUSG00000028811	IEA
CRE upregulated	GO:0009987	cellular process	ENSMUSG00000010660	Plcd1	IGI, ISS, ISO, IBA, IEA
CRE upregulated	GO:0009987	cellular process	ENSMUSG00000052921	Arhgef15	IDA, IMP, ISS, ISO
CRE upregulated	GO:0009987	cellular process	ENSMUSG00000015776	Med22	NAS, IEA
CRE upregulated	GO:0009987	cellular process	ENSMUSG00000031278	ENSMUSG00000031278	ISS, ISO, IBA, TAS, IEA
CRE upregulated	GO:0009987	cellular process	ENSMUSG00000090291	Lrrc10b	IBA
CRE upregulated	GO:0009987	cellular process	ENSMUSG00000031668	ENSMUSG00000031668	IEA
CRE upregulated	GO:0009987	cellular process	ENSMUSG00000028233	ENSMUSG00000028233	IBA, IEA
CRE upregulated	GO:0009987	cellular process	ENSMUSG00000053175	Bcl3	IDA, IMP, IGI, ISO, IBA, IEA
CRE upregulated	GO:0009987	cellular process	ENSMUSG00000068739	ENSMUSG00000068739	ISS, IBA, IEA
CRE upregulated	GO:0009987	cellular process	ENSMUSG00000020089	Ppa1	IBA, IC, IEA
CRE upregulated	GO:0009987	cellular process	ENSMUSG00000059796	Eif4a1	ISS, IBA, NAS, IEA
CRE upregulated	GO:0009987	cellular process	ENSMUSG00000032599	ENSMUSG00000032599	IMP, ISS, IBA, IEA
CRE upregulated	GO:0009987	cellular process	ENSMUSG00000040640	ENSMUSG00000040640	IDA, IMP, IBA
CRE upregulated	GO:0009987	cellular process	ENSMUSG00000036693	ENSMUSG00000036693	ISS, IBA, IEA
CRE upregulated	GO:0009987	cellular process	ENSMUSG00000030199	Etv6	IDA, IMP, ISS, IBA, IEA
CRE upregulated	GO:0009987	cellular process	ENSMUSG00000037815	Ctnna1	IMP, IGI, ISO, IBA, IEA
CRE upregulated	GO:0009987	cellular process	ENSMUSG00000003154	Foxj2	IMP, IBA, IEA
CRE upregulated	GO:0009987	cellular process	ENSMUSG00000040857	Erf	IEA
CRE upregulated	GO:0009987	cellular process	ENSMUSG00000022353	ENSMUSG00000022353	IEA
CRE upregulated	GO:0009987	cellular process	ENSMUSG00000020349	ENSMUSG00000020349	IMP, ISS, ISO, IBA, TAS, IEA
CRE upregulated	GO:0009987	cellular process	ENSMUSG00000024517	Grp	IDA, IMP, ISS, ISO, IBA, IEA
CRE upregulated	GO:0009987	cellular process	ENSMUSG00000040118	ENSMUSG00000040118	ISS, ISO, IEA
CRE upregulated	GO:0009987	cellular process	ENSMUSG00000026773	ENSMUSG00000026773	ISO, IBA, IEA
CRE upregulated	GO:0009987	cellular process	ENSMUSG00000023307	Marchf5	ISS, IBA, IEA
CRE upregulated	GO:0009987	cellular process	ENSMUSG00000025340	Rabgef1	IDA, IMP, IEA
CRE upregulated	GO:0009987	cellular process	ENSMUSG00000039108	ENSMUSG00000039108	IMP, IEA
CRE upregulated	GO:0009987	cellular process	ENSMUSG00000062866	ENSMUSG00000062866	IBA
CRE upregulated	GO:0009987	cellular process	ENSMUSG00000085007	ENSMUSG00000085007	IMP
CRE upregulated	GO:0009987	cellular process	ENSMUSG00000029752	ENSMUSG00000029752	ISO, IBA, IEA
CRE upregulated	GO:0009987	cellular process	ENSMUSG00000021587	Pcsk1	IDA, IMP, ISO, IBA, IEA
CRE upregulated	GO:0009987	cellular process	ENSMUSG00000033159	ENSMUSG00000033159	IEA
CRE upregulated	GO:0009987	cellular process	ENSMUSG00000028599	Tnfrsf1b	IMP, IGI, IBA, IEA
CRE upregulated	GO:0009987	cellular process	ENSMUSG00000033350	Chst2	IMP, IBA, TAS, IEA
CRE upregulated	GO:0009987	cellular process	ENSMUSG00000004530	ENSMUSG00000004530	IMP, IGI, ISS, IBA, TAS, IEA
CRE upregulated	GO:0009987	cellular process	ENSMUSG00000044147	Arf6	IDA, IMP, ISS, ISO, IBA, TAS, NAS, IEA
CRE upregulated	GO:0009987	cellular process	ENSMUSG00000027605	Acss2	IDA, ISO, IBA, IEA
CRE upregulated	GO:0009987	cellular process	ENSMUSG00000052298	Cdc42se2	ISS, IEA
CRE upregulated	GO:0009987	cellular process	ENSMUSG00000030662	ENSMUSG00000030662	IDA, IMP, IBA, IEA
CRE upregulated	GO:0009987	cellular process	ENSMUSG00000018648	Dusp14	IEA
CRE upregulated	GO:0009987	cellular process	ENSMUSG00000036180	ENSMUSG00000036180	IMP, ISS, ISO, IBA, NAS, IEA
CRE upregulated	GO:0009987	cellular process	ENSMUSG00000011877	Git1	IDA, IMP, ISS, ISO, IBA, IEA
CRE upregulated	GO:0009987	cellular process	ENSMUSG00000024270	ENSMUSG00000024270	IDA, ISS, IBA, IEA
CRE upregulated	GO:0009987	cellular process	ENSMUSG00000040046	Tph1	IMP, IEA
CRE upregulated	GO:0009987	cellular process	ENSMUSG00000039985	Sinhcaf	IMP, ISS, IBA, NAS, IEA
CRE upregulated	GO:0009987	cellular process	ENSMUSG00000031937	ENSMUSG00000031937	IDA, IMP, IBA
CRE upregulated	GO:0009987	cellular process	ENSMUSG00000052512	ENSMUSG00000052512	IEA
CRE upregulated	GO:0009987	cellular process	ENSMUSG00000009566	Fpgs	IBA, IEA
CRE upregulated	GO:0009987	cellular process	ENSMUSG00000059991	ENSMUSG00000059991	ISO
CRE upregulated	GO:0009987	cellular process	ENSMUSG00000025060	ENSMUSG00000025060	IMP, ISS, ISO, IBA, IEA
CRE upregulated	GO:0009987	cellular process	ENSMUSG00000028602	Tnfrsf8	IEA
CRE upregulated	GO:0009987	cellular process	ENSMUSG00000008435	Rdh13	IMP, ISS, IBA, IEA
CRE upregulated	GO:0009987	cellular process	ENSMUSG00000055491	ENSMUSG00000055491	IBA
CRE upregulated	GO:0009987	cellular process	ENSMUSG00000062234	ENSMUSG00000062234	IEA
CRE upregulated	GO:0009987	cellular process	ENSMUSG00000052837	ENSMUSG00000052837	IDA, IMP, ISO, IBA, IEA
CRE upregulated	GO:0009987	cellular process	ENSMUSG00000007411	ENSMUSG00000007411	ISS, IBA, IEA
CRE upregulated	GO:0009987	cellular process	ENSMUSG00000013483	Card14	ISS, IEA
CRE upregulated	GO:0009987	cellular process	ENSMUSG00000028840	Zfp593	IEA
CRE upregulated	GO:0009987	cellular process	ENSMUSG00000047281	ENSMUSG00000047281	IDA, IMP, IGI, ISS, IBA, IEA
CRE upregulated	GO:0009987	cellular process	ENSMUSG00000021111	ENSMUSG00000021111	IDA, ISS, IEA
CRE upregulated	GO:0009987	cellular process	ENSMUSG00000025351	Cd63	IMP, ISS, ISO, IBA, IEA
CRE upregulated	GO:0009987	cellular process	ENSMUSG00000048796	ENSMUSG00000048796	IEA
CRE upregulated	GO:0009987	cellular process	ENSMUSG00000021796	Bmpr1a	IDA, IMP, IGI, IBA, IEA
CRE upregulated	GO:0009987	cellular process	ENSMUSG00000031383	Dusp9	IDA, IBA, IEA
CRE upregulated	GO:0009987	cellular process	ENSMUSG00000028703	ENSMUSG00000028703	IEA
CRE upregulated	GO:0009987	cellular process	ENSMUSG00000049649	Gpr3	IMP, ISO, IBA, IEA
CRE upregulated	GO:0009987	cellular process	ENSMUSG00000019842	ENSMUSG00000019842	IDA, IMP, IGI, ISO, IBA, IEA
CRE upregulated	GO:0009987	cellular process	ENSMUSG00000044465	ENSMUSG00000044465	ISS, IBA, IEA
CRE upregulated	GO:0009987	cellular process	ENSMUSG00000016534	ENSMUSG00000016534	IMP, IGI, ISS, ISO, IBA, IEA
CRE upregulated	GO:0009987	cellular process	ENSMUSG00000025366	ENSMUSG00000025366	ISS, IEA
CRE upregulated	GO:0009987	cellular process	ENSMUSG00000024750	ENSMUSG00000024750	IMP
CRE upregulated	GO:0009987	cellular process	ENSMUSG00000070056	ENSMUSG00000070056	IMP, ISS, IBA, IEA
CRE upregulated	GO:0009987	cellular process	ENSMUSG00000034543	ENSMUSG00000034543	IMP, ISS
CRE upregulated	GO:0009987	cellular process	ENSMUSG00000029110	ENSMUSG00000029110	IDA, ISS, ISO, IBA, IEA
CRE upregulated	GO:0009987	cellular process	ENSMUSG00000021890	ENSMUSG00000021890	ISO, IBA, IEA
CRE upregulated	GO:0009987	cellular process	ENSMUSG00000041598	Cdc42ep4	IDA, IBA, IEA
CRE upregulated	GO:0009987	cellular process	ENSMUSG00000045664	Cdc42ep2	IBA, IEA
CRE upregulated	GO:0009987	cellular process	ENSMUSG00000027465	Tbc1d20	IMP, IBA, IEA
CRE upregulated	GO:0009987	cellular process	ENSMUSG00000045763	ENSMUSG00000045763	IDA, ISS, IBA, IEA
CRE upregulated	GO:0009987	cellular process	ENSMUSG00000037860	Aim2	IDA, IMP, IGI, ISO, NAS, IEA
CRE upregulated	GO:0009987	cellular process	ENSMUSG00000020250	ENSMUSG00000020250	IMP, ISO, IEA
CRE upregulated	GO:0009987	cellular process	ENSMUSG00000028434	Epb41l4b	ISO, IBA, IEA
CRE upregulated	GO:0009987	cellular process	ENSMUSG00000109336	ENSMUSG00000109336	IEA
CRE upregulated	GO:0009987	cellular process	ENSMUSG00000039191	Rbpj	IDA, IMP, IGI, ISS, ISO, IBA, TAS, IEA
CRE upregulated	GO:0009987	cellular process	ENSMUSG00000000001	ENSMUSG00000000001	ISS, ISO, IBA, TAS, IEA
CRE upregulated	GO:0009987	cellular process	ENSMUSG00000022270	ENSMUSG00000022270	IDA, IMP, IBA, IEA
CRE upregulated	GO:0009987	cellular process	ENSMUSG00000048668	Rhno1	IEA
CRE upregulated	GO:0009987	cellular process	ENSMUSG00000019256	ENSMUSG00000019256	IEA
CRE upregulated	GO:0009987	cellular process	ENSMUSG00000022656	ENSMUSG00000022656	IDA, IMP, IBA, IEA
CRE upregulated	GO:0009987	cellular process	ENSMUSG00000039844	ENSMUSG00000039844	IMP, IGI, ISO, IBA, IEA
CRE upregulated	GO:0009987	cellular process	ENSMUSG00000035725	ENSMUSG00000035725	IMP, ISS, IBA, IEA
CRE upregulated	GO:0009987	cellular process	ENSMUSG00000046962	ENSMUSG00000046962	IBA, IEA
CRE upregulated	GO:0009987	cellular process	ENSMUSG00000019763	ENSMUSG00000019763	ISS, IBA, IEA
CRE upregulated	GO:0009987	cellular process	ENSMUSG00000051316	Taf7	IDA, ISS, ISO, IBA, NAS, IEA
CRE upregulated	GO:0009987	cellular process	ENSMUSG00000001552	ENSMUSG00000001552	IDA, IMP, IBA, IEA
CRE upregulated	GO:0009987	cellular process	ENSMUSG00000040010	Slc7a5	ISS, ISO, IBA, IEA
CRE upregulated	GO:0009987	cellular process	ENSMUSG00000000346	Dazap2	ISS, IEA
CRE upregulated	GO:0009987	cellular process	ENSMUSG00000017677	Wsb1	IDA, IMP, IBA, IEA
CRE upregulated	GO:0009987	cellular process	ENSMUSG00000040463	ENSMUSG00000040463	IDA, ISO, NAS, IEA
CRE upregulated	GO:0009987	cellular process	ENSMUSG00000020671	ENSMUSG00000020671	IMP, ISS, ISO, IBA, TAS, IEA
CRE upregulated	GO:0009987	cellular process	ENSMUSG00000047547	Cltb	IBA, IEA
CRE upregulated	GO:0009987	cellular process	ENSMUSG00000004099	ENSMUSG00000004099	IDA, IMP, IGI, ISO, IBA, IEA
CRE upregulated	GO:0009987	cellular process	ENSMUSG00000022858	ENSMUSG00000022858	IMP, ISS, IBA, IEA
CRE upregulated	GO:0009987	cellular process	ENSMUSG00000020798	ENSMUSG00000020798	IEA
CRE upregulated	GO:0009987	cellular process	ENSMUSG00000027997	Casp6	ISS, ISO, IBA, RCA, IEA
CRE upregulated	GO:0009987	cellular process	ENSMUSG00000058354	Krt6a	IDA, IGI, IBA
CRE upregulated	GO:0009987	cellular process	ENSMUSG00000018848	ENSMUSG00000018848	IDA, ISO, IBA, IEA
CRE upregulated	GO:0009987	cellular process	ENSMUSG00000053007	Creb5	IEA
CRE upregulated	GO:0009987	cellular process	ENSMUSG00000040212	Emp3	IEA
CRE upregulated	GO:0009987	cellular process	ENSMUSG00000023952	ENSMUSG00000023952	IMP, IBA
CRE upregulated	GO:0009987	cellular process	ENSMUSG00000020594	ENSMUSG00000020594	IDA, IMP, ISS, ISO, IBA, IEA
CRE upregulated	GO:0009987	cellular process	ENSMUSG00000011256	ENSMUSG00000011256	IDA, IMP, ISS, IBA, IEA
CRE upregulated	GO:0009987	cellular process	ENSMUSG00000020448	Rnf185	ISS, IBA, IEA
CRE upregulated	GO:0009987	cellular process	ENSMUSG00000053289	ENSMUSG00000053289	IBA
CRE upregulated	GO:0009987	cellular process	ENSMUSG00000000787	ENSMUSG00000000787	IDA, IMP, ISS, IBA, IEA
CRE upregulated	GO:0009987	cellular process	ENSMUSG00000008859	ENSMUSG00000008859	IDA, ISS, ISO, IBA, IEA
CRE upregulated	GO:0009987	cellular process	ENSMUSG00000008730	Hipk1	IMP, IGI, ISS, IBA, IEA
CRE upregulated	GO:0009987	cellular process	ENSMUSG00000069072	ENSMUSG00000069072	IEA
CRE upregulated	GO:0009987	cellular process	ENSMUSG00000037949	ENSMUSG00000037949	IBA, IEA
CRE upregulated	GO:0009987	cellular process	ENSMUSG00000059288	ENSMUSG00000059288	IDA, IMP, IEA
CRE upregulated	GO:0009987	cellular process	ENSMUSG00000050022	ENSMUSG00000050022	IEA
CRE upregulated	GO:0009987	cellular process	ENSMUSG00000054934	Kcnmb4	ISS, IEA
CRE upregulated	GO:0009987	cellular process	ENSMUSG00000029310	Nudt9	IDA
CRE upregulated	GO:0009987	cellular process	ENSMUSG00000022948	Setd4	IDA, IMP, IBA, IEA
CRE upregulated	GO:0009987	cellular process	ENSMUSG00000046722	ENSMUSG00000046722	ISS, IEA
CRE upregulated	GO:0009987	cellular process	ENSMUSG00000022094	ENSMUSG00000022094	IDA, IMP, ISS, IBA, IEA
CRE upregulated	GO:0009987	cellular process	ENSMUSG00000038676	Ucn	IMP, ISO, IEA
CRE upregulated	GO:0009987	cellular process	ENSMUSG00000059743	ENSMUSG00000059743	ISO, IBA, IEA
CRE upregulated	GO:0009987	cellular process	ENSMUSG00000038467	ENSMUSG00000038467	IMP, ISS, ISO, IBA, NAS, IEA
CRE upregulated	GO:0009987	cellular process	ENSMUSG00000052681	Rap1b	IDA, IPI, IMP, IGI, ISS, ISO, IBA, IEA
CRE upregulated	GO:0009987	cellular process	ENSMUSG00000066595	ENSMUSG00000066595	IMP, ISS, ISO, IBA, IEA
CRE upregulated	GO:0009987	cellular process	ENSMUSG00000037553	ENSMUSG00000037553	IDA, ISS, IBA, IEA
CRE upregulated	GO:0009987	cellular process	ENSMUSG00000020097	ENSMUSG00000020097	IMP, ISS, IBA, IEA
CRE upregulated	GO:0009987	cellular process	ENSMUSG00000042185	ENSMUSG00000042185	IDA, IMP, ISO, IEA
CRE upregulated	GO:0009987	cellular process	ENSMUSG00000025403	ENSMUSG00000025403	IMP, ISS, ISO, IBA, IEA
CRE upregulated	GO:0009987	cellular process	ENSMUSG00000028826	ENSMUSG00000028826	ISS, IBA, IEA
CRE upregulated	GO:0009987	cellular process	ENSMUSG00000039372	ENSMUSG00000039372	IEA
CRE upregulated	GO:0009987	cellular process	ENSMUSG00000032508	Myd88	IDA, IMP, IGI, ISS, ISO, IBA, TAS, IEA
CRE upregulated	GO:0009987	cellular process	ENSMUSG00000028370	Pappa	ISO, IBA, IEA
CRE upregulated	GO:0009987	cellular process	ENSMUSG00000026864	ENSMUSG00000026864	IDA, IMP, IGI, ISS, ISO, IBA, IEA
CRE upregulated	GO:0009987	cellular process	ENSMUSG00000021072	Tmx1	IMP, ISS, IEA
CRE upregulated	GO:0009987	cellular process	ENSMUSG00000002633	Shh	IDA, IMP, IGI, ISS, ISO, IBA, TAS, IEA
CRE upregulated	GO:0009987	cellular process	ENSMUSG00000008384	Sertad1	IDA, IGI, ISO, IEA
CRE upregulated	GO:0009987	cellular process	ENSMUSG00000026209	ENSMUSG00000026209	IEA
CRE upregulated	GO:0009987	cellular process	ENSMUSG00000032540	ENSMUSG00000032540	IDA, IMP, ISS, ISO, IBA, IEA
CRE upregulated	GO:0009987	cellular process	ENSMUSG00000028680	ENSMUSG00000028680	IEA
CRE upregulated	GO:0009987	cellular process	ENSMUSG00000027978	Prss12	IDA, IMP, IBA, IEA
CRE upregulated	GO:0009987	cellular process	ENSMUSG00000003623	ENSMUSG00000003623	IDA, IEA
CRE upregulated	GO:0009987	cellular process	ENSMUSG00000053581	ENSMUSG00000053581	IMP, IBA
CRE upregulated	GO:0009987	cellular process	ENSMUSG00000006344	ENSMUSG00000006344	IDA, IMP, IBA, IEA
CRE upregulated	GO:0009987	cellular process	ENSMUSG00000015357	ENSMUSG00000015357	ISS, IBA, IEA
CRE upregulated	GO:0009987	cellular process	ENSMUSG00000032462	ENSMUSG00000032462	IMP, IGI, ISS, ISO, IBA, IEA
CRE upregulated	GO:0009987	cellular process	ENSMUSG00000025198	ENSMUSG00000025198	IBA, IEA
CRE upregulated	GO:0009987	cellular process	ENSMUSG00000049807	Arhgap23	IEA
CRE upregulated	GO:0009987	cellular process	ENSMUSG00000044835	ENSMUSG00000044835	ISS, IEA
CRE upregulated	GO:0009987	cellular process	ENSMUSG00000004270	ENSMUSG00000004270	IDA, IMP, ISS, IBA, IEA
CRE upregulated	GO:0009987	cellular process	ENSMUSG00000027944	Hax1	IBA, TAS, IEA
CRE upregulated	GO:0009987	cellular process	ENSMUSG00000039671	ENSMUSG00000039671	ISO, IEA
CRE upregulated	GO:0009987	cellular process	ENSMUSG00000005089	Slc1a2	IDA, IMP, ISS, ISO, IBA, IEA
CRE upregulated	GO:0009987	cellular process	ENSMUSG00000037907	ENSMUSG00000037907	ISS, IEA
CRE upregulated	GO:0009987	cellular process	ENSMUSG00000045174	ENSMUSG00000045174	IBA, IEA
CRE upregulated	GO:0009987	cellular process	ENSMUSG00000029145	ENSMUSG00000029145	ISS, IEA
CRE upregulated	GO:0009987	cellular process	ENSMUSG00000061244	ENSMUSG00000061244	IMP, IBA, NAS, IEA
CRE upregulated	GO:0009987	cellular process	ENSMUSG00000067586	ENSMUSG00000067586	IDA, IMP, IBA, IEA
CRE upregulated	GO:0009987	cellular process	ENSMUSG00000038250	ENSMUSG00000038250	IBA, IEA
CRE upregulated	GO:0009987	cellular process	ENSMUSG00000056050	ENSMUSG00000056050	IEA
CRE upregulated	GO:0009987	cellular process	ENSMUSG00000063952	Brpf3	ISS, IBA, NAS, IEA
CRE upregulated	GO:0009987	cellular process	ENSMUSG00000020794	Ube2g1	IDA, ISS, ISO, IBA, IEA
CRE upregulated	GO:0009987	cellular process	ENSMUSG00000040652	ENSMUSG00000040652	IDA, IBA, TAS, IEA
CRE upregulated	GO:0009987	cellular process	ENSMUSG00000048027	ENSMUSG00000048027	IDA, IBA
CRE upregulated	GO:0009987	cellular process	ENSMUSG00000028291	ENSMUSG00000028291	IDA, IMP, ISS, ISO, IBA, IEA
CRE upregulated	GO:0009987	cellular process	ENSMUSG00000037411	Serpine1	IEA
CRE upregulated	GO:0009987	cellular process	ENSMUSG00000032786	ENSMUSG00000032786	IMP, IBA, IEA
CRE upregulated	GO:0009987	cellular process	ENSMUSG00000078676	ENSMUSG00000078676	IDA, ISS, ISO, NAS, IEA
CRE upregulated	GO:0009987	cellular process	ENSMUSG00000020340	ENSMUSG00000020340	IMP, ISS, IBA, IEA
CRE upregulated	GO:0009987	cellular process	ENSMUSG00000028382	ENSMUSG00000028382	IMP, ISO, IBA, IEA
CRE upregulated	GO:0009987	cellular process	ENSMUSG00000037465	Klf10	IDA, IMP, IBA, IEA
CRE upregulated	GO:0009987	cellular process	ENSMUSG00000038712	ENSMUSG00000038712	IBA, IEA
CRE upregulated	GO:0009987	cellular process	ENSMUSG00000024613	ENSMUSG00000024613	IMP, ISS, IBA, IEA
CRE upregulated	GO:0009987	cellular process	ENSMUSG00000023277	ENSMUSG00000023277	IDA, ISO, IBA, IC, IEA
CRE upregulated	GO:0009987	cellular process	ENSMUSG00000051209	ENSMUSG00000051209	IDA, IBA, IEA
CRE upregulated	GO:0009987	cellular process	ENSMUSG00000019843	ENSMUSG00000019843	IDA, IMP, IGI, ISO, IBA, TAS, IEA
CRE upregulated	GO:0009987	cellular process	ENSMUSG00000020755	ENSMUSG00000020755	IEA
CRE upregulated	GO:0009987	cellular process	ENSMUSG00000024493	ENSMUSG00000024493	IDA, IBA, IEA
CRE upregulated	GO:0009987	cellular process	ENSMUSG00000027646	ENSMUSG00000027646	IDA, IMP, IGI, ISO, IBA, IEA
CRE upregulated	GO:0009987	cellular process	ENSMUSG00000024843	ENSMUSG00000024843	IDA, ISS, ISO, IBA, IEA
CRE upregulated	GO:0009987	cellular process	ENSMUSG00000042532	ENSMUSG00000042532	IBA
CRE upregulated	GO:0009987	cellular process	ENSMUSG00000055976	Cldn23	ISS, IBA
CRE upregulated	GO:0009987	cellular process	ENSMUSG00000052316	ENSMUSG00000052316	IEA
CRE upregulated	GO:0009987	cellular process	ENSMUSG00000020680	ENSMUSG00000020680	IMP, IGI, ISO, IEA
CRE upregulated	GO:0009987	cellular process	ENSMUSG00000037306	ENSMUSG00000037306	ISO, IEA
CRE upregulated	GO:0009987	cellular process	ENSMUSG00000021340	ENSMUSG00000021340	IEA
CRE upregulated	GO:0009987	cellular process	ENSMUSG00000033991	ENSMUSG00000033991	ISS, IBA, IEA
CRE upregulated	GO:0009987	cellular process	ENSMUSG00000029313	Aff1	IEA
CRE upregulated	GO:0009987	cellular process	ENSMUSG00000004698	ENSMUSG00000004698	IEA
CRE upregulated	GO:0009987	cellular process	ENSMUSG00000046761	ENSMUSG00000046761	ISS, IBA, IEA
CRE upregulated	GO:0009987	cellular process	ENSMUSG00000032501	Trib1	IDA, IMP, ISS, IBA, IC, IEA
CRE upregulated	GO:0009987	cellular process	ENSMUSG00000003119	ENSMUSG00000003119	IMP, ISS, ISO, IBA, IEA
CRE upregulated	GO:0009987	cellular process	ENSMUSG00000025027	Xpnpep1	ISS, ISO, IEA
CRE upregulated	GO:0009987	cellular process	ENSMUSG00000053825	ENSMUSG00000053825	IEA
CRE upregulated	GO:0009987	cellular process	ENSMUSG00000019726	ENSMUSG00000019726	IEA
CRE upregulated	GO:0009987	cellular process	ENSMUSG00000031642	Sh3rf1	IEA
CRE upregulated	GO:0009987	cellular process	ENSMUSG00000042197	ENSMUSG00000042197	ISS, IBA, IEA
CRE upregulated	GO:0009987	cellular process	ENSMUSG00000055067	ENSMUSG00000055067	IDA, IMP, IEA
CRE upregulated	GO:0009987	cellular process	ENSMUSG00000038115	ENSMUSG00000038115	IDA, IMP, IBA, IEA
CRE upregulated	GO:0009987	cellular process	ENSMUSG00000026384	Ptpn4	IEA
CRE upregulated	GO:0009987	cellular process	ENSMUSG00000047261	ENSMUSG00000047261	IMP, ISO, IBA, IEA
CRE upregulated	GO:0009987	cellular process	ENSMUSG00000033294	ENSMUSG00000033294	IEA
CRE upregulated	GO:0009987	cellular process	ENSMUSG00000026159	ENSMUSG00000026159	IMP, IBA, IEA
CRE upregulated	GO:0009987	cellular process	ENSMUSG00000074886	ENSMUSG00000074886	ISO, IBA, IEA
CRE upregulated	GO:0009987	cellular process	ENSMUSG00000021282	ENSMUSG00000021282	ISO, IBA, IEA
CRE upregulated	GO:0009987	cellular process	ENSMUSG00000031073	Fgf15	IMP, IGI, ISO, IBA, IEA
CRE upregulated	GO:0009987	cellular process	ENSMUSG00000027433	ENSMUSG00000027433	IGI, ISS, IBA, TAS, NAS, IEA
CRE upregulated	GO:0009987	cellular process	ENSMUSG00000002797	Ggct	ISS, IEA
CRE upregulated	GO:0009987	cellular process	ENSMUSG00000038205	ENSMUSG00000038205	IGI, ISO, IBA, NAS, IEA
CRE upregulated	GO:0009987	cellular process	ENSMUSG00000036667	ENSMUSG00000036667	IBA, IEA
CRE upregulated	GO:0009987	cellular process	ENSMUSG00000029762	Akr1b8	IEA
CRE upregulated	GO:0009987	cellular process	ENSMUSG00000015839	Nfe2l2	IDA, IMP, IGI, ISS, ISO, IBA, IEA
CRE upregulated	GO:0009987	cellular process	ENSMUSG00000049550	ENSMUSG00000049550	IMP, ISS, ISO, IBA, IEA
CRE upregulated	GO:0009987	cellular process	ENSMUSG00000034145	ENSMUSG00000034145	IEA
CRE upregulated	GO:0009987	cellular process	ENSMUSG00000025236	ENSMUSG00000025236	IEA
CRE upregulated	GO:0009987	cellular process	ENSMUSG00000021477	ENSMUSG00000021477	IDA, IMP, ISS, ISO, IBA, IEA
CRE upregulated	GO:0009987	cellular process	ENSMUSG00000034006	ENSMUSG00000034006	IBA
CRE upregulated	GO:0009987	cellular process	ENSMUSG00000000627	ENSMUSG00000000627	ISO, IBA, IEA
CRE upregulated	GO:0009987	cellular process	ENSMUSG00000022332	ENSMUSG00000022332	IDA, ISO, IBA, IEA
CRE upregulated	GO:0009987	cellular process	ENSMUSG00000074656	Eif2s2	IMP, ISS, IBA, IEA
CRE upregulated	GO:0009987	cellular process	ENSMUSG00000040843	ENSMUSG00000040843	IBA, IEA
CRE upregulated	GO:0009987	cellular process	ENSMUSG00000019998	ENSMUSG00000019998	IEA
CRE upregulated	GO:0009987	cellular process	ENSMUSG00000054499	ENSMUSG00000054499	IBA, RCA, IEA
CRE upregulated	GO:0009987	cellular process	ENSMUSG00000024907	Gal	IMP, ISS, ISO, IBA, IEA
CRE upregulated	GO:0009987	cellular process	ENSMUSG00000069227	ENSMUSG00000069227	IDA, IBA
CRE upregulated	GO:0009987	cellular process	ENSMUSG00000031751	ENSMUSG00000031751	IMP, ISS, IBA, IEA
CRE upregulated	GO:0009987	cellular process	ENSMUSG00000054204	ENSMUSG00000054204	ISS, IBA, IEA
CRE upregulated	GO:0009987	cellular process	ENSMUSG00000046707	ENSMUSG00000046707	IDA, ISS, IBA, IEA
CRE upregulated	GO:0009987	cellular process	ENSMUSG00000053797	ENSMUSG00000053797	IDA, IBA, IEA
CRE upregulated	GO:0009987	cellular process	ENSMUSG00000003541	ENSMUSG00000003541	IDA, IMP, ISO, IBA, IEA
CRE upregulated	GO:0009987	cellular process	ENSMUSG00000026994	ENSMUSG00000026994	IDA, IMP, IBA, IEA
CRE upregulated	GO:0009987	cellular process	ENSMUSG00000024287	ENSMUSG00000024287	ISS, IBA, RCA, IEA
CRE upregulated	GO:0009987	cellular process	ENSMUSG00000024026	ENSMUSG00000024026	IDA, IMP, ISS, ISO, IC, IEA
CRE upregulated	GO:0009987	cellular process	ENSMUSG00000029475	ENSMUSG00000029475	IDA, IMP, IBA, IEA
CRE upregulated	GO:0009891	positive regulation of biosynthetic process	ENSMUSG00000026628	Atf3	IMP, IGI, ISO, IEA
CRE upregulated	GO:0009891	positive regulation of biosynthetic process	ENSMUSG00000052684	Jun	IDA, IMP, IGI, ISS, ISO
CRE upregulated	GO:0009891	positive regulation of biosynthetic process	ENSMUSG00000063632	Sox11	IDA, IMP, ISO, IBA, IEA
CRE upregulated	GO:0009891	positive regulation of biosynthetic process	ENSMUSG00000031574	Star	ISO, IEA
CRE upregulated	GO:0009891	positive regulation of biosynthetic process	ENSMUSG00000004951	Hspb1	IDA
CRE upregulated	GO:0009891	positive regulation of biosynthetic process	ENSMUSG00000025473	Adam8	IMP
CRE upregulated	GO:0009891	positive regulation of biosynthetic process	ENSMUSG00000056749	Nfil3	IDA, IMP
CRE upregulated	GO:0009891	positive regulation of biosynthetic process	ENSMUSG00000024143	Rhoq	IEA
CRE upregulated	GO:0009891	positive regulation of biosynthetic process	ENSMUSG00000022895	Ets2	ISO, IEA
CRE upregulated	GO:0009891	positive regulation of biosynthetic process	ENSMUSG00000037447	Arid5a	IMP, IGI, ISS, IEA
CRE upregulated	GO:0009891	positive regulation of biosynthetic process	ENSMUSG00000030748	Il4ra	IMP
CRE upregulated	GO:0009891	positive regulation of biosynthetic process	ENSMUSG00000032515	Csrnp1	IDA
CRE upregulated	GO:0009891	positive regulation of biosynthetic process	ENSMUSG00000014599	Csf1	IDA, IEA
CRE upregulated	GO:0009891	positive regulation of biosynthetic process	ENSMUSG00000025612	Bach1	IDA
CRE upregulated	GO:0009891	positive regulation of biosynthetic process	ENSMUSG00000024404	Riok3	IEA
CRE upregulated	GO:0009891	positive regulation of biosynthetic process	ENSMUSG00000000078	Klf6	IEA
CRE upregulated	GO:0009891	positive regulation of biosynthetic process	ENSMUSG00000030272	Camk1	IEA
CRE upregulated	GO:0009891	positive regulation of biosynthetic process	ENSMUSG00000001542	Ell2	ISO, IBA
CRE upregulated	GO:0009891	positive regulation of biosynthetic process	ENSMUSG00000031681	Smad1	IDA, IMP, IGI, IEA
CRE upregulated	GO:0009891	positive regulation of biosynthetic process	ENSMUSG00000035673	Sbno2	IMP, IBA
CRE upregulated	GO:0009891	positive regulation of biosynthetic process	ENSMUSG00000033060	Lmo7	IDA, ISS, ISO
CRE upregulated	GO:0009891	positive regulation of biosynthetic process	ENSMUSG00000003644	Rps6ka1	ISO, IBA, IEA
CRE upregulated	GO:0009891	positive regulation of biosynthetic process	ENSMUSG00000026836	Acvr1	IMP, IEA
CRE upregulated	GO:0009891	positive regulation of biosynthetic process	ENSMUSG00000026670	Uap1	IEA
CRE upregulated	GO:0009891	positive regulation of biosynthetic process	ENSMUSG00000024256	Adcyap1	IDA, ISS, ISO, IEA
CRE upregulated	GO:0009891	positive regulation of biosynthetic process	ENSMUSG00000034832	Tet3	ISS, IBA, IEA
CRE upregulated	GO:0009891	positive regulation of biosynthetic process	ENSMUSG00000002250	Ppard	IMP, ISS, IBA, IEA
CRE upregulated	GO:0009891	positive regulation of biosynthetic process	ENSMUSG00000038894	Irs2	IEA
CRE upregulated	GO:0009891	positive regulation of biosynthetic process	ENSMUSG00000026796	Niban2	IEA
CRE upregulated	GO:0009891	positive regulation of biosynthetic process	ENSMUSG00000022661	Cd200	IEA
CRE upregulated	GO:0009891	positive regulation of biosynthetic process	ENSMUSG00000028063	Lmna	IMP
CRE upregulated	GO:0009891	positive regulation of biosynthetic process	ENSMUSG00000030678	Maz	IEA
CRE upregulated	GO:0009891	positive regulation of biosynthetic process	ENSMUSG00000053436	Mapk14	IMP, ISO, IEA
CRE upregulated	GO:0009891	positive regulation of biosynthetic process	ENSMUSG00000040025	Ythdf2	ISS
CRE upregulated	GO:0009891	positive regulation of biosynthetic process	ENSMUSG00000011008	Mcoln2	IMP
CRE upregulated	GO:0009891	positive regulation of biosynthetic process	ENSMUSG00000048490	Nrip1	IBA, IEA
CRE upregulated	GO:0009891	positive regulation of biosynthetic process	ENSMUSG00000013089	Etv5	IDA, IEA
CRE upregulated	GO:0009891	positive regulation of biosynthetic process	ENSMUSG00000025746	Il6	IDA, IMP, IGI, ISO
CRE upregulated	GO:0009891	positive regulation of biosynthetic process	ENSMUSG00000032231	Anxa2	IDA, ISO, IEA
CRE upregulated	GO:0009891	positive regulation of biosynthetic process	ENSMUSG00000055994	Nod2	IDA, IMP, IGI, ISS, ISO, IEA
CRE upregulated	GO:0009891	positive regulation of biosynthetic process	ENSMUSG00000024014	Pim1	IMP
CRE upregulated	GO:0009891	positive regulation of biosynthetic process	ENSMUSG00000020580	Rock2	IEA
CRE upregulated	GO:0009891	positive regulation of biosynthetic process	ENSMUSG00000063889	Crem	IGI
CRE upregulated	GO:0009891	positive regulation of biosynthetic process	ENSMUSG00000027613	Eif6	IMP
CRE upregulated	GO:0009891	positive regulation of biosynthetic process	ENSMUSG00000042406	Atf4	IDA, IMP, IGI, ISS, ISO, IEA
CRE upregulated	GO:0009891	positive regulation of biosynthetic process	ENSMUSG00000020271	Fbxw11	IMP
CRE upregulated	GO:0009891	positive regulation of biosynthetic process	ENSMUSG00000020838	Slc6a4	IMP
CRE upregulated	GO:0009891	positive regulation of biosynthetic process	ENSMUSG00000029641	Rasl11a	IDA
CRE upregulated	GO:0009891	positive regulation of biosynthetic process	ENSMUSG00000001507	Itga3	ISO, IEA
CRE upregulated	GO:0009891	positive regulation of biosynthetic process	ENSMUSG00000025408	Ddit3	IDA, IMP, IGI, ISO, NAS, IEA
CRE upregulated	GO:0009891	positive regulation of biosynthetic process	ENSMUSG00000040435	Ppp1r15a	IDA
CRE upregulated	GO:0009891	positive regulation of biosynthetic process	ENSMUSG00000032078	Zpr1	IMP, ISS, IBA, IEA
CRE upregulated	GO:0009891	positive regulation of biosynthetic process	ENSMUSG00000018909	Arrb1	ISO, IEA
CRE upregulated	GO:0009891	positive regulation of biosynthetic process	ENSMUSG00000020248	Nfyb	IDA, ISO, IEA
CRE upregulated	GO:0009891	positive regulation of biosynthetic process	ENSMUSG00000024349	Sting1	IDA, IMP, ISS, ISO, IBA, IEA
CRE upregulated	GO:0009891	positive regulation of biosynthetic process	ENSMUSG00000030057	Cnbp	IDA, IBA, IEA
CRE upregulated	GO:0009891	positive regulation of biosynthetic process	ENSMUSG00000057531	Dtnbp1	IDA
CRE upregulated	GO:0009891	positive regulation of biosynthetic process	ENSMUSG00000000134	Tfe3	IDA, IMP, IEA
CRE upregulated	GO:0009891	positive regulation of biosynthetic process	ENSMUSG00000028901	Gmeb1	IDA
CRE upregulated	GO:0009891	positive regulation of biosynthetic process	ENSMUSG00000037580	Gch1	ISO, IEA
CRE upregulated	GO:0009891	positive regulation of biosynthetic process	ENSMUSG00000023087	Noct	IMP
CRE upregulated	GO:0009891	positive regulation of biosynthetic process	ENSMUSG00000001627	Ifrd1	ISO
CRE upregulated	GO:0009891	positive regulation of biosynthetic process	ENSMUSG00000015316	Slamf1	IDA, IBA
CRE upregulated	GO:0009891	positive regulation of biosynthetic process	ENSMUSG00000022346	Myc	IDA, IMP, ISS, ISO, IEA
CRE upregulated	GO:0009891	positive regulation of biosynthetic process	ENSMUSG00000026072	Il1r1	ISS, IEA
CRE upregulated	GO:0009891	positive regulation of biosynthetic process	ENSMUSG00000024789	Jak2	IDA, IGI, ISS, ISO, NAS, IEA
CRE upregulated	GO:0009891	positive regulation of biosynthetic process	ENSMUSG00000004040	ENSMUSG00000004040	IDA, IMP, IGI, ISO, IEA
CRE upregulated	GO:0009891	positive regulation of biosynthetic process	ENSMUSG00000042292	Mrtfa	IDA, ISS, IBA, IEA
CRE upregulated	GO:0009891	positive regulation of biosynthetic process	ENSMUSG00000061589	Dot1l	ISO, IEA
CRE upregulated	GO:0009891	positive regulation of biosynthetic process	ENSMUSG00000022555	Dgat1	ISO
CRE upregulated	GO:0009891	positive regulation of biosynthetic process	ENSMUSG00000109511	Nup62	IEA
CRE upregulated	GO:0009891	positive regulation of biosynthetic process	ENSMUSG00000029135	Fosl2	IDA, ISO, IEA
CRE upregulated	GO:0009891	positive regulation of biosynthetic process	ENSMUSG00000054136	Adm2	IEA
CRE upregulated	GO:0009891	positive regulation of biosynthetic process	ENSMUSG00000020395	Itk	IMP
CRE upregulated	GO:0009891	positive regulation of biosynthetic process	ENSMUSG00000029826	Zc3hav1	IDA, IBA
CRE upregulated	GO:0009891	positive regulation of biosynthetic process	ENSMUSG00000020358	Hnrnpab	IDA, ISO, IEA
CRE upregulated	GO:0009891	positive regulation of biosynthetic process	ENSMUSG00000059866	Tnip2	ISS, IEA
CRE upregulated	GO:0009891	positive regulation of biosynthetic process	ENSMUSG00000040033	ENSMUSG00000040033	IEA
CRE upregulated	GO:0009891	positive regulation of biosynthetic process	ENSMUSG00000024803	Ankrd1	IEA
CRE upregulated	GO:0009891	positive regulation of biosynthetic process	ENSMUSG00000031934	ENSMUSG00000031934	IMP, IEA
CRE upregulated	GO:0009891	positive regulation of biosynthetic process	ENSMUSG00000024912	Fosl1	ISO, IEA
CRE upregulated	GO:0009891	positive regulation of biosynthetic process	ENSMUSG00000024927	Rela	IDA, IMP, ISS, ISO, IBA, TAS, IEA
CRE upregulated	GO:0009891	positive regulation of biosynthetic process	ENSMUSG00000025793	ENSMUSG00000025793	IEA
CRE upregulated	GO:0009891	positive regulation of biosynthetic process	ENSMUSG00000003435	ENSMUSG00000003435	ISO, IEA
CRE upregulated	GO:0009891	positive regulation of biosynthetic process	ENSMUSG00000055044	Pdlim1	IEA
CRE upregulated	GO:0009891	positive regulation of biosynthetic process	ENSMUSG00000024238	Zeb1	IDA, IGI, ISO, IEA
CRE upregulated	GO:0009891	positive regulation of biosynthetic process	ENSMUSG00000026078	Pdcl3	IMP, IBA, IEA
CRE upregulated	GO:0009891	positive regulation of biosynthetic process	ENSMUSG00000024947	Men1	IDA, IMP, IGI, ISO, IEA
CRE upregulated	GO:0009891	positive regulation of biosynthetic process	ENSMUSG00000029071	ENSMUSG00000029071	IEA
CRE upregulated	GO:0009891	positive regulation of biosynthetic process	ENSMUSG00000040433	Zbtb38	ISO
CRE upregulated	GO:0009891	positive regulation of biosynthetic process	ENSMUSG00000024777	ENSMUSG00000024777	ISO, IEA
CRE upregulated	GO:0009891	positive regulation of biosynthetic process	ENSMUSG00000028466	Creb3	IEA
CRE upregulated	GO:0009891	positive regulation of biosynthetic process	ENSMUSG00000071637	Cebpd	IDA, ISO, IEA
CRE upregulated	GO:0009891	positive regulation of biosynthetic process	ENSMUSG00000010660	Plcd1	ISO
CRE upregulated	GO:0009891	positive regulation of biosynthetic process	ENSMUSG00000015776	Med22	NAS
CRE upregulated	GO:0009891	positive regulation of biosynthetic process	ENSMUSG00000031668	ENSMUSG00000031668	IEA
CRE upregulated	GO:0009891	positive regulation of biosynthetic process	ENSMUSG00000053175	Bcl3	IDA, IMP, IBA, IEA
CRE upregulated	GO:0009891	positive regulation of biosynthetic process	ENSMUSG00000059796	Eif4a1	ISS, IEA
CRE upregulated	GO:0009891	positive regulation of biosynthetic process	ENSMUSG00000030199	Etv6	IDA
CRE upregulated	GO:0009891	positive regulation of biosynthetic process	ENSMUSG00000003154	Foxj2	IEA
CRE upregulated	GO:0009891	positive regulation of biosynthetic process	ENSMUSG00000027605	Acss2	IEA
CRE upregulated	GO:0009891	positive regulation of biosynthetic process	ENSMUSG00000036180	ENSMUSG00000036180	NAS
CRE upregulated	GO:0009891	positive regulation of biosynthetic process	ENSMUSG00000055491	ENSMUSG00000055491	IBA
CRE upregulated	GO:0009891	positive regulation of biosynthetic process	ENSMUSG00000052837	ENSMUSG00000052837	IMP, IEA
CRE upregulated	GO:0009891	positive regulation of biosynthetic process	ENSMUSG00000028840	Zfp593	IEA
CRE upregulated	GO:0009891	positive regulation of biosynthetic process	ENSMUSG00000021796	Bmpr1a	IDA, IMP, IEA
CRE upregulated	GO:0009891	positive regulation of biosynthetic process	ENSMUSG00000019842	ENSMUSG00000019842	IDA, IMP
CRE upregulated	GO:0009891	positive regulation of biosynthetic process	ENSMUSG00000029110	ENSMUSG00000029110	IDA, ISS, ISO, IBA, IEA
CRE upregulated	GO:0009891	positive regulation of biosynthetic process	ENSMUSG00000021890	ENSMUSG00000021890	ISO
CRE upregulated	GO:0009891	positive regulation of biosynthetic process	ENSMUSG00000037860	Aim2	IDA, IMP, IGI, ISO, IEA
CRE upregulated	GO:0009891	positive regulation of biosynthetic process	ENSMUSG00000028434	Epb41l4b	IEA
CRE upregulated	GO:0009891	positive regulation of biosynthetic process	ENSMUSG00000039191	Rbpj	IDA, IMP, IGI, ISS, ISO, IEA
CRE upregulated	GO:0009891	positive regulation of biosynthetic process	ENSMUSG00000019256	ENSMUSG00000019256	IEA
CRE upregulated	GO:0009891	positive regulation of biosynthetic process	ENSMUSG00000019763	ENSMUSG00000019763	ISS, IBA, IEA
CRE upregulated	GO:0009891	positive regulation of biosynthetic process	ENSMUSG00000051316	Taf7	ISS, ISO, NAS, IEA
CRE upregulated	GO:0009891	positive regulation of biosynthetic process	ENSMUSG00000001552	ENSMUSG00000001552	IBA
CRE upregulated	GO:0009891	positive regulation of biosynthetic process	ENSMUSG00000040010	Slc7a5	IEA
CRE upregulated	GO:0009891	positive regulation of biosynthetic process	ENSMUSG00000040463	ENSMUSG00000040463	ISO, NAS, IEA
CRE upregulated	GO:0009891	positive regulation of biosynthetic process	ENSMUSG00000004099	ENSMUSG00000004099	IEA
CRE upregulated	GO:0009891	positive regulation of biosynthetic process	ENSMUSG00000022858	ENSMUSG00000022858	IMP, ISS, IBA, IEA
CRE upregulated	GO:0009891	positive regulation of biosynthetic process	ENSMUSG00000053007	Creb5	IEA
CRE upregulated	GO:0009891	positive regulation of biosynthetic process	ENSMUSG00000011256	ENSMUSG00000011256	ISS
CRE upregulated	GO:0009891	positive regulation of biosynthetic process	ENSMUSG00000000787	ENSMUSG00000000787	ISS
CRE upregulated	GO:0009891	positive regulation of biosynthetic process	ENSMUSG00000022948	Setd4	IDA, IBA
CRE upregulated	GO:0009891	positive regulation of biosynthetic process	ENSMUSG00000038676	Ucn	IMP, ISO, IEA
CRE upregulated	GO:0009891	positive regulation of biosynthetic process	ENSMUSG00000059743	ENSMUSG00000059743	ISO
CRE upregulated	GO:0009891	positive regulation of biosynthetic process	ENSMUSG00000042185	ENSMUSG00000042185	ISO, IEA
CRE upregulated	GO:0009891	positive regulation of biosynthetic process	ENSMUSG00000032508	Myd88	IMP, IGI, ISS, IEA
CRE upregulated	GO:0009891	positive regulation of biosynthetic process	ENSMUSG00000002633	Shh	IDA, IMP, IGI, IEA
CRE upregulated	GO:0009891	positive regulation of biosynthetic process	ENSMUSG00000008384	Sertad1	IDA, IGI
CRE upregulated	GO:0009891	positive regulation of biosynthetic process	ENSMUSG00000032462	ENSMUSG00000032462	ISO, IEA
CRE upregulated	GO:0009891	positive regulation of biosynthetic process	ENSMUSG00000027944	Hax1	IEA
CRE upregulated	GO:0009891	positive regulation of biosynthetic process	ENSMUSG00000039671	ENSMUSG00000039671	IEA
CRE upregulated	GO:0009891	positive regulation of biosynthetic process	ENSMUSG00000048027	ENSMUSG00000048027	IDA
CRE upregulated	GO:0009891	positive regulation of biosynthetic process	ENSMUSG00000028291	ENSMUSG00000028291	IDA, IMP, IBA
CRE upregulated	GO:0009891	positive regulation of biosynthetic process	ENSMUSG00000037411	Serpine1	IEA
CRE upregulated	GO:0009891	positive regulation of biosynthetic process	ENSMUSG00000037465	Klf10	IEA
CRE upregulated	GO:0009891	positive regulation of biosynthetic process	ENSMUSG00000027646	ENSMUSG00000027646	IGI, ISO, IEA
CRE upregulated	GO:0009891	positive regulation of biosynthetic process	ENSMUSG00000020680	ENSMUSG00000020680	ISO, IEA
CRE upregulated	GO:0009891	positive regulation of biosynthetic process	ENSMUSG00000003119	ENSMUSG00000003119	ISS, ISO, IBA, IEA
CRE upregulated	GO:0009891	positive regulation of biosynthetic process	ENSMUSG00000055067	ENSMUSG00000055067	IMP
CRE upregulated	GO:0009891	positive regulation of biosynthetic process	ENSMUSG00000031073	Fgf15	IBA, IEA
CRE upregulated	GO:0009891	positive regulation of biosynthetic process	ENSMUSG00000015839	Nfe2l2	IDA, IMP, IGI, ISO, IEA
CRE upregulated	GO:0009891	positive regulation of biosynthetic process	ENSMUSG00000022332	ENSMUSG00000022332	ISO
CRE upregulated	GO:0009891	positive regulation of biosynthetic process	ENSMUSG00000024907	Gal	ISS, IEA
CRE upregulated	GO:2000145	regulation of cell motility	ENSMUSG00000036390	Gadd45a	IMP, IEA
CRE upregulated	GO:2000145	regulation of cell motility	ENSMUSG00000052684	Jun	IMP
CRE upregulated	GO:2000145	regulation of cell motility	ENSMUSG00000019647	Sema6a	IMP, IBA
CRE upregulated	GO:2000145	regulation of cell motility	ENSMUSG00000004951	Hspb1	IEA
CRE upregulated	GO:2000145	regulation of cell motility	ENSMUSG00000025473	Adam8	IMP, IBA, IEA
CRE upregulated	GO:2000145	regulation of cell motility	ENSMUSG00000014599	Csf1	IGI, ISO, IEA
CRE upregulated	GO:2000145	regulation of cell motility	ENSMUSG00000020427	Igfbp3	IEA
CRE upregulated	GO:2000145	regulation of cell motility	ENSMUSG00000006304	Arpc2	ISO
CRE upregulated	GO:2000145	regulation of cell motility	ENSMUSG00000026836	Acvr1	IEA
CRE upregulated	GO:2000145	regulation of cell motility	ENSMUSG00000068566	Myadm	IEA
CRE upregulated	GO:2000145	regulation of cell motility	ENSMUSG00000002250	Ppard	ISO
CRE upregulated	GO:2000145	regulation of cell motility	ENSMUSG00000038894	Irs2	IGI
CRE upregulated	GO:2000145	regulation of cell motility	ENSMUSG00000027540	Ptpn1	IEA
CRE upregulated	GO:2000145	regulation of cell motility	ENSMUSG00000043895	S1pr2	ISO
CRE upregulated	GO:2000145	regulation of cell motility	ENSMUSG00000028063	Lmna	IMP
CRE upregulated	GO:2000145	regulation of cell motility	ENSMUSG00000030678	Maz	IEA
CRE upregulated	GO:2000145	regulation of cell motility	ENSMUSG00000025809	Itgb1	ISS, ISO, IEA
CRE upregulated	GO:2000145	regulation of cell motility	ENSMUSG00000002233	Rhoc	IEA
CRE upregulated	GO:2000145	regulation of cell motility	ENSMUSG00000022607	Ptk2	ISS, ISO, IBA
CRE upregulated	GO:2000145	regulation of cell motility	ENSMUSG00000055994	Nod2	IMP
CRE upregulated	GO:2000145	regulation of cell motility	ENSMUSG00000020580	Rock2	IEA
CRE upregulated	GO:2000145	regulation of cell motility	ENSMUSG00000021990	Spata13	IEA
CRE upregulated	GO:2000145	regulation of cell motility	ENSMUSG00000046854	Pip5kl1	IEA
CRE upregulated	GO:2000145	regulation of cell motility	ENSMUSG00000001507	Itga3	ISO, IEA
CRE upregulated	GO:2000145	regulation of cell motility	ENSMUSG00000055723	Rras2	IGI
CRE upregulated	GO:2000145	regulation of cell motility	ENSMUSG00000001847	Rac1	IMP, IBA, IEA
CRE upregulated	GO:2000145	regulation of cell motility	ENSMUSG00000042121	Ssh1	ISO, IEA
CRE upregulated	GO:2000145	regulation of cell motility	ENSMUSG00000050271	Prag1	ISS, ISO, IEA
CRE upregulated	GO:2000145	regulation of cell motility	ENSMUSG00000036737	Oxsr1	IMP, IBA, IEA
CRE upregulated	GO:2000145	regulation of cell motility	ENSMUSG00000031955	Bcar1	ISS, IEA
CRE upregulated	GO:2000145	regulation of cell motility	ENSMUSG00000036057	Ptpn23	IEA
CRE upregulated	GO:2000145	regulation of cell motility	ENSMUSG00000015316	Slamf1	IMP
CRE upregulated	GO:2000145	regulation of cell motility	ENSMUSG00000029765	Plxna4	IBA
CRE upregulated	GO:2000145	regulation of cell motility	ENSMUSG00000022346	Myc	ISO
CRE upregulated	GO:2000145	regulation of cell motility	ENSMUSG00000026072	Il1r1	IMP, ISO
CRE upregulated	GO:2000145	regulation of cell motility	ENSMUSG00000027954	Efna1	IDA
CRE upregulated	GO:2000145	regulation of cell motility	ENSMUSG00000024789	Jak2	ISS, ISO, IEA
CRE upregulated	GO:2000145	regulation of cell motility	ENSMUSG00000004040	ENSMUSG00000004040	IGI, IEA
CRE upregulated	GO:2000145	regulation of cell motility	ENSMUSG00000050335	Lgals3	IEA
CRE upregulated	GO:2000145	regulation of cell motility	ENSMUSG00000024190	Dusp1	IEA
CRE upregulated	GO:2000145	regulation of cell motility	ENSMUSG00000035236	Scai	IGI, IEA
CRE upregulated	GO:2000145	regulation of cell motility	ENSMUSG00000021360	ENSMUSG00000021360	IEA
CRE upregulated	GO:2000145	regulation of cell motility	ENSMUSG00000018565	Elp5	IMP
CRE upregulated	GO:2000145	regulation of cell motility	ENSMUSG00000036894	Rap2b	IDA, IBA, IEA
CRE upregulated	GO:2000145	regulation of cell motility	ENSMUSG00000064210	ENSMUSG00000064210	IMP, IEA
CRE upregulated	GO:2000145	regulation of cell motility	ENSMUSG00000028466	Creb3	IEA
CRE upregulated	GO:2000145	regulation of cell motility	ENSMUSG00000037815	Ctnna1	IMP
CRE upregulated	GO:2000145	regulation of cell motility	ENSMUSG00000025340	Rabgef1	IMP
CRE upregulated	GO:2000145	regulation of cell motility	ENSMUSG00000033350	Chst2	IMP
CRE upregulated	GO:2000145	regulation of cell motility	ENSMUSG00000004530	ENSMUSG00000004530	IMP, IEA
CRE upregulated	GO:2000145	regulation of cell motility	ENSMUSG00000044147	Arf6	IMP
CRE upregulated	GO:2000145	regulation of cell motility	ENSMUSG00000039985	Sinhcaf	ISS, IBA, NAS, IEA
CRE upregulated	GO:2000145	regulation of cell motility	ENSMUSG00000025060	ENSMUSG00000025060	IMP, IBA, IEA
CRE upregulated	GO:2000145	regulation of cell motility	ENSMUSG00000025351	Cd63	ISO
CRE upregulated	GO:2000145	regulation of cell motility	ENSMUSG00000021796	Bmpr1a	IEA
CRE upregulated	GO:2000145	regulation of cell motility	ENSMUSG00000028434	Epb41l4b	IEA
CRE upregulated	GO:2000145	regulation of cell motility	ENSMUSG00000035725	ENSMUSG00000035725	ISS, IEA
CRE upregulated	GO:2000145	regulation of cell motility	ENSMUSG00000001552	ENSMUSG00000001552	IEA
CRE upregulated	GO:2000145	regulation of cell motility	ENSMUSG00000032508	Myd88	IMP
CRE upregulated	GO:2000145	regulation of cell motility	ENSMUSG00000026864	ENSMUSG00000026864	ISS, IEA
CRE upregulated	GO:2000145	regulation of cell motility	ENSMUSG00000002633	Shh	IDA, ISO
CRE upregulated	GO:2000145	regulation of cell motility	ENSMUSG00000032462	ENSMUSG00000032462	IGI, IEA
CRE upregulated	GO:2000145	regulation of cell motility	ENSMUSG00000039671	ENSMUSG00000039671	IEA
CRE upregulated	GO:2000145	regulation of cell motility	ENSMUSG00000056050	ENSMUSG00000056050	IEA
CRE upregulated	GO:2000145	regulation of cell motility	ENSMUSG00000037411	Serpine1	IEA
CRE upregulated	GO:2000145	regulation of cell motility	ENSMUSG00000027646	ENSMUSG00000027646	ISO, IEA
CRE upregulated	GO:2000145	regulation of cell motility	ENSMUSG00000052316	ENSMUSG00000052316	IEA
CRE upregulated	GO:2000145	regulation of cell motility	ENSMUSG00000021340	ENSMUSG00000021340	IEA
CRE upregulated	GO:2000145	regulation of cell motility	ENSMUSG00000004698	ENSMUSG00000004698	IEA
CRE upregulated	GO:2000145	regulation of cell motility	ENSMUSG00000046761	ENSMUSG00000046761	ISS, IBA, IEA
CRE upregulated	GO:2000145	regulation of cell motility	ENSMUSG00000032501	Trib1	IEA
CRE upregulated	GO:2000145	regulation of cell motility	ENSMUSG00000031073	Fgf15	IBA, IEA
CRE upregulated	GO:2000145	regulation of cell motility	ENSMUSG00000036667	ENSMUSG00000036667	IEA
CRE upregulated	GO:2000145	regulation of cell motility	ENSMUSG00000015839	Nfe2l2	ISO, IEA
CRE upregulated	GO:2000145	regulation of cell motility	ENSMUSG00000000627	ENSMUSG00000000627	IBA
CRE upregulated	GO:2000145	regulation of cell motility	ENSMUSG00000053797	ENSMUSG00000053797	IEA
CRE upregulated	GO:0070848	response to growth factor	ENSMUSG00000051379	Flrt3	IMP
CRE upregulated	GO:0070848	response to growth factor	ENSMUSG00000052684	Jun	IDA
CRE upregulated	GO:0070848	response to growth factor	ENSMUSG00000063632	Sox11	IMP, IEA
CRE upregulated	GO:0070848	response to growth factor	ENSMUSG00000019647	Sema6a	IEA
CRE upregulated	GO:0070848	response to growth factor	ENSMUSG00000031574	Star	IEA
CRE upregulated	GO:0070848	response to growth factor	ENSMUSG00000004951	Hspb1	IEA
CRE upregulated	GO:0070848	response to growth factor	ENSMUSG00000025089	Gfra1	IEA
CRE upregulated	GO:0070848	response to growth factor	ENSMUSG00000021765	Fst	IGI, IBA, IEA
CRE upregulated	GO:0070848	response to growth factor	ENSMUSG00000006304	Arpc2	ISO
CRE upregulated	GO:0070848	response to growth factor	ENSMUSG00000031074	Fgf3	IEA
CRE upregulated	GO:0070848	response to growth factor	ENSMUSG00000031681	Smad1	IDA, IMP, IGI, ISS, ISO, IBA, TAS, IEA
CRE upregulated	GO:0070848	response to growth factor	ENSMUSG00000050989	Selenon	IMP
CRE upregulated	GO:0070848	response to growth factor	ENSMUSG00000005087	Cd44	IEA
CRE upregulated	GO:0070848	response to growth factor	ENSMUSG00000026836	Acvr1	IDA, IMP, ISO, IBA, TAS, IEA
CRE upregulated	GO:0070848	response to growth factor	ENSMUSG00000048482	Bdnf	IBA, IEA
CRE upregulated	GO:0070848	response to growth factor	ENSMUSG00000027198	Ext2	IMP
CRE upregulated	GO:0070848	response to growth factor	ENSMUSG00000029518	Rab35	ISS, ISO
CRE upregulated	GO:0070848	response to growth factor	ENSMUSG00000027540	Ptpn1	IGI, IEA
CRE upregulated	GO:0070848	response to growth factor	ENSMUSG00000053436	Mapk14	IEA
CRE upregulated	GO:0070848	response to growth factor	ENSMUSG00000025809	Itgb1	IEA
CRE upregulated	GO:0070848	response to growth factor	ENSMUSG00000025746	Il6	IDA
CRE upregulated	GO:0070848	response to growth factor	ENSMUSG00000022607	Ptk2	IDA
CRE upregulated	GO:0070848	response to growth factor	ENSMUSG00000037062	Sh3glb1	ISO
CRE upregulated	GO:0070848	response to growth factor	ENSMUSG00000024772	Ehd1	ISS, ISO, IEA
CRE upregulated	GO:0070848	response to growth factor	ENSMUSG00000027293	Ehd4	ISO, IEA
CRE upregulated	GO:0070848	response to growth factor	ENSMUSG00000027560	Dok5	ISO, IEA
CRE upregulated	GO:0070848	response to growth factor	ENSMUSG00000033039	Micall1	ISO
CRE upregulated	GO:0070848	response to growth factor	ENSMUSG00000059923	Grb2	IGI
CRE upregulated	GO:0070848	response to growth factor	ENSMUSG00000001507	Itga3	IEA
CRE upregulated	GO:0070848	response to growth factor	ENSMUSG00000031628	Casp3	ISO, IEA
CRE upregulated	GO:0070848	response to growth factor	ENSMUSG00000025408	Ddit3	IMP
CRE upregulated	GO:0070848	response to growth factor	ENSMUSG00000032078	Zpr1	ISS, IEA
CRE upregulated	GO:0070848	response to growth factor	ENSMUSG00000054008	Ndst1	IMP
CRE upregulated	GO:0070848	response to growth factor	ENSMUSG00000038552	Fndc4	IEA
CRE upregulated	GO:0070848	response to growth factor	ENSMUSG00000031955	Bcar1	ISS, ISO, IEA
CRE upregulated	GO:0070848	response to growth factor	ENSMUSG00000022433	Csnk1e	IEA
CRE upregulated	GO:0070848	response to growth factor	ENSMUSG00000004040	ENSMUSG00000004040	IEA
CRE upregulated	GO:0070848	response to growth factor	ENSMUSG00000029860	Zyx	IMP, IBA, IEA
CRE upregulated	GO:0070848	response to growth factor	ENSMUSG00000021360	ENSMUSG00000021360	IMP, IBA, IEA
CRE upregulated	GO:0070848	response to growth factor	ENSMUSG00000024803	Ankrd1	IEA
CRE upregulated	GO:0070848	response to growth factor	ENSMUSG00000024927	Rela	IDA, IEA
CRE upregulated	GO:0070848	response to growth factor	ENSMUSG00000025793	ENSMUSG00000025793	IEA
CRE upregulated	GO:0070848	response to growth factor	ENSMUSG00000024238	Zeb1	IGI, IEA
CRE upregulated	GO:0070848	response to growth factor	ENSMUSG00000024947	Men1	ISO, IEA
CRE upregulated	GO:0070848	response to growth factor	ENSMUSG00000024777	ENSMUSG00000024777	ISO, IEA
CRE upregulated	GO:0070848	response to growth factor	ENSMUSG00000025162	ENSMUSG00000025162	IEA
CRE upregulated	GO:0070848	response to growth factor	ENSMUSG00000028599	Tnfrsf1b	IEA
CRE upregulated	GO:0070848	response to growth factor	ENSMUSG00000044147	Arf6	ISO, IEA
CRE upregulated	GO:0070848	response to growth factor	ENSMUSG00000011877	Git1	ISO
CRE upregulated	GO:0070848	response to growth factor	ENSMUSG00000039985	Sinhcaf	NAS
CRE upregulated	GO:0070848	response to growth factor	ENSMUSG00000025351	Cd63	IMP, IBA, IEA
CRE upregulated	GO:0070848	response to growth factor	ENSMUSG00000021796	Bmpr1a	IDA, IMP, IGI, IBA, IEA
CRE upregulated	GO:0070848	response to growth factor	ENSMUSG00000039191	Rbpj	IMP
CRE upregulated	GO:0070848	response to growth factor	ENSMUSG00000004099	ENSMUSG00000004099	ISO
CRE upregulated	GO:0070848	response to growth factor	ENSMUSG00000026864	ENSMUSG00000026864	IGI
CRE upregulated	GO:0070848	response to growth factor	ENSMUSG00000032462	ENSMUSG00000032462	IEA
CRE upregulated	GO:0070848	response to growth factor	ENSMUSG00000048027	ENSMUSG00000048027	IDA, IBA
CRE upregulated	GO:0070848	response to growth factor	ENSMUSG00000020340	ENSMUSG00000020340	IMP
CRE upregulated	GO:0070848	response to growth factor	ENSMUSG00000023277	ENSMUSG00000023277	IEA
CRE upregulated	GO:0070848	response to growth factor	ENSMUSG00000019843	ENSMUSG00000019843	IDA, IGI
CRE upregulated	GO:0070848	response to growth factor	ENSMUSG00000027646	ENSMUSG00000027646	IDA, IGI, ISO, IEA
CRE upregulated	GO:0070848	response to growth factor	ENSMUSG00000042197	ENSMUSG00000042197	ISS, IEA
CRE upregulated	GO:0070848	response to growth factor	ENSMUSG00000031073	Fgf15	ISO, IBA, IEA
CRE upregulated	GO:0097190	apoptotic signaling pathway	ENSMUSG00000026628	Atf3	IEA
CRE upregulated	GO:0097190	apoptotic signaling pathway	ENSMUSG00000052684	Jun	IMP, ISO
CRE upregulated	GO:0097190	apoptotic signaling pathway	ENSMUSG00000046223	Plaur	IEA
CRE upregulated	GO:0097190	apoptotic signaling pathway	ENSMUSG00000004951	Hspb1	IDA
CRE upregulated	GO:0097190	apoptotic signaling pathway	ENSMUSG00000023905	Tnfrsf12a	IDA, IBA
CRE upregulated	GO:0097190	apoptotic signaling pathway	ENSMUSG00000030102	Itpr1	IMP
CRE upregulated	GO:0097190	apoptotic signaling pathway	ENSMUSG00000023067	Cdkn1a	IMP
CRE upregulated	GO:0097190	apoptotic signaling pathway	ENSMUSG00000005087	Cd44	IEA
CRE upregulated	GO:0097190	apoptotic signaling pathway	ENSMUSG00000026836	Acvr1	IEA
CRE upregulated	GO:0097190	apoptotic signaling pathway	ENSMUSG00000048482	Bdnf	IGI
CRE upregulated	GO:0097190	apoptotic signaling pathway	ENSMUSG00000021070	Bdkrb2	IMP, IGI
CRE upregulated	GO:0097190	apoptotic signaling pathway	ENSMUSG00000002250	Ppard	IEA
CRE upregulated	GO:0097190	apoptotic signaling pathway	ENSMUSG00000027313	Chac1	ISS, IEA
CRE upregulated	GO:0097190	apoptotic signaling pathway	ENSMUSG00000027540	Ptpn1	IMP
CRE upregulated	GO:0097190	apoptotic signaling pathway	ENSMUSG00000019461	Plscr3	ISS, IEA
CRE upregulated	GO:0097190	apoptotic signaling pathway	ENSMUSG00000028063	Lmna	IMP
CRE upregulated	GO:0097190	apoptotic signaling pathway	ENSMUSG00000030678	Maz	IEA
CRE upregulated	GO:0097190	apoptotic signaling pathway	ENSMUSG00000005370	Msh6	IMP
CRE upregulated	GO:0097190	apoptotic signaling pathway	ENSMUSG00000031078	Cttn	IGI
CRE upregulated	GO:0097190	apoptotic signaling pathway	ENSMUSG00000037062	Sh3glb1	IDA, IMP
CRE upregulated	GO:0097190	apoptotic signaling pathway	ENSMUSG00000042406	Atf4	IDA, IMP, ISO, IEA
CRE upregulated	GO:0097190	apoptotic signaling pathway	ENSMUSG00000031628	Casp3	IDA, NAS, IEA
CRE upregulated	GO:0097190	apoptotic signaling pathway	ENSMUSG00000025408	Ddit3	IDA, IMP, ISS, IBA, IEA
CRE upregulated	GO:0097190	apoptotic signaling pathway	ENSMUSG00000035199	Arl6ip5	IEA
CRE upregulated	GO:0097190	apoptotic signaling pathway	ENSMUSG00000024521	Pmaip1	IDA, IMP, IEA
CRE upregulated	GO:0097190	apoptotic signaling pathway	ENSMUSG00000022346	Myc	IDA, IMP, IEA
CRE upregulated	GO:0097190	apoptotic signaling pathway	ENSMUSG00000024789	Jak2	IDA, IMP, ISS, ISO, IEA
CRE upregulated	GO:0097190	apoptotic signaling pathway	ENSMUSG00000042292	Mrtfa	IDA
CRE upregulated	GO:0097190	apoptotic signaling pathway	ENSMUSG00000050335	Lgals3	IEA
CRE upregulated	GO:0097190	apoptotic signaling pathway	ENSMUSG00000024927	Rela	IDA, IEA
CRE upregulated	GO:0097190	apoptotic signaling pathway	ENSMUSG00000032715	Trib3	ISS, IEA
CRE upregulated	GO:0097190	apoptotic signaling pathway	ENSMUSG00000028466	Creb3	IEA
CRE upregulated	GO:0097190	apoptotic signaling pathway	ENSMUSG00000029175	Slc35f6	ISS, IEA
CRE upregulated	GO:0097190	apoptotic signaling pathway	ENSMUSG00000031668	ENSMUSG00000031668	IEA
CRE upregulated	GO:0097190	apoptotic signaling pathway	ENSMUSG00000053175	Bcl3	ISO, IEA
CRE upregulated	GO:0097190	apoptotic signaling pathway	ENSMUSG00000037815	Ctnna1	IMP
CRE upregulated	GO:0097190	apoptotic signaling pathway	ENSMUSG00000028599	Tnfrsf1b	IMP, IBA
CRE upregulated	GO:0097190	apoptotic signaling pathway	ENSMUSG00000047281	ENSMUSG00000047281	IEA
CRE upregulated	GO:0097190	apoptotic signaling pathway	ENSMUSG00000000001	ENSMUSG00000000001	ISO
CRE upregulated	GO:0097190	apoptotic signaling pathway	ENSMUSG00000040463	ENSMUSG00000040463	IEA
CRE upregulated	GO:0097190	apoptotic signaling pathway	ENSMUSG00000027997	Casp6	ISS, IEA
CRE upregulated	GO:0097190	apoptotic signaling pathway	ENSMUSG00000000787	ENSMUSG00000000787	ISS
CRE upregulated	GO:0097190	apoptotic signaling pathway	ENSMUSG00000008730	Hipk1	IGI, IBA, IEA
CRE upregulated	GO:0097190	apoptotic signaling pathway	ENSMUSG00000020097	ENSMUSG00000020097	ISS, IEA
CRE upregulated	GO:0097190	apoptotic signaling pathway	ENSMUSG00000002633	Shh	IDA
CRE upregulated	GO:0097190	apoptotic signaling pathway	ENSMUSG00000032462	ENSMUSG00000032462	IMP
CRE upregulated	GO:0097190	apoptotic signaling pathway	ENSMUSG00000037411	Serpine1	IEA
CRE upregulated	GO:0097190	apoptotic signaling pathway	ENSMUSG00000019843	ENSMUSG00000019843	ISO
CRE upregulated	GO:0097190	apoptotic signaling pathway	ENSMUSG00000027646	ENSMUSG00000027646	IBA, IEA
CRE upregulated	GO:0097190	apoptotic signaling pathway	ENSMUSG00000031642	Sh3rf1	IEA
CRE upregulated	GO:0097190	apoptotic signaling pathway	ENSMUSG00000002797	Ggct	ISS, IEA
CRE upregulated	GO:0097190	apoptotic signaling pathway	ENSMUSG00000015839	Nfe2l2	IEA
CRE upregulated	GO:0097190	apoptotic signaling pathway	ENSMUSG00000021477	ENSMUSG00000021477	IBA
CRE upregulated	GO:0097190	apoptotic signaling pathway	ENSMUSG00000054499	ENSMUSG00000054499	IBA, IEA
CRE upregulated	GO:0097190	apoptotic signaling pathway	ENSMUSG00000003541	ENSMUSG00000003541	IDA
CRE upregulated	GO:0040012	regulation of locomotion	ENSMUSG00000036390	Gadd45a	IMP, IEA
CRE upregulated	GO:0040012	regulation of locomotion	ENSMUSG00000052684	Jun	IMP
CRE upregulated	GO:0040012	regulation of locomotion	ENSMUSG00000019647	Sema6a	IMP, IBA
CRE upregulated	GO:0040012	regulation of locomotion	ENSMUSG00000004951	Hspb1	IEA
CRE upregulated	GO:0040012	regulation of locomotion	ENSMUSG00000025473	Adam8	IMP, IBA, IEA
CRE upregulated	GO:0040012	regulation of locomotion	ENSMUSG00000014599	Csf1	IGI, ISO, IEA
CRE upregulated	GO:0040012	regulation of locomotion	ENSMUSG00000020427	Igfbp3	IEA
CRE upregulated	GO:0040012	regulation of locomotion	ENSMUSG00000006304	Arpc2	ISO
CRE upregulated	GO:0040012	regulation of locomotion	ENSMUSG00000026836	Acvr1	IEA
CRE upregulated	GO:0040012	regulation of locomotion	ENSMUSG00000068566	Myadm	IEA
CRE upregulated	GO:0040012	regulation of locomotion	ENSMUSG00000002250	Ppard	ISO
CRE upregulated	GO:0040012	regulation of locomotion	ENSMUSG00000038894	Irs2	IGI
CRE upregulated	GO:0040012	regulation of locomotion	ENSMUSG00000045136	Tubb2b	ISS, IEA
CRE upregulated	GO:0040012	regulation of locomotion	ENSMUSG00000027540	Ptpn1	IEA
CRE upregulated	GO:0040012	regulation of locomotion	ENSMUSG00000043895	S1pr2	ISO
CRE upregulated	GO:0040012	regulation of locomotion	ENSMUSG00000028063	Lmna	IMP
CRE upregulated	GO:0040012	regulation of locomotion	ENSMUSG00000030678	Maz	IEA
CRE upregulated	GO:0040012	regulation of locomotion	ENSMUSG00000025809	Itgb1	ISS, ISO, IEA
CRE upregulated	GO:0040012	regulation of locomotion	ENSMUSG00000002233	Rhoc	IEA
CRE upregulated	GO:0040012	regulation of locomotion	ENSMUSG00000031078	Cttn	ISO
CRE upregulated	GO:0040012	regulation of locomotion	ENSMUSG00000022607	Ptk2	ISS, ISO, IBA
CRE upregulated	GO:0040012	regulation of locomotion	ENSMUSG00000055994	Nod2	IMP
CRE upregulated	GO:0040012	regulation of locomotion	ENSMUSG00000020580	Rock2	IEA
CRE upregulated	GO:0040012	regulation of locomotion	ENSMUSG00000021990	Spata13	IEA
CRE upregulated	GO:0040012	regulation of locomotion	ENSMUSG00000046854	Pip5kl1	IEA
CRE upregulated	GO:0040012	regulation of locomotion	ENSMUSG00000001507	Itga3	ISO, IEA
CRE upregulated	GO:0040012	regulation of locomotion	ENSMUSG00000055723	Rras2	IGI
CRE upregulated	GO:0040012	regulation of locomotion	ENSMUSG00000001847	Rac1	IMP, IBA, IEA
CRE upregulated	GO:0040012	regulation of locomotion	ENSMUSG00000042121	Ssh1	ISO, IEA
CRE upregulated	GO:0040012	regulation of locomotion	ENSMUSG00000050271	Prag1	ISS, ISO, IEA
CRE upregulated	GO:0040012	regulation of locomotion	ENSMUSG00000036737	Oxsr1	IMP, IBA, IEA
CRE upregulated	GO:0040012	regulation of locomotion	ENSMUSG00000031955	Bcar1	ISS, IEA
CRE upregulated	GO:0040012	regulation of locomotion	ENSMUSG00000036057	Ptpn23	IEA
CRE upregulated	GO:0040012	regulation of locomotion	ENSMUSG00000015316	Slamf1	IMP
CRE upregulated	GO:0040012	regulation of locomotion	ENSMUSG00000029765	Plxna4	IMP, IBA
CRE upregulated	GO:0040012	regulation of locomotion	ENSMUSG00000022346	Myc	ISO
CRE upregulated	GO:0040012	regulation of locomotion	ENSMUSG00000026072	Il1r1	IMP, ISO
CRE upregulated	GO:0040012	regulation of locomotion	ENSMUSG00000027954	Efna1	IDA
CRE upregulated	GO:0040012	regulation of locomotion	ENSMUSG00000024789	Jak2	ISS, ISO, IEA
CRE upregulated	GO:0040012	regulation of locomotion	ENSMUSG00000004040	ENSMUSG00000004040	IGI, IEA
CRE upregulated	GO:0040012	regulation of locomotion	ENSMUSG00000050335	Lgals3	IEA
CRE upregulated	GO:0040012	regulation of locomotion	ENSMUSG00000024190	Dusp1	IEA
CRE upregulated	GO:0040012	regulation of locomotion	ENSMUSG00000035236	Scai	IGI, IEA
CRE upregulated	GO:0040012	regulation of locomotion	ENSMUSG00000021360	ENSMUSG00000021360	IEA
CRE upregulated	GO:0040012	regulation of locomotion	ENSMUSG00000018565	Elp5	IMP
CRE upregulated	GO:0040012	regulation of locomotion	ENSMUSG00000036894	Rap2b	IDA, IBA, IEA
CRE upregulated	GO:0040012	regulation of locomotion	ENSMUSG00000064210	ENSMUSG00000064210	IMP, IEA
CRE upregulated	GO:0040012	regulation of locomotion	ENSMUSG00000028466	Creb3	IEA
CRE upregulated	GO:0040012	regulation of locomotion	ENSMUSG00000037815	Ctnna1	IMP
CRE upregulated	GO:0040012	regulation of locomotion	ENSMUSG00000025340	Rabgef1	IMP
CRE upregulated	GO:0040012	regulation of locomotion	ENSMUSG00000033350	Chst2	IMP
CRE upregulated	GO:0040012	regulation of locomotion	ENSMUSG00000004530	ENSMUSG00000004530	IMP, IEA
CRE upregulated	GO:0040012	regulation of locomotion	ENSMUSG00000044147	Arf6	IMP
CRE upregulated	GO:0040012	regulation of locomotion	ENSMUSG00000039985	Sinhcaf	ISS, IBA, NAS, IEA
CRE upregulated	GO:0040012	regulation of locomotion	ENSMUSG00000025060	ENSMUSG00000025060	IMP, IBA, IEA
CRE upregulated	GO:0040012	regulation of locomotion	ENSMUSG00000025351	Cd63	ISO
CRE upregulated	GO:0040012	regulation of locomotion	ENSMUSG00000021796	Bmpr1a	IEA
CRE upregulated	GO:0040012	regulation of locomotion	ENSMUSG00000028434	Epb41l4b	IEA
CRE upregulated	GO:0040012	regulation of locomotion	ENSMUSG00000035725	ENSMUSG00000035725	ISS, IEA
CRE upregulated	GO:0040012	regulation of locomotion	ENSMUSG00000001552	ENSMUSG00000001552	IEA
CRE upregulated	GO:0040012	regulation of locomotion	ENSMUSG00000032508	Myd88	IMP
CRE upregulated	GO:0040012	regulation of locomotion	ENSMUSG00000026864	ENSMUSG00000026864	ISS, IEA
CRE upregulated	GO:0040012	regulation of locomotion	ENSMUSG00000002633	Shh	IDA, ISO
CRE upregulated	GO:0040012	regulation of locomotion	ENSMUSG00000032462	ENSMUSG00000032462	IGI, IEA
CRE upregulated	GO:0040012	regulation of locomotion	ENSMUSG00000039671	ENSMUSG00000039671	IEA
CRE upregulated	GO:0040012	regulation of locomotion	ENSMUSG00000056050	ENSMUSG00000056050	IEA
CRE upregulated	GO:0040012	regulation of locomotion	ENSMUSG00000037411	Serpine1	IEA
CRE upregulated	GO:0040012	regulation of locomotion	ENSMUSG00000027646	ENSMUSG00000027646	ISO, IEA
CRE upregulated	GO:0040012	regulation of locomotion	ENSMUSG00000052316	ENSMUSG00000052316	IEA
CRE upregulated	GO:0040012	regulation of locomotion	ENSMUSG00000021340	ENSMUSG00000021340	IEA
CRE upregulated	GO:0040012	regulation of locomotion	ENSMUSG00000004698	ENSMUSG00000004698	IEA
CRE upregulated	GO:0040012	regulation of locomotion	ENSMUSG00000046761	ENSMUSG00000046761	ISS, IBA, IEA
CRE upregulated	GO:0040012	regulation of locomotion	ENSMUSG00000032501	Trib1	IEA
CRE upregulated	GO:0040012	regulation of locomotion	ENSMUSG00000031073	Fgf15	IBA, IEA
CRE upregulated	GO:0040012	regulation of locomotion	ENSMUSG00000036667	ENSMUSG00000036667	IEA
CRE upregulated	GO:0040012	regulation of locomotion	ENSMUSG00000015839	Nfe2l2	ISO, IEA
CRE upregulated	GO:0040012	regulation of locomotion	ENSMUSG00000000627	ENSMUSG00000000627	IBA
CRE upregulated	GO:0040012	regulation of locomotion	ENSMUSG00000053797	ENSMUSG00000053797	IEA
CRE upregulated	GO:0071363	cellular response to growth factor stimulus	ENSMUSG00000051379	Flrt3	IMP
CRE upregulated	GO:0071363	cellular response to growth factor stimulus	ENSMUSG00000052684	Jun	IDA
CRE upregulated	GO:0071363	cellular response to growth factor stimulus	ENSMUSG00000063632	Sox11	IMP, IEA
CRE upregulated	GO:0071363	cellular response to growth factor stimulus	ENSMUSG00000019647	Sema6a	IEA
CRE upregulated	GO:0071363	cellular response to growth factor stimulus	ENSMUSG00000031574	Star	IEA
CRE upregulated	GO:0071363	cellular response to growth factor stimulus	ENSMUSG00000004951	Hspb1	IEA
CRE upregulated	GO:0071363	cellular response to growth factor stimulus	ENSMUSG00000025089	Gfra1	IEA
CRE upregulated	GO:0071363	cellular response to growth factor stimulus	ENSMUSG00000021765	Fst	IGI, IBA, IEA
CRE upregulated	GO:0071363	cellular response to growth factor stimulus	ENSMUSG00000006304	Arpc2	ISO
CRE upregulated	GO:0071363	cellular response to growth factor stimulus	ENSMUSG00000031074	Fgf3	IEA
CRE upregulated	GO:0071363	cellular response to growth factor stimulus	ENSMUSG00000031681	Smad1	IDA, IMP, IGI, ISS, ISO, IBA, TAS, IEA
CRE upregulated	GO:0071363	cellular response to growth factor stimulus	ENSMUSG00000050989	Selenon	IMP
CRE upregulated	GO:0071363	cellular response to growth factor stimulus	ENSMUSG00000005087	Cd44	IEA
CRE upregulated	GO:0071363	cellular response to growth factor stimulus	ENSMUSG00000026836	Acvr1	IDA, IMP, ISO, IBA, TAS, IEA
CRE upregulated	GO:0071363	cellular response to growth factor stimulus	ENSMUSG00000048482	Bdnf	IBA, IEA
CRE upregulated	GO:0071363	cellular response to growth factor stimulus	ENSMUSG00000027198	Ext2	IMP
CRE upregulated	GO:0071363	cellular response to growth factor stimulus	ENSMUSG00000029518	Rab35	ISS, ISO
CRE upregulated	GO:0071363	cellular response to growth factor stimulus	ENSMUSG00000027540	Ptpn1	IGI, IEA
CRE upregulated	GO:0071363	cellular response to growth factor stimulus	ENSMUSG00000053436	Mapk14	IEA
CRE upregulated	GO:0071363	cellular response to growth factor stimulus	ENSMUSG00000025809	Itgb1	IEA
CRE upregulated	GO:0071363	cellular response to growth factor stimulus	ENSMUSG00000025746	Il6	IDA
CRE upregulated	GO:0071363	cellular response to growth factor stimulus	ENSMUSG00000022607	Ptk2	IDA
CRE upregulated	GO:0071363	cellular response to growth factor stimulus	ENSMUSG00000037062	Sh3glb1	ISO
CRE upregulated	GO:0071363	cellular response to growth factor stimulus	ENSMUSG00000024772	Ehd1	ISS, ISO, IEA
CRE upregulated	GO:0071363	cellular response to growth factor stimulus	ENSMUSG00000027293	Ehd4	ISO, IEA
CRE upregulated	GO:0071363	cellular response to growth factor stimulus	ENSMUSG00000027560	Dok5	ISO, IEA
CRE upregulated	GO:0071363	cellular response to growth factor stimulus	ENSMUSG00000033039	Micall1	ISO
CRE upregulated	GO:0071363	cellular response to growth factor stimulus	ENSMUSG00000059923	Grb2	IGI
CRE upregulated	GO:0071363	cellular response to growth factor stimulus	ENSMUSG00000001507	Itga3	IEA
CRE upregulated	GO:0071363	cellular response to growth factor stimulus	ENSMUSG00000031628	Casp3	ISO, IEA
CRE upregulated	GO:0071363	cellular response to growth factor stimulus	ENSMUSG00000032078	Zpr1	ISS, IEA
CRE upregulated	GO:0071363	cellular response to growth factor stimulus	ENSMUSG00000054008	Ndst1	IMP
CRE upregulated	GO:0071363	cellular response to growth factor stimulus	ENSMUSG00000031955	Bcar1	ISS, ISO, IEA
CRE upregulated	GO:0071363	cellular response to growth factor stimulus	ENSMUSG00000022433	Csnk1e	IEA
CRE upregulated	GO:0071363	cellular response to growth factor stimulus	ENSMUSG00000004040	ENSMUSG00000004040	IEA
CRE upregulated	GO:0071363	cellular response to growth factor stimulus	ENSMUSG00000029860	Zyx	IMP, IBA, IEA
CRE upregulated	GO:0071363	cellular response to growth factor stimulus	ENSMUSG00000021360	ENSMUSG00000021360	IMP, IBA, IEA
CRE upregulated	GO:0071363	cellular response to growth factor stimulus	ENSMUSG00000024803	Ankrd1	IEA
CRE upregulated	GO:0071363	cellular response to growth factor stimulus	ENSMUSG00000024927	Rela	IDA, IEA
CRE upregulated	GO:0071363	cellular response to growth factor stimulus	ENSMUSG00000025793	ENSMUSG00000025793	IEA
CRE upregulated	GO:0071363	cellular response to growth factor stimulus	ENSMUSG00000024238	Zeb1	IGI, IEA
CRE upregulated	GO:0071363	cellular response to growth factor stimulus	ENSMUSG00000024947	Men1	IEA
CRE upregulated	GO:0071363	cellular response to growth factor stimulus	ENSMUSG00000024777	ENSMUSG00000024777	ISO, IEA
CRE upregulated	GO:0071363	cellular response to growth factor stimulus	ENSMUSG00000025162	ENSMUSG00000025162	IEA
CRE upregulated	GO:0071363	cellular response to growth factor stimulus	ENSMUSG00000028599	Tnfrsf1b	IEA
CRE upregulated	GO:0071363	cellular response to growth factor stimulus	ENSMUSG00000044147	Arf6	ISO, IEA
CRE upregulated	GO:0071363	cellular response to growth factor stimulus	ENSMUSG00000011877	Git1	ISO
CRE upregulated	GO:0071363	cellular response to growth factor stimulus	ENSMUSG00000039985	Sinhcaf	NAS
CRE upregulated	GO:0071363	cellular response to growth factor stimulus	ENSMUSG00000025351	Cd63	IMP, IBA, IEA
CRE upregulated	GO:0071363	cellular response to growth factor stimulus	ENSMUSG00000021796	Bmpr1a	IDA, IMP, IGI, IBA, IEA
CRE upregulated	GO:0071363	cellular response to growth factor stimulus	ENSMUSG00000039191	Rbpj	IMP
CRE upregulated	GO:0071363	cellular response to growth factor stimulus	ENSMUSG00000004099	ENSMUSG00000004099	ISO
CRE upregulated	GO:0071363	cellular response to growth factor stimulus	ENSMUSG00000026864	ENSMUSG00000026864	IGI
CRE upregulated	GO:0071363	cellular response to growth factor stimulus	ENSMUSG00000032462	ENSMUSG00000032462	IEA
CRE upregulated	GO:0071363	cellular response to growth factor stimulus	ENSMUSG00000048027	ENSMUSG00000048027	IDA, IBA
CRE upregulated	GO:0071363	cellular response to growth factor stimulus	ENSMUSG00000020340	ENSMUSG00000020340	IMP
CRE upregulated	GO:0071363	cellular response to growth factor stimulus	ENSMUSG00000023277	ENSMUSG00000023277	IEA
CRE upregulated	GO:0071363	cellular response to growth factor stimulus	ENSMUSG00000019843	ENSMUSG00000019843	IDA, IGI
CRE upregulated	GO:0071363	cellular response to growth factor stimulus	ENSMUSG00000027646	ENSMUSG00000027646	IDA, IGI, ISO, IEA
CRE upregulated	GO:0071363	cellular response to growth factor stimulus	ENSMUSG00000042197	ENSMUSG00000042197	ISS, IEA
CRE upregulated	GO:0071363	cellular response to growth factor stimulus	ENSMUSG00000031073	Fgf15	ISO, IBA, IEA
CRE upregulated	GO:0001932	regulation of protein phosphorylation	ENSMUSG00000036390	Gadd45a	IMP, IEA
CRE upregulated	GO:0001932	regulation of protein phosphorylation	ENSMUSG00000052684	Jun	IMP
CRE upregulated	GO:0001932	regulation of protein phosphorylation	ENSMUSG00000004951	Hspb1	IDA, IEA
CRE upregulated	GO:0001932	regulation of protein phosphorylation	ENSMUSG00000019876	Pkib	IEA
CRE upregulated	GO:0001932	regulation of protein phosphorylation	ENSMUSG00000025089	Gfra1	ISO, IEA
CRE upregulated	GO:0001932	regulation of protein phosphorylation	ENSMUSG00000020427	Igfbp3	ISO, IEA
CRE upregulated	GO:0001932	regulation of protein phosphorylation	ENSMUSG00000023067	Cdkn1a	IMP
CRE upregulated	GO:0001932	regulation of protein phosphorylation	ENSMUSG00000030681	Mvp	IEA
CRE upregulated	GO:0001932	regulation of protein phosphorylation	ENSMUSG00000030272	Camk1	ISS
CRE upregulated	GO:0001932	regulation of protein phosphorylation	ENSMUSG00000029378	Areg	IDA
CRE upregulated	GO:0001932	regulation of protein phosphorylation	ENSMUSG00000005087	Cd44	IEA
CRE upregulated	GO:0001932	regulation of protein phosphorylation	ENSMUSG00000026836	Acvr1	IEA
CRE upregulated	GO:0001932	regulation of protein phosphorylation	ENSMUSG00000048482	Bdnf	IMP, ISO, IEA
CRE upregulated	GO:0001932	regulation of protein phosphorylation	ENSMUSG00000024256	Adcyap1	ISS, ISO, IEA
CRE upregulated	GO:0001932	regulation of protein phosphorylation	ENSMUSG00000021070	Bdkrb2	IMP
CRE upregulated	GO:0001932	regulation of protein phosphorylation	ENSMUSG00000027540	Ptpn1	IMP, IGI
CRE upregulated	GO:0001932	regulation of protein phosphorylation	ENSMUSG00000043895	S1pr2	IMP, IEA
CRE upregulated	GO:0001932	regulation of protein phosphorylation	ENSMUSG00000025809	Itgb1	ISO
CRE upregulated	GO:0001932	regulation of protein phosphorylation	ENSMUSG00000025746	Il6	ISO
CRE upregulated	GO:0001932	regulation of protein phosphorylation	ENSMUSG00000032231	Anxa2	ISO
CRE upregulated	GO:0001932	regulation of protein phosphorylation	ENSMUSG00000022607	Ptk2	ISS
CRE upregulated	GO:0001932	regulation of protein phosphorylation	ENSMUSG00000055994	Nod2	IMP
CRE upregulated	GO:0001932	regulation of protein phosphorylation	ENSMUSG00000027293	Ehd4	ISO, IEA
CRE upregulated	GO:0001932	regulation of protein phosphorylation	ENSMUSG00000046854	Pip5kl1	IEA
CRE upregulated	GO:0001932	regulation of protein phosphorylation	ENSMUSG00000040435	Ppp1r15a	IDA, ISO
CRE upregulated	GO:0001932	regulation of protein phosphorylation	ENSMUSG00000001847	Rac1	ISS
CRE upregulated	GO:0001932	regulation of protein phosphorylation	ENSMUSG00000018909	Arrb1	IMP, ISS, ISO
CRE upregulated	GO:0001932	regulation of protein phosphorylation	ENSMUSG00000033955	Tnks1bp1	IEA
CRE upregulated	GO:0001932	regulation of protein phosphorylation	ENSMUSG00000057531	Dtnbp1	IMP, ISO
CRE upregulated	GO:0001932	regulation of protein phosphorylation	ENSMUSG00000015837	Sqstm1	ISO
CRE upregulated	GO:0001932	regulation of protein phosphorylation	ENSMUSG00000053113	Socs3	IDA, IEA
CRE upregulated	GO:0001932	regulation of protein phosphorylation	ENSMUSG00000027954	Efna1	IDA, IEA
CRE upregulated	GO:0001932	regulation of protein phosphorylation	ENSMUSG00000024789	Jak2	IDA
CRE upregulated	GO:0001932	regulation of protein phosphorylation	ENSMUSG00000109511	Nup62	IMP
CRE upregulated	GO:0001932	regulation of protein phosphorylation	ENSMUSG00000024190	Dusp1	ISS
CRE upregulated	GO:0001932	regulation of protein phosphorylation	ENSMUSG00000030223	ENSMUSG00000030223	IDA
CRE upregulated	GO:0001932	regulation of protein phosphorylation	ENSMUSG00000040033	ENSMUSG00000040033	IEA
CRE upregulated	GO:0001932	regulation of protein phosphorylation	ENSMUSG00000026078	Pdcl3	ISO, IEA
CRE upregulated	GO:0001932	regulation of protein phosphorylation	ENSMUSG00000028893	Sesn2	IMP, IEA
CRE upregulated	GO:0001932	regulation of protein phosphorylation	ENSMUSG00000024947	Men1	IEA
CRE upregulated	GO:0001932	regulation of protein phosphorylation	ENSMUSG00000029071	ENSMUSG00000029071	IDA, IGI
CRE upregulated	GO:0001932	regulation of protein phosphorylation	ENSMUSG00000036894	Rap2b	IDA, IEA
CRE upregulated	GO:0001932	regulation of protein phosphorylation	ENSMUSG00000032715	Trib3	IDA, ISS
CRE upregulated	GO:0001932	regulation of protein phosphorylation	ENSMUSG00000024777	ENSMUSG00000024777	ISO, IEA
CRE upregulated	GO:0001932	regulation of protein phosphorylation	ENSMUSG00000032599	ENSMUSG00000032599	IMP
CRE upregulated	GO:0001932	regulation of protein phosphorylation	ENSMUSG00000020349	ENSMUSG00000020349	ISO
CRE upregulated	GO:0001932	regulation of protein phosphorylation	ENSMUSG00000025340	Rabgef1	IMP
CRE upregulated	GO:0001932	regulation of protein phosphorylation	ENSMUSG00000033159	ENSMUSG00000033159	IEA
CRE upregulated	GO:0001932	regulation of protein phosphorylation	ENSMUSG00000004530	ENSMUSG00000004530	IEA
CRE upregulated	GO:0001932	regulation of protein phosphorylation	ENSMUSG00000000787	ENSMUSG00000000787	ISS
CRE upregulated	GO:0001932	regulation of protein phosphorylation	ENSMUSG00000038676	Ucn	ISO
CRE upregulated	GO:0001932	regulation of protein phosphorylation	ENSMUSG00000027944	Hax1	IEA
CRE upregulated	GO:0001932	regulation of protein phosphorylation	ENSMUSG00000019843	ENSMUSG00000019843	IMP, IGI
CRE upregulated	GO:0001932	regulation of protein phosphorylation	ENSMUSG00000027646	ENSMUSG00000027646	IGI, ISO, IEA
CRE upregulated	GO:0001932	regulation of protein phosphorylation	ENSMUSG00000032501	Trib1	ISS
CRE upregulated	GO:0001932	regulation of protein phosphorylation	ENSMUSG00000003119	ENSMUSG00000003119	ISS
CRE upregulated	GO:0001932	regulation of protein phosphorylation	ENSMUSG00000055067	ENSMUSG00000055067	IMP
CRE upregulated	GO:0001932	regulation of protein phosphorylation	ENSMUSG00000031073	Fgf15	IEA
CRE upregulated	GO:0048699	generation of neurons	ENSMUSG00000051379	Flrt3	IMP, ISS, ISO, IEA
CRE upregulated	GO:0048699	generation of neurons	ENSMUSG00000052684	Jun	IMP
CRE upregulated	GO:0048699	generation of neurons	ENSMUSG00000063632	Sox11	IDA, IMP, ISO, IBA, IEA
CRE upregulated	GO:0048699	generation of neurons	ENSMUSG00000019647	Sema6a	IMP, IBA, NAS
CRE upregulated	GO:0048699	generation of neurons	ENSMUSG00000004951	Hspb1	ISO
CRE upregulated	GO:0048699	generation of neurons	ENSMUSG00000022044	Stmn4	IBA
CRE upregulated	GO:0048699	generation of neurons	ENSMUSG00000046731	Kctd11	IDA, IBA
CRE upregulated	GO:0048699	generation of neurons	ENSMUSG00000023905	Tnfrsf12a	IDA
CRE upregulated	GO:0048699	generation of neurons	ENSMUSG00000030102	Itpr1	ISO
CRE upregulated	GO:0048699	generation of neurons	ENSMUSG00000025089	Gfra1	ISO, IEA
CRE upregulated	GO:0048699	generation of neurons	ENSMUSG00000037705	Tecta	IGI
CRE upregulated	GO:0048699	generation of neurons	ENSMUSG00000030272	Camk1	ISS, IEA
CRE upregulated	GO:0048699	generation of neurons	ENSMUSG00000024261	Syt4	IEA
CRE upregulated	GO:0048699	generation of neurons	ENSMUSG00000029378	Areg	ISO, IEA
CRE upregulated	GO:0048699	generation of neurons	ENSMUSG00000042688	Mapk6	IGI
CRE upregulated	GO:0048699	generation of neurons	ENSMUSG00000048482	Bdnf	IDA, IMP, IGI, ISO, IBA, IEA
CRE upregulated	GO:0048699	generation of neurons	ENSMUSG00000024256	Adcyap1	ISS, ISO, IBA, IEA
CRE upregulated	GO:0048699	generation of neurons	ENSMUSG00000018736	Ndel1	IMP, IGI, ISO, IBA
CRE upregulated	GO:0048699	generation of neurons	ENSMUSG00000018507	Trpv2	IMP
CRE upregulated	GO:0048699	generation of neurons	ENSMUSG00000037568	Vash2	ISS, IEA
CRE upregulated	GO:0048699	generation of neurons	ENSMUSG00000005069	Pex5	IMP
CRE upregulated	GO:0048699	generation of neurons	ENSMUSG00000029518	Rab35	IMP
CRE upregulated	GO:0048699	generation of neurons	ENSMUSG00000045136	Tubb2b	ISS, ISO, IEA
CRE upregulated	GO:0048699	generation of neurons	ENSMUSG00000054855	Rnd1	IEA
CRE upregulated	GO:0048699	generation of neurons	ENSMUSG00000029201	Ugdh	ISS, IEA
CRE upregulated	GO:0048699	generation of neurons	ENSMUSG00000027540	Ptpn1	IEA
CRE upregulated	GO:0048699	generation of neurons	ENSMUSG00000029121	Crmp1	IEA
CRE upregulated	GO:0048699	generation of neurons	ENSMUSG00000025809	Itgb1	IMP, IGI, ISO
CRE upregulated	GO:0048699	generation of neurons	ENSMUSG00000028156	Eif4e	IMP
CRE upregulated	GO:0048699	generation of neurons	ENSMUSG00000023030	Slc11a2	IMP
CRE upregulated	GO:0048699	generation of neurons	ENSMUSG00000013089	Etv5	ISO, IEA
CRE upregulated	GO:0048699	generation of neurons	ENSMUSG00000025746	Il6	ISO
CRE upregulated	GO:0048699	generation of neurons	ENSMUSG00000031078	Cttn	ISS, ISO
CRE upregulated	GO:0048699	generation of neurons	ENSMUSG00000022607	Ptk2	IDA, IMP
CRE upregulated	GO:0048699	generation of neurons	ENSMUSG00000037062	Sh3glb1	ISO
CRE upregulated	GO:0048699	generation of neurons	ENSMUSG00000024772	Ehd1	ISS, ISO, IEA
CRE upregulated	GO:0048699	generation of neurons	ENSMUSG00000027560	Dok5	IDA
CRE upregulated	GO:0048699	generation of neurons	ENSMUSG00000033039	Micall1	IMP, ISO
CRE upregulated	GO:0048699	generation of neurons	ENSMUSG00000042406	Atf4	IEA
CRE upregulated	GO:0048699	generation of neurons	ENSMUSG00000055078	Gabra5	IMP
CRE upregulated	GO:0048699	generation of neurons	ENSMUSG00000017929	B4galt5	IMP
CRE upregulated	GO:0048699	generation of neurons	ENSMUSG00000020838	Slc6a4	ISO, IEA
CRE upregulated	GO:0048699	generation of neurons	ENSMUSG00000001507	Itga3	IMP, ISO, IEA
CRE upregulated	GO:0048699	generation of neurons	ENSMUSG00000031628	Casp3	ISO, IBA, IEA
CRE upregulated	GO:0048699	generation of neurons	ENSMUSG00000032078	Zpr1	IMP, IBA, IEA
CRE upregulated	GO:0048699	generation of neurons	ENSMUSG00000055407	Map6	ISS, ISO, IBA, IEA
CRE upregulated	GO:0048699	generation of neurons	ENSMUSG00000001847	Rac1	IDA, IMP, IGI, IBA, IEA
CRE upregulated	GO:0048699	generation of neurons	ENSMUSG00000050271	Prag1	ISS, ISO, IEA
CRE upregulated	GO:0048699	generation of neurons	ENSMUSG00000030077	Chl1	IDA, IMP, IEA
CRE upregulated	GO:0048699	generation of neurons	ENSMUSG00000026317	Cln8	IMP
CRE upregulated	GO:0048699	generation of neurons	ENSMUSG00000044667	Plppr4	ISO, IBA
CRE upregulated	GO:0048699	generation of neurons	ENSMUSG00000057531	Dtnbp1	IDA, IMP, ISS, ISO, IBA, NAS, IEA
CRE upregulated	GO:0048699	generation of neurons	ENSMUSG00000030309	Caprin2	IMP
CRE upregulated	GO:0048699	generation of neurons	ENSMUSG00000001627	Ifrd1	IGI
CRE upregulated	GO:0048699	generation of neurons	ENSMUSG00000029765	Plxna4	IMP, IGI, IBA
CRE upregulated	GO:0048699	generation of neurons	ENSMUSG00000026072	Il1r1	ISO
CRE upregulated	GO:0048699	generation of neurons	ENSMUSG00000027954	Efna1	IDA, IBA
CRE upregulated	GO:0048699	generation of neurons	ENSMUSG00000024789	Jak2	ISS, ISO, IEA
CRE upregulated	GO:0048699	generation of neurons	ENSMUSG00000004040	ENSMUSG00000004040	IMP, IGI
CRE upregulated	GO:0048699	generation of neurons	ENSMUSG00000042292	Mrtfa	IGI
CRE upregulated	GO:0048699	generation of neurons	ENSMUSG00000022602	Arc	ISO, IEA
CRE upregulated	GO:0048699	generation of neurons	ENSMUSG00000020027	Socs2	IDA
CRE upregulated	GO:0048699	generation of neurons	ENSMUSG00000063919	Srrm4	IBA
CRE upregulated	GO:0048699	generation of neurons	ENSMUSG00000030223	ENSMUSG00000030223	IMP, IBA
CRE upregulated	GO:0048699	generation of neurons	ENSMUSG00000027797	Dclk1	IMP, IGI, IBA, IEA
CRE upregulated	GO:0048699	generation of neurons	ENSMUSG00000036882	ENSMUSG00000036882	ISO, IEA
CRE upregulated	GO:0048699	generation of neurons	ENSMUSG00000024803	Ankrd1	ISO
CRE upregulated	GO:0048699	generation of neurons	ENSMUSG00000023915	Tnfrsf21	ISO, IEA
CRE upregulated	GO:0048699	generation of neurons	ENSMUSG00000027692	Tnik	ISS, ISO, IBA, IEA
CRE upregulated	GO:0048699	generation of neurons	ENSMUSG00000024238	Zeb1	IDA
CRE upregulated	GO:0048699	generation of neurons	ENSMUSG00000029071	ENSMUSG00000029071	IDA, IMP, ISO, IEA
CRE upregulated	GO:0048699	generation of neurons	ENSMUSG00000024777	ENSMUSG00000024777	ISO, IEA
CRE upregulated	GO:0048699	generation of neurons	ENSMUSG00000026074	Map4k4	IEA
CRE upregulated	GO:0048699	generation of neurons	ENSMUSG00000025162	ENSMUSG00000025162	IGI
CRE upregulated	GO:0048699	generation of neurons	ENSMUSG00000031278	ENSMUSG00000031278	ISO, IBA
CRE upregulated	GO:0048699	generation of neurons	ENSMUSG00000037815	Ctnna1	IMP, IGI, IEA
CRE upregulated	GO:0048699	generation of neurons	ENSMUSG00000044147	Arf6	IMP, ISO, IBA, IEA
CRE upregulated	GO:0048699	generation of neurons	ENSMUSG00000011877	Git1	IMP, ISO
CRE upregulated	GO:0048699	generation of neurons	ENSMUSG00000008435	Rdh13	IMP
CRE upregulated	GO:0048699	generation of neurons	ENSMUSG00000062234	ENSMUSG00000062234	IEA
CRE upregulated	GO:0048699	generation of neurons	ENSMUSG00000021796	Bmpr1a	IGI
CRE upregulated	GO:0048699	generation of neurons	ENSMUSG00000039191	Rbpj	IMP
CRE upregulated	GO:0048699	generation of neurons	ENSMUSG00000039844	ENSMUSG00000039844	ISO, IEA
CRE upregulated	GO:0048699	generation of neurons	ENSMUSG00000020671	ENSMUSG00000020671	ISS, ISO
CRE upregulated	GO:0048699	generation of neurons	ENSMUSG00000027997	Casp6	ISO
CRE upregulated	GO:0048699	generation of neurons	ENSMUSG00000020594	ENSMUSG00000020594	ISO, IEA
CRE upregulated	GO:0048699	generation of neurons	ENSMUSG00000008730	Hipk1	IMP
CRE upregulated	GO:0048699	generation of neurons	ENSMUSG00000038676	Ucn	ISO, IEA
CRE upregulated	GO:0048699	generation of neurons	ENSMUSG00000026864	ENSMUSG00000026864	ISO
CRE upregulated	GO:0048699	generation of neurons	ENSMUSG00000002633	Shh	IDA, IMP, IGI, ISO, TAS, IEA
CRE upregulated	GO:0048699	generation of neurons	ENSMUSG00000039671	ENSMUSG00000039671	ISO, IEA
CRE upregulated	GO:0048699	generation of neurons	ENSMUSG00000020340	ENSMUSG00000020340	IMP, IBA
CRE upregulated	GO:0048699	generation of neurons	ENSMUSG00000023277	ENSMUSG00000023277	IBA, IEA
CRE upregulated	GO:0048699	generation of neurons	ENSMUSG00000019843	ENSMUSG00000019843	IMP, IGI
CRE upregulated	GO:0048699	generation of neurons	ENSMUSG00000004698	ENSMUSG00000004698	IEA
CRE upregulated	GO:0048699	generation of neurons	ENSMUSG00000053825	ENSMUSG00000053825	IEA
CRE upregulated	GO:0048699	generation of neurons	ENSMUSG00000047261	ENSMUSG00000047261	IMP, IBA
CRE upregulated	GO:0048699	generation of neurons	ENSMUSG00000027433	ENSMUSG00000027433	IEA
CRE upregulated	GO:0048699	generation of neurons	ENSMUSG00000015839	Nfe2l2	ISO, IEA
CRE upregulated	GO:0048699	generation of neurons	ENSMUSG00000049550	ENSMUSG00000049550	ISO
CRE upregulated	GO:0048699	generation of neurons	ENSMUSG00000000627	ENSMUSG00000000627	ISO, IBA, IEA
CRE upregulated	GO:0048699	generation of neurons	ENSMUSG00000069227	ENSMUSG00000069227	IDA, IBA
CRE upregulated	GO:0048699	generation of neurons	ENSMUSG00000054204	ENSMUSG00000054204	ISS, IEA
CRE upregulated	GO:0009605	response to external stimulus	ENSMUSG00000036390	Gadd45a	IEA
CRE upregulated	GO:0009605	response to external stimulus	ENSMUSG00000051379	Flrt3	IEA
CRE upregulated	GO:0009605	response to external stimulus	ENSMUSG00000052684	Jun	IDA, IEP
CRE upregulated	GO:0009605	response to external stimulus	ENSMUSG00000019647	Sema6a	IBA
CRE upregulated	GO:0009605	response to external stimulus	ENSMUSG00000037428	Vgf	IEA
CRE upregulated	GO:0009605	response to external stimulus	ENSMUSG00000046223	Plaur	NAS
CRE upregulated	GO:0009605	response to external stimulus	ENSMUSG00000031574	Star	IEA
CRE upregulated	GO:0009605	response to external stimulus	ENSMUSG00000004951	Hspb1	ISS, IEA
CRE upregulated	GO:0009605	response to external stimulus	ENSMUSG00000046688	Tifa	ISS, IBA, IEA
CRE upregulated	GO:0009605	response to external stimulus	ENSMUSG00000025473	Adam8	IDA, IMP
CRE upregulated	GO:0009605	response to external stimulus	ENSMUSG00000037447	Arid5a	IMP, IEA
CRE upregulated	GO:0009605	response to external stimulus	ENSMUSG00000033902	Mapkbp1	IEA
CRE upregulated	GO:0009605	response to external stimulus	ENSMUSG00000030748	Il4ra	IMP
CRE upregulated	GO:0009605	response to external stimulus	ENSMUSG00000014599	Csf1	IEA
CRE upregulated	GO:0009605	response to external stimulus	ENSMUSG00000024404	Riok3	IEA
CRE upregulated	GO:0009605	response to external stimulus	ENSMUSG00000035673	Sbno2	IDA, IMP, IBA, IEA
CRE upregulated	GO:0009605	response to external stimulus	ENSMUSG00000030095	Tmem43	IEA
CRE upregulated	GO:0009605	response to external stimulus	ENSMUSG00000028793	Rnf19b	IMP
CRE upregulated	GO:0009605	response to external stimulus	ENSMUSG00000026670	Uap1	IEA
CRE upregulated	GO:0009605	response to external stimulus	ENSMUSG00000021400	Wrnip1	IEA
CRE upregulated	GO:0009605	response to external stimulus	ENSMUSG00000024256	Adcyap1	ISO, IEA
CRE upregulated	GO:0009605	response to external stimulus	ENSMUSG00000018736	Ndel1	ISO
CRE upregulated	GO:0009605	response to external stimulus	ENSMUSG00000002250	Ppard	IMP, ISO, IBA, IEA
CRE upregulated	GO:0009605	response to external stimulus	ENSMUSG00000044734	Serpinb1a	IDA
CRE upregulated	GO:0009605	response to external stimulus	ENSMUSG00000025337	Sbds	IEA
CRE upregulated	GO:0009605	response to external stimulus	ENSMUSG00000045136	Tubb2b	ISS, IEA
CRE upregulated	GO:0009605	response to external stimulus	ENSMUSG00000019461	Plscr3	IEP
CRE upregulated	GO:0009605	response to external stimulus	ENSMUSG00000011179	Odc1	IEA
CRE upregulated	GO:0009605	response to external stimulus	ENSMUSG00000051343	Rab11fip5	IDA
CRE upregulated	GO:0009605	response to external stimulus	ENSMUSG00000026254	Eif4e2	IEA
CRE upregulated	GO:0009605	response to external stimulus	ENSMUSG00000028645	Slc2a1	IEA
CRE upregulated	GO:0009605	response to external stimulus	ENSMUSG00000053436	Mapk14	IDA, IMP, ISO, IEA
CRE upregulated	GO:0009605	response to external stimulus	ENSMUSG00000040025	Ythdf2	ISS, IEA
CRE upregulated	GO:0009605	response to external stimulus	ENSMUSG00000022043	Trim35	IEA
CRE upregulated	GO:0009605	response to external stimulus	ENSMUSG00000011008	Mcoln2	IEA
CRE upregulated	GO:0009605	response to external stimulus	ENSMUSG00000015243	Abca1	IDA
CRE upregulated	GO:0009605	response to external stimulus	ENSMUSG00000025139	Tollip	IEA
CRE upregulated	GO:0009605	response to external stimulus	ENSMUSG00000025746	Il6	IDA, IMP, ISO
CRE upregulated	GO:0009605	response to external stimulus	ENSMUSG00000032231	Anxa2	IMP
CRE upregulated	GO:0009605	response to external stimulus	ENSMUSG00000031078	Cttn	ISO
CRE upregulated	GO:0009605	response to external stimulus	ENSMUSG00000055994	Nod2	IDA, IMP, IGI, ISS, ISO, IBA, IEA
CRE upregulated	GO:0009605	response to external stimulus	ENSMUSG00000024014	Pim1	ISS, IEA
CRE upregulated	GO:0009605	response to external stimulus	ENSMUSG00000059923	Grb2	IEA
CRE upregulated	GO:0009605	response to external stimulus	ENSMUSG00000042726	Trafd1	IMP, IBA
CRE upregulated	GO:0009605	response to external stimulus	ENSMUSG00000031628	Casp3	IEA
CRE upregulated	GO:0009605	response to external stimulus	ENSMUSG00000001847	Rac1	IDA, IMP, ISO, IBA, IEA
CRE upregulated	GO:0009605	response to external stimulus	ENSMUSG00000018909	Arrb1	IMP
CRE upregulated	GO:0009605	response to external stimulus	ENSMUSG00000024349	Sting1	IDA, IMP, IGI, ISS, ISO, IBA, IEA
CRE upregulated	GO:0009605	response to external stimulus	ENSMUSG00000074115	Saa1	IEP
CRE upregulated	GO:0009605	response to external stimulus	ENSMUSG00000038552	Fndc4	IDA, IBA, IEA
CRE upregulated	GO:0009605	response to external stimulus	ENSMUSG00000015837	Sqstm1	IEA
CRE upregulated	GO:0009605	response to external stimulus	ENSMUSG00000034783	Cd207	IEA
CRE upregulated	GO:0009605	response to external stimulus	ENSMUSG00000036737	Oxsr1	IMP, IBA, IEA
CRE upregulated	GO:0009605	response to external stimulus	ENSMUSG00000037580	Gch1	TAS, IEA
CRE upregulated	GO:0009605	response to external stimulus	ENSMUSG00000023087	Noct	IDA
CRE upregulated	GO:0009605	response to external stimulus	ENSMUSG00000031955	Bcar1	IEA
CRE upregulated	GO:0009605	response to external stimulus	ENSMUSG00000015316	Slamf1	IMP, IEA
CRE upregulated	GO:0009605	response to external stimulus	ENSMUSG00000029765	Plxna4	IMP
CRE upregulated	GO:0009605	response to external stimulus	ENSMUSG00000022346	Myc	IMP
CRE upregulated	GO:0009605	response to external stimulus	ENSMUSG00000053113	Socs3	IGI
CRE upregulated	GO:0009605	response to external stimulus	ENSMUSG00000026072	Il1r1	IMP, IBA
CRE upregulated	GO:0009605	response to external stimulus	ENSMUSG00000024789	Jak2	IDA, ISS, ISO, IEA
CRE upregulated	GO:0009605	response to external stimulus	ENSMUSG00000004040	ENSMUSG00000004040	IDA, IEA
CRE upregulated	GO:0009605	response to external stimulus	ENSMUSG00000029578	Wipi2	IPI
CRE upregulated	GO:0009605	response to external stimulus	ENSMUSG00000029135	Fosl2	IDA, IMP
CRE upregulated	GO:0009605	response to external stimulus	ENSMUSG00000036990	Otud4	IDA, IBA, IEA
CRE upregulated	GO:0009605	response to external stimulus	ENSMUSG00000029860	Zyx	IDA
CRE upregulated	GO:0009605	response to external stimulus	ENSMUSG00000029826	Zc3hav1	ISS, ISO, IBA, TAS, IEA
CRE upregulated	GO:0009605	response to external stimulus	ENSMUSG00000050335	Lgals3	IEA
CRE upregulated	GO:0009605	response to external stimulus	ENSMUSG00000024190	Dusp1	IEA
CRE upregulated	GO:0009605	response to external stimulus	ENSMUSG00000030223	ENSMUSG00000030223	ISS, IEA
CRE upregulated	GO:0009605	response to external stimulus	ENSMUSG00000027797	Dclk1	IEA
CRE upregulated	GO:0009605	response to external stimulus	ENSMUSG00000059866	Tnip2	IMP, IBA
CRE upregulated	GO:0009605	response to external stimulus	ENSMUSG00000033545	Znrf1	IEA
CRE upregulated	GO:0009605	response to external stimulus	ENSMUSG00000040033	ENSMUSG00000040033	IEA
CRE upregulated	GO:0009605	response to external stimulus	ENSMUSG00000024803	Ankrd1	IDA, IEA
CRE upregulated	GO:0009605	response to external stimulus	ENSMUSG00000024912	Fosl1	IMP, IEA
CRE upregulated	GO:0009605	response to external stimulus	ENSMUSG00000024927	Rela	IDA, IMP, IEP, ISO, IBA, IEA
CRE upregulated	GO:0009605	response to external stimulus	ENSMUSG00000038591	Colec10	IEA
CRE upregulated	GO:0009605	response to external stimulus	ENSMUSG00000025279	ENSMUSG00000025279	IDA
CRE upregulated	GO:0009605	response to external stimulus	ENSMUSG00000029071	ENSMUSG00000029071	IMP
CRE upregulated	GO:0009605	response to external stimulus	ENSMUSG00000064210	ENSMUSG00000064210	IMP, IEA
CRE upregulated	GO:0009605	response to external stimulus	ENSMUSG00000035594	Chrna5	ISO
CRE upregulated	GO:0009605	response to external stimulus	ENSMUSG00000040365	Trim41	ISS, IEA
CRE upregulated	GO:0009605	response to external stimulus	ENSMUSG00000028466	Creb3	IEA
CRE upregulated	GO:0009605	response to external stimulus	ENSMUSG00000053175	Bcl3	IMP, IEA
CRE upregulated	GO:0009605	response to external stimulus	ENSMUSG00000020349	ENSMUSG00000020349	IMP
CRE upregulated	GO:0009605	response to external stimulus	ENSMUSG00000024517	Grp	IMP
CRE upregulated	GO:0009605	response to external stimulus	ENSMUSG00000025340	Rabgef1	IMP
CRE upregulated	GO:0009605	response to external stimulus	ENSMUSG00000029752	ENSMUSG00000029752	IEA
CRE upregulated	GO:0009605	response to external stimulus	ENSMUSG00000021587	Pcsk1	IEA
CRE upregulated	GO:0009605	response to external stimulus	ENSMUSG00000028599	Tnfrsf1b	IMP, IGI, IBA, IEA
CRE upregulated	GO:0009605	response to external stimulus	ENSMUSG00000044147	Arf6	NAS
CRE upregulated	GO:0009605	response to external stimulus	ENSMUSG00000030662	ENSMUSG00000030662	IEA
CRE upregulated	GO:0009605	response to external stimulus	ENSMUSG00000011877	Git1	IMP
CRE upregulated	GO:0009605	response to external stimulus	ENSMUSG00000025060	ENSMUSG00000025060	ISO
CRE upregulated	GO:0009605	response to external stimulus	ENSMUSG00000047281	ENSMUSG00000047281	ISS, IEA
CRE upregulated	GO:0009605	response to external stimulus	ENSMUSG00000025351	Cd63	ISS, IEA
CRE upregulated	GO:0009605	response to external stimulus	ENSMUSG00000019842	ENSMUSG00000019842	IEA
CRE upregulated	GO:0009605	response to external stimulus	ENSMUSG00000070056	ENSMUSG00000070056	IMP, ISS, IEA
CRE upregulated	GO:0009605	response to external stimulus	ENSMUSG00000041598	Cdc42ep4	IDA
CRE upregulated	GO:0009605	response to external stimulus	ENSMUSG00000045664	Cdc42ep2	IDA
CRE upregulated	GO:0009605	response to external stimulus	ENSMUSG00000037860	Aim2	IDA, IMP, IBA, NAS, IEA
CRE upregulated	GO:0009605	response to external stimulus	ENSMUSG00000039191	Rbpj	IMP
CRE upregulated	GO:0009605	response to external stimulus	ENSMUSG00000019256	ENSMUSG00000019256	IEA
CRE upregulated	GO:0009605	response to external stimulus	ENSMUSG00000001552	ENSMUSG00000001552	IEA
CRE upregulated	GO:0009605	response to external stimulus	ENSMUSG00000040010	Slc7a5	IEA
CRE upregulated	GO:0009605	response to external stimulus	ENSMUSG00000076434	ENSMUSG00000076434	IBA
CRE upregulated	GO:0009605	response to external stimulus	ENSMUSG00000027997	Casp6	ISS, IEA
CRE upregulated	GO:0009605	response to external stimulus	ENSMUSG00000058354	Krt6a	IMP
CRE upregulated	GO:0009605	response to external stimulus	ENSMUSG00000020594	ENSMUSG00000020594	ISO, IEA
CRE upregulated	GO:0009605	response to external stimulus	ENSMUSG00000020448	Rnf185	ISS, IEA
CRE upregulated	GO:0009605	response to external stimulus	ENSMUSG00000000787	ENSMUSG00000000787	IDA, ISS, IEA
CRE upregulated	GO:0009605	response to external stimulus	ENSMUSG00000022948	Setd4	IDA
CRE upregulated	GO:0009605	response to external stimulus	ENSMUSG00000038676	Ucn	IMP
CRE upregulated	GO:0009605	response to external stimulus	ENSMUSG00000037553	ENSMUSG00000037553	ISS, IEA
CRE upregulated	GO:0009605	response to external stimulus	ENSMUSG00000025403	ENSMUSG00000025403	IEA
CRE upregulated	GO:0009605	response to external stimulus	ENSMUSG00000028826	ENSMUSG00000028826	IBA
CRE upregulated	GO:0009605	response to external stimulus	ENSMUSG00000032508	Myd88	IMP, IGI, ISS, IBA, IEA
CRE upregulated	GO:0009605	response to external stimulus	ENSMUSG00000021072	Tmx1	IMP, IEA
CRE upregulated	GO:0009605	response to external stimulus	ENSMUSG00000002633	Shh	ISO
CRE upregulated	GO:0009605	response to external stimulus	ENSMUSG00000004270	ENSMUSG00000004270	IMP
CRE upregulated	GO:0009605	response to external stimulus	ENSMUSG00000038250	ENSMUSG00000038250	IEA
CRE upregulated	GO:0009605	response to external stimulus	ENSMUSG00000028291	ENSMUSG00000028291	IMP, IBA, IEA
CRE upregulated	GO:0009605	response to external stimulus	ENSMUSG00000050108	Bpifc	IEA
CRE upregulated	GO:0009605	response to external stimulus	ENSMUSG00000037411	Serpine1	IEA
CRE upregulated	GO:0009605	response to external stimulus	ENSMUSG00000019843	ENSMUSG00000019843	IMP, IBA
CRE upregulated	GO:0009605	response to external stimulus	ENSMUSG00000020755	ENSMUSG00000020755	IEA
CRE upregulated	GO:0009605	response to external stimulus	ENSMUSG00000027646	ENSMUSG00000027646	IBA, IEA
CRE upregulated	GO:0009605	response to external stimulus	ENSMUSG00000052316	ENSMUSG00000052316	IEA
CRE upregulated	GO:0009605	response to external stimulus	ENSMUSG00000032501	Trib1	IMP, IEA
CRE upregulated	GO:0009605	response to external stimulus	ENSMUSG00000019726	ENSMUSG00000019726	IEA
CRE upregulated	GO:0009605	response to external stimulus	ENSMUSG00000047261	ENSMUSG00000047261	IEA
CRE upregulated	GO:0009605	response to external stimulus	ENSMUSG00000031073	Fgf15	IEP
CRE upregulated	GO:0009605	response to external stimulus	ENSMUSG00000015839	Nfe2l2	IMP
CRE upregulated	GO:0009605	response to external stimulus	ENSMUSG00000000627	ENSMUSG00000000627	IBA
CRE upregulated	GO:0009605	response to external stimulus	ENSMUSG00000053797	ENSMUSG00000053797	IMP, IEA
CRE upregulated	GO:0009605	response to external stimulus	ENSMUSG00000003541	ENSMUSG00000003541	IMP
CRE upregulated	GO:0007167	enzyme-linked receptor protein signaling pathway	ENSMUSG00000051379	Flrt3	IMP
CRE upregulated	GO:0007167	enzyme-linked receptor protein signaling pathway	ENSMUSG00000052684	Jun	IDA
CRE upregulated	GO:0007167	enzyme-linked receptor protein signaling pathway	ENSMUSG00000063632	Sox11	IMP, IEA
CRE upregulated	GO:0007167	enzyme-linked receptor protein signaling pathway	ENSMUSG00000019647	Sema6a	IEA
CRE upregulated	GO:0007167	enzyme-linked receptor protein signaling pathway	ENSMUSG00000046223	Plaur	IEA
CRE upregulated	GO:0007167	enzyme-linked receptor protein signaling pathway	ENSMUSG00000004951	Hspb1	IEA
CRE upregulated	GO:0007167	enzyme-linked receptor protein signaling pathway	ENSMUSG00000024143	Rhoq	IEA
CRE upregulated	GO:0007167	enzyme-linked receptor protein signaling pathway	ENSMUSG00000032515	Csrnp1	IMP
CRE upregulated	GO:0007167	enzyme-linked receptor protein signaling pathway	ENSMUSG00000025089	Gfra1	ISS, TAS, IEA
CRE upregulated	GO:0007167	enzyme-linked receptor protein signaling pathway	ENSMUSG00000021765	Fst	IGI, IBA, IEA
CRE upregulated	GO:0007167	enzyme-linked receptor protein signaling pathway	ENSMUSG00000014599	Csf1	IEA
CRE upregulated	GO:0007167	enzyme-linked receptor protein signaling pathway	ENSMUSG00000020427	Igfbp3	IGI, IBA
CRE upregulated	GO:0007167	enzyme-linked receptor protein signaling pathway	ENSMUSG00000030681	Mvp	IEA
CRE upregulated	GO:0007167	enzyme-linked receptor protein signaling pathway	ENSMUSG00000031074	Fgf3	IEA
CRE upregulated	GO:0007167	enzyme-linked receptor protein signaling pathway	ENSMUSG00000031681	Smad1	IDA, IMP, IGI, ISS, ISO, IBA, TAS, IEA
CRE upregulated	GO:0007167	enzyme-linked receptor protein signaling pathway	ENSMUSG00000050989	Selenon	IMP
CRE upregulated	GO:0007167	enzyme-linked receptor protein signaling pathway	ENSMUSG00000032939	Nup93	IDA, IEA
CRE upregulated	GO:0007167	enzyme-linked receptor protein signaling pathway	ENSMUSG00000029378	Areg	IGI, ISO, IBA, IEA
CRE upregulated	GO:0007167	enzyme-linked receptor protein signaling pathway	ENSMUSG00000026836	Acvr1	IDA, IMP, ISO, IBA, TAS, IEA
CRE upregulated	GO:0007167	enzyme-linked receptor protein signaling pathway	ENSMUSG00000048482	Bdnf	IBA, IEA
CRE upregulated	GO:0007167	enzyme-linked receptor protein signaling pathway	ENSMUSG00000018736	Ndel1	IDA
CRE upregulated	GO:0007167	enzyme-linked receptor protein signaling pathway	ENSMUSG00000021501	Caml	IDA
CRE upregulated	GO:0007167	enzyme-linked receptor protein signaling pathway	ENSMUSG00000038894	Irs2	IDA, IMP, ISO, IBA, IEA
CRE upregulated	GO:0007167	enzyme-linked receptor protein signaling pathway	ENSMUSG00000027540	Ptpn1	IMP, IGI, ISO, IEA
CRE upregulated	GO:0007167	enzyme-linked receptor protein signaling pathway	ENSMUSG00000053436	Mapk14	IGI, IEA
CRE upregulated	GO:0007167	enzyme-linked receptor protein signaling pathway	ENSMUSG00000025809	Itgb1	IEA
CRE upregulated	GO:0007167	enzyme-linked receptor protein signaling pathway	ENSMUSG00000022607	Ptk2	ISS, IBA
CRE upregulated	GO:0007167	enzyme-linked receptor protein signaling pathway	ENSMUSG00000037062	Sh3glb1	ISO
CRE upregulated	GO:0007167	enzyme-linked receptor protein signaling pathway	ENSMUSG00000027560	Dok5	IPI, ISO, IBA, IEA
CRE upregulated	GO:0007167	enzyme-linked receptor protein signaling pathway	ENSMUSG00000059923	Grb2	IDA, IGI, ISO, IEA
CRE upregulated	GO:0007167	enzyme-linked receptor protein signaling pathway	ENSMUSG00000001507	Itga3	IEA
CRE upregulated	GO:0007167	enzyme-linked receptor protein signaling pathway	ENSMUSG00000031628	Casp3	ISO, IEA
CRE upregulated	GO:0007167	enzyme-linked receptor protein signaling pathway	ENSMUSG00000001847	Rac1	IGI, IEA
CRE upregulated	GO:0007167	enzyme-linked receptor protein signaling pathway	ENSMUSG00000054008	Ndst1	IMP
CRE upregulated	GO:0007167	enzyme-linked receptor protein signaling pathway	ENSMUSG00000031955	Bcar1	IDA, ISS, ISO, IBA, IEA
CRE upregulated	GO:0007167	enzyme-linked receptor protein signaling pathway	ENSMUSG00000053113	Socs3	IDA
CRE upregulated	GO:0007167	enzyme-linked receptor protein signaling pathway	ENSMUSG00000027954	Efna1	IDA, IBA, IEA
CRE upregulated	GO:0007167	enzyme-linked receptor protein signaling pathway	ENSMUSG00000024789	Jak2	IDA, IMP, ISS, ISO, IBA, IEA
CRE upregulated	GO:0007167	enzyme-linked receptor protein signaling pathway	ENSMUSG00000004040	ENSMUSG00000004040	IDA, IBA, IEA
CRE upregulated	GO:0007167	enzyme-linked receptor protein signaling pathway	ENSMUSG00000020027	Socs2	IMP, IEA
CRE upregulated	GO:0007167	enzyme-linked receptor protein signaling pathway	ENSMUSG00000109511	Nup62	IMP
CRE upregulated	GO:0007167	enzyme-linked receptor protein signaling pathway	ENSMUSG00000029860	Zyx	IMP, IBA, IEA
CRE upregulated	GO:0007167	enzyme-linked receptor protein signaling pathway	ENSMUSG00000021360	ENSMUSG00000021360	IMP, IBA, IEA
CRE upregulated	GO:0007167	enzyme-linked receptor protein signaling pathway	ENSMUSG00000059316	Slc27a4	IEA
CRE upregulated	GO:0007167	enzyme-linked receptor protein signaling pathway	ENSMUSG00000024927	Rela	ISO, IEA
CRE upregulated	GO:0007167	enzyme-linked receptor protein signaling pathway	ENSMUSG00000025793	ENSMUSG00000025793	IEA
CRE upregulated	GO:0007167	enzyme-linked receptor protein signaling pathway	ENSMUSG00000024238	Zeb1	IGI
CRE upregulated	GO:0007167	enzyme-linked receptor protein signaling pathway	ENSMUSG00000024947	Men1	ISO, IEA
CRE upregulated	GO:0007167	enzyme-linked receptor protein signaling pathway	ENSMUSG00000024777	ENSMUSG00000024777	ISO, IEA
CRE upregulated	GO:0007167	enzyme-linked receptor protein signaling pathway	ENSMUSG00000025340	Rabgef1	IMP
CRE upregulated	GO:0007167	enzyme-linked receptor protein signaling pathway	ENSMUSG00000011877	Git1	IDA
CRE upregulated	GO:0007167	enzyme-linked receptor protein signaling pathway	ENSMUSG00000039985	Sinhcaf	NAS
CRE upregulated	GO:0007167	enzyme-linked receptor protein signaling pathway	ENSMUSG00000025351	Cd63	IMP, IBA, IEA
CRE upregulated	GO:0007167	enzyme-linked receptor protein signaling pathway	ENSMUSG00000021796	Bmpr1a	IDA, IMP, IGI, IBA, IEA
CRE upregulated	GO:0007167	enzyme-linked receptor protein signaling pathway	ENSMUSG00000024750	ENSMUSG00000024750	IMP
CRE upregulated	GO:0007167	enzyme-linked receptor protein signaling pathway	ENSMUSG00000039191	Rbpj	IMP
CRE upregulated	GO:0007167	enzyme-linked receptor protein signaling pathway	ENSMUSG00000039844	ENSMUSG00000039844	IMP
CRE upregulated	GO:0007167	enzyme-linked receptor protein signaling pathway	ENSMUSG00000008859	ENSMUSG00000008859	IEA
CRE upregulated	GO:0007167	enzyme-linked receptor protein signaling pathway	ENSMUSG00000022094	ENSMUSG00000022094	IMP
CRE upregulated	GO:0007167	enzyme-linked receptor protein signaling pathway	ENSMUSG00000020097	ENSMUSG00000020097	IMP
CRE upregulated	GO:0007167	enzyme-linked receptor protein signaling pathway	ENSMUSG00000032508	Myd88	TAS
CRE upregulated	GO:0007167	enzyme-linked receptor protein signaling pathway	ENSMUSG00000026864	ENSMUSG00000026864	IGI
CRE upregulated	GO:0007167	enzyme-linked receptor protein signaling pathway	ENSMUSG00000032462	ENSMUSG00000032462	IEA
CRE upregulated	GO:0007167	enzyme-linked receptor protein signaling pathway	ENSMUSG00000048027	ENSMUSG00000048027	IDA, IBA
CRE upregulated	GO:0007167	enzyme-linked receptor protein signaling pathway	ENSMUSG00000020340	ENSMUSG00000020340	IMP
CRE upregulated	GO:0007167	enzyme-linked receptor protein signaling pathway	ENSMUSG00000019843	ENSMUSG00000019843	IBA
CRE upregulated	GO:0007167	enzyme-linked receptor protein signaling pathway	ENSMUSG00000027646	ENSMUSG00000027646	IMP, ISO, IBA, IEA
CRE upregulated	GO:0007167	enzyme-linked receptor protein signaling pathway	ENSMUSG00000021340	ENSMUSG00000021340	IEA
CRE upregulated	GO:0007167	enzyme-linked receptor protein signaling pathway	ENSMUSG00000042197	ENSMUSG00000042197	ISS, IEA
CRE upregulated	GO:0007167	enzyme-linked receptor protein signaling pathway	ENSMUSG00000031073	Fgf15	ISO, IBA, IEA
CRE upregulated	GO:0007167	enzyme-linked receptor protein signaling pathway	ENSMUSG00000054204	ENSMUSG00000054204	IEA
CRE upregulated	GO:0120036	plasma membrane bounded cell projection organization	ENSMUSG00000051379	Flrt3	IMP, ISS, ISO, IEA
CRE upregulated	GO:0120036	plasma membrane bounded cell projection organization	ENSMUSG00000052684	Jun	IMP
CRE upregulated	GO:0120036	plasma membrane bounded cell projection organization	ENSMUSG00000019647	Sema6a	IMP, IBA, NAS
CRE upregulated	GO:0120036	plasma membrane bounded cell projection organization	ENSMUSG00000004951	Hspb1	ISO
CRE upregulated	GO:0120036	plasma membrane bounded cell projection organization	ENSMUSG00000022044	Stmn4	IBA
CRE upregulated	GO:0120036	plasma membrane bounded cell projection organization	ENSMUSG00000024143	Rhoq	IEA
CRE upregulated	GO:0120036	plasma membrane bounded cell projection organization	ENSMUSG00000023905	Tnfrsf12a	IDA
CRE upregulated	GO:0120036	plasma membrane bounded cell projection organization	ENSMUSG00000030102	Itpr1	ISO
CRE upregulated	GO:0120036	plasma membrane bounded cell projection organization	ENSMUSG00000025089	Gfra1	ISO, IEA
CRE upregulated	GO:0120036	plasma membrane bounded cell projection organization	ENSMUSG00000037705	Tecta	IGI
CRE upregulated	GO:0120036	plasma membrane bounded cell projection organization	ENSMUSG00000006304	Arpc2	ISO, IEA
CRE upregulated	GO:0120036	plasma membrane bounded cell projection organization	ENSMUSG00000030272	Camk1	ISS, IEA
CRE upregulated	GO:0120036	plasma membrane bounded cell projection organization	ENSMUSG00000024261	Syt4	IEA
CRE upregulated	GO:0120036	plasma membrane bounded cell projection organization	ENSMUSG00000029378	Areg	ISO, IEA
CRE upregulated	GO:0120036	plasma membrane bounded cell projection organization	ENSMUSG00000042688	Mapk6	IGI
CRE upregulated	GO:0120036	plasma membrane bounded cell projection organization	ENSMUSG00000005087	Cd44	IEA
CRE upregulated	GO:0120036	plasma membrane bounded cell projection organization	ENSMUSG00000048482	Bdnf	IDA, IMP, IGI, ISO, IBA, IEA
CRE upregulated	GO:0120036	plasma membrane bounded cell projection organization	ENSMUSG00000024256	Adcyap1	ISS, ISO, IBA, IEA
CRE upregulated	GO:0120036	plasma membrane bounded cell projection organization	ENSMUSG00000015745	Plekho1	IDA, IMP
CRE upregulated	GO:0120036	plasma membrane bounded cell projection organization	ENSMUSG00000018736	Ndel1	IMP, IGI, ISO, IBA
CRE upregulated	GO:0120036	plasma membrane bounded cell projection organization	ENSMUSG00000018507	Trpv2	IMP
CRE upregulated	GO:0120036	plasma membrane bounded cell projection organization	ENSMUSG00000037568	Vash2	ISS, IEA
CRE upregulated	GO:0120036	plasma membrane bounded cell projection organization	ENSMUSG00000029518	Rab35	IMP
CRE upregulated	GO:0120036	plasma membrane bounded cell projection organization	ENSMUSG00000045136	Tubb2b	ISS, IEA
CRE upregulated	GO:0120036	plasma membrane bounded cell projection organization	ENSMUSG00000027540	Ptpn1	IEA
CRE upregulated	GO:0120036	plasma membrane bounded cell projection organization	ENSMUSG00000043895	S1pr2	IEA
CRE upregulated	GO:0120036	plasma membrane bounded cell projection organization	ENSMUSG00000029121	Crmp1	IEA
CRE upregulated	GO:0120036	plasma membrane bounded cell projection organization	ENSMUSG00000025809	Itgb1	IMP, IGI, ISO
CRE upregulated	GO:0120036	plasma membrane bounded cell projection organization	ENSMUSG00000023030	Slc11a2	IMP
CRE upregulated	GO:0120036	plasma membrane bounded cell projection organization	ENSMUSG00000022272	Myo10	ISS, IBA, IEA
CRE upregulated	GO:0120036	plasma membrane bounded cell projection organization	ENSMUSG00000025746	Il6	ISO
CRE upregulated	GO:0120036	plasma membrane bounded cell projection organization	ENSMUSG00000047368	Abhd17b	IMP
CRE upregulated	GO:0120036	plasma membrane bounded cell projection organization	ENSMUSG00000031078	Cttn	IGI, ISS, ISO
CRE upregulated	GO:0120036	plasma membrane bounded cell projection organization	ENSMUSG00000022607	Ptk2	IMP
CRE upregulated	GO:0120036	plasma membrane bounded cell projection organization	ENSMUSG00000037062	Sh3glb1	ISO
CRE upregulated	GO:0120036	plasma membrane bounded cell projection organization	ENSMUSG00000034247	Plekhm1	IMP
CRE upregulated	GO:0120036	plasma membrane bounded cell projection organization	ENSMUSG00000024772	Ehd1	IMP, ISS, ISO, IBA, IEA
CRE upregulated	GO:0120036	plasma membrane bounded cell projection organization	ENSMUSG00000027293	Ehd4	IBA
CRE upregulated	GO:0120036	plasma membrane bounded cell projection organization	ENSMUSG00000021990	Spata13	IEA
CRE upregulated	GO:0120036	plasma membrane bounded cell projection organization	ENSMUSG00000033039	Micall1	IMP, ISO
CRE upregulated	GO:0120036	plasma membrane bounded cell projection organization	ENSMUSG00000017929	B4galt5	IMP
CRE upregulated	GO:0120036	plasma membrane bounded cell projection organization	ENSMUSG00000001507	Itga3	IMP, IGI, ISO, IEA
CRE upregulated	GO:0120036	plasma membrane bounded cell projection organization	ENSMUSG00000031628	Casp3	ISO, IEA
CRE upregulated	GO:0120036	plasma membrane bounded cell projection organization	ENSMUSG00000032078	Zpr1	IMP, IBA, IEA
CRE upregulated	GO:0120036	plasma membrane bounded cell projection organization	ENSMUSG00000055407	Map6	ISS, ISO, IBA, IEA
CRE upregulated	GO:0120036	plasma membrane bounded cell projection organization	ENSMUSG00000001847	Rac1	IDA, IMP, IGI, ISO, IBA, TAS, IEA
CRE upregulated	GO:0120036	plasma membrane bounded cell projection organization	ENSMUSG00000050271	Prag1	ISS, ISO, IEA
CRE upregulated	GO:0120036	plasma membrane bounded cell projection organization	ENSMUSG00000030077	Chl1	IDA, IMP, IEA
CRE upregulated	GO:0120036	plasma membrane bounded cell projection organization	ENSMUSG00000044667	Plppr4	ISO, IBA
CRE upregulated	GO:0120036	plasma membrane bounded cell projection organization	ENSMUSG00000057531	Dtnbp1	IDA, IMP, ISS, ISO, IBA, NAS, IEA
CRE upregulated	GO:0120036	plasma membrane bounded cell projection organization	ENSMUSG00000004768	Rab23	IEA
CRE upregulated	GO:0120036	plasma membrane bounded cell projection organization	ENSMUSG00000030309	Caprin2	IMP
CRE upregulated	GO:0120036	plasma membrane bounded cell projection organization	ENSMUSG00000001627	Ifrd1	IGI
CRE upregulated	GO:0120036	plasma membrane bounded cell projection organization	ENSMUSG00000036057	Ptpn23	ISS, IEA
CRE upregulated	GO:0120036	plasma membrane bounded cell projection organization	ENSMUSG00000029765	Plxna4	IMP, IGI, IBA
CRE upregulated	GO:0120036	plasma membrane bounded cell projection organization	ENSMUSG00000027954	Efna1	IDA, IBA
CRE upregulated	GO:0120036	plasma membrane bounded cell projection organization	ENSMUSG00000055809	Dnaaf3	ISS, IBA, IEA
CRE upregulated	GO:0120036	plasma membrane bounded cell projection organization	ENSMUSG00000024789	Jak2	ISS, ISO, IEA
CRE upregulated	GO:0120036	plasma membrane bounded cell projection organization	ENSMUSG00000042292	Mrtfa	IGI
CRE upregulated	GO:0120036	plasma membrane bounded cell projection organization	ENSMUSG00000022602	Arc	ISO, IEA
CRE upregulated	GO:0120036	plasma membrane bounded cell projection organization	ENSMUSG00000030223	ENSMUSG00000030223	IMP, IBA
CRE upregulated	GO:0120036	plasma membrane bounded cell projection organization	ENSMUSG00000027797	Dclk1	IMP, IGI, IBA, IEA
CRE upregulated	GO:0120036	plasma membrane bounded cell projection organization	ENSMUSG00000036882	ENSMUSG00000036882	ISO, IEA
CRE upregulated	GO:0120036	plasma membrane bounded cell projection organization	ENSMUSG00000024803	Ankrd1	ISO
CRE upregulated	GO:0120036	plasma membrane bounded cell projection organization	ENSMUSG00000023915	Tnfrsf21	ISO, IEA
CRE upregulated	GO:0120036	plasma membrane bounded cell projection organization	ENSMUSG00000027692	Tnik	ISS, ISO, IBA, IEA
CRE upregulated	GO:0120036	plasma membrane bounded cell projection organization	ENSMUSG00000029071	ENSMUSG00000029071	IDA, IMP, ISO, IEA
CRE upregulated	GO:0120036	plasma membrane bounded cell projection organization	ENSMUSG00000064210	ENSMUSG00000064210	IMP, IEA
CRE upregulated	GO:0120036	plasma membrane bounded cell projection organization	ENSMUSG00000024777	ENSMUSG00000024777	ISO, IEA
CRE upregulated	GO:0120036	plasma membrane bounded cell projection organization	ENSMUSG00000026074	Map4k4	IEA
CRE upregulated	GO:0120036	plasma membrane bounded cell projection organization	ENSMUSG00000025162	ENSMUSG00000025162	IMP, IBA, IEA
CRE upregulated	GO:0120036	plasma membrane bounded cell projection organization	ENSMUSG00000031278	ENSMUSG00000031278	ISO
CRE upregulated	GO:0120036	plasma membrane bounded cell projection organization	ENSMUSG00000037815	Ctnna1	IEA
CRE upregulated	GO:0120036	plasma membrane bounded cell projection organization	ENSMUSG00000004530	ENSMUSG00000004530	IGI, IEA
CRE upregulated	GO:0120036	plasma membrane bounded cell projection organization	ENSMUSG00000044147	Arf6	IMP, ISO, IBA, IEA
CRE upregulated	GO:0120036	plasma membrane bounded cell projection organization	ENSMUSG00000011877	Git1	ISO
CRE upregulated	GO:0120036	plasma membrane bounded cell projection organization	ENSMUSG00000031937	ENSMUSG00000031937	IMP, IBA
CRE upregulated	GO:0120036	plasma membrane bounded cell projection organization	ENSMUSG00000062234	ENSMUSG00000062234	IEA
CRE upregulated	GO:0120036	plasma membrane bounded cell projection organization	ENSMUSG00000041598	Cdc42ep4	IBA, IEA
CRE upregulated	GO:0120036	plasma membrane bounded cell projection organization	ENSMUSG00000045664	Cdc42ep2	IBA, IEA
CRE upregulated	GO:0120036	plasma membrane bounded cell projection organization	ENSMUSG00000039844	ENSMUSG00000039844	ISO, IEA
CRE upregulated	GO:0120036	plasma membrane bounded cell projection organization	ENSMUSG00000020671	ENSMUSG00000020671	ISS, ISO
CRE upregulated	GO:0120036	plasma membrane bounded cell projection organization	ENSMUSG00000027997	Casp6	ISO
CRE upregulated	GO:0120036	plasma membrane bounded cell projection organization	ENSMUSG00000040212	Emp3	IEA
CRE upregulated	GO:0120036	plasma membrane bounded cell projection organization	ENSMUSG00000020594	ENSMUSG00000020594	ISO, IEA
CRE upregulated	GO:0120036	plasma membrane bounded cell projection organization	ENSMUSG00000008859	ENSMUSG00000008859	IEA
CRE upregulated	GO:0120036	plasma membrane bounded cell projection organization	ENSMUSG00000038676	Ucn	ISO, IEA
CRE upregulated	GO:0120036	plasma membrane bounded cell projection organization	ENSMUSG00000026864	ENSMUSG00000026864	ISO
CRE upregulated	GO:0120036	plasma membrane bounded cell projection organization	ENSMUSG00000002633	Shh	IDA, IMP, ISO
CRE upregulated	GO:0120036	plasma membrane bounded cell projection organization	ENSMUSG00000039671	ENSMUSG00000039671	ISO, IEA
CRE upregulated	GO:0120036	plasma membrane bounded cell projection organization	ENSMUSG00000061244	ENSMUSG00000061244	IMP
CRE upregulated	GO:0120036	plasma membrane bounded cell projection organization	ENSMUSG00000020340	ENSMUSG00000020340	IMP, IBA
CRE upregulated	GO:0120036	plasma membrane bounded cell projection organization	ENSMUSG00000023277	ENSMUSG00000023277	IBA, IC, IEA
CRE upregulated	GO:0120036	plasma membrane bounded cell projection organization	ENSMUSG00000019843	ENSMUSG00000019843	IMP, IGI
CRE upregulated	GO:0120036	plasma membrane bounded cell projection organization	ENSMUSG00000027646	ENSMUSG00000027646	IEA
CRE upregulated	GO:0120036	plasma membrane bounded cell projection organization	ENSMUSG00000053825	ENSMUSG00000053825	IEA
CRE upregulated	GO:0120036	plasma membrane bounded cell projection organization	ENSMUSG00000047261	ENSMUSG00000047261	IMP, IBA, IEA
CRE upregulated	GO:0120036	plasma membrane bounded cell projection organization	ENSMUSG00000015839	Nfe2l2	ISO, IEA
CRE upregulated	GO:0120036	plasma membrane bounded cell projection organization	ENSMUSG00000049550	ENSMUSG00000049550	ISO
CRE upregulated	GO:0120036	plasma membrane bounded cell projection organization	ENSMUSG00000000627	ENSMUSG00000000627	ISO, IBA, IEA
CRE upregulated	GO:0120036	plasma membrane bounded cell projection organization	ENSMUSG00000069227	ENSMUSG00000069227	IDA, IBA
CRE upregulated	GO:0120036	plasma membrane bounded cell projection organization	ENSMUSG00000054204	ENSMUSG00000054204	ISS, IEA
CRE upregulated	GO:0048584	positive regulation of response to stimulus	ENSMUSG00000026628	Atf3	IEA
CRE upregulated	GO:0048584	positive regulation of response to stimulus	ENSMUSG00000036390	Gadd45a	IEA
CRE upregulated	GO:0048584	positive regulation of response to stimulus	ENSMUSG00000052684	Jun	IMP
CRE upregulated	GO:0048584	positive regulation of response to stimulus	ENSMUSG00000063632	Sox11	IMP
CRE upregulated	GO:0048584	positive regulation of response to stimulus	ENSMUSG00000046223	Plaur	IEA
CRE upregulated	GO:0048584	positive regulation of response to stimulus	ENSMUSG00000004951	Hspb1	IEA
CRE upregulated	GO:0048584	positive regulation of response to stimulus	ENSMUSG00000046688	Tifa	IDA, ISS, IBA, IEA
CRE upregulated	GO:0048584	positive regulation of response to stimulus	ENSMUSG00000025473	Adam8	IDA, IMP
CRE upregulated	GO:0048584	positive regulation of response to stimulus	ENSMUSG00000030898	Cckbr	ISO
CRE upregulated	GO:0048584	positive regulation of response to stimulus	ENSMUSG00000037447	Arid5a	IMP
CRE upregulated	GO:0048584	positive regulation of response to stimulus	ENSMUSG00000030748	Il4ra	IGI
CRE upregulated	GO:0048584	positive regulation of response to stimulus	ENSMUSG00000023905	Tnfrsf12a	IBA
CRE upregulated	GO:0048584	positive regulation of response to stimulus	ENSMUSG00000014599	Csf1	IDA, IEA
CRE upregulated	GO:0048584	positive regulation of response to stimulus	ENSMUSG00000020427	Igfbp3	IGI
CRE upregulated	GO:0048584	positive regulation of response to stimulus	ENSMUSG00000024404	Riok3	IEA
CRE upregulated	GO:0048584	positive regulation of response to stimulus	ENSMUSG00000050989	Selenon	ISS, IEA
CRE upregulated	GO:0048584	positive regulation of response to stimulus	ENSMUSG00000032939	Nup93	IDA, IEA
CRE upregulated	GO:0048584	positive regulation of response to stimulus	ENSMUSG00000005087	Cd44	IEA
CRE upregulated	GO:0048584	positive regulation of response to stimulus	ENSMUSG00000026836	Acvr1	IMP, IEA
CRE upregulated	GO:0048584	positive regulation of response to stimulus	ENSMUSG00000021453	Gadd45g	IEA
CRE upregulated	GO:0048584	positive regulation of response to stimulus	ENSMUSG00000048482	Bdnf	ISO
CRE upregulated	GO:0048584	positive regulation of response to stimulus	ENSMUSG00000024256	Adcyap1	ISS, ISO, IBA, IEA
CRE upregulated	GO:0048584	positive regulation of response to stimulus	ENSMUSG00000018736	Ndel1	ISO
CRE upregulated	GO:0048584	positive regulation of response to stimulus	ENSMUSG00000002250	Ppard	IDA
CRE upregulated	GO:0048584	positive regulation of response to stimulus	ENSMUSG00000038894	Irs2	IMP
CRE upregulated	GO:0048584	positive regulation of response to stimulus	ENSMUSG00000027540	Ptpn1	IMP
CRE upregulated	GO:0048584	positive regulation of response to stimulus	ENSMUSG00000030678	Maz	IEA
CRE upregulated	GO:0048584	positive regulation of response to stimulus	ENSMUSG00000025809	Itgb1	IEA
CRE upregulated	GO:0048584	positive regulation of response to stimulus	ENSMUSG00000025746	Il6	IDA, IMP, ISO, IBA
CRE upregulated	GO:0048584	positive regulation of response to stimulus	ENSMUSG00000073563	Csnk1g3	IBA
CRE upregulated	GO:0048584	positive regulation of response to stimulus	ENSMUSG00000031078	Cttn	ISO
CRE upregulated	GO:0048584	positive regulation of response to stimulus	ENSMUSG00000022607	Ptk2	ISS
CRE upregulated	GO:0048584	positive regulation of response to stimulus	ENSMUSG00000055994	Nod2	IDA, IMP, ISS, ISO, IBA, IEA
CRE upregulated	GO:0048584	positive regulation of response to stimulus	ENSMUSG00000024014	Pim1	ISS, IEA
CRE upregulated	GO:0048584	positive regulation of response to stimulus	ENSMUSG00000037062	Sh3glb1	IDA, ISO
CRE upregulated	GO:0048584	positive regulation of response to stimulus	ENSMUSG00000027560	Dok5	IDA, IBA
CRE upregulated	GO:0048584	positive regulation of response to stimulus	ENSMUSG00000059923	Grb2	IDA
CRE upregulated	GO:0048584	positive regulation of response to stimulus	ENSMUSG00000031628	Casp3	IEA
CRE upregulated	GO:0048584	positive regulation of response to stimulus	ENSMUSG00000025408	Ddit3	ISS, IEA
CRE upregulated	GO:0048584	positive regulation of response to stimulus	ENSMUSG00000035199	Arl6ip5	IEA
CRE upregulated	GO:0048584	positive regulation of response to stimulus	ENSMUSG00000001847	Rac1	IMP, IEA
CRE upregulated	GO:0048584	positive regulation of response to stimulus	ENSMUSG00000042121	Ssh1	ISO, IEA
CRE upregulated	GO:0048584	positive regulation of response to stimulus	ENSMUSG00000050271	Prag1	ISS, ISO, IEA
CRE upregulated	GO:0048584	positive regulation of response to stimulus	ENSMUSG00000018909	Arrb1	IMP, ISO, IBA, IEA
CRE upregulated	GO:0048584	positive regulation of response to stimulus	ENSMUSG00000024349	Sting1	IDA, IMP, ISS, IBA, IEA
CRE upregulated	GO:0048584	positive regulation of response to stimulus	ENSMUSG00000024521	Pmaip1	IMP
CRE upregulated	GO:0048584	positive regulation of response to stimulus	ENSMUSG00000054008	Ndst1	IMP, IGI
CRE upregulated	GO:0048584	positive regulation of response to stimulus	ENSMUSG00000015837	Sqstm1	IEA
CRE upregulated	GO:0048584	positive regulation of response to stimulus	ENSMUSG00000030309	Caprin2	IBA
CRE upregulated	GO:0048584	positive regulation of response to stimulus	ENSMUSG00000036737	Oxsr1	IMP, IBA, IEA
CRE upregulated	GO:0048584	positive regulation of response to stimulus	ENSMUSG00000031955	Bcar1	ISS, IEA
CRE upregulated	GO:0048584	positive regulation of response to stimulus	ENSMUSG00000015316	Slamf1	IDA, IMP, IEA
CRE upregulated	GO:0048584	positive regulation of response to stimulus	ENSMUSG00000022433	Csnk1e	IGI, IBA
CRE upregulated	GO:0048584	positive regulation of response to stimulus	ENSMUSG00000022346	Myc	IDA, IMP, IEA
CRE upregulated	GO:0048584	positive regulation of response to stimulus	ENSMUSG00000026072	Il1r1	IMP, ISS, IEA
CRE upregulated	GO:0048584	positive regulation of response to stimulus	ENSMUSG00000027954	Efna1	IDA
CRE upregulated	GO:0048584	positive regulation of response to stimulus	ENSMUSG00000024789	Jak2	IDA, IMP, ISS, ISO, NAS, IEA
CRE upregulated	GO:0048584	positive regulation of response to stimulus	ENSMUSG00000004040	ENSMUSG00000004040	IMP
CRE upregulated	GO:0048584	positive regulation of response to stimulus	ENSMUSG00000109511	Nup62	ISS, IEA
CRE upregulated	GO:0048584	positive regulation of response to stimulus	ENSMUSG00000029135	Fosl2	IDA, IMP
CRE upregulated	GO:0048584	positive regulation of response to stimulus	ENSMUSG00000020395	Itk	IMP, IBA
CRE upregulated	GO:0048584	positive regulation of response to stimulus	ENSMUSG00000036990	Otud4	IDA, IBA, IEA
CRE upregulated	GO:0048584	positive regulation of response to stimulus	ENSMUSG00000029826	Zc3hav1	ISO, TAS
CRE upregulated	GO:0048584	positive regulation of response to stimulus	ENSMUSG00000031960	Aars1	ISS, IEA
CRE upregulated	GO:0048584	positive regulation of response to stimulus	ENSMUSG00000059866	Tnip2	IMP, ISS, IBA, IEA
CRE upregulated	GO:0048584	positive regulation of response to stimulus	ENSMUSG00000033545	Znrf1	IEA
CRE upregulated	GO:0048584	positive regulation of response to stimulus	ENSMUSG00000021360	ENSMUSG00000021360	IMP, IEA
CRE upregulated	GO:0048584	positive regulation of response to stimulus	ENSMUSG00000024803	Ankrd1	IEA
CRE upregulated	GO:0048584	positive regulation of response to stimulus	ENSMUSG00000021306	Gpr137b	IEA
CRE upregulated	GO:0048584	positive regulation of response to stimulus	ENSMUSG00000023915	Tnfrsf21	IMP
CRE upregulated	GO:0048584	positive regulation of response to stimulus	ENSMUSG00000024912	Fosl1	IMP
CRE upregulated	GO:0048584	positive regulation of response to stimulus	ENSMUSG00000024927	Rela	IDA, ISO, IEA
CRE upregulated	GO:0048584	positive regulation of response to stimulus	ENSMUSG00000038591	Colec10	IEA
CRE upregulated	GO:0048584	positive regulation of response to stimulus	ENSMUSG00000027692	Tnik	ISS, IEA
CRE upregulated	GO:0048584	positive regulation of response to stimulus	ENSMUSG00000028893	Sesn2	IMP, IEA
CRE upregulated	GO:0048584	positive regulation of response to stimulus	ENSMUSG00000024947	Men1	IEA
CRE upregulated	GO:0048584	positive regulation of response to stimulus	ENSMUSG00000029071	ENSMUSG00000029071	ISO, IEA
CRE upregulated	GO:0048584	positive regulation of response to stimulus	ENSMUSG00000064210	ENSMUSG00000064210	IMP, IEA
CRE upregulated	GO:0048584	positive regulation of response to stimulus	ENSMUSG00000024777	ENSMUSG00000024777	ISO, IEA
CRE upregulated	GO:0048584	positive regulation of response to stimulus	ENSMUSG00000024335	Brd2	IDA, IEA
CRE upregulated	GO:0048584	positive regulation of response to stimulus	ENSMUSG00000040365	Trim41	ISS, IEA
CRE upregulated	GO:0048584	positive regulation of response to stimulus	ENSMUSG00000028466	Creb3	IEA
CRE upregulated	GO:0048584	positive regulation of response to stimulus	ENSMUSG00000025162	ENSMUSG00000025162	IGI, IBA, IEA
CRE upregulated	GO:0048584	positive regulation of response to stimulus	ENSMUSG00000037815	Ctnna1	IMP, IGI
CRE upregulated	GO:0048584	positive regulation of response to stimulus	ENSMUSG00000020349	ENSMUSG00000020349	IMP
CRE upregulated	GO:0048584	positive regulation of response to stimulus	ENSMUSG00000024517	Grp	IMP
CRE upregulated	GO:0048584	positive regulation of response to stimulus	ENSMUSG00000025340	Rabgef1	IDA, IMP
CRE upregulated	GO:0048584	positive regulation of response to stimulus	ENSMUSG00000044147	Arf6	NAS
CRE upregulated	GO:0048584	positive regulation of response to stimulus	ENSMUSG00000030662	ENSMUSG00000030662	IEA
CRE upregulated	GO:0048584	positive regulation of response to stimulus	ENSMUSG00000024270	ENSMUSG00000024270	ISS, IEA
CRE upregulated	GO:0048584	positive regulation of response to stimulus	ENSMUSG00000025351	Cd63	ISS, IEA
CRE upregulated	GO:0048584	positive regulation of response to stimulus	ENSMUSG00000021796	Bmpr1a	IEA
CRE upregulated	GO:0048584	positive regulation of response to stimulus	ENSMUSG00000049649	Gpr3	ISO, IEA
CRE upregulated	GO:0048584	positive regulation of response to stimulus	ENSMUSG00000019842	ENSMUSG00000019842	IBA, IEA
CRE upregulated	GO:0048584	positive regulation of response to stimulus	ENSMUSG00000070056	ENSMUSG00000070056	IMP, ISS, IEA
CRE upregulated	GO:0048584	positive regulation of response to stimulus	ENSMUSG00000037860	Aim2	IDA, IBA, NAS, IEA
CRE upregulated	GO:0048584	positive regulation of response to stimulus	ENSMUSG00000039191	Rbpj	IMP
CRE upregulated	GO:0048584	positive regulation of response to stimulus	ENSMUSG00000039844	ENSMUSG00000039844	ISO, IEA
CRE upregulated	GO:0048584	positive regulation of response to stimulus	ENSMUSG00000027997	Casp6	ISS, IEA
CRE upregulated	GO:0048584	positive regulation of response to stimulus	ENSMUSG00000020594	ENSMUSG00000020594	ISO, IEA
CRE upregulated	GO:0048584	positive regulation of response to stimulus	ENSMUSG00000020448	Rnf185	ISS, IEA
CRE upregulated	GO:0048584	positive regulation of response to stimulus	ENSMUSG00000000787	ENSMUSG00000000787	IDA, ISS
CRE upregulated	GO:0048584	positive regulation of response to stimulus	ENSMUSG00000008859	ENSMUSG00000008859	IEA
CRE upregulated	GO:0048584	positive regulation of response to stimulus	ENSMUSG00000022948	Setd4	IDA
CRE upregulated	GO:0048584	positive regulation of response to stimulus	ENSMUSG00000022094	ENSMUSG00000022094	IMP
CRE upregulated	GO:0048584	positive regulation of response to stimulus	ENSMUSG00000038676	Ucn	ISO, IEA
CRE upregulated	GO:0048584	positive regulation of response to stimulus	ENSMUSG00000052681	Rap1b	IGI
CRE upregulated	GO:0048584	positive regulation of response to stimulus	ENSMUSG00000037553	ENSMUSG00000037553	IEA
CRE upregulated	GO:0048584	positive regulation of response to stimulus	ENSMUSG00000042185	ENSMUSG00000042185	IDA, IMP
CRE upregulated	GO:0048584	positive regulation of response to stimulus	ENSMUSG00000032508	Myd88	IMP, IGI, ISS, IBA, IEA
CRE upregulated	GO:0048584	positive regulation of response to stimulus	ENSMUSG00000021072	Tmx1	ISS, IEA
CRE upregulated	GO:0048584	positive regulation of response to stimulus	ENSMUSG00000002633	Shh	IMP, ISS, ISO, IEA
CRE upregulated	GO:0048584	positive regulation of response to stimulus	ENSMUSG00000032462	ENSMUSG00000032462	IGI, IEA
CRE upregulated	GO:0048584	positive regulation of response to stimulus	ENSMUSG00000027944	Hax1	IEA
CRE upregulated	GO:0048584	positive regulation of response to stimulus	ENSMUSG00000029145	ENSMUSG00000029145	ISS, IEA
CRE upregulated	GO:0048584	positive regulation of response to stimulus	ENSMUSG00000028291	ENSMUSG00000028291	IMP, IBA
CRE upregulated	GO:0048584	positive regulation of response to stimulus	ENSMUSG00000037411	Serpine1	IEA
CRE upregulated	GO:0048584	positive regulation of response to stimulus	ENSMUSG00000020340	ENSMUSG00000020340	IMP
CRE upregulated	GO:0048584	positive regulation of response to stimulus	ENSMUSG00000019843	ENSMUSG00000019843	ISO, IBA, IEA
CRE upregulated	GO:0048584	positive regulation of response to stimulus	ENSMUSG00000024493	ENSMUSG00000024493	IEA
CRE upregulated	GO:0048584	positive regulation of response to stimulus	ENSMUSG00000027646	ENSMUSG00000027646	IDA, IMP, IGI, ISO, IEA
CRE upregulated	GO:0048584	positive regulation of response to stimulus	ENSMUSG00000021340	ENSMUSG00000021340	IEA
CRE upregulated	GO:0048584	positive regulation of response to stimulus	ENSMUSG00000031073	Fgf15	IBA
CRE upregulated	GO:0048584	positive regulation of response to stimulus	ENSMUSG00000015839	Nfe2l2	IMP
CRE upregulated	GO:0048584	positive regulation of response to stimulus	ENSMUSG00000021477	ENSMUSG00000021477	IBA
CRE upregulated	GO:0048584	positive regulation of response to stimulus	ENSMUSG00000019998	ENSMUSG00000019998	IEA
CRE upregulated	GO:0048584	positive regulation of response to stimulus	ENSMUSG00000054499	ENSMUSG00000054499	IEA
CRE upregulated	GO:0048584	positive regulation of response to stimulus	ENSMUSG00000054204	ENSMUSG00000054204	IBA, IEA
CRE upregulated	GO:0048870	cell motility	ENSMUSG00000036390	Gadd45a	IMP, IEA
CRE upregulated	GO:0048870	cell motility	ENSMUSG00000051379	Flrt3	IMP
CRE upregulated	GO:0048870	cell motility	ENSMUSG00000052684	Jun	IMP
CRE upregulated	GO:0048870	cell motility	ENSMUSG00000019647	Sema6a	IMP, IBA
CRE upregulated	GO:0048870	cell motility	ENSMUSG00000004951	Hspb1	IEA
CRE upregulated	GO:0048870	cell motility	ENSMUSG00000025473	Adam8	IDA, IMP, IBA, NAS, IEA
CRE upregulated	GO:0048870	cell motility	ENSMUSG00000023905	Tnfrsf12a	IDA
CRE upregulated	GO:0048870	cell motility	ENSMUSG00000025089	Gfra1	ISO, IEA
CRE upregulated	GO:0048870	cell motility	ENSMUSG00000014599	Csf1	IGI, ISO, IEA
CRE upregulated	GO:0048870	cell motility	ENSMUSG00000020427	Igfbp3	IEA
CRE upregulated	GO:0048870	cell motility	ENSMUSG00000006304	Arpc2	ISO
CRE upregulated	GO:0048870	cell motility	ENSMUSG00000038650	Rnh1	IBA
CRE upregulated	GO:0048870	cell motility	ENSMUSG00000005087	Cd44	IEA
CRE upregulated	GO:0048870	cell motility	ENSMUSG00000026836	Acvr1	IMP, IEA
CRE upregulated	GO:0048870	cell motility	ENSMUSG00000068566	Myadm	IEA
CRE upregulated	GO:0048870	cell motility	ENSMUSG00000015745	Plekho1	IMP
CRE upregulated	GO:0048870	cell motility	ENSMUSG00000018736	Ndel1	IMP, IGI, IBA
CRE upregulated	GO:0048870	cell motility	ENSMUSG00000002250	Ppard	IMP, ISO
CRE upregulated	GO:0048870	cell motility	ENSMUSG00000038894	Irs2	IGI
CRE upregulated	GO:0048870	cell motility	ENSMUSG00000025337	Sbds	IEA
CRE upregulated	GO:0048870	cell motility	ENSMUSG00000005069	Pex5	IMP
CRE upregulated	GO:0048870	cell motility	ENSMUSG00000045136	Tubb2b	ISO, IEA
CRE upregulated	GO:0048870	cell motility	ENSMUSG00000054855	Rnd1	IBA
CRE upregulated	GO:0048870	cell motility	ENSMUSG00000027540	Ptpn1	IEA
CRE upregulated	GO:0048870	cell motility	ENSMUSG00000043895	S1pr2	ISO
CRE upregulated	GO:0048870	cell motility	ENSMUSG00000040511	Pvr	IDA
CRE upregulated	GO:0048870	cell motility	ENSMUSG00000028063	Lmna	IMP
CRE upregulated	GO:0048870	cell motility	ENSMUSG00000030678	Maz	IEA
CRE upregulated	GO:0048870	cell motility	ENSMUSG00000025809	Itgb1	IMP, ISS, ISO, IEA
CRE upregulated	GO:0048870	cell motility	ENSMUSG00000025239	Limd1	ISS, IEA
CRE upregulated	GO:0048870	cell motility	ENSMUSG00000011008	Mcoln2	IMP
CRE upregulated	GO:0048870	cell motility	ENSMUSG00000022272	Myo10	IC
CRE upregulated	GO:0048870	cell motility	ENSMUSG00000020592	Sdc1	IBA
CRE upregulated	GO:0048870	cell motility	ENSMUSG00000002233	Rhoc	ISS, IEA
CRE upregulated	GO:0048870	cell motility	ENSMUSG00000031078	Cttn	IGI, ISS, ISO, IBA
CRE upregulated	GO:0048870	cell motility	ENSMUSG00000022607	Ptk2	IDA, IMP, ISS, ISO, IBA, TAS
CRE upregulated	GO:0048870	cell motility	ENSMUSG00000055994	Nod2	IMP
CRE upregulated	GO:0048870	cell motility	ENSMUSG00000020580	Rock2	IEA
CRE upregulated	GO:0048870	cell motility	ENSMUSG00000021990	Spata13	IEA
CRE upregulated	GO:0048870	cell motility	ENSMUSG00000046854	Pip5kl1	IEA
CRE upregulated	GO:0048870	cell motility	ENSMUSG00000001507	Itga3	IMP, ISO, IBA, IEA
CRE upregulated	GO:0048870	cell motility	ENSMUSG00000055723	Rras2	IGI
CRE upregulated	GO:0048870	cell motility	ENSMUSG00000025408	Ddit3	IMP
CRE upregulated	GO:0048870	cell motility	ENSMUSG00000001847	Rac1	IDA, IMP, ISS, ISO, IBA, IEA
CRE upregulated	GO:0048870	cell motility	ENSMUSG00000042121	Ssh1	ISO, IEA
CRE upregulated	GO:0048870	cell motility	ENSMUSG00000050271	Prag1	ISS, ISO, IEA
CRE upregulated	GO:0048870	cell motility	ENSMUSG00000030077	Chl1	IMP
CRE upregulated	GO:0048870	cell motility	ENSMUSG00000036737	Oxsr1	IMP, IBA, IEA
CRE upregulated	GO:0048870	cell motility	ENSMUSG00000031955	Bcar1	IDA, ISS, ISO, IBA, IEA
CRE upregulated	GO:0048870	cell motility	ENSMUSG00000036057	Ptpn23	IEA
CRE upregulated	GO:0048870	cell motility	ENSMUSG00000015316	Slamf1	IMP
CRE upregulated	GO:0048870	cell motility	ENSMUSG00000029765	Plxna4	IBA
CRE upregulated	GO:0048870	cell motility	ENSMUSG00000073747	Zpld2	IBA
CRE upregulated	GO:0048870	cell motility	ENSMUSG00000022346	Myc	ISO
CRE upregulated	GO:0048870	cell motility	ENSMUSG00000026072	Il1r1	IMP, ISO
CRE upregulated	GO:0048870	cell motility	ENSMUSG00000027954	Efna1	IDA, IEA
CRE upregulated	GO:0048870	cell motility	ENSMUSG00000024789	Jak2	ISS, ISO, IEA
CRE upregulated	GO:0048870	cell motility	ENSMUSG00000004040	ENSMUSG00000004040	IGI, IEA
CRE upregulated	GO:0048870	cell motility	ENSMUSG00000042292	Mrtfa	IGI
CRE upregulated	GO:0048870	cell motility	ENSMUSG00000022602	Arc	ISS, IEA
CRE upregulated	GO:0048870	cell motility	ENSMUSG00000109511	Nup62	NAS
CRE upregulated	GO:0048870	cell motility	ENSMUSG00000050335	Lgals3	IEA
CRE upregulated	GO:0048870	cell motility	ENSMUSG00000024190	Dusp1	IEA
CRE upregulated	GO:0048870	cell motility	ENSMUSG00000030223	ENSMUSG00000030223	ISS, IEA
CRE upregulated	GO:0048870	cell motility	ENSMUSG00000035236	Scai	IGI, IEA
CRE upregulated	GO:0048870	cell motility	ENSMUSG00000027797	Dclk1	IGI, IEA
CRE upregulated	GO:0048870	cell motility	ENSMUSG00000017615	Tnfaip1	ISS, IEA
CRE upregulated	GO:0048870	cell motility	ENSMUSG00000021360	ENSMUSG00000021360	IEA
CRE upregulated	GO:0048870	cell motility	ENSMUSG00000018565	Elp5	IMP
CRE upregulated	GO:0048870	cell motility	ENSMUSG00000055044	Pdlim1	ISO, IEA
CRE upregulated	GO:0048870	cell motility	ENSMUSG00000036894	Rap2b	IDA, IBA, IEA
CRE upregulated	GO:0048870	cell motility	ENSMUSG00000064210	ENSMUSG00000064210	IMP, IEA
CRE upregulated	GO:0048870	cell motility	ENSMUSG00000025485	ENSMUSG00000025485	IMP
CRE upregulated	GO:0048870	cell motility	ENSMUSG00000028466	Creb3	IEA
CRE upregulated	GO:0048870	cell motility	ENSMUSG00000037815	Ctnna1	IMP, IBA
CRE upregulated	GO:0048870	cell motility	ENSMUSG00000025340	Rabgef1	IMP
CRE upregulated	GO:0048870	cell motility	ENSMUSG00000033350	Chst2	IMP
CRE upregulated	GO:0048870	cell motility	ENSMUSG00000004530	ENSMUSG00000004530	IMP, IBA, IEA
CRE upregulated	GO:0048870	cell motility	ENSMUSG00000044147	Arf6	IMP
CRE upregulated	GO:0048870	cell motility	ENSMUSG00000039985	Sinhcaf	ISS, IBA, NAS, IEA
CRE upregulated	GO:0048870	cell motility	ENSMUSG00000025060	ENSMUSG00000025060	IMP, IBA, IEA
CRE upregulated	GO:0048870	cell motility	ENSMUSG00000025351	Cd63	ISS, ISO, IEA
CRE upregulated	GO:0048870	cell motility	ENSMUSG00000021796	Bmpr1a	IEA
CRE upregulated	GO:0048870	cell motility	ENSMUSG00000024750	ENSMUSG00000024750	IMP
CRE upregulated	GO:0048870	cell motility	ENSMUSG00000028434	Epb41l4b	IEA
CRE upregulated	GO:0048870	cell motility	ENSMUSG00000035725	ENSMUSG00000035725	ISS, IEA
CRE upregulated	GO:0048870	cell motility	ENSMUSG00000001552	ENSMUSG00000001552	IEA
CRE upregulated	GO:0048870	cell motility	ENSMUSG00000020097	ENSMUSG00000020097	IMP
CRE upregulated	GO:0048870	cell motility	ENSMUSG00000032508	Myd88	IMP
CRE upregulated	GO:0048870	cell motility	ENSMUSG00000026864	ENSMUSG00000026864	ISS, IEA
CRE upregulated	GO:0048870	cell motility	ENSMUSG00000002633	Shh	IDA, IMP, ISO
CRE upregulated	GO:0048870	cell motility	ENSMUSG00000032462	ENSMUSG00000032462	IGI, IEA
CRE upregulated	GO:0048870	cell motility	ENSMUSG00000039671	ENSMUSG00000039671	IEA
CRE upregulated	GO:0048870	cell motility	ENSMUSG00000056050	ENSMUSG00000056050	IEA
CRE upregulated	GO:0048870	cell motility	ENSMUSG00000037411	Serpine1	IEA
CRE upregulated	GO:0048870	cell motility	ENSMUSG00000019843	ENSMUSG00000019843	IMP, IGI
CRE upregulated	GO:0048870	cell motility	ENSMUSG00000027646	ENSMUSG00000027646	IMP, ISO, IEA
CRE upregulated	GO:0048870	cell motility	ENSMUSG00000052316	ENSMUSG00000052316	IEA
CRE upregulated	GO:0048870	cell motility	ENSMUSG00000021340	ENSMUSG00000021340	IEA
CRE upregulated	GO:0048870	cell motility	ENSMUSG00000004698	ENSMUSG00000004698	IEA
CRE upregulated	GO:0048870	cell motility	ENSMUSG00000046761	ENSMUSG00000046761	ISS, IBA, IEA
CRE upregulated	GO:0048870	cell motility	ENSMUSG00000032501	Trib1	IEA
CRE upregulated	GO:0048870	cell motility	ENSMUSG00000031073	Fgf15	IMP, IBA, IEA
CRE upregulated	GO:0048870	cell motility	ENSMUSG00000036667	ENSMUSG00000036667	IEA
CRE upregulated	GO:0048870	cell motility	ENSMUSG00000015839	Nfe2l2	ISO, IEA
CRE upregulated	GO:0048870	cell motility	ENSMUSG00000000627	ENSMUSG00000000627	IBA
CRE upregulated	GO:0048870	cell motility	ENSMUSG00000053797	ENSMUSG00000053797	IDA, IEA
CRE upregulated	GO:0031175	neuron projection development	ENSMUSG00000051379	Flrt3	IMP, ISS, ISO, IEA
CRE upregulated	GO:0031175	neuron projection development	ENSMUSG00000052684	Jun	IMP
CRE upregulated	GO:0031175	neuron projection development	ENSMUSG00000019647	Sema6a	IMP, IBA, NAS
CRE upregulated	GO:0031175	neuron projection development	ENSMUSG00000004951	Hspb1	ISO
CRE upregulated	GO:0031175	neuron projection development	ENSMUSG00000022044	Stmn4	IBA
CRE upregulated	GO:0031175	neuron projection development	ENSMUSG00000023905	Tnfrsf12a	IDA
CRE upregulated	GO:0031175	neuron projection development	ENSMUSG00000030102	Itpr1	ISO
CRE upregulated	GO:0031175	neuron projection development	ENSMUSG00000025089	Gfra1	ISO, IEA
CRE upregulated	GO:0031175	neuron projection development	ENSMUSG00000037705	Tecta	IGI
CRE upregulated	GO:0031175	neuron projection development	ENSMUSG00000030272	Camk1	ISS, IEA
CRE upregulated	GO:0031175	neuron projection development	ENSMUSG00000024261	Syt4	IEA
CRE upregulated	GO:0031175	neuron projection development	ENSMUSG00000029378	Areg	ISO, IEA
CRE upregulated	GO:0031175	neuron projection development	ENSMUSG00000042688	Mapk6	IGI
CRE upregulated	GO:0031175	neuron projection development	ENSMUSG00000048482	Bdnf	IDA, IMP, IGI, ISO, IBA, IEA
CRE upregulated	GO:0031175	neuron projection development	ENSMUSG00000024256	Adcyap1	ISS, ISO, IBA, IEA
CRE upregulated	GO:0031175	neuron projection development	ENSMUSG00000018736	Ndel1	IMP, IGI, ISO, IBA
CRE upregulated	GO:0031175	neuron projection development	ENSMUSG00000018507	Trpv2	IMP
CRE upregulated	GO:0031175	neuron projection development	ENSMUSG00000037568	Vash2	ISS, IEA
CRE upregulated	GO:0031175	neuron projection development	ENSMUSG00000029518	Rab35	IMP
CRE upregulated	GO:0031175	neuron projection development	ENSMUSG00000045136	Tubb2b	ISS, IEA
CRE upregulated	GO:0031175	neuron projection development	ENSMUSG00000027540	Ptpn1	IEA
CRE upregulated	GO:0031175	neuron projection development	ENSMUSG00000029121	Crmp1	IEA
CRE upregulated	GO:0031175	neuron projection development	ENSMUSG00000025809	Itgb1	IMP, IGI, ISO
CRE upregulated	GO:0031175	neuron projection development	ENSMUSG00000023030	Slc11a2	IMP
CRE upregulated	GO:0031175	neuron projection development	ENSMUSG00000025746	Il6	ISO
CRE upregulated	GO:0031175	neuron projection development	ENSMUSG00000031078	Cttn	ISS, ISO
CRE upregulated	GO:0031175	neuron projection development	ENSMUSG00000022607	Ptk2	IMP
CRE upregulated	GO:0031175	neuron projection development	ENSMUSG00000037062	Sh3glb1	ISO
CRE upregulated	GO:0031175	neuron projection development	ENSMUSG00000024772	Ehd1	ISS, ISO, IEA
CRE upregulated	GO:0031175	neuron projection development	ENSMUSG00000033039	Micall1	IMP, ISO
CRE upregulated	GO:0031175	neuron projection development	ENSMUSG00000017929	B4galt5	IMP
CRE upregulated	GO:0031175	neuron projection development	ENSMUSG00000001507	Itga3	ISO, IEA
CRE upregulated	GO:0031175	neuron projection development	ENSMUSG00000031628	Casp3	ISO, IEA
CRE upregulated	GO:0031175	neuron projection development	ENSMUSG00000032078	Zpr1	IMP, IBA, IEA
CRE upregulated	GO:0031175	neuron projection development	ENSMUSG00000055407	Map6	ISS, ISO, IBA, IEA
CRE upregulated	GO:0031175	neuron projection development	ENSMUSG00000001847	Rac1	IDA, IMP, IGI, IBA, IEA
CRE upregulated	GO:0031175	neuron projection development	ENSMUSG00000050271	Prag1	ISS, ISO, IEA
CRE upregulated	GO:0031175	neuron projection development	ENSMUSG00000030077	Chl1	IDA, IMP, IEA
CRE upregulated	GO:0031175	neuron projection development	ENSMUSG00000044667	Plppr4	ISO, IBA
CRE upregulated	GO:0031175	neuron projection development	ENSMUSG00000057531	Dtnbp1	IDA, IMP, ISS, ISO, IBA, NAS, IEA
CRE upregulated	GO:0031175	neuron projection development	ENSMUSG00000030309	Caprin2	IMP
CRE upregulated	GO:0031175	neuron projection development	ENSMUSG00000001627	Ifrd1	IGI
CRE upregulated	GO:0031175	neuron projection development	ENSMUSG00000029765	Plxna4	IMP, IGI, IBA
CRE upregulated	GO:0031175	neuron projection development	ENSMUSG00000027954	Efna1	IDA, IBA
CRE upregulated	GO:0031175	neuron projection development	ENSMUSG00000024789	Jak2	ISS, ISO, IEA
CRE upregulated	GO:0031175	neuron projection development	ENSMUSG00000042292	Mrtfa	IGI
CRE upregulated	GO:0031175	neuron projection development	ENSMUSG00000022602	Arc	ISO, IEA
CRE upregulated	GO:0031175	neuron projection development	ENSMUSG00000030223	ENSMUSG00000030223	IMP, IBA
CRE upregulated	GO:0031175	neuron projection development	ENSMUSG00000027797	Dclk1	IMP, IGI, IBA
CRE upregulated	GO:0031175	neuron projection development	ENSMUSG00000036882	ENSMUSG00000036882	ISO, IEA
CRE upregulated	GO:0031175	neuron projection development	ENSMUSG00000024803	Ankrd1	ISO
CRE upregulated	GO:0031175	neuron projection development	ENSMUSG00000023915	Tnfrsf21	ISO, IEA
CRE upregulated	GO:0031175	neuron projection development	ENSMUSG00000027692	Tnik	ISS, ISO, IBA, IEA
CRE upregulated	GO:0031175	neuron projection development	ENSMUSG00000029071	ENSMUSG00000029071	IDA, IMP, ISO, IEA
CRE upregulated	GO:0031175	neuron projection development	ENSMUSG00000024777	ENSMUSG00000024777	ISO, IEA
CRE upregulated	GO:0031175	neuron projection development	ENSMUSG00000026074	Map4k4	IEA
CRE upregulated	GO:0031175	neuron projection development	ENSMUSG00000031278	ENSMUSG00000031278	ISO
CRE upregulated	GO:0031175	neuron projection development	ENSMUSG00000037815	Ctnna1	IEA
CRE upregulated	GO:0031175	neuron projection development	ENSMUSG00000044147	Arf6	IMP, ISO, IBA, IEA
CRE upregulated	GO:0031175	neuron projection development	ENSMUSG00000011877	Git1	ISO
CRE upregulated	GO:0031175	neuron projection development	ENSMUSG00000062234	ENSMUSG00000062234	IEA
CRE upregulated	GO:0031175	neuron projection development	ENSMUSG00000039844	ENSMUSG00000039844	ISO, IEA
CRE upregulated	GO:0031175	neuron projection development	ENSMUSG00000020671	ENSMUSG00000020671	ISS, ISO
CRE upregulated	GO:0031175	neuron projection development	ENSMUSG00000027997	Casp6	ISO
CRE upregulated	GO:0031175	neuron projection development	ENSMUSG00000020594	ENSMUSG00000020594	ISO, IEA
CRE upregulated	GO:0031175	neuron projection development	ENSMUSG00000038676	Ucn	ISO, IEA
CRE upregulated	GO:0031175	neuron projection development	ENSMUSG00000026864	ENSMUSG00000026864	ISO
CRE upregulated	GO:0031175	neuron projection development	ENSMUSG00000002633	Shh	IDA, IMP, ISO
CRE upregulated	GO:0031175	neuron projection development	ENSMUSG00000039671	ENSMUSG00000039671	ISO, IEA
CRE upregulated	GO:0031175	neuron projection development	ENSMUSG00000020340	ENSMUSG00000020340	IMP, IBA
CRE upregulated	GO:0031175	neuron projection development	ENSMUSG00000023277	ENSMUSG00000023277	IBA, IEA
CRE upregulated	GO:0031175	neuron projection development	ENSMUSG00000019843	ENSMUSG00000019843	IMP, IGI
CRE upregulated	GO:0031175	neuron projection development	ENSMUSG00000053825	ENSMUSG00000053825	IEA
CRE upregulated	GO:0031175	neuron projection development	ENSMUSG00000047261	ENSMUSG00000047261	IMP, IBA
CRE upregulated	GO:0031175	neuron projection development	ENSMUSG00000015839	Nfe2l2	ISO, IEA
CRE upregulated	GO:0031175	neuron projection development	ENSMUSG00000049550	ENSMUSG00000049550	ISO
CRE upregulated	GO:0031175	neuron projection development	ENSMUSG00000000627	ENSMUSG00000000627	ISO, IBA, IEA
CRE upregulated	GO:0031175	neuron projection development	ENSMUSG00000069227	ENSMUSG00000069227	IDA, IBA
CRE upregulated	GO:0031175	neuron projection development	ENSMUSG00000054204	ENSMUSG00000054204	ISS, IEA
CRE upregulated	GO:0042325	regulation of phosphorylation	ENSMUSG00000036390	Gadd45a	IMP, IEA
CRE upregulated	GO:0042325	regulation of phosphorylation	ENSMUSG00000052684	Jun	IMP
CRE upregulated	GO:0042325	regulation of phosphorylation	ENSMUSG00000004951	Hspb1	IDA, IEA
CRE upregulated	GO:0042325	regulation of phosphorylation	ENSMUSG00000019876	Pkib	IEA
CRE upregulated	GO:0042325	regulation of phosphorylation	ENSMUSG00000025089	Gfra1	ISO, IEA
CRE upregulated	GO:0042325	regulation of phosphorylation	ENSMUSG00000020427	Igfbp3	ISO, IEA
CRE upregulated	GO:0042325	regulation of phosphorylation	ENSMUSG00000023067	Cdkn1a	IMP
CRE upregulated	GO:0042325	regulation of phosphorylation	ENSMUSG00000030681	Mvp	IEA
CRE upregulated	GO:0042325	regulation of phosphorylation	ENSMUSG00000030272	Camk1	ISS
CRE upregulated	GO:0042325	regulation of phosphorylation	ENSMUSG00000029378	Areg	IDA, ISO, IEA
CRE upregulated	GO:0042325	regulation of phosphorylation	ENSMUSG00000005087	Cd44	IEA
CRE upregulated	GO:0042325	regulation of phosphorylation	ENSMUSG00000026836	Acvr1	IEA
CRE upregulated	GO:0042325	regulation of phosphorylation	ENSMUSG00000048482	Bdnf	IMP, ISO, IEA
CRE upregulated	GO:0042325	regulation of phosphorylation	ENSMUSG00000024256	Adcyap1	ISS, ISO, IEA
CRE upregulated	GO:0042325	regulation of phosphorylation	ENSMUSG00000021070	Bdkrb2	IMP
CRE upregulated	GO:0042325	regulation of phosphorylation	ENSMUSG00000038894	Irs2	IMP
CRE upregulated	GO:0042325	regulation of phosphorylation	ENSMUSG00000027540	Ptpn1	IMP, IGI
CRE upregulated	GO:0042325	regulation of phosphorylation	ENSMUSG00000043895	S1pr2	IMP, IEA
CRE upregulated	GO:0042325	regulation of phosphorylation	ENSMUSG00000025809	Itgb1	ISO
CRE upregulated	GO:0042325	regulation of phosphorylation	ENSMUSG00000025746	Il6	ISO
CRE upregulated	GO:0042325	regulation of phosphorylation	ENSMUSG00000032231	Anxa2	ISO
CRE upregulated	GO:0042325	regulation of phosphorylation	ENSMUSG00000022607	Ptk2	ISS
CRE upregulated	GO:0042325	regulation of phosphorylation	ENSMUSG00000055994	Nod2	IMP
CRE upregulated	GO:0042325	regulation of phosphorylation	ENSMUSG00000027293	Ehd4	ISO, IEA
CRE upregulated	GO:0042325	regulation of phosphorylation	ENSMUSG00000046854	Pip5kl1	IEA
CRE upregulated	GO:0042325	regulation of phosphorylation	ENSMUSG00000040435	Ppp1r15a	IDA, ISO
CRE upregulated	GO:0042325	regulation of phosphorylation	ENSMUSG00000001847	Rac1	ISS
CRE upregulated	GO:0042325	regulation of phosphorylation	ENSMUSG00000018909	Arrb1	IMP, ISS, ISO
CRE upregulated	GO:0042325	regulation of phosphorylation	ENSMUSG00000033955	Tnks1bp1	IEA
CRE upregulated	GO:0042325	regulation of phosphorylation	ENSMUSG00000057531	Dtnbp1	IMP, ISO
CRE upregulated	GO:0042325	regulation of phosphorylation	ENSMUSG00000015837	Sqstm1	ISO
CRE upregulated	GO:0042325	regulation of phosphorylation	ENSMUSG00000053113	Socs3	IDA, IEA
CRE upregulated	GO:0042325	regulation of phosphorylation	ENSMUSG00000027954	Efna1	IDA, IEA
CRE upregulated	GO:0042325	regulation of phosphorylation	ENSMUSG00000024789	Jak2	IDA
CRE upregulated	GO:0042325	regulation of phosphorylation	ENSMUSG00000109511	Nup62	IMP
CRE upregulated	GO:0042325	regulation of phosphorylation	ENSMUSG00000024190	Dusp1	ISS
CRE upregulated	GO:0042325	regulation of phosphorylation	ENSMUSG00000030223	ENSMUSG00000030223	IDA
CRE upregulated	GO:0042325	regulation of phosphorylation	ENSMUSG00000040033	ENSMUSG00000040033	IEA
CRE upregulated	GO:0042325	regulation of phosphorylation	ENSMUSG00000026078	Pdcl3	ISO, IEA
CRE upregulated	GO:0042325	regulation of phosphorylation	ENSMUSG00000028893	Sesn2	IMP, IEA
CRE upregulated	GO:0042325	regulation of phosphorylation	ENSMUSG00000024947	Men1	IEA
CRE upregulated	GO:0042325	regulation of phosphorylation	ENSMUSG00000029071	ENSMUSG00000029071	IDA, IGI
CRE upregulated	GO:0042325	regulation of phosphorylation	ENSMUSG00000036894	Rap2b	IDA, IEA
CRE upregulated	GO:0042325	regulation of phosphorylation	ENSMUSG00000032715	Trib3	IDA, ISS
CRE upregulated	GO:0042325	regulation of phosphorylation	ENSMUSG00000024777	ENSMUSG00000024777	ISO, IEA
CRE upregulated	GO:0042325	regulation of phosphorylation	ENSMUSG00000032599	ENSMUSG00000032599	IMP
CRE upregulated	GO:0042325	regulation of phosphorylation	ENSMUSG00000020349	ENSMUSG00000020349	ISO
CRE upregulated	GO:0042325	regulation of phosphorylation	ENSMUSG00000025340	Rabgef1	IMP
CRE upregulated	GO:0042325	regulation of phosphorylation	ENSMUSG00000033159	ENSMUSG00000033159	IEA
CRE upregulated	GO:0042325	regulation of phosphorylation	ENSMUSG00000004530	ENSMUSG00000004530	IEA
CRE upregulated	GO:0042325	regulation of phosphorylation	ENSMUSG00000000787	ENSMUSG00000000787	ISS
CRE upregulated	GO:0042325	regulation of phosphorylation	ENSMUSG00000038676	Ucn	ISO
CRE upregulated	GO:0042325	regulation of phosphorylation	ENSMUSG00000027944	Hax1	IEA
CRE upregulated	GO:0042325	regulation of phosphorylation	ENSMUSG00000019843	ENSMUSG00000019843	IMP, IGI
CRE upregulated	GO:0042325	regulation of phosphorylation	ENSMUSG00000027646	ENSMUSG00000027646	IGI, ISO, IEA
CRE upregulated	GO:0042325	regulation of phosphorylation	ENSMUSG00000032501	Trib1	ISS
CRE upregulated	GO:0042325	regulation of phosphorylation	ENSMUSG00000003119	ENSMUSG00000003119	ISS
CRE upregulated	GO:0042325	regulation of phosphorylation	ENSMUSG00000055067	ENSMUSG00000055067	IMP
CRE upregulated	GO:0042325	regulation of phosphorylation	ENSMUSG00000031073	Fgf15	IEA
CRE upregulated	GO:0015031	protein transport	ENSMUSG00000037428	Vgf	IGI
CRE upregulated	GO:0015031	protein transport	ENSMUSG00000004951	Hspb1	ISS, IEA
CRE upregulated	GO:0015031	protein transport	ENSMUSG00000030102	Itpr1	IMP, IGI
CRE upregulated	GO:0015031	protein transport	ENSMUSG00000023067	Cdkn1a	IMP
CRE upregulated	GO:0015031	protein transport	ENSMUSG00000041831	Sytl3	IEA
CRE upregulated	GO:0015031	protein transport	ENSMUSG00000109901	Chmp1b	IBA, IEA
CRE upregulated	GO:0015031	protein transport	ENSMUSG00000030272	Camk1	IDA, IEA
CRE upregulated	GO:0015031	protein transport	ENSMUSG00000035621	Midn	ISO, IEA
CRE upregulated	GO:0015031	protein transport	ENSMUSG00000034300	Fam53c	IBA
CRE upregulated	GO:0015031	protein transport	ENSMUSG00000024261	Syt4	IMP
CRE upregulated	GO:0015031	protein transport	ENSMUSG00000032939	Nup93	IBA, IEA
CRE upregulated	GO:0015031	protein transport	ENSMUSG00000024256	Adcyap1	IDA
CRE upregulated	GO:0015031	protein transport	ENSMUSG00000018736	Ndel1	IEA
CRE upregulated	GO:0015031	protein transport	ENSMUSG00000002250	Ppard	ISO, NAS
CRE upregulated	GO:0015031	protein transport	ENSMUSG00000038894	Irs2	IMP
CRE upregulated	GO:0015031	protein transport	ENSMUSG00000035828	Pim3	IMP
CRE upregulated	GO:0015031	protein transport	ENSMUSG00000005069	Pex5	IMP, ISS, IBA, IEA
CRE upregulated	GO:0015031	protein transport	ENSMUSG00000029518	Rab35	IEA
CRE upregulated	GO:0015031	protein transport	ENSMUSG00000027540	Ptpn1	IEA
CRE upregulated	GO:0015031	protein transport	ENSMUSG00000022661	Cd200	IEA
CRE upregulated	GO:0015031	protein transport	ENSMUSG00000039232	Stx11	IEA
CRE upregulated	GO:0015031	protein transport	ENSMUSG00000028063	Lmna	IMP
CRE upregulated	GO:0015031	protein transport	ENSMUSG00000051343	Rab11fip5	IMP, IEA
CRE upregulated	GO:0015031	protein transport	ENSMUSG00000015341	Golga7	ISS, IBA, IEA
CRE upregulated	GO:0015031	protein transport	ENSMUSG00000053436	Mapk14	IMP
CRE upregulated	GO:0015031	protein transport	ENSMUSG00000025809	Itgb1	ISO
CRE upregulated	GO:0015031	protein transport	ENSMUSG00000018362	Kpna2	IDA, ISS, IBA, IEA
CRE upregulated	GO:0015031	protein transport	ENSMUSG00000011008	Mcoln2	IEA
CRE upregulated	GO:0015031	protein transport	ENSMUSG00000015243	Abca1	IMP, IEA
CRE upregulated	GO:0015031	protein transport	ENSMUSG00000025746	Il6	IDA, ISO
CRE upregulated	GO:0015031	protein transport	ENSMUSG00000021843	Ktn1	IEA
CRE upregulated	GO:0015031	protein transport	ENSMUSG00000031078	Cttn	IMP, ISS, IEA
CRE upregulated	GO:0015031	protein transport	ENSMUSG00000040312	Cchcr1	IDA, IBA
CRE upregulated	GO:0015031	protein transport	ENSMUSG00000034247	Plekhm1	IEA
CRE upregulated	GO:0015031	protein transport	ENSMUSG00000024772	Ehd1	ISS, IEA
CRE upregulated	GO:0015031	protein transport	ENSMUSG00000035392	Dennd1a	IEA
CRE upregulated	GO:0015031	protein transport	ENSMUSG00000033039	Micall1	IEA
CRE upregulated	GO:0015031	protein transport	ENSMUSG00000007458	M6pr	IDA, IBA, TAS, IEA
CRE upregulated	GO:0015031	protein transport	ENSMUSG00000032078	Zpr1	IMP, ISS, IBA, IEA
CRE upregulated	GO:0015031	protein transport	ENSMUSG00000035199	Arl6ip5	ISO, IEA
CRE upregulated	GO:0015031	protein transport	ENSMUSG00000001847	Rac1	IMP, ISO
CRE upregulated	GO:0015031	protein transport	ENSMUSG00000018909	Arrb1	IMP, IEA
CRE upregulated	GO:0015031	protein transport	ENSMUSG00000057531	Dtnbp1	IMP
CRE upregulated	GO:0015031	protein transport	ENSMUSG00000004768	Rab23	IEA
CRE upregulated	GO:0015031	protein transport	ENSMUSG00000015837	Sqstm1	IDA, IMP, ISS, IEA
CRE upregulated	GO:0015031	protein transport	ENSMUSG00000036057	Ptpn23	IBA, IEA
CRE upregulated	GO:0015031	protein transport	ENSMUSG00000030616	Sytl2	IEA
CRE upregulated	GO:0015031	protein transport	ENSMUSG00000047604	Frat2	ISS
CRE upregulated	GO:0015031	protein transport	ENSMUSG00000023032	Slc4a8	ISO, IEA
CRE upregulated	GO:0015031	protein transport	ENSMUSG00000024789	Jak2	ISS, ISO, IEA
CRE upregulated	GO:0015031	protein transport	ENSMUSG00000038949	Cnst	ISS, IBA, IEA
CRE upregulated	GO:0015031	protein transport	ENSMUSG00000004040	ENSMUSG00000004040	ISS, IEA
CRE upregulated	GO:0015031	protein transport	ENSMUSG00000022555	Dgat1	ISO
CRE upregulated	GO:0015031	protein transport	ENSMUSG00000109511	Nup62	ISO, IBA, IEA
CRE upregulated	GO:0015031	protein transport	ENSMUSG00000004347	ENSMUSG00000004347	ISO
CRE upregulated	GO:0015031	protein transport	ENSMUSG00000033769	Exoc6b	IEA
CRE upregulated	GO:0015031	protein transport	ENSMUSG00000036882	ENSMUSG00000036882	IEA
CRE upregulated	GO:0015031	protein transport	ENSMUSG00000026426	ENSMUSG00000026426	IEA
CRE upregulated	GO:0015031	protein transport	ENSMUSG00000024803	Ankrd1	IEA
CRE upregulated	GO:0015031	protein transport	ENSMUSG00000019188	ENSMUSG00000019188	IEA
CRE upregulated	GO:0015031	protein transport	ENSMUSG00000025793	ENSMUSG00000025793	IEA
CRE upregulated	GO:0015031	protein transport	ENSMUSG00000026718	ENSMUSG00000026718	IBA, IEA
CRE upregulated	GO:0015031	protein transport	ENSMUSG00000044453	Ffar1	IDA, IMP, ISO, IBA
CRE upregulated	GO:0015031	protein transport	ENSMUSG00000032902	Slc16a1	IMP
CRE upregulated	GO:0015031	protein transport	ENSMUSG00000026074	Map4k4	IEA
CRE upregulated	GO:0015031	protein transport	ENSMUSG00000049866	Arl4c	IBA
CRE upregulated	GO:0015031	protein transport	ENSMUSG00000031278	ENSMUSG00000031278	ISS, ISO
CRE upregulated	GO:0015031	protein transport	ENSMUSG00000053175	Bcl3	IEA
CRE upregulated	GO:0015031	protein transport	ENSMUSG00000025340	Rabgef1	IEA
CRE upregulated	GO:0015031	protein transport	ENSMUSG00000021587	Pcsk1	ISO, IEA
CRE upregulated	GO:0015031	protein transport	ENSMUSG00000044147	Arf6	IBA, TAS, IEA
CRE upregulated	GO:0015031	protein transport	ENSMUSG00000030662	ENSMUSG00000030662	IDA, IMP, IBA, IEA
CRE upregulated	GO:0015031	protein transport	ENSMUSG00000047281	ENSMUSG00000047281	IDA
CRE upregulated	GO:0015031	protein transport	ENSMUSG00000025351	Cd63	IEA
CRE upregulated	GO:0015031	protein transport	ENSMUSG00000019842	ENSMUSG00000019842	IDA
CRE upregulated	GO:0015031	protein transport	ENSMUSG00000044465	ENSMUSG00000044465	IEA
CRE upregulated	GO:0015031	protein transport	ENSMUSG00000016534	ENSMUSG00000016534	IMP, ISO, IBA, IEA
CRE upregulated	GO:0015031	protein transport	ENSMUSG00000001552	ENSMUSG00000001552	IEA
CRE upregulated	GO:0015031	protein transport	ENSMUSG00000020671	ENSMUSG00000020671	ISS, IBA, TAS, IEA
CRE upregulated	GO:0015031	protein transport	ENSMUSG00000047547	Cltb	IEA
CRE upregulated	GO:0015031	protein transport	ENSMUSG00000038467	ENSMUSG00000038467	IEA
CRE upregulated	GO:0015031	protein transport	ENSMUSG00000026864	ENSMUSG00000026864	ISS, IEA
CRE upregulated	GO:0015031	protein transport	ENSMUSG00000002633	Shh	IGI
CRE upregulated	GO:0015031	protein transport	ENSMUSG00000028680	ENSMUSG00000028680	IEA
CRE upregulated	GO:0015031	protein transport	ENSMUSG00000061244	ENSMUSG00000061244	IEA
CRE upregulated	GO:0015031	protein transport	ENSMUSG00000056050	ENSMUSG00000056050	IEA
CRE upregulated	GO:0015031	protein transport	ENSMUSG00000040652	ENSMUSG00000040652	IDA
CRE upregulated	GO:0015031	protein transport	ENSMUSG00000028291	ENSMUSG00000028291	ISS, IEA
CRE upregulated	GO:0015031	protein transport	ENSMUSG00000051209	ENSMUSG00000051209	IDA
CRE upregulated	GO:0015031	protein transport	ENSMUSG00000027646	ENSMUSG00000027646	ISO, IEA
CRE upregulated	GO:0015031	protein transport	ENSMUSG00000049550	ENSMUSG00000049550	IMP
CRE upregulated	GO:0015031	protein transport	ENSMUSG00000019998	ENSMUSG00000019998	IEA
CRE upregulated	GO:0009057	macromolecule catabolic process	ENSMUSG00000039328	Rnf122	ISS, IEA
CRE upregulated	GO:0009057	macromolecule catabolic process	ENSMUSG00000025473	Adam8	IDA, IBA, IEA
CRE upregulated	GO:0009057	macromolecule catabolic process	ENSMUSG00000037447	Arid5a	ISS, IEA
CRE upregulated	GO:0009057	macromolecule catabolic process	ENSMUSG00000001054	Rmnd5b	IBA, IEA
CRE upregulated	GO:0009057	macromolecule catabolic process	ENSMUSG00000020427	Igfbp3	ISO
CRE upregulated	GO:0009057	macromolecule catabolic process	ENSMUSG00000109901	Chmp1b	ISO, IEA
CRE upregulated	GO:0009057	macromolecule catabolic process	ENSMUSG00000028793	Rnf19b	IBA
CRE upregulated	GO:0009057	macromolecule catabolic process	ENSMUSG00000005087	Cd44	IEA
CRE upregulated	GO:0009057	macromolecule catabolic process	ENSMUSG00000037458	Azin1	ISS, ISO, IBA, IEA
CRE upregulated	GO:0009057	macromolecule catabolic process	ENSMUSG00000044734	Serpinb1a	IPI
CRE upregulated	GO:0009057	macromolecule catabolic process	ENSMUSG00000021501	Caml	ISS, IEA
CRE upregulated	GO:0009057	macromolecule catabolic process	ENSMUSG00000028789	Azin2	IBA, IEA
CRE upregulated	GO:0009057	macromolecule catabolic process	ENSMUSG00000027540	Ptpn1	IEA
CRE upregulated	GO:0009057	macromolecule catabolic process	ENSMUSG00000011179	Odc1	IDA
CRE upregulated	GO:0009057	macromolecule catabolic process	ENSMUSG00000040025	Ythdf2	IMP, IBA, IEA
CRE upregulated	GO:0009057	macromolecule catabolic process	ENSMUSG00000025139	Tollip	IBA
CRE upregulated	GO:0009057	macromolecule catabolic process	ENSMUSG00000032231	Anxa2	IMP, IEA
CRE upregulated	GO:0009057	macromolecule catabolic process	ENSMUSG00000047368	Abhd17b	IMP
CRE upregulated	GO:0009057	macromolecule catabolic process	ENSMUSG00000022607	Ptk2	IMP
CRE upregulated	GO:0009057	macromolecule catabolic process	ENSMUSG00000037062	Sh3glb1	IEA
CRE upregulated	GO:0009057	macromolecule catabolic process	ENSMUSG00000020271	Fbxw11	IMP, ISS
CRE upregulated	GO:0009057	macromolecule catabolic process	ENSMUSG00000031628	Casp3	ISO, IEA
CRE upregulated	GO:0009057	macromolecule catabolic process	ENSMUSG00000025408	Ddit3	IEA
CRE upregulated	GO:0009057	macromolecule catabolic process	ENSMUSG00000032078	Zpr1	ISS, IEA
CRE upregulated	GO:0009057	macromolecule catabolic process	ENSMUSG00000018909	Arrb1	IMP, ISS, IEA
CRE upregulated	GO:0009057	macromolecule catabolic process	ENSMUSG00000020064	Herc4	IBA
CRE upregulated	GO:0009057	macromolecule catabolic process	ENSMUSG00000026317	Cln8	IMP
CRE upregulated	GO:0009057	macromolecule catabolic process	ENSMUSG00000024360	Etf1	IEA
CRE upregulated	GO:0009057	macromolecule catabolic process	ENSMUSG00000027455	Nsfl1c	IBA
CRE upregulated	GO:0009057	macromolecule catabolic process	ENSMUSG00000008393	Carhsp1	IMP, IBA, IEA
CRE upregulated	GO:0009057	macromolecule catabolic process	ENSMUSG00000015837	Sqstm1	ISS, IEA
CRE upregulated	GO:0009057	macromolecule catabolic process	ENSMUSG00000023286	Ube2j2	IBA, IEA
CRE upregulated	GO:0009057	macromolecule catabolic process	ENSMUSG00000023087	Noct	IMP, IGI
CRE upregulated	GO:0009057	macromolecule catabolic process	ENSMUSG00000017428	Psmd11	ISS, IBA, IEA
CRE upregulated	GO:0009057	macromolecule catabolic process	ENSMUSG00000036057	Ptpn23	ISS, IBA, IEA
CRE upregulated	GO:0009057	macromolecule catabolic process	ENSMUSG00000022433	Csnk1e	IMP, IBA
CRE upregulated	GO:0009057	macromolecule catabolic process	ENSMUSG00000027954	Efna1	IEA
CRE upregulated	GO:0009057	macromolecule catabolic process	ENSMUSG00000020027	Socs2	ISS, IEA
CRE upregulated	GO:0009057	macromolecule catabolic process	ENSMUSG00000029578	Wipi2	IBA
CRE upregulated	GO:0009057	macromolecule catabolic process	ENSMUSG00000029826	Zc3hav1	ISS, ISO, IBA, IEA
CRE upregulated	GO:0009057	macromolecule catabolic process	ENSMUSG00000020358	Hnrnpab	ISO, IEA
CRE upregulated	GO:0009057	macromolecule catabolic process	ENSMUSG00000017615	Tnfaip1	ISS, IBA, IEA
CRE upregulated	GO:0009057	macromolecule catabolic process	ENSMUSG00000033545	Znrf1	IDA, IBA
CRE upregulated	GO:0009057	macromolecule catabolic process	ENSMUSG00000038733	Wdr26	IBA
CRE upregulated	GO:0009057	macromolecule catabolic process	ENSMUSG00000019188	ENSMUSG00000019188	IEA
CRE upregulated	GO:0009057	macromolecule catabolic process	ENSMUSG00000024927	Rela	IMP
CRE upregulated	GO:0009057	macromolecule catabolic process	ENSMUSG00000026718	ENSMUSG00000026718	IBA
CRE upregulated	GO:0009057	macromolecule catabolic process	ENSMUSG00000026078	Pdcl3	ISO, IEA
CRE upregulated	GO:0009057	macromolecule catabolic process	ENSMUSG00000025279	ENSMUSG00000025279	IDA, IBA, IEA
CRE upregulated	GO:0009057	macromolecule catabolic process	ENSMUSG00000029071	ENSMUSG00000029071	IEA
CRE upregulated	GO:0009057	macromolecule catabolic process	ENSMUSG00000032715	Trib3	IBA, TAS, IC
CRE upregulated	GO:0009057	macromolecule catabolic process	ENSMUSG00000020694	ENSMUSG00000020694	ISS, IEA
CRE upregulated	GO:0009057	macromolecule catabolic process	ENSMUSG00000025162	ENSMUSG00000025162	IMP, IBA, IEA
CRE upregulated	GO:0009057	macromolecule catabolic process	ENSMUSG00000020349	ENSMUSG00000020349	ISO
CRE upregulated	GO:0009057	macromolecule catabolic process	ENSMUSG00000039108	ENSMUSG00000039108	IMP
CRE upregulated	GO:0009057	macromolecule catabolic process	ENSMUSG00000028599	Tnfrsf1b	IMP, IBA, IEA
CRE upregulated	GO:0009057	macromolecule catabolic process	ENSMUSG00000011877	Git1	ISO
CRE upregulated	GO:0009057	macromolecule catabolic process	ENSMUSG00000019842	ENSMUSG00000019842	IDA, IMP
CRE upregulated	GO:0009057	macromolecule catabolic process	ENSMUSG00000016534	ENSMUSG00000016534	IMP, IGI, ISS, ISO, IBA, IEA
CRE upregulated	GO:0009057	macromolecule catabolic process	ENSMUSG00000029110	ENSMUSG00000029110	ISS, IEA
CRE upregulated	GO:0009057	macromolecule catabolic process	ENSMUSG00000109336	ENSMUSG00000109336	IEA
CRE upregulated	GO:0009057	macromolecule catabolic process	ENSMUSG00000023952	ENSMUSG00000023952	IMP
CRE upregulated	GO:0009057	macromolecule catabolic process	ENSMUSG00000020594	ENSMUSG00000020594	ISS, IBA, IEA
CRE upregulated	GO:0009057	macromolecule catabolic process	ENSMUSG00000020448	Rnf185	ISS, IBA, IEA
CRE upregulated	GO:0009057	macromolecule catabolic process	ENSMUSG00000038467	ENSMUSG00000038467	ISO, IEA
CRE upregulated	GO:0009057	macromolecule catabolic process	ENSMUSG00000032508	Myd88	IEA
CRE upregulated	GO:0009057	macromolecule catabolic process	ENSMUSG00000028370	Pappa	ISO, IEA
CRE upregulated	GO:0009057	macromolecule catabolic process	ENSMUSG00000026864	ENSMUSG00000026864	IDA, IBA
CRE upregulated	GO:0009057	macromolecule catabolic process	ENSMUSG00000021072	Tmx1	ISS, IEA
CRE upregulated	GO:0009057	macromolecule catabolic process	ENSMUSG00000002633	Shh	IMP
CRE upregulated	GO:0009057	macromolecule catabolic process	ENSMUSG00000028680	ENSMUSG00000028680	IEA
CRE upregulated	GO:0009057	macromolecule catabolic process	ENSMUSG00000053581	ENSMUSG00000053581	IMP, IBA
CRE upregulated	GO:0009057	macromolecule catabolic process	ENSMUSG00000015357	ENSMUSG00000015357	ISS, IBA, IEA
CRE upregulated	GO:0009057	macromolecule catabolic process	ENSMUSG00000025198	ENSMUSG00000025198	IEA
CRE upregulated	GO:0009057	macromolecule catabolic process	ENSMUSG00000038250	ENSMUSG00000038250	IEA
CRE upregulated	GO:0009057	macromolecule catabolic process	ENSMUSG00000020794	Ube2g1	ISO, IBA, IEA
CRE upregulated	GO:0009057	macromolecule catabolic process	ENSMUSG00000040652	ENSMUSG00000040652	IDA, IBA
CRE upregulated	GO:0009057	macromolecule catabolic process	ENSMUSG00000028291	ENSMUSG00000028291	ISS, IEA
CRE upregulated	GO:0009057	macromolecule catabolic process	ENSMUSG00000078676	ENSMUSG00000078676	ISS, ISO, IEA
CRE upregulated	GO:0009057	macromolecule catabolic process	ENSMUSG00000019843	ENSMUSG00000019843	IMP
CRE upregulated	GO:0009057	macromolecule catabolic process	ENSMUSG00000020680	ENSMUSG00000020680	ISO, IEA
CRE upregulated	GO:0009057	macromolecule catabolic process	ENSMUSG00000021340	ENSMUSG00000021340	IEA
CRE upregulated	GO:0009057	macromolecule catabolic process	ENSMUSG00000033991	ENSMUSG00000033991	ISS, IBA, IEA
CRE upregulated	GO:0009057	macromolecule catabolic process	ENSMUSG00000032501	Trib1	IDA, IBA
CRE upregulated	GO:0009057	macromolecule catabolic process	ENSMUSG00000027433	ENSMUSG00000027433	IBA
CRE upregulated	GO:0009057	macromolecule catabolic process	ENSMUSG00000015839	Nfe2l2	ISS, IEA
CRE upregulated	GO:0009057	macromolecule catabolic process	ENSMUSG00000021477	ENSMUSG00000021477	IMP, ISO, IBA
CRE upregulated	GO:0009057	macromolecule catabolic process	ENSMUSG00000031751	ENSMUSG00000031751	ISS, IBA, IEA
CRE upregulated	GO:0009057	macromolecule catabolic process	ENSMUSG00000046707	ENSMUSG00000046707	IEA
CRE upregulated	GO:0009057	macromolecule catabolic process	ENSMUSG00000003541	ENSMUSG00000003541	IDA
CRE upregulated	GO:0019220	regulation of phosphate metabolic process	ENSMUSG00000036390	Gadd45a	IMP, IEA
CRE upregulated	GO:0019220	regulation of phosphate metabolic process	ENSMUSG00000052684	Jun	IMP
CRE upregulated	GO:0019220	regulation of phosphate metabolic process	ENSMUSG00000004951	Hspb1	IDA, IEA
CRE upregulated	GO:0019220	regulation of phosphate metabolic process	ENSMUSG00000019876	Pkib	IEA
CRE upregulated	GO:0019220	regulation of phosphate metabolic process	ENSMUSG00000025089	Gfra1	ISO, IEA
CRE upregulated	GO:0019220	regulation of phosphate metabolic process	ENSMUSG00000020427	Igfbp3	ISO, IEA
CRE upregulated	GO:0019220	regulation of phosphate metabolic process	ENSMUSG00000023067	Cdkn1a	IMP
CRE upregulated	GO:0019220	regulation of phosphate metabolic process	ENSMUSG00000030681	Mvp	IEA
CRE upregulated	GO:0019220	regulation of phosphate metabolic process	ENSMUSG00000030272	Camk1	ISS
CRE upregulated	GO:0019220	regulation of phosphate metabolic process	ENSMUSG00000029378	Areg	IDA, ISO, IEA
CRE upregulated	GO:0019220	regulation of phosphate metabolic process	ENSMUSG00000005087	Cd44	IEA
CRE upregulated	GO:0019220	regulation of phosphate metabolic process	ENSMUSG00000026836	Acvr1	IEA
CRE upregulated	GO:0019220	regulation of phosphate metabolic process	ENSMUSG00000048482	Bdnf	IMP, ISO, IEA
CRE upregulated	GO:0019220	regulation of phosphate metabolic process	ENSMUSG00000024256	Adcyap1	ISS, ISO, IEA
CRE upregulated	GO:0019220	regulation of phosphate metabolic process	ENSMUSG00000021070	Bdkrb2	IMP
CRE upregulated	GO:0019220	regulation of phosphate metabolic process	ENSMUSG00000038894	Irs2	IMP
CRE upregulated	GO:0019220	regulation of phosphate metabolic process	ENSMUSG00000027540	Ptpn1	IMP, IGI
CRE upregulated	GO:0019220	regulation of phosphate metabolic process	ENSMUSG00000043895	S1pr2	IMP, IEA
CRE upregulated	GO:0019220	regulation of phosphate metabolic process	ENSMUSG00000025809	Itgb1	ISO
CRE upregulated	GO:0019220	regulation of phosphate metabolic process	ENSMUSG00000025746	Il6	ISO
CRE upregulated	GO:0019220	regulation of phosphate metabolic process	ENSMUSG00000032231	Anxa2	ISO
CRE upregulated	GO:0019220	regulation of phosphate metabolic process	ENSMUSG00000022607	Ptk2	ISS
CRE upregulated	GO:0019220	regulation of phosphate metabolic process	ENSMUSG00000055994	Nod2	IMP
CRE upregulated	GO:0019220	regulation of phosphate metabolic process	ENSMUSG00000027293	Ehd4	ISO, IEA
CRE upregulated	GO:0019220	regulation of phosphate metabolic process	ENSMUSG00000027613	Eif6	IMP
CRE upregulated	GO:0019220	regulation of phosphate metabolic process	ENSMUSG00000046854	Pip5kl1	IEA
CRE upregulated	GO:0019220	regulation of phosphate metabolic process	ENSMUSG00000040435	Ppp1r15a	IDA, ISO, IEA
CRE upregulated	GO:0019220	regulation of phosphate metabolic process	ENSMUSG00000001847	Rac1	ISS
CRE upregulated	GO:0019220	regulation of phosphate metabolic process	ENSMUSG00000018909	Arrb1	IMP, ISS, ISO
CRE upregulated	GO:0019220	regulation of phosphate metabolic process	ENSMUSG00000033955	Tnks1bp1	IEA
CRE upregulated	GO:0019220	regulation of phosphate metabolic process	ENSMUSG00000057531	Dtnbp1	IMP, ISO
CRE upregulated	GO:0019220	regulation of phosphate metabolic process	ENSMUSG00000015837	Sqstm1	ISO
CRE upregulated	GO:0019220	regulation of phosphate metabolic process	ENSMUSG00000022346	Myc	ISO
CRE upregulated	GO:0019220	regulation of phosphate metabolic process	ENSMUSG00000053113	Socs3	IDA, IEA
CRE upregulated	GO:0019220	regulation of phosphate metabolic process	ENSMUSG00000027954	Efna1	IDA, IEA
CRE upregulated	GO:0019220	regulation of phosphate metabolic process	ENSMUSG00000024789	Jak2	IDA
CRE upregulated	GO:0019220	regulation of phosphate metabolic process	ENSMUSG00000004040	ENSMUSG00000004040	IMP, ISO
CRE upregulated	GO:0019220	regulation of phosphate metabolic process	ENSMUSG00000109511	Nup62	IMP
CRE upregulated	GO:0019220	regulation of phosphate metabolic process	ENSMUSG00000024190	Dusp1	ISS
CRE upregulated	GO:0019220	regulation of phosphate metabolic process	ENSMUSG00000030223	ENSMUSG00000030223	IDA
CRE upregulated	GO:0019220	regulation of phosphate metabolic process	ENSMUSG00000040033	ENSMUSG00000040033	IEA
CRE upregulated	GO:0019220	regulation of phosphate metabolic process	ENSMUSG00000026078	Pdcl3	ISO, IEA
CRE upregulated	GO:0019220	regulation of phosphate metabolic process	ENSMUSG00000028893	Sesn2	IMP, IEA
CRE upregulated	GO:0019220	regulation of phosphate metabolic process	ENSMUSG00000024947	Men1	IEA
CRE upregulated	GO:0019220	regulation of phosphate metabolic process	ENSMUSG00000029071	ENSMUSG00000029071	IDA, IGI
CRE upregulated	GO:0019220	regulation of phosphate metabolic process	ENSMUSG00000036894	Rap2b	IDA, IEA
CRE upregulated	GO:0019220	regulation of phosphate metabolic process	ENSMUSG00000032715	Trib3	IDA, ISS
CRE upregulated	GO:0019220	regulation of phosphate metabolic process	ENSMUSG00000024777	ENSMUSG00000024777	ISO, IEA
CRE upregulated	GO:0019220	regulation of phosphate metabolic process	ENSMUSG00000010660	Plcd1	ISO
CRE upregulated	GO:0019220	regulation of phosphate metabolic process	ENSMUSG00000032599	ENSMUSG00000032599	IMP
CRE upregulated	GO:0019220	regulation of phosphate metabolic process	ENSMUSG00000020349	ENSMUSG00000020349	IMP, ISO
CRE upregulated	GO:0019220	regulation of phosphate metabolic process	ENSMUSG00000025340	Rabgef1	IMP
CRE upregulated	GO:0019220	regulation of phosphate metabolic process	ENSMUSG00000033159	ENSMUSG00000033159	IEA
CRE upregulated	GO:0019220	regulation of phosphate metabolic process	ENSMUSG00000004530	ENSMUSG00000004530	IEA
CRE upregulated	GO:0019220	regulation of phosphate metabolic process	ENSMUSG00000011877	Git1	IMP
CRE upregulated	GO:0019220	regulation of phosphate metabolic process	ENSMUSG00000000787	ENSMUSG00000000787	ISS
CRE upregulated	GO:0019220	regulation of phosphate metabolic process	ENSMUSG00000038676	Ucn	ISO
CRE upregulated	GO:0019220	regulation of phosphate metabolic process	ENSMUSG00000027944	Hax1	IEA
CRE upregulated	GO:0019220	regulation of phosphate metabolic process	ENSMUSG00000019843	ENSMUSG00000019843	IMP, IGI
CRE upregulated	GO:0019220	regulation of phosphate metabolic process	ENSMUSG00000027646	ENSMUSG00000027646	IDA, IGI, ISO, IEA
CRE upregulated	GO:0019220	regulation of phosphate metabolic process	ENSMUSG00000032501	Trib1	ISS
CRE upregulated	GO:0019220	regulation of phosphate metabolic process	ENSMUSG00000003119	ENSMUSG00000003119	ISS
CRE upregulated	GO:0019220	regulation of phosphate metabolic process	ENSMUSG00000055067	ENSMUSG00000055067	IMP
CRE upregulated	GO:0019220	regulation of phosphate metabolic process	ENSMUSG00000031073	Fgf15	IEA
CRE upregulated	GO:0019220	regulation of phosphate metabolic process	ENSMUSG00000003541	ENSMUSG00000003541	IMP
CRE upregulated	GO:0040011	locomotion	ENSMUSG00000036390	Gadd45a	IMP, IEA
CRE upregulated	GO:0040011	locomotion	ENSMUSG00000051379	Flrt3	IEA
CRE upregulated	GO:0040011	locomotion	ENSMUSG00000052684	Jun	IMP
CRE upregulated	GO:0040011	locomotion	ENSMUSG00000019647	Sema6a	IMP, IBA
CRE upregulated	GO:0040011	locomotion	ENSMUSG00000004951	Hspb1	IEA
CRE upregulated	GO:0040011	locomotion	ENSMUSG00000025473	Adam8	IDA, IMP, IBA, IEA
CRE upregulated	GO:0040011	locomotion	ENSMUSG00000014599	Csf1	IGI, ISO, IEA
CRE upregulated	GO:0040011	locomotion	ENSMUSG00000020427	Igfbp3	IEA
CRE upregulated	GO:0040011	locomotion	ENSMUSG00000006304	Arpc2	ISO
CRE upregulated	GO:0040011	locomotion	ENSMUSG00000026836	Acvr1	IEA
CRE upregulated	GO:0040011	locomotion	ENSMUSG00000068566	Myadm	IEA
CRE upregulated	GO:0040011	locomotion	ENSMUSG00000002250	Ppard	ISO
CRE upregulated	GO:0040011	locomotion	ENSMUSG00000038894	Irs2	IGI
CRE upregulated	GO:0040011	locomotion	ENSMUSG00000025337	Sbds	IEA
CRE upregulated	GO:0040011	locomotion	ENSMUSG00000045136	Tubb2b	ISS, IEA
CRE upregulated	GO:0040011	locomotion	ENSMUSG00000027540	Ptpn1	IEA
CRE upregulated	GO:0040011	locomotion	ENSMUSG00000043895	S1pr2	ISO
CRE upregulated	GO:0040011	locomotion	ENSMUSG00000028063	Lmna	IMP
CRE upregulated	GO:0040011	locomotion	ENSMUSG00000030678	Maz	IEA
CRE upregulated	GO:0040011	locomotion	ENSMUSG00000025809	Itgb1	ISS, ISO, IEA
CRE upregulated	GO:0040011	locomotion	ENSMUSG00000002233	Rhoc	IEA
CRE upregulated	GO:0040011	locomotion	ENSMUSG00000031078	Cttn	ISO
CRE upregulated	GO:0040011	locomotion	ENSMUSG00000022607	Ptk2	ISS, ISO, IBA
CRE upregulated	GO:0040011	locomotion	ENSMUSG00000055994	Nod2	IMP
CRE upregulated	GO:0040011	locomotion	ENSMUSG00000020580	Rock2	IEA
CRE upregulated	GO:0040011	locomotion	ENSMUSG00000021990	Spata13	IEA
CRE upregulated	GO:0040011	locomotion	ENSMUSG00000046854	Pip5kl1	IEA
CRE upregulated	GO:0040011	locomotion	ENSMUSG00000001507	Itga3	ISO, IEA
CRE upregulated	GO:0040011	locomotion	ENSMUSG00000055723	Rras2	IGI
CRE upregulated	GO:0040011	locomotion	ENSMUSG00000001847	Rac1	IMP, ISO, IBA, IEA
CRE upregulated	GO:0040011	locomotion	ENSMUSG00000042121	Ssh1	ISO, IEA
CRE upregulated	GO:0040011	locomotion	ENSMUSG00000050271	Prag1	ISS, ISO, IEA
CRE upregulated	GO:0040011	locomotion	ENSMUSG00000022951	Rcan1	IGI
CRE upregulated	GO:0040011	locomotion	ENSMUSG00000036737	Oxsr1	IMP, IBA, IEA
CRE upregulated	GO:0040011	locomotion	ENSMUSG00000031955	Bcar1	ISS, IEA
CRE upregulated	GO:0040011	locomotion	ENSMUSG00000036057	Ptpn23	IEA
CRE upregulated	GO:0040011	locomotion	ENSMUSG00000015316	Slamf1	IMP
CRE upregulated	GO:0040011	locomotion	ENSMUSG00000029765	Plxna4	IMP, IBA
CRE upregulated	GO:0040011	locomotion	ENSMUSG00000022346	Myc	ISO
CRE upregulated	GO:0040011	locomotion	ENSMUSG00000026072	Il1r1	IMP, ISO
CRE upregulated	GO:0040011	locomotion	ENSMUSG00000027954	Efna1	IDA
CRE upregulated	GO:0040011	locomotion	ENSMUSG00000024789	Jak2	ISS, ISO, IEA
CRE upregulated	GO:0040011	locomotion	ENSMUSG00000004040	ENSMUSG00000004040	IGI, IEA
CRE upregulated	GO:0040011	locomotion	ENSMUSG00000050335	Lgals3	IEA
CRE upregulated	GO:0040011	locomotion	ENSMUSG00000024190	Dusp1	IEA
CRE upregulated	GO:0040011	locomotion	ENSMUSG00000030223	ENSMUSG00000030223	ISS, IEA
CRE upregulated	GO:0040011	locomotion	ENSMUSG00000035236	Scai	IGI, IEA
CRE upregulated	GO:0040011	locomotion	ENSMUSG00000021360	ENSMUSG00000021360	IEA
CRE upregulated	GO:0040011	locomotion	ENSMUSG00000018565	Elp5	IMP
CRE upregulated	GO:0040011	locomotion	ENSMUSG00000038591	Colec10	IEA
CRE upregulated	GO:0040011	locomotion	ENSMUSG00000036894	Rap2b	IDA, IBA, IEA
CRE upregulated	GO:0040011	locomotion	ENSMUSG00000064210	ENSMUSG00000064210	IMP, IEA
CRE upregulated	GO:0040011	locomotion	ENSMUSG00000028466	Creb3	IEA
CRE upregulated	GO:0040011	locomotion	ENSMUSG00000037815	Ctnna1	IMP
CRE upregulated	GO:0040011	locomotion	ENSMUSG00000025340	Rabgef1	IMP
CRE upregulated	GO:0040011	locomotion	ENSMUSG00000033350	Chst2	IMP
CRE upregulated	GO:0040011	locomotion	ENSMUSG00000004530	ENSMUSG00000004530	IMP, IEA
CRE upregulated	GO:0040011	locomotion	ENSMUSG00000044147	Arf6	IMP
CRE upregulated	GO:0040011	locomotion	ENSMUSG00000039985	Sinhcaf	ISS, IBA, NAS, IEA
CRE upregulated	GO:0040011	locomotion	ENSMUSG00000025060	ENSMUSG00000025060	IMP, IBA, IEA
CRE upregulated	GO:0040011	locomotion	ENSMUSG00000025351	Cd63	ISO
CRE upregulated	GO:0040011	locomotion	ENSMUSG00000021796	Bmpr1a	IEA
CRE upregulated	GO:0040011	locomotion	ENSMUSG00000028434	Epb41l4b	IEA
CRE upregulated	GO:0040011	locomotion	ENSMUSG00000035725	ENSMUSG00000035725	ISS, IEA
CRE upregulated	GO:0040011	locomotion	ENSMUSG00000001552	ENSMUSG00000001552	IEA
CRE upregulated	GO:0040011	locomotion	ENSMUSG00000028826	ENSMUSG00000028826	IBA
CRE upregulated	GO:0040011	locomotion	ENSMUSG00000032508	Myd88	IMP
CRE upregulated	GO:0040011	locomotion	ENSMUSG00000026864	ENSMUSG00000026864	ISS, IEA
CRE upregulated	GO:0040011	locomotion	ENSMUSG00000002633	Shh	IDA, ISO
CRE upregulated	GO:0040011	locomotion	ENSMUSG00000032462	ENSMUSG00000032462	IGI, IEA
CRE upregulated	GO:0040011	locomotion	ENSMUSG00000039671	ENSMUSG00000039671	IEA
CRE upregulated	GO:0040011	locomotion	ENSMUSG00000056050	ENSMUSG00000056050	IEA
CRE upregulated	GO:0040011	locomotion	ENSMUSG00000037411	Serpine1	IEA
CRE upregulated	GO:0040011	locomotion	ENSMUSG00000027646	ENSMUSG00000027646	ISO, IEA
CRE upregulated	GO:0040011	locomotion	ENSMUSG00000052316	ENSMUSG00000052316	IEA
CRE upregulated	GO:0040011	locomotion	ENSMUSG00000021340	ENSMUSG00000021340	IEA
CRE upregulated	GO:0040011	locomotion	ENSMUSG00000004698	ENSMUSG00000004698	IEA
CRE upregulated	GO:0040011	locomotion	ENSMUSG00000046761	ENSMUSG00000046761	ISS, IBA, IEA
CRE upregulated	GO:0040011	locomotion	ENSMUSG00000032501	Trib1	IEA
CRE upregulated	GO:0040011	locomotion	ENSMUSG00000031073	Fgf15	IBA, IEA
CRE upregulated	GO:0040011	locomotion	ENSMUSG00000036667	ENSMUSG00000036667	IEA
CRE upregulated	GO:0040011	locomotion	ENSMUSG00000015839	Nfe2l2	ISO, IEA
CRE upregulated	GO:0040011	locomotion	ENSMUSG00000000627	ENSMUSG00000000627	IBA
CRE upregulated	GO:0040011	locomotion	ENSMUSG00000053797	ENSMUSG00000053797	IEA
CRE upregulated	GO:0051174	regulation of phosphorus metabolic process	ENSMUSG00000036390	Gadd45a	IMP, IEA
CRE upregulated	GO:0051174	regulation of phosphorus metabolic process	ENSMUSG00000052684	Jun	IMP
CRE upregulated	GO:0051174	regulation of phosphorus metabolic process	ENSMUSG00000004951	Hspb1	IDA, IEA
CRE upregulated	GO:0051174	regulation of phosphorus metabolic process	ENSMUSG00000019876	Pkib	IEA
CRE upregulated	GO:0051174	regulation of phosphorus metabolic process	ENSMUSG00000025089	Gfra1	ISO, IEA
CRE upregulated	GO:0051174	regulation of phosphorus metabolic process	ENSMUSG00000020427	Igfbp3	ISO, IEA
CRE upregulated	GO:0051174	regulation of phosphorus metabolic process	ENSMUSG00000023067	Cdkn1a	IMP
CRE upregulated	GO:0051174	regulation of phosphorus metabolic process	ENSMUSG00000030681	Mvp	IEA
CRE upregulated	GO:0051174	regulation of phosphorus metabolic process	ENSMUSG00000030272	Camk1	ISS
CRE upregulated	GO:0051174	regulation of phosphorus metabolic process	ENSMUSG00000029378	Areg	IDA, ISO, IEA
CRE upregulated	GO:0051174	regulation of phosphorus metabolic process	ENSMUSG00000005087	Cd44	IEA
CRE upregulated	GO:0051174	regulation of phosphorus metabolic process	ENSMUSG00000026836	Acvr1	IEA
CRE upregulated	GO:0051174	regulation of phosphorus metabolic process	ENSMUSG00000048482	Bdnf	IMP, ISO, IEA
CRE upregulated	GO:0051174	regulation of phosphorus metabolic process	ENSMUSG00000024256	Adcyap1	ISS, ISO, IEA
CRE upregulated	GO:0051174	regulation of phosphorus metabolic process	ENSMUSG00000021070	Bdkrb2	IMP
CRE upregulated	GO:0051174	regulation of phosphorus metabolic process	ENSMUSG00000038894	Irs2	IMP
CRE upregulated	GO:0051174	regulation of phosphorus metabolic process	ENSMUSG00000027540	Ptpn1	IMP, IGI
CRE upregulated	GO:0051174	regulation of phosphorus metabolic process	ENSMUSG00000043895	S1pr2	IMP, IEA
CRE upregulated	GO:0051174	regulation of phosphorus metabolic process	ENSMUSG00000025809	Itgb1	ISO
CRE upregulated	GO:0051174	regulation of phosphorus metabolic process	ENSMUSG00000025746	Il6	ISO
CRE upregulated	GO:0051174	regulation of phosphorus metabolic process	ENSMUSG00000032231	Anxa2	ISO
CRE upregulated	GO:0051174	regulation of phosphorus metabolic process	ENSMUSG00000022607	Ptk2	ISS
CRE upregulated	GO:0051174	regulation of phosphorus metabolic process	ENSMUSG00000055994	Nod2	IMP
CRE upregulated	GO:0051174	regulation of phosphorus metabolic process	ENSMUSG00000027293	Ehd4	ISO, IEA
CRE upregulated	GO:0051174	regulation of phosphorus metabolic process	ENSMUSG00000027613	Eif6	IMP
CRE upregulated	GO:0051174	regulation of phosphorus metabolic process	ENSMUSG00000046854	Pip5kl1	IEA
CRE upregulated	GO:0051174	regulation of phosphorus metabolic process	ENSMUSG00000040435	Ppp1r15a	IDA, ISO, IEA
CRE upregulated	GO:0051174	regulation of phosphorus metabolic process	ENSMUSG00000001847	Rac1	ISS
CRE upregulated	GO:0051174	regulation of phosphorus metabolic process	ENSMUSG00000018909	Arrb1	IMP, ISS, ISO
CRE upregulated	GO:0051174	regulation of phosphorus metabolic process	ENSMUSG00000033955	Tnks1bp1	IEA
CRE upregulated	GO:0051174	regulation of phosphorus metabolic process	ENSMUSG00000057531	Dtnbp1	IMP, ISO
CRE upregulated	GO:0051174	regulation of phosphorus metabolic process	ENSMUSG00000015837	Sqstm1	ISO
CRE upregulated	GO:0051174	regulation of phosphorus metabolic process	ENSMUSG00000022346	Myc	ISO
CRE upregulated	GO:0051174	regulation of phosphorus metabolic process	ENSMUSG00000053113	Socs3	IDA, IEA
CRE upregulated	GO:0051174	regulation of phosphorus metabolic process	ENSMUSG00000027954	Efna1	IDA, IEA
CRE upregulated	GO:0051174	regulation of phosphorus metabolic process	ENSMUSG00000024789	Jak2	IDA
CRE upregulated	GO:0051174	regulation of phosphorus metabolic process	ENSMUSG00000004040	ENSMUSG00000004040	IMP, ISO
CRE upregulated	GO:0051174	regulation of phosphorus metabolic process	ENSMUSG00000109511	Nup62	IMP
CRE upregulated	GO:0051174	regulation of phosphorus metabolic process	ENSMUSG00000024190	Dusp1	ISS
CRE upregulated	GO:0051174	regulation of phosphorus metabolic process	ENSMUSG00000030223	ENSMUSG00000030223	IDA
CRE upregulated	GO:0051174	regulation of phosphorus metabolic process	ENSMUSG00000040033	ENSMUSG00000040033	IEA
CRE upregulated	GO:0051174	regulation of phosphorus metabolic process	ENSMUSG00000026078	Pdcl3	ISO, IEA
CRE upregulated	GO:0051174	regulation of phosphorus metabolic process	ENSMUSG00000028893	Sesn2	IMP, IEA
CRE upregulated	GO:0051174	regulation of phosphorus metabolic process	ENSMUSG00000024947	Men1	IEA
CRE upregulated	GO:0051174	regulation of phosphorus metabolic process	ENSMUSG00000029071	ENSMUSG00000029071	IDA, IGI
CRE upregulated	GO:0051174	regulation of phosphorus metabolic process	ENSMUSG00000036894	Rap2b	IDA, IEA
CRE upregulated	GO:0051174	regulation of phosphorus metabolic process	ENSMUSG00000032715	Trib3	IDA, ISS
CRE upregulated	GO:0051174	regulation of phosphorus metabolic process	ENSMUSG00000024777	ENSMUSG00000024777	ISO, IEA
CRE upregulated	GO:0051174	regulation of phosphorus metabolic process	ENSMUSG00000010660	Plcd1	ISO
CRE upregulated	GO:0051174	regulation of phosphorus metabolic process	ENSMUSG00000032599	ENSMUSG00000032599	IMP
CRE upregulated	GO:0051174	regulation of phosphorus metabolic process	ENSMUSG00000020349	ENSMUSG00000020349	IMP, ISO
CRE upregulated	GO:0051174	regulation of phosphorus metabolic process	ENSMUSG00000025340	Rabgef1	IMP
CRE upregulated	GO:0051174	regulation of phosphorus metabolic process	ENSMUSG00000033159	ENSMUSG00000033159	IEA
CRE upregulated	GO:0051174	regulation of phosphorus metabolic process	ENSMUSG00000004530	ENSMUSG00000004530	IEA
CRE upregulated	GO:0051174	regulation of phosphorus metabolic process	ENSMUSG00000011877	Git1	IMP
CRE upregulated	GO:0051174	regulation of phosphorus metabolic process	ENSMUSG00000000787	ENSMUSG00000000787	ISS
CRE upregulated	GO:0051174	regulation of phosphorus metabolic process	ENSMUSG00000038676	Ucn	ISO
CRE upregulated	GO:0051174	regulation of phosphorus metabolic process	ENSMUSG00000027944	Hax1	IEA
CRE upregulated	GO:0051174	regulation of phosphorus metabolic process	ENSMUSG00000019843	ENSMUSG00000019843	IMP, IGI
CRE upregulated	GO:0051174	regulation of phosphorus metabolic process	ENSMUSG00000027646	ENSMUSG00000027646	IDA, IGI, ISO, IEA
CRE upregulated	GO:0051174	regulation of phosphorus metabolic process	ENSMUSG00000032501	Trib1	ISS
CRE upregulated	GO:0051174	regulation of phosphorus metabolic process	ENSMUSG00000003119	ENSMUSG00000003119	ISS
CRE upregulated	GO:0051174	regulation of phosphorus metabolic process	ENSMUSG00000055067	ENSMUSG00000055067	IMP
CRE upregulated	GO:0051174	regulation of phosphorus metabolic process	ENSMUSG00000031073	Fgf15	IEA
CRE upregulated	GO:0051174	regulation of phosphorus metabolic process	ENSMUSG00000003541	ENSMUSG00000003541	IMP
CRE upregulated	GO:0007169	cell surface receptor protein tyrosine kinase signaling pathway	ENSMUSG00000051379	Flrt3	IMP
CRE upregulated	GO:0007169	cell surface receptor protein tyrosine kinase signaling pathway	ENSMUSG00000019647	Sema6a	IEA
CRE upregulated	GO:0007169	cell surface receptor protein tyrosine kinase signaling pathway	ENSMUSG00000046223	Plaur	IEA
CRE upregulated	GO:0007169	cell surface receptor protein tyrosine kinase signaling pathway	ENSMUSG00000004951	Hspb1	IEA
CRE upregulated	GO:0007169	cell surface receptor protein tyrosine kinase signaling pathway	ENSMUSG00000024143	Rhoq	IEA
CRE upregulated	GO:0007169	cell surface receptor protein tyrosine kinase signaling pathway	ENSMUSG00000032515	Csrnp1	IMP
CRE upregulated	GO:0007169	cell surface receptor protein tyrosine kinase signaling pathway	ENSMUSG00000025089	Gfra1	ISS, TAS, IEA
CRE upregulated	GO:0007169	cell surface receptor protein tyrosine kinase signaling pathway	ENSMUSG00000014599	Csf1	IEA
CRE upregulated	GO:0007169	cell surface receptor protein tyrosine kinase signaling pathway	ENSMUSG00000020427	Igfbp3	IGI, IBA
CRE upregulated	GO:0007169	cell surface receptor protein tyrosine kinase signaling pathway	ENSMUSG00000030681	Mvp	IEA
CRE upregulated	GO:0007169	cell surface receptor protein tyrosine kinase signaling pathway	ENSMUSG00000031074	Fgf3	IEA
CRE upregulated	GO:0007169	cell surface receptor protein tyrosine kinase signaling pathway	ENSMUSG00000029378	Areg	IGI, ISO, IBA, IEA
CRE upregulated	GO:0007169	cell surface receptor protein tyrosine kinase signaling pathway	ENSMUSG00000048482	Bdnf	IBA, IEA
CRE upregulated	GO:0007169	cell surface receptor protein tyrosine kinase signaling pathway	ENSMUSG00000018736	Ndel1	IDA
CRE upregulated	GO:0007169	cell surface receptor protein tyrosine kinase signaling pathway	ENSMUSG00000021501	Caml	IDA
CRE upregulated	GO:0007169	cell surface receptor protein tyrosine kinase signaling pathway	ENSMUSG00000038894	Irs2	IDA, IMP, ISO, IBA, IEA
CRE upregulated	GO:0007169	cell surface receptor protein tyrosine kinase signaling pathway	ENSMUSG00000027540	Ptpn1	IMP, IGI, ISO, IEA
CRE upregulated	GO:0007169	cell surface receptor protein tyrosine kinase signaling pathway	ENSMUSG00000053436	Mapk14	IEA
CRE upregulated	GO:0007169	cell surface receptor protein tyrosine kinase signaling pathway	ENSMUSG00000025809	Itgb1	IEA
CRE upregulated	GO:0007169	cell surface receptor protein tyrosine kinase signaling pathway	ENSMUSG00000022607	Ptk2	ISS, IBA
CRE upregulated	GO:0007169	cell surface receptor protein tyrosine kinase signaling pathway	ENSMUSG00000037062	Sh3glb1	ISO
CRE upregulated	GO:0007169	cell surface receptor protein tyrosine kinase signaling pathway	ENSMUSG00000027560	Dok5	IPI, ISO, IBA, IEA
CRE upregulated	GO:0007169	cell surface receptor protein tyrosine kinase signaling pathway	ENSMUSG00000059923	Grb2	IDA, IGI, ISO, IEA
CRE upregulated	GO:0007169	cell surface receptor protein tyrosine kinase signaling pathway	ENSMUSG00000031628	Casp3	ISO, IEA
CRE upregulated	GO:0007169	cell surface receptor protein tyrosine kinase signaling pathway	ENSMUSG00000001847	Rac1	IEA
CRE upregulated	GO:0007169	cell surface receptor protein tyrosine kinase signaling pathway	ENSMUSG00000054008	Ndst1	IMP
CRE upregulated	GO:0007169	cell surface receptor protein tyrosine kinase signaling pathway	ENSMUSG00000031955	Bcar1	IDA, ISS, ISO, IBA, IEA
CRE upregulated	GO:0007169	cell surface receptor protein tyrosine kinase signaling pathway	ENSMUSG00000053113	Socs3	IDA
CRE upregulated	GO:0007169	cell surface receptor protein tyrosine kinase signaling pathway	ENSMUSG00000027954	Efna1	IDA, IBA, IEA
CRE upregulated	GO:0007169	cell surface receptor protein tyrosine kinase signaling pathway	ENSMUSG00000024789	Jak2	IDA, IMP, ISS, ISO, IBA, IEA
CRE upregulated	GO:0007169	cell surface receptor protein tyrosine kinase signaling pathway	ENSMUSG00000004040	ENSMUSG00000004040	IDA, IBA, IEA
CRE upregulated	GO:0007169	cell surface receptor protein tyrosine kinase signaling pathway	ENSMUSG00000020027	Socs2	IMP, IEA
CRE upregulated	GO:0007169	cell surface receptor protein tyrosine kinase signaling pathway	ENSMUSG00000109511	Nup62	IMP
CRE upregulated	GO:0007169	cell surface receptor protein tyrosine kinase signaling pathway	ENSMUSG00000059316	Slc27a4	IEA
CRE upregulated	GO:0007169	cell surface receptor protein tyrosine kinase signaling pathway	ENSMUSG00000024927	Rela	ISO, IEA
CRE upregulated	GO:0007169	cell surface receptor protein tyrosine kinase signaling pathway	ENSMUSG00000025793	ENSMUSG00000025793	IEA
CRE upregulated	GO:0007169	cell surface receptor protein tyrosine kinase signaling pathway	ENSMUSG00000024777	ENSMUSG00000024777	ISO, IEA
CRE upregulated	GO:0007169	cell surface receptor protein tyrosine kinase signaling pathway	ENSMUSG00000025340	Rabgef1	IMP
CRE upregulated	GO:0007169	cell surface receptor protein tyrosine kinase signaling pathway	ENSMUSG00000011877	Git1	IDA
CRE upregulated	GO:0007169	cell surface receptor protein tyrosine kinase signaling pathway	ENSMUSG00000025351	Cd63	IMP, IBA, IEA
CRE upregulated	GO:0007169	cell surface receptor protein tyrosine kinase signaling pathway	ENSMUSG00000024750	ENSMUSG00000024750	IMP
CRE upregulated	GO:0007169	cell surface receptor protein tyrosine kinase signaling pathway	ENSMUSG00000039191	Rbpj	IMP
CRE upregulated	GO:0007169	cell surface receptor protein tyrosine kinase signaling pathway	ENSMUSG00000039844	ENSMUSG00000039844	IMP
CRE upregulated	GO:0007169	cell surface receptor protein tyrosine kinase signaling pathway	ENSMUSG00000008859	ENSMUSG00000008859	IEA
CRE upregulated	GO:0007169	cell surface receptor protein tyrosine kinase signaling pathway	ENSMUSG00000022094	ENSMUSG00000022094	IMP
CRE upregulated	GO:0007169	cell surface receptor protein tyrosine kinase signaling pathway	ENSMUSG00000020097	ENSMUSG00000020097	IMP
CRE upregulated	GO:0007169	cell surface receptor protein tyrosine kinase signaling pathway	ENSMUSG00000032462	ENSMUSG00000032462	IEA
CRE upregulated	GO:0007169	cell surface receptor protein tyrosine kinase signaling pathway	ENSMUSG00000020340	ENSMUSG00000020340	IMP
CRE upregulated	GO:0007169	cell surface receptor protein tyrosine kinase signaling pathway	ENSMUSG00000019843	ENSMUSG00000019843	IBA
CRE upregulated	GO:0007169	cell surface receptor protein tyrosine kinase signaling pathway	ENSMUSG00000027646	ENSMUSG00000027646	IMP, ISO, IBA, IEA
CRE upregulated	GO:0007169	cell surface receptor protein tyrosine kinase signaling pathway	ENSMUSG00000021340	ENSMUSG00000021340	IEA
CRE upregulated	GO:0007169	cell surface receptor protein tyrosine kinase signaling pathway	ENSMUSG00000031073	Fgf15	ISO, IBA, IEA
CRE upregulated	GO:0007169	cell surface receptor protein tyrosine kinase signaling pathway	ENSMUSG00000054204	ENSMUSG00000054204	IEA
CRE upregulated	GO:0046907	intracellular transport	ENSMUSG00000031574	Star	IBA, IEA
CRE upregulated	GO:0046907	intracellular transport	ENSMUSG00000004951	Hspb1	ISS, IEA
CRE upregulated	GO:0046907	intracellular transport	ENSMUSG00000023067	Cdkn1a	IMP, IEA
CRE upregulated	GO:0046907	intracellular transport	ENSMUSG00000041831	Sytl3	IEA
CRE upregulated	GO:0046907	intracellular transport	ENSMUSG00000109901	Chmp1b	ISO, IBA, NAS, IEA
CRE upregulated	GO:0046907	intracellular transport	ENSMUSG00000030272	Camk1	IDA, IGI, IEA
CRE upregulated	GO:0046907	intracellular transport	ENSMUSG00000034300	Fam53c	IBA
CRE upregulated	GO:0046907	intracellular transport	ENSMUSG00000024261	Syt4	IMP, ISO, IEA
CRE upregulated	GO:0046907	intracellular transport	ENSMUSG00000032939	Nup93	IBA, NAS, IEA
CRE upregulated	GO:0046907	intracellular transport	ENSMUSG00000018736	Ndel1	IDA, IGI, IBA, IEA
CRE upregulated	GO:0046907	intracellular transport	ENSMUSG00000005069	Pex5	IMP, ISS, IBA, IEA
CRE upregulated	GO:0046907	intracellular transport	ENSMUSG00000029518	Rab35	ISS, IBA, IEA
CRE upregulated	GO:0046907	intracellular transport	ENSMUSG00000027540	Ptpn1	IEA
CRE upregulated	GO:0046907	intracellular transport	ENSMUSG00000039232	Stx11	IEA
CRE upregulated	GO:0046907	intracellular transport	ENSMUSG00000028063	Lmna	IMP, IBA
CRE upregulated	GO:0046907	intracellular transport	ENSMUSG00000053436	Mapk14	IMP
CRE upregulated	GO:0046907	intracellular transport	ENSMUSG00000025809	Itgb1	ISO
CRE upregulated	GO:0046907	intracellular transport	ENSMUSG00000028156	Eif4e	IDA, IMP
CRE upregulated	GO:0046907	intracellular transport	ENSMUSG00000018362	Kpna2	IDA, ISS, IBA, IEA
CRE upregulated	GO:0046907	intracellular transport	ENSMUSG00000015243	Abca1	IEA
CRE upregulated	GO:0046907	intracellular transport	ENSMUSG00000022272	Myo10	ISS, IBA
CRE upregulated	GO:0046907	intracellular transport	ENSMUSG00000025746	Il6	ISO
CRE upregulated	GO:0046907	intracellular transport	ENSMUSG00000032231	Anxa2	IMP, IBA, IEA
CRE upregulated	GO:0046907	intracellular transport	ENSMUSG00000031078	Cttn	IMP, ISS, IEA
CRE upregulated	GO:0046907	intracellular transport	ENSMUSG00000022607	Ptk2	IDA
CRE upregulated	GO:0046907	intracellular transport	ENSMUSG00000040312	Cchcr1	IDA, IBA
CRE upregulated	GO:0046907	intracellular transport	ENSMUSG00000037062	Sh3glb1	ISO
CRE upregulated	GO:0046907	intracellular transport	ENSMUSG00000034247	Plekhm1	ISS, IEA
CRE upregulated	GO:0046907	intracellular transport	ENSMUSG00000024772	Ehd1	IDA, IMP, ISS, IBA, IEA
CRE upregulated	GO:0046907	intracellular transport	ENSMUSG00000027293	Ehd4	ISS, IBA, IEA
CRE upregulated	GO:0046907	intracellular transport	ENSMUSG00000035392	Dennd1a	IDA, IBA
CRE upregulated	GO:0046907	intracellular transport	ENSMUSG00000027613	Eif6	IBA, IEA
CRE upregulated	GO:0046907	intracellular transport	ENSMUSG00000033039	Micall1	ISS, IEA
CRE upregulated	GO:0046907	intracellular transport	ENSMUSG00000007458	M6pr	IDA, IBA, TAS, IEA
CRE upregulated	GO:0046907	intracellular transport	ENSMUSG00000020271	Fbxw11	IBA
CRE upregulated	GO:0046907	intracellular transport	ENSMUSG00000032078	Zpr1	IMP, ISS, IBA, IEA
CRE upregulated	GO:0046907	intracellular transport	ENSMUSG00000055407	Map6	ISO, IBA
CRE upregulated	GO:0046907	intracellular transport	ENSMUSG00000057531	Dtnbp1	IMP, IBA
CRE upregulated	GO:0046907	intracellular transport	ENSMUSG00000058355	Abce1	IBA, IEA
CRE upregulated	GO:0046907	intracellular transport	ENSMUSG00000004768	Rab23	IEA
CRE upregulated	GO:0046907	intracellular transport	ENSMUSG00000015837	Sqstm1	IDA, IMP, ISS, IEA
CRE upregulated	GO:0046907	intracellular transport	ENSMUSG00000036057	Ptpn23	IBA, IEA
CRE upregulated	GO:0046907	intracellular transport	ENSMUSG00000030616	Sytl2	IEA
CRE upregulated	GO:0046907	intracellular transport	ENSMUSG00000047604	Frat2	ISS
CRE upregulated	GO:0046907	intracellular transport	ENSMUSG00000024789	Jak2	ISO, IEA
CRE upregulated	GO:0046907	intracellular transport	ENSMUSG00000004040	ENSMUSG00000004040	ISS, IEA
CRE upregulated	GO:0046907	intracellular transport	ENSMUSG00000109511	Nup62	ISO, IBA, NAS, IEA
CRE upregulated	GO:0046907	intracellular transport	ENSMUSG00000047554	Tmem41b	IEA
CRE upregulated	GO:0046907	intracellular transport	ENSMUSG00000033769	Exoc6b	IEA
CRE upregulated	GO:0046907	intracellular transport	ENSMUSG00000026426	ENSMUSG00000026426	IDA, IBA
CRE upregulated	GO:0046907	intracellular transport	ENSMUSG00000019188	ENSMUSG00000019188	IEA
CRE upregulated	GO:0046907	intracellular transport	ENSMUSG00000025793	ENSMUSG00000025793	ISO, IBA, IEA
CRE upregulated	GO:0046907	intracellular transport	ENSMUSG00000002733	Plekha3	IBA
CRE upregulated	GO:0046907	intracellular transport	ENSMUSG00000026718	ENSMUSG00000026718	IBA
CRE upregulated	GO:0046907	intracellular transport	ENSMUSG00000022125	Cln5	IEA
CRE upregulated	GO:0046907	intracellular transport	ENSMUSG00000049866	Arl4c	ISS, IBA, IEA
CRE upregulated	GO:0046907	intracellular transport	ENSMUSG00000053175	Bcl3	IEA
CRE upregulated	GO:0046907	intracellular transport	ENSMUSG00000025340	Rabgef1	IDA, IMP
CRE upregulated	GO:0046907	intracellular transport	ENSMUSG00000004530	ENSMUSG00000004530	ISS, IEA
CRE upregulated	GO:0046907	intracellular transport	ENSMUSG00000044147	Arf6	ISO, IBA, IEA
CRE upregulated	GO:0046907	intracellular transport	ENSMUSG00000030662	ENSMUSG00000030662	IDA, IMP, IBA, IEA
CRE upregulated	GO:0046907	intracellular transport	ENSMUSG00000062234	ENSMUSG00000062234	IEA
CRE upregulated	GO:0046907	intracellular transport	ENSMUSG00000047281	ENSMUSG00000047281	IDA
CRE upregulated	GO:0046907	intracellular transport	ENSMUSG00000025351	Cd63	ISS, IEA
CRE upregulated	GO:0046907	intracellular transport	ENSMUSG00000019842	ENSMUSG00000019842	IDA
CRE upregulated	GO:0046907	intracellular transport	ENSMUSG00000044465	ENSMUSG00000044465	ISS, IBA, IEA
CRE upregulated	GO:0046907	intracellular transport	ENSMUSG00000016534	ENSMUSG00000016534	IMP, ISO, IBA, IEA
CRE upregulated	GO:0046907	intracellular transport	ENSMUSG00000027465	Tbc1d20	IBA, IEA
CRE upregulated	GO:0046907	intracellular transport	ENSMUSG00000001552	ENSMUSG00000001552	IEA
CRE upregulated	GO:0046907	intracellular transport	ENSMUSG00000020671	ENSMUSG00000020671	ISS, TAS, IEA
CRE upregulated	GO:0046907	intracellular transport	ENSMUSG00000047547	Cltb	IEA
CRE upregulated	GO:0046907	intracellular transport	ENSMUSG00000038467	ENSMUSG00000038467	ISO, IBA, NAS, IEA
CRE upregulated	GO:0046907	intracellular transport	ENSMUSG00000026864	ENSMUSG00000026864	ISS, IEA
CRE upregulated	GO:0046907	intracellular transport	ENSMUSG00000002633	Shh	IGI
CRE upregulated	GO:0046907	intracellular transport	ENSMUSG00000028680	ENSMUSG00000028680	IEA
CRE upregulated	GO:0046907	intracellular transport	ENSMUSG00000056050	ENSMUSG00000056050	IEA
CRE upregulated	GO:0046907	intracellular transport	ENSMUSG00000040652	ENSMUSG00000040652	IDA
CRE upregulated	GO:0046907	intracellular transport	ENSMUSG00000028291	ENSMUSG00000028291	ISS, IEA
CRE upregulated	GO:0046907	intracellular transport	ENSMUSG00000078676	ENSMUSG00000078676	NAS
CRE upregulated	GO:0046907	intracellular transport	ENSMUSG00000027646	ENSMUSG00000027646	IEA
CRE upregulated	GO:0046907	intracellular transport	ENSMUSG00000053825	ENSMUSG00000053825	IEA
CRE upregulated	GO:0046907	intracellular transport	ENSMUSG00000019726	ENSMUSG00000019726	IEA
CRE upregulated	GO:0046907	intracellular transport	ENSMUSG00000049550	ENSMUSG00000049550	IMP
CRE upregulated	GO:0046907	intracellular transport	ENSMUSG00000034006	ENSMUSG00000034006	IBA
CRE upregulated	GO:0046907	intracellular transport	ENSMUSG00000019998	ENSMUSG00000019998	IEA
CRE upregulated	GO:0046907	intracellular transport	ENSMUSG00000003541	ENSMUSG00000003541	IMP
CRE upregulated	GO:0046907	intracellular transport	ENSMUSG00000024287	ENSMUSG00000024287	ISS, IBA, IEA
CRE upregulated	GO:0051050	positive regulation of transport	ENSMUSG00000063632	Sox11	IMP
CRE upregulated	GO:0051050	positive regulation of transport	ENSMUSG00000050164	Mchr1	ISO, IEA
CRE upregulated	GO:0051050	positive regulation of transport	ENSMUSG00000030898	Cckbr	ISO
CRE upregulated	GO:0051050	positive regulation of transport	ENSMUSG00000024143	Rhoq	IEA
CRE upregulated	GO:0051050	positive regulation of transport	ENSMUSG00000030748	Il4ra	IMP
CRE upregulated	GO:0051050	positive regulation of transport	ENSMUSG00000030102	Itpr1	IMP, IGI, ISO
CRE upregulated	GO:0051050	positive regulation of transport	ENSMUSG00000030272	Camk1	IDA, IEA
CRE upregulated	GO:0051050	positive regulation of transport	ENSMUSG00000024261	Syt4	IMP
CRE upregulated	GO:0051050	positive regulation of transport	ENSMUSG00000024256	Adcyap1	ISS, ISO, IEA
CRE upregulated	GO:0051050	positive regulation of transport	ENSMUSG00000037458	Azin1	IDA, IBA, IEA
CRE upregulated	GO:0051050	positive regulation of transport	ENSMUSG00000002250	Ppard	ISO
CRE upregulated	GO:0051050	positive regulation of transport	ENSMUSG00000018507	Trpv2	IMP
CRE upregulated	GO:0051050	positive regulation of transport	ENSMUSG00000038894	Irs2	IMP, IEA
CRE upregulated	GO:0051050	positive regulation of transport	ENSMUSG00000028789	Azin2	IDA, IBA
CRE upregulated	GO:0051050	positive regulation of transport	ENSMUSG00000053436	Mapk14	IMP
CRE upregulated	GO:0051050	positive regulation of transport	ENSMUSG00000025809	Itgb1	IMP, ISO
CRE upregulated	GO:0051050	positive regulation of transport	ENSMUSG00000015243	Abca1	IMP
CRE upregulated	GO:0051050	positive regulation of transport	ENSMUSG00000020592	Sdc1	IEA
CRE upregulated	GO:0051050	positive regulation of transport	ENSMUSG00000025746	Il6	ISO
CRE upregulated	GO:0051050	positive regulation of transport	ENSMUSG00000032231	Anxa2	IMP, IBA, NAS, IEA
CRE upregulated	GO:0051050	positive regulation of transport	ENSMUSG00000022607	Ptk2	ISO
CRE upregulated	GO:0051050	positive regulation of transport	ENSMUSG00000055994	Nod2	IMP
CRE upregulated	GO:0051050	positive regulation of transport	ENSMUSG00000024772	Ehd1	IMP
CRE upregulated	GO:0051050	positive regulation of transport	ENSMUSG00000023169	Slc38a1	ISS, ISO, IEA
CRE upregulated	GO:0051050	positive regulation of transport	ENSMUSG00000042406	Atf4	IMP
CRE upregulated	GO:0051050	positive regulation of transport	ENSMUSG00000020838	Slc6a4	ISO, IEA
CRE upregulated	GO:0051050	positive regulation of transport	ENSMUSG00000032078	Zpr1	IMP, ISS, IBA, IEA
CRE upregulated	GO:0051050	positive regulation of transport	ENSMUSG00000001847	Rac1	IMP, ISO
CRE upregulated	GO:0051050	positive regulation of transport	ENSMUSG00000018909	Arrb1	IMP, ISS, IEA
CRE upregulated	GO:0051050	positive regulation of transport	ENSMUSG00000057531	Dtnbp1	IMP, ISO, IEA
CRE upregulated	GO:0051050	positive regulation of transport	ENSMUSG00000036057	Ptpn23	IEA
CRE upregulated	GO:0051050	positive regulation of transport	ENSMUSG00000032502	Stac	IMP
CRE upregulated	GO:0051050	positive regulation of transport	ENSMUSG00000030616	Sytl2	IMP
CRE upregulated	GO:0051050	positive regulation of transport	ENSMUSG00000023032	Slc4a8	IMP
CRE upregulated	GO:0051050	positive regulation of transport	ENSMUSG00000024789	Jak2	ISS, ISO, IEA
CRE upregulated	GO:0051050	positive regulation of transport	ENSMUSG00000038949	Cnst	ISS, IBA, IEA
CRE upregulated	GO:0051050	positive regulation of transport	ENSMUSG00000022602	Arc	IEA
CRE upregulated	GO:0051050	positive regulation of transport	ENSMUSG00000050335	Lgals3	IEA
CRE upregulated	GO:0051050	positive regulation of transport	ENSMUSG00000033545	Znrf1	IEA
CRE upregulated	GO:0051050	positive regulation of transport	ENSMUSG00000024803	Ankrd1	IEA
CRE upregulated	GO:0051050	positive regulation of transport	ENSMUSG00000025793	ENSMUSG00000025793	IEA
CRE upregulated	GO:0051050	positive regulation of transport	ENSMUSG00000038591	Colec10	IEA
CRE upregulated	GO:0051050	positive regulation of transport	ENSMUSG00000026718	ENSMUSG00000026718	IEA
CRE upregulated	GO:0051050	positive regulation of transport	ENSMUSG00000044453	Ffar1	IDA, IMP, ISO, IBA, IEA
CRE upregulated	GO:0051050	positive regulation of transport	ENSMUSG00000064210	ENSMUSG00000064210	IMP, ISS, ISO, IEA
CRE upregulated	GO:0051050	positive regulation of transport	ENSMUSG00000010660	Plcd1	ISO
CRE upregulated	GO:0051050	positive regulation of transport	ENSMUSG00000031278	ENSMUSG00000031278	ISS, ISO
CRE upregulated	GO:0051050	positive regulation of transport	ENSMUSG00000040640	ENSMUSG00000040640	IDA, IMP
CRE upregulated	GO:0051050	positive regulation of transport	ENSMUSG00000024517	Grp	ISS
CRE upregulated	GO:0051050	positive regulation of transport	ENSMUSG00000085007	ENSMUSG00000085007	IMP
CRE upregulated	GO:0051050	positive regulation of transport	ENSMUSG00000021587	Pcsk1	ISO, IEA
CRE upregulated	GO:0051050	positive regulation of transport	ENSMUSG00000044147	Arf6	IEA
CRE upregulated	GO:0051050	positive regulation of transport	ENSMUSG00000030662	ENSMUSG00000030662	IMP
CRE upregulated	GO:0051050	positive regulation of transport	ENSMUSG00000047281	ENSMUSG00000047281	IDA
CRE upregulated	GO:0051050	positive regulation of transport	ENSMUSG00000025351	Cd63	ISS, ISO, IEA
CRE upregulated	GO:0051050	positive regulation of transport	ENSMUSG00000027465	Tbc1d20	IEA
CRE upregulated	GO:0051050	positive regulation of transport	ENSMUSG00000039844	ENSMUSG00000039844	ISO, IEA
CRE upregulated	GO:0051050	positive regulation of transport	ENSMUSG00000001552	ENSMUSG00000001552	IEA
CRE upregulated	GO:0051050	positive regulation of transport	ENSMUSG00000040010	Slc7a5	ISO, IEA
CRE upregulated	GO:0051050	positive regulation of transport	ENSMUSG00000038676	Ucn	ISO, IEA
CRE upregulated	GO:0051050	positive regulation of transport	ENSMUSG00000002633	Shh	IGI
CRE upregulated	GO:0051050	positive regulation of transport	ENSMUSG00000028680	ENSMUSG00000028680	IEA
CRE upregulated	GO:0051050	positive regulation of transport	ENSMUSG00000004270	ENSMUSG00000004270	IMP
CRE upregulated	GO:0051050	positive regulation of transport	ENSMUSG00000005089	Slc1a2	IMP
CRE upregulated	GO:0051050	positive regulation of transport	ENSMUSG00000040652	ENSMUSG00000040652	IDA
CRE upregulated	GO:0051050	positive regulation of transport	ENSMUSG00000037411	Serpine1	IEA
CRE upregulated	GO:0051050	positive regulation of transport	ENSMUSG00000027646	ENSMUSG00000027646	ISO, IEA
CRE upregulated	GO:0051050	positive regulation of transport	ENSMUSG00000015839	Nfe2l2	IDA
CRE upregulated	GO:0051050	positive regulation of transport	ENSMUSG00000024907	Gal	IEA
CRE upregulated	GO:0071840	cellular component organization or biogenesis	ENSMUSG00000036390	Gadd45a	IGI
CRE upregulated	GO:0071840	cellular component organization or biogenesis	ENSMUSG00000051379	Flrt3	IDA, IMP, ISS, ISO, IEA
CRE upregulated	GO:0071840	cellular component organization or biogenesis	ENSMUSG00000052684	Jun	IMP, ISO
CRE upregulated	GO:0071840	cellular component organization or biogenesis	ENSMUSG00000019647	Sema6a	IMP, IBA, NAS
CRE upregulated	GO:0071840	cellular component organization or biogenesis	ENSMUSG00000001473	Tubb6	IBA, IEA
CRE upregulated	GO:0071840	cellular component organization or biogenesis	ENSMUSG00000046223	Plaur	IEA
CRE upregulated	GO:0071840	cellular component organization or biogenesis	ENSMUSG00000004951	Hspb1	ISO
CRE upregulated	GO:0071840	cellular component organization or biogenesis	ENSMUSG00000046688	Tifa	ISS, IEA
CRE upregulated	GO:0071840	cellular component organization or biogenesis	ENSMUSG00000025473	Adam8	TAS
CRE upregulated	GO:0071840	cellular component organization or biogenesis	ENSMUSG00000022044	Stmn4	IBA, IEA
CRE upregulated	GO:0071840	cellular component organization or biogenesis	ENSMUSG00000028494	Plin2	ISS, IEA
CRE upregulated	GO:0071840	cellular component organization or biogenesis	ENSMUSG00000046731	Kctd11	IEA
CRE upregulated	GO:0071840	cellular component organization or biogenesis	ENSMUSG00000024143	Rhoq	IMP, IBA, TAS, IEA
CRE upregulated	GO:0071840	cellular component organization or biogenesis	ENSMUSG00000019876	Pkib	IEA
CRE upregulated	GO:0071840	cellular component organization or biogenesis	ENSMUSG00000030748	Il4ra	IMP
CRE upregulated	GO:0071840	cellular component organization or biogenesis	ENSMUSG00000023905	Tnfrsf12a	IDA
CRE upregulated	GO:0071840	cellular component organization or biogenesis	ENSMUSG00000030102	Itpr1	IDA, ISO
CRE upregulated	GO:0071840	cellular component organization or biogenesis	ENSMUSG00000025089	Gfra1	ISO, IEA
CRE upregulated	GO:0071840	cellular component organization or biogenesis	ENSMUSG00000037705	Tecta	IGI
CRE upregulated	GO:0071840	cellular component organization or biogenesis	ENSMUSG00000020427	Igfbp3	IGI, ISO
CRE upregulated	GO:0071840	cellular component organization or biogenesis	ENSMUSG00000023067	Cdkn1a	IEA
CRE upregulated	GO:0071840	cellular component organization or biogenesis	ENSMUSG00000024404	Riok3	IBA, IEA
CRE upregulated	GO:0071840	cellular component organization or biogenesis	ENSMUSG00000006304	Arpc2	IDA, ISO, IBA, IEA
CRE upregulated	GO:0071840	cellular component organization or biogenesis	ENSMUSG00000038650	Rnh1	IBA
CRE upregulated	GO:0071840	cellular component organization or biogenesis	ENSMUSG00000109901	Chmp1b	ISO, NAS, IEA
CRE upregulated	GO:0071840	cellular component organization or biogenesis	ENSMUSG00000028226	Mmp16	IBA
CRE upregulated	GO:0071840	cellular component organization or biogenesis	ENSMUSG00000030272	Camk1	ISS, ISO, IEA
CRE upregulated	GO:0071840	cellular component organization or biogenesis	ENSMUSG00000004846	Plod3	IMP
CRE upregulated	GO:0071840	cellular component organization or biogenesis	ENSMUSG00000033983	Coil	IBA
CRE upregulated	GO:0071840	cellular component organization or biogenesis	ENSMUSG00000050989	Selenon	IMP
CRE upregulated	GO:0071840	cellular component organization or biogenesis	ENSMUSG00000058153	Sez6l	IGI, IBA
CRE upregulated	GO:0071840	cellular component organization or biogenesis	ENSMUSG00000030095	Tmem43	IDA, ISO, IBA, IEA
CRE upregulated	GO:0071840	cellular component organization or biogenesis	ENSMUSG00000024261	Syt4	IMP, ISO, IBA, IEA
CRE upregulated	GO:0071840	cellular component organization or biogenesis	ENSMUSG00000032939	Nup93	ISS, IEA
CRE upregulated	GO:0071840	cellular component organization or biogenesis	ENSMUSG00000036160	Surf6	IMP, IBA, NAS
CRE upregulated	GO:0071840	cellular component organization or biogenesis	ENSMUSG00000029378	Areg	ISO, IEA
CRE upregulated	GO:0071840	cellular component organization or biogenesis	ENSMUSG00000042688	Mapk6	IGI
CRE upregulated	GO:0071840	cellular component organization or biogenesis	ENSMUSG00000005087	Cd44	IEA
CRE upregulated	GO:0071840	cellular component organization or biogenesis	ENSMUSG00000038943	Prc1	ISO, IBA, IEA
CRE upregulated	GO:0071840	cellular component organization or biogenesis	ENSMUSG00000028896	Rcc1	ISS, IEA
CRE upregulated	GO:0071840	cellular component organization or biogenesis	ENSMUSG00000068566	Myadm	IEA
CRE upregulated	GO:0071840	cellular component organization or biogenesis	ENSMUSG00000048482	Bdnf	IDA, IMP, IGI, ISO, IBA, IEA
CRE upregulated	GO:0071840	cellular component organization or biogenesis	ENSMUSG00000024256	Adcyap1	ISS, ISO, IBA, IEA
CRE upregulated	GO:0071840	cellular component organization or biogenesis	ENSMUSG00000015745	Plekho1	IDA, IMP, IBA
CRE upregulated	GO:0071840	cellular component organization or biogenesis	ENSMUSG00000034832	Tet3	IMP, IEA
CRE upregulated	GO:0071840	cellular component organization or biogenesis	ENSMUSG00000056076	Eif3b	IEA
CRE upregulated	GO:0071840	cellular component organization or biogenesis	ENSMUSG00000037458	Azin1	ISO
CRE upregulated	GO:0071840	cellular component organization or biogenesis	ENSMUSG00000018736	Ndel1	IMP, IGI, ISS, ISO, IBA
CRE upregulated	GO:0071840	cellular component organization or biogenesis	ENSMUSG00000002250	Ppard	ISO
CRE upregulated	GO:0071840	cellular component organization or biogenesis	ENSMUSG00000018507	Trpv2	IMP
CRE upregulated	GO:0071840	cellular component organization or biogenesis	ENSMUSG00000021501	Caml	ISS, ISO, IBA, IEA
CRE upregulated	GO:0071840	cellular component organization or biogenesis	ENSMUSG00000041870	Ankrd13a	ISS, IEA
CRE upregulated	GO:0071840	cellular component organization or biogenesis	ENSMUSG00000037568	Vash2	ISS, IEA
CRE upregulated	GO:0071840	cellular component organization or biogenesis	ENSMUSG00000039473	Ubn1	IBA, IEA
CRE upregulated	GO:0071840	cellular component organization or biogenesis	ENSMUSG00000025337	Sbds	ISS, IEA
CRE upregulated	GO:0071840	cellular component organization or biogenesis	ENSMUSG00000024376	Epb41l4a	IBA
CRE upregulated	GO:0071840	cellular component organization or biogenesis	ENSMUSG00000005069	Pex5	IDA, IMP, ISS, IBA, TAS, IEA
CRE upregulated	GO:0071840	cellular component organization or biogenesis	ENSMUSG00000029518	Rab35	IMP
CRE upregulated	GO:0071840	cellular component organization or biogenesis	ENSMUSG00000045136	Tubb2b	ISS, IBA, IEA
CRE upregulated	GO:0071840	cellular component organization or biogenesis	ENSMUSG00000054855	Rnd1	IBA, IEA
CRE upregulated	GO:0071840	cellular component organization or biogenesis	ENSMUSG00000029201	Ugdh	ISS, IEA
CRE upregulated	GO:0071840	cellular component organization or biogenesis	ENSMUSG00000028789	Azin2	ISS, IEA
CRE upregulated	GO:0071840	cellular component organization or biogenesis	ENSMUSG00000027540	Ptpn1	ISS, IEA
CRE upregulated	GO:0071840	cellular component organization or biogenesis	ENSMUSG00000019461	Plscr3	ISS, IBA, IEA
CRE upregulated	GO:0071840	cellular component organization or biogenesis	ENSMUSG00000043895	S1pr2	EXP, IDA, IEA
CRE upregulated	GO:0071840	cellular component organization or biogenesis	ENSMUSG00000039232	Stx11	IEA
CRE upregulated	GO:0071840	cellular component organization or biogenesis	ENSMUSG00000028063	Lmna	IMP, IGI, ISS, IBA, IEA
CRE upregulated	GO:0071840	cellular component organization or biogenesis	ENSMUSG00000024785	Rcl1	IMP, ISS, ISA, IBA, IEA
CRE upregulated	GO:0071840	cellular component organization or biogenesis	ENSMUSG00000034226	Rhov	IBA
CRE upregulated	GO:0071840	cellular component organization or biogenesis	ENSMUSG00000026254	Eif4e2	IEA
CRE upregulated	GO:0071840	cellular component organization or biogenesis	ENSMUSG00000029121	Crmp1	IDA, IEP, IEA
CRE upregulated	GO:0071840	cellular component organization or biogenesis	ENSMUSG00000028645	Slc2a1	ISS, IEA
CRE upregulated	GO:0071840	cellular component organization or biogenesis	ENSMUSG00000063506	Arhgap22	IEA
CRE upregulated	GO:0071840	cellular component organization or biogenesis	ENSMUSG00000028849	Map7d1	IBA, IEA
CRE upregulated	GO:0071840	cellular component organization or biogenesis	ENSMUSG00000053436	Mapk14	EXP, IDA, IMP, IEP
CRE upregulated	GO:0071840	cellular component organization or biogenesis	ENSMUSG00000025809	Itgb1	IDA, IMP, IGI, ISO, IEA
CRE upregulated	GO:0071840	cellular component organization or biogenesis	ENSMUSG00000040025	Ythdf2	ISS, IEA
CRE upregulated	GO:0071840	cellular component organization or biogenesis	ENSMUSG00000025239	Limd1	ISS, ISO, IBA, IEA
CRE upregulated	GO:0071840	cellular component organization or biogenesis	ENSMUSG00000023030	Slc11a2	IMP
CRE upregulated	GO:0071840	cellular component organization or biogenesis	ENSMUSG00000015243	Abca1	IMP, IEA
CRE upregulated	GO:0071840	cellular component organization or biogenesis	ENSMUSG00000022272	Myo10	ISS, IBA, IEA
CRE upregulated	GO:0071840	cellular component organization or biogenesis	ENSMUSG00000022096	Hr	IEA
CRE upregulated	GO:0071840	cellular component organization or biogenesis	ENSMUSG00000013089	Etv5	IMP
CRE upregulated	GO:0071840	cellular component organization or biogenesis	ENSMUSG00000020592	Sdc1	IEA
CRE upregulated	GO:0071840	cellular component organization or biogenesis	ENSMUSG00000025746	Il6	ISO
CRE upregulated	GO:0071840	cellular component organization or biogenesis	ENSMUSG00000002233	Rhoc	IDA, IMP, IBA, IEA
CRE upregulated	GO:0071840	cellular component organization or biogenesis	ENSMUSG00000032231	Anxa2	IMP, ISO, IBA, NAS, IEA
CRE upregulated	GO:0071840	cellular component organization or biogenesis	ENSMUSG00000047368	Abhd17b	IMP, ISO, IBA
CRE upregulated	GO:0071840	cellular component organization or biogenesis	ENSMUSG00000031078	Cttn	IGI, ISS, ISO, IBA, IEA
CRE upregulated	GO:0071840	cellular component organization or biogenesis	ENSMUSG00000022607	Ptk2	IDA, IMP, ISO, IEA
CRE upregulated	GO:0071840	cellular component organization or biogenesis	ENSMUSG00000055994	Nod2	IMP
CRE upregulated	GO:0071840	cellular component organization or biogenesis	ENSMUSG00000043091	Tuba1c	IBA, IEA
CRE upregulated	GO:0071840	cellular component organization or biogenesis	ENSMUSG00000037062	Sh3glb1	IMP, ISO, IBA, IEA
CRE upregulated	GO:0071840	cellular component organization or biogenesis	ENSMUSG00000034247	Plekhm1	IMP, ISS, IEA
CRE upregulated	GO:0071840	cellular component organization or biogenesis	ENSMUSG00000024772	Ehd1	IMP, ISS, ISO, IBA, IEA
CRE upregulated	GO:0071840	cellular component organization or biogenesis	ENSMUSG00000027293	Ehd4	ISS, ISO, IBA, IEA
CRE upregulated	GO:0071840	cellular component organization or biogenesis	ENSMUSG00000020580	Rock2	IEA
CRE upregulated	GO:0071840	cellular component organization or biogenesis	ENSMUSG00000021990	Spata13	IEA
CRE upregulated	GO:0071840	cellular component organization or biogenesis	ENSMUSG00000028869	Gnl2	IEA
CRE upregulated	GO:0071840	cellular component organization or biogenesis	ENSMUSG00000067787	Blcap	IEA
CRE upregulated	GO:0071840	cellular component organization or biogenesis	ENSMUSG00000027613	Eif6	ISS, IBA, IEA
CRE upregulated	GO:0071840	cellular component organization or biogenesis	ENSMUSG00000033039	Micall1	IMP, ISS, ISO, IEA
CRE upregulated	GO:0071840	cellular component organization or biogenesis	ENSMUSG00000059923	Grb2	IGI, IEA
CRE upregulated	GO:0071840	cellular component organization or biogenesis	ENSMUSG00000052557	Gan	ISO, IEA
CRE upregulated	GO:0071840	cellular component organization or biogenesis	ENSMUSG00000055078	Gabra5	IBA
CRE upregulated	GO:0071840	cellular component organization or biogenesis	ENSMUSG00000017929	B4galt5	IMP
CRE upregulated	GO:0071840	cellular component organization or biogenesis	ENSMUSG00000020271	Fbxw11	IBA
CRE upregulated	GO:0071840	cellular component organization or biogenesis	ENSMUSG00000001507	Itga3	IDA, IMP, IGI, ISO, IEA
CRE upregulated	GO:0071840	cellular component organization or biogenesis	ENSMUSG00000031628	Casp3	ISO, IEA
CRE upregulated	GO:0071840	cellular component organization or biogenesis	ENSMUSG00000032078	Zpr1	IMP, IBA, IEA
CRE upregulated	GO:0071840	cellular component organization or biogenesis	ENSMUSG00000055407	Map6	ISS, ISO, IBA, IEA
CRE upregulated	GO:0071840	cellular component organization or biogenesis	ENSMUSG00000001847	Rac1	IDA, IMP, IGI, ISO, IBA, TAS, IEA
CRE upregulated	GO:0071840	cellular component organization or biogenesis	ENSMUSG00000042121	Ssh1	ISO, IBA, IEA
CRE upregulated	GO:0071840	cellular component organization or biogenesis	ENSMUSG00000050271	Prag1	ISS, ISO, IEA
CRE upregulated	GO:0071840	cellular component organization or biogenesis	ENSMUSG00000030077	Chl1	IDA, IMP, IEA
CRE upregulated	GO:0071840	cellular component organization or biogenesis	ENSMUSG00000018909	Arrb1	ISS, IEA
CRE upregulated	GO:0071840	cellular component organization or biogenesis	ENSMUSG00000024349	Sting1	IMP, ISS, IBA, IEA
CRE upregulated	GO:0071840	cellular component organization or biogenesis	ENSMUSG00000024521	Pmaip1	IDA, IMP, IEA
CRE upregulated	GO:0071840	cellular component organization or biogenesis	ENSMUSG00000026317	Cln8	IMP
CRE upregulated	GO:0071840	cellular component organization or biogenesis	ENSMUSG00000044667	Plppr4	IDA, IMP, ISO, IBA
CRE upregulated	GO:0071840	cellular component organization or biogenesis	ENSMUSG00000028145	Them4	ISS, IEA
CRE upregulated	GO:0071840	cellular component organization or biogenesis	ENSMUSG00000024360	Etf1	ISO, IBA, IEA
CRE upregulated	GO:0071840	cellular component organization or biogenesis	ENSMUSG00000027455	Nsfl1c	ISO, IBA, IEA
CRE upregulated	GO:0071840	cellular component organization or biogenesis	ENSMUSG00000057531	Dtnbp1	IDA, IMP, ISS, ISO, IBA, NAS, IEA
CRE upregulated	GO:0071840	cellular component organization or biogenesis	ENSMUSG00000058355	Abce1	ISS, IBA, IEA
CRE upregulated	GO:0071840	cellular component organization or biogenesis	ENSMUSG00000000134	Tfe3	ISS, IEA
CRE upregulated	GO:0071840	cellular component organization or biogenesis	ENSMUSG00000004768	Rab23	IEA
CRE upregulated	GO:0071840	cellular component organization or biogenesis	ENSMUSG00000015837	Sqstm1	IDA, ISS, IBA, IEA
CRE upregulated	GO:0071840	cellular component organization or biogenesis	ENSMUSG00000030677	Kif22	ISS, IEA
CRE upregulated	GO:0071840	cellular component organization or biogenesis	ENSMUSG00000030309	Caprin2	IMP, ISS
CRE upregulated	GO:0071840	cellular component organization or biogenesis	ENSMUSG00000029131	Dnajb6	IMP, IEA
CRE upregulated	GO:0071840	cellular component organization or biogenesis	ENSMUSG00000036737	Oxsr1	IEA
CRE upregulated	GO:0071840	cellular component organization or biogenesis	ENSMUSG00000037580	Gch1	ISO, IEA
CRE upregulated	GO:0071840	cellular component organization or biogenesis	ENSMUSG00000023087	Noct	IGI
CRE upregulated	GO:0071840	cellular component organization or biogenesis	ENSMUSG00000017428	Psmd11	ISS, IEA
CRE upregulated	GO:0071840	cellular component organization or biogenesis	ENSMUSG00000031955	Bcar1	ISS, ISO, IEA
CRE upregulated	GO:0071840	cellular component organization or biogenesis	ENSMUSG00000001627	Ifrd1	IGI
CRE upregulated	GO:0071840	cellular component organization or biogenesis	ENSMUSG00000036057	Ptpn23	ISS, IEA
CRE upregulated	GO:0071840	cellular component organization or biogenesis	ENSMUSG00000015316	Slamf1	IMP
CRE upregulated	GO:0071840	cellular component organization or biogenesis	ENSMUSG00000029765	Plxna4	IDA, IMP, IGI, IBA
CRE upregulated	GO:0071840	cellular component organization or biogenesis	ENSMUSG00000030917	Ldaf1	ISS, IEA
CRE upregulated	GO:0071840	cellular component organization or biogenesis	ENSMUSG00000022346	Myc	IMP, ISS, ISO, IEA
CRE upregulated	GO:0071840	cellular component organization or biogenesis	ENSMUSG00000027954	Efna1	IDA, IBA
CRE upregulated	GO:0071840	cellular component organization or biogenesis	ENSMUSG00000055809	Dnaaf3	ISS, IBA, IEA
CRE upregulated	GO:0071840	cellular component organization or biogenesis	ENSMUSG00000024789	Jak2	ISS, ISO, IEA
CRE upregulated	GO:0071840	cellular component organization or biogenesis	ENSMUSG00000004040	ENSMUSG00000004040	ISO
CRE upregulated	GO:0071840	cellular component organization or biogenesis	ENSMUSG00000042292	Mrtfa	IDA, IGI, IEA
CRE upregulated	GO:0071840	cellular component organization or biogenesis	ENSMUSG00000061589	Dot1l	IEA
CRE upregulated	GO:0071840	cellular component organization or biogenesis	ENSMUSG00000025178	Pi4k2a	IBA
CRE upregulated	GO:0071840	cellular component organization or biogenesis	ENSMUSG00000022602	Arc	IDA, IMP, ISS, ISO, IBA, IEA
CRE upregulated	GO:0071840	cellular component organization or biogenesis	ENSMUSG00000022555	Dgat1	IEA
CRE upregulated	GO:0071840	cellular component organization or biogenesis	ENSMUSG00000029578	Wipi2	IPI, ISS, IBA, IEA
CRE upregulated	GO:0071840	cellular component organization or biogenesis	ENSMUSG00000109511	Nup62	IEA
CRE upregulated	GO:0071840	cellular component organization or biogenesis	ENSMUSG00000047554	Tmem41b	ISS, IBA, IEA
CRE upregulated	GO:0071840	cellular component organization or biogenesis	ENSMUSG00000029860	Zyx	IEA
CRE upregulated	GO:0071840	cellular component organization or biogenesis	ENSMUSG00000031310	ENSMUSG00000031310	ISS, IEA
CRE upregulated	GO:0071840	cellular component organization or biogenesis	ENSMUSG00000033769	Exoc6b	NAS, IEA
CRE upregulated	GO:0071840	cellular component organization or biogenesis	ENSMUSG00000050335	Lgals3	IEA
CRE upregulated	GO:0071840	cellular component organization or biogenesis	ENSMUSG00000024190	Dusp1	ISS
CRE upregulated	GO:0071840	cellular component organization or biogenesis	ENSMUSG00000030223	ENSMUSG00000030223	IDA, IMP, IBA
CRE upregulated	GO:0071840	cellular component organization or biogenesis	ENSMUSG00000027797	Dclk1	IDA, IMP, IGI, IBA, IEA
CRE upregulated	GO:0071840	cellular component organization or biogenesis	ENSMUSG00000004865	ENSMUSG00000004865	IBA
CRE upregulated	GO:0071840	cellular component organization or biogenesis	ENSMUSG00000036882	ENSMUSG00000036882	IDA, IMP, ISO, IEA
CRE upregulated	GO:0071840	cellular component organization or biogenesis	ENSMUSG00000017615	Tnfaip1	ISS, IEA
CRE upregulated	GO:0071840	cellular component organization or biogenesis	ENSMUSG00000033545	Znrf1	TAS, IEA
CRE upregulated	GO:0071840	cellular component organization or biogenesis	ENSMUSG00000026930	Gpsm1	IBA
CRE upregulated	GO:0071840	cellular component organization or biogenesis	ENSMUSG00000057421	Las1l	ISS, IBA, IEA
CRE upregulated	GO:0071840	cellular component organization or biogenesis	ENSMUSG00000040033	ENSMUSG00000040033	IEA
CRE upregulated	GO:0071840	cellular component organization or biogenesis	ENSMUSG00000024803	Ankrd1	ISO
CRE upregulated	GO:0071840	cellular component organization or biogenesis	ENSMUSG00000026020	Nop58	ISS, IEA
CRE upregulated	GO:0071840	cellular component organization or biogenesis	ENSMUSG00000023915	Tnfrsf21	ISO, IEA
CRE upregulated	GO:0071840	cellular component organization or biogenesis	ENSMUSG00000024912	Fosl1	IMP
CRE upregulated	GO:0071840	cellular component organization or biogenesis	ENSMUSG00000024927	Rela	IMP
CRE upregulated	GO:0071840	cellular component organization or biogenesis	ENSMUSG00000038335	Tsr1	IBA, IEA
CRE upregulated	GO:0071840	cellular component organization or biogenesis	ENSMUSG00000036206	Sh3bp4	ISS, IEA
CRE upregulated	GO:0071840	cellular component organization or biogenesis	ENSMUSG00000025793	ENSMUSG00000025793	IEA
CRE upregulated	GO:0071840	cellular component organization or biogenesis	ENSMUSG00000038591	Colec10	IEA
CRE upregulated	GO:0071840	cellular component organization or biogenesis	ENSMUSG00000027692	Tnik	ISS, ISO, IBA, IEA
CRE upregulated	GO:0071840	cellular component organization or biogenesis	ENSMUSG00000002733	Plekha3	IBA
CRE upregulated	GO:0071840	cellular component organization or biogenesis	ENSMUSG00000003435	ENSMUSG00000003435	IEA
CRE upregulated	GO:0071840	cellular component organization or biogenesis	ENSMUSG00000055044	Pdlim1	ISO, IBA, IEA
CRE upregulated	GO:0071840	cellular component organization or biogenesis	ENSMUSG00000026718	ENSMUSG00000026718	IEA
CRE upregulated	GO:0071840	cellular component organization or biogenesis	ENSMUSG00000026078	Pdcl3	IEA
CRE upregulated	GO:0071840	cellular component organization or biogenesis	ENSMUSG00000028893	Sesn2	IDA, IMP
CRE upregulated	GO:0071840	cellular component organization or biogenesis	ENSMUSG00000025279	ENSMUSG00000025279	IDA, IBA, IEA
CRE upregulated	GO:0071840	cellular component organization or biogenesis	ENSMUSG00000038861	Pi4kb	ISO, IEA
CRE upregulated	GO:0071840	cellular component organization or biogenesis	ENSMUSG00000024947	Men1	IMP, IGI, IEA
CRE upregulated	GO:0071840	cellular component organization or biogenesis	ENSMUSG00000067006	ENSMUSG00000067006	IMP
CRE upregulated	GO:0071840	cellular component organization or biogenesis	ENSMUSG00000029071	ENSMUSG00000029071	IDA, IMP, IGI, ISO, IEA
CRE upregulated	GO:0071840	cellular component organization or biogenesis	ENSMUSG00000042743	Sgtb	ISO, IEA
CRE upregulated	GO:0071840	cellular component organization or biogenesis	ENSMUSG00000022125	Cln5	IMP, ISS, IBA, IEA
CRE upregulated	GO:0071840	cellular component organization or biogenesis	ENSMUSG00000037514	Pank2	IMP
CRE upregulated	GO:0071840	cellular component organization or biogenesis	ENSMUSG00000064210	ENSMUSG00000064210	IDA, IMP, IBA, IEA
CRE upregulated	GO:0071840	cellular component organization or biogenesis	ENSMUSG00000032902	Slc16a1	IEA
CRE upregulated	GO:0071840	cellular component organization or biogenesis	ENSMUSG00000024777	ENSMUSG00000024777	ISO, IEA
CRE upregulated	GO:0071840	cellular component organization or biogenesis	ENSMUSG00000024335	Brd2	IDA, ISS, IBA, IEA
CRE upregulated	GO:0071840	cellular component organization or biogenesis	ENSMUSG00000026074	Map4k4	IEA
CRE upregulated	GO:0071840	cellular component organization or biogenesis	ENSMUSG00000025485	ENSMUSG00000025485	IMP
CRE upregulated	GO:0071840	cellular component organization or biogenesis	ENSMUSG00000020694	ENSMUSG00000020694	ISS, IEA
CRE upregulated	GO:0071840	cellular component organization or biogenesis	ENSMUSG00000037876	Jmjd1c	IEA
CRE upregulated	GO:0071840	cellular component organization or biogenesis	ENSMUSG00000029175	Slc35f6	ISS, IEA
CRE upregulated	GO:0071840	cellular component organization or biogenesis	ENSMUSG00000025162	ENSMUSG00000025162	IMP, IBA, IEA
CRE upregulated	GO:0071840	cellular component organization or biogenesis	ENSMUSG00000052921	Arhgef15	IDA, IMP, ISS, ISO
CRE upregulated	GO:0071840	cellular component organization or biogenesis	ENSMUSG00000015776	Med22	NAS
CRE upregulated	GO:0071840	cellular component organization or biogenesis	ENSMUSG00000031278	ENSMUSG00000031278	ISO
CRE upregulated	GO:0071840	cellular component organization or biogenesis	ENSMUSG00000053175	Bcl3	IMP
CRE upregulated	GO:0071840	cellular component organization or biogenesis	ENSMUSG00000032599	ENSMUSG00000032599	IEA
CRE upregulated	GO:0071840	cellular component organization or biogenesis	ENSMUSG00000040640	ENSMUSG00000040640	IDA, IMP, IBA
CRE upregulated	GO:0071840	cellular component organization or biogenesis	ENSMUSG00000036693	ENSMUSG00000036693	ISS, IBA, IEA
CRE upregulated	GO:0071840	cellular component organization or biogenesis	ENSMUSG00000030199	Etv6	IMP
CRE upregulated	GO:0071840	cellular component organization or biogenesis	ENSMUSG00000037815	Ctnna1	IMP, ISO, IEA
CRE upregulated	GO:0071840	cellular component organization or biogenesis	ENSMUSG00000003154	Foxj2	IMP
CRE upregulated	GO:0071840	cellular component organization or biogenesis	ENSMUSG00000022353	ENSMUSG00000022353	IEA
CRE upregulated	GO:0071840	cellular component organization or biogenesis	ENSMUSG00000020349	ENSMUSG00000020349	IMP
CRE upregulated	GO:0071840	cellular component organization or biogenesis	ENSMUSG00000023307	Marchf5	ISS, IBA, IEA
CRE upregulated	GO:0071840	cellular component organization or biogenesis	ENSMUSG00000025340	Rabgef1	IMP
CRE upregulated	GO:0071840	cellular component organization or biogenesis	ENSMUSG00000039108	ENSMUSG00000039108	IMP
CRE upregulated	GO:0071840	cellular component organization or biogenesis	ENSMUSG00000062866	ENSMUSG00000062866	IBA
CRE upregulated	GO:0071840	cellular component organization or biogenesis	ENSMUSG00000028599	Tnfrsf1b	IGI
CRE upregulated	GO:0071840	cellular component organization or biogenesis	ENSMUSG00000004530	ENSMUSG00000004530	IGI, ISS, IBA, TAS, IEA
CRE upregulated	GO:0071840	cellular component organization or biogenesis	ENSMUSG00000044147	Arf6	IMP, ISO, IBA, IEA
CRE upregulated	GO:0071840	cellular component organization or biogenesis	ENSMUSG00000036180	ENSMUSG00000036180	ISO, IEA
CRE upregulated	GO:0071840	cellular component organization or biogenesis	ENSMUSG00000011877	Git1	ISS, ISO, IEA
CRE upregulated	GO:0071840	cellular component organization or biogenesis	ENSMUSG00000031937	ENSMUSG00000031937	IDA, IMP, IBA
CRE upregulated	GO:0071840	cellular component organization or biogenesis	ENSMUSG00000025060	ENSMUSG00000025060	ISS, IEA
CRE upregulated	GO:0071840	cellular component organization or biogenesis	ENSMUSG00000062234	ENSMUSG00000062234	IEA
CRE upregulated	GO:0071840	cellular component organization or biogenesis	ENSMUSG00000028840	Zfp593	IEA
CRE upregulated	GO:0071840	cellular component organization or biogenesis	ENSMUSG00000047281	ENSMUSG00000047281	IDA, IEA
CRE upregulated	GO:0071840	cellular component organization or biogenesis	ENSMUSG00000025351	Cd63	ISS, ISO, IEA
CRE upregulated	GO:0071840	cellular component organization or biogenesis	ENSMUSG00000049649	Gpr3	IMP
CRE upregulated	GO:0071840	cellular component organization or biogenesis	ENSMUSG00000044465	ENSMUSG00000044465	ISS, IBA, IEA
CRE upregulated	GO:0071840	cellular component organization or biogenesis	ENSMUSG00000016534	ENSMUSG00000016534	IMP, ISS, IBA, IEA
CRE upregulated	GO:0071840	cellular component organization or biogenesis	ENSMUSG00000025366	ENSMUSG00000025366	ISS, IEA
CRE upregulated	GO:0071840	cellular component organization or biogenesis	ENSMUSG00000034543	ENSMUSG00000034543	ISS
CRE upregulated	GO:0071840	cellular component organization or biogenesis	ENSMUSG00000029110	ENSMUSG00000029110	ISS, IEA
CRE upregulated	GO:0071840	cellular component organization or biogenesis	ENSMUSG00000041598	Cdc42ep4	IBA, IEA
CRE upregulated	GO:0071840	cellular component organization or biogenesis	ENSMUSG00000045664	Cdc42ep2	IBA, IEA
CRE upregulated	GO:0071840	cellular component organization or biogenesis	ENSMUSG00000027465	Tbc1d20	IMP, IEA
CRE upregulated	GO:0071840	cellular component organization or biogenesis	ENSMUSG00000045763	ENSMUSG00000045763	IEA
CRE upregulated	GO:0071840	cellular component organization or biogenesis	ENSMUSG00000037860	Aim2	IDA, IEA
CRE upregulated	GO:0071840	cellular component organization or biogenesis	ENSMUSG00000028434	Epb41l4b	ISO, IBA, IEA
CRE upregulated	GO:0071840	cellular component organization or biogenesis	ENSMUSG00000000001	ENSMUSG00000000001	ISO
CRE upregulated	GO:0071840	cellular component organization or biogenesis	ENSMUSG00000022270	ENSMUSG00000022270	IMP
CRE upregulated	GO:0071840	cellular component organization or biogenesis	ENSMUSG00000048668	Rhno1	IEA
CRE upregulated	GO:0071840	cellular component organization or biogenesis	ENSMUSG00000022656	ENSMUSG00000022656	IDA, IMP
CRE upregulated	GO:0071840	cellular component organization or biogenesis	ENSMUSG00000039844	ENSMUSG00000039844	ISO, IEA
CRE upregulated	GO:0071840	cellular component organization or biogenesis	ENSMUSG00000051316	Taf7	ISS, ISO, IBA, IEA
CRE upregulated	GO:0071840	cellular component organization or biogenesis	ENSMUSG00000001552	ENSMUSG00000001552	IMP, IEA
CRE upregulated	GO:0071840	cellular component organization or biogenesis	ENSMUSG00000000346	Dazap2	ISS, IEA
CRE upregulated	GO:0071840	cellular component organization or biogenesis	ENSMUSG00000017677	Wsb1	IDA, IMP
CRE upregulated	GO:0071840	cellular component organization or biogenesis	ENSMUSG00000040463	ENSMUSG00000040463	NAS, IEA
CRE upregulated	GO:0071840	cellular component organization or biogenesis	ENSMUSG00000020671	ENSMUSG00000020671	ISS, ISO, IEA
CRE upregulated	GO:0071840	cellular component organization or biogenesis	ENSMUSG00000004099	ENSMUSG00000004099	IDA, IMP, IGI, ISO, IBA, IEA
CRE upregulated	GO:0071840	cellular component organization or biogenesis	ENSMUSG00000027997	Casp6	ISO
CRE upregulated	GO:0071840	cellular component organization or biogenesis	ENSMUSG00000058354	Krt6a	IGI, IBA
CRE upregulated	GO:0071840	cellular component organization or biogenesis	ENSMUSG00000040212	Emp3	IEA
CRE upregulated	GO:0071840	cellular component organization or biogenesis	ENSMUSG00000023952	ENSMUSG00000023952	IMP
CRE upregulated	GO:0071840	cellular component organization or biogenesis	ENSMUSG00000020594	ENSMUSG00000020594	IDA, ISO, IEA
CRE upregulated	GO:0071840	cellular component organization or biogenesis	ENSMUSG00000053289	ENSMUSG00000053289	IBA
CRE upregulated	GO:0071840	cellular component organization or biogenesis	ENSMUSG00000000787	ENSMUSG00000000787	IDA, IMP, ISS, IEA
CRE upregulated	GO:0071840	cellular component organization or biogenesis	ENSMUSG00000008859	ENSMUSG00000008859	ISS, ISO, IEA
CRE upregulated	GO:0071840	cellular component organization or biogenesis	ENSMUSG00000008730	Hipk1	IMP
CRE upregulated	GO:0071840	cellular component organization or biogenesis	ENSMUSG00000059288	ENSMUSG00000059288	IDA
CRE upregulated	GO:0071840	cellular component organization or biogenesis	ENSMUSG00000022948	Setd4	IDA
CRE upregulated	GO:0071840	cellular component organization or biogenesis	ENSMUSG00000038676	Ucn	ISO, IEA
CRE upregulated	GO:0071840	cellular component organization or biogenesis	ENSMUSG00000059743	ENSMUSG00000059743	ISO
CRE upregulated	GO:0071840	cellular component organization or biogenesis	ENSMUSG00000038467	ENSMUSG00000038467	ISS, ISO, IBA, NAS, IEA
CRE upregulated	GO:0071840	cellular component organization or biogenesis	ENSMUSG00000052681	Rap1b	IDA, IMP, ISS, IEA
CRE upregulated	GO:0071840	cellular component organization or biogenesis	ENSMUSG00000042185	ENSMUSG00000042185	IMP, ISO, IEA
CRE upregulated	GO:0071840	cellular component organization or biogenesis	ENSMUSG00000025403	ENSMUSG00000025403	ISS, IEA
CRE upregulated	GO:0071840	cellular component organization or biogenesis	ENSMUSG00000032508	Myd88	IMP, ISS, IEA
CRE upregulated	GO:0071840	cellular component organization or biogenesis	ENSMUSG00000026864	ENSMUSG00000026864	ISS, ISO
CRE upregulated	GO:0071840	cellular component organization or biogenesis	ENSMUSG00000002633	Shh	IDA, IMP, ISO
CRE upregulated	GO:0071840	cellular component organization or biogenesis	ENSMUSG00000008384	Sertad1	ISO, IEA
CRE upregulated	GO:0071840	cellular component organization or biogenesis	ENSMUSG00000028680	ENSMUSG00000028680	IEA
CRE upregulated	GO:0071840	cellular component organization or biogenesis	ENSMUSG00000004270	ENSMUSG00000004270	IMP
CRE upregulated	GO:0071840	cellular component organization or biogenesis	ENSMUSG00000027944	Hax1	IBA, IEA
CRE upregulated	GO:0071840	cellular component organization or biogenesis	ENSMUSG00000039671	ENSMUSG00000039671	ISO, IEA
CRE upregulated	GO:0071840	cellular component organization or biogenesis	ENSMUSG00000005089	Slc1a2	ISS, IEA
CRE upregulated	GO:0071840	cellular component organization or biogenesis	ENSMUSG00000037907	ENSMUSG00000037907	ISS, IEA
CRE upregulated	GO:0071840	cellular component organization or biogenesis	ENSMUSG00000061244	ENSMUSG00000061244	IMP, NAS
CRE upregulated	GO:0071840	cellular component organization or biogenesis	ENSMUSG00000056050	ENSMUSG00000056050	IEA
CRE upregulated	GO:0071840	cellular component organization or biogenesis	ENSMUSG00000063952	Brpf3	IEA
CRE upregulated	GO:0071840	cellular component organization or biogenesis	ENSMUSG00000037411	Serpine1	IEA
CRE upregulated	GO:0071840	cellular component organization or biogenesis	ENSMUSG00000020340	ENSMUSG00000020340	IMP, IBA, IEA
CRE upregulated	GO:0071840	cellular component organization or biogenesis	ENSMUSG00000038712	ENSMUSG00000038712	IEA
CRE upregulated	GO:0071840	cellular component organization or biogenesis	ENSMUSG00000023277	ENSMUSG00000023277	IDA, IBA, IC, IEA
CRE upregulated	GO:0071840	cellular component organization or biogenesis	ENSMUSG00000019843	ENSMUSG00000019843	IMP, IGI
CRE upregulated	GO:0071840	cellular component organization or biogenesis	ENSMUSG00000024493	ENSMUSG00000024493	IEA
CRE upregulated	GO:0071840	cellular component organization or biogenesis	ENSMUSG00000027646	ENSMUSG00000027646	IDA, IGI, ISO, IEA
CRE upregulated	GO:0071840	cellular component organization or biogenesis	ENSMUSG00000024843	ENSMUSG00000024843	ISS
CRE upregulated	GO:0071840	cellular component organization or biogenesis	ENSMUSG00000055976	Cldn23	IBA
CRE upregulated	GO:0071840	cellular component organization or biogenesis	ENSMUSG00000033991	ENSMUSG00000033991	ISS, IEA
CRE upregulated	GO:0071840	cellular component organization or biogenesis	ENSMUSG00000004698	ENSMUSG00000004698	IEA
CRE upregulated	GO:0071840	cellular component organization or biogenesis	ENSMUSG00000046761	ENSMUSG00000046761	ISS, IBA, IEA
CRE upregulated	GO:0071840	cellular component organization or biogenesis	ENSMUSG00000053825	ENSMUSG00000053825	IEA
CRE upregulated	GO:0071840	cellular component organization or biogenesis	ENSMUSG00000055067	ENSMUSG00000055067	IMP, IEA
CRE upregulated	GO:0071840	cellular component organization or biogenesis	ENSMUSG00000047261	ENSMUSG00000047261	IMP, ISO, IBA, IEA
CRE upregulated	GO:0071840	cellular component organization or biogenesis	ENSMUSG00000033294	ENSMUSG00000033294	IEA
CRE upregulated	GO:0071840	cellular component organization or biogenesis	ENSMUSG00000026159	ENSMUSG00000026159	IMP, IBA
CRE upregulated	GO:0071840	cellular component organization or biogenesis	ENSMUSG00000021282	ENSMUSG00000021282	ISO, IBA, IEA
CRE upregulated	GO:0071840	cellular component organization or biogenesis	ENSMUSG00000002797	Ggct	ISS, IEA
CRE upregulated	GO:0071840	cellular component organization or biogenesis	ENSMUSG00000015839	Nfe2l2	ISO, IEA
CRE upregulated	GO:0071840	cellular component organization or biogenesis	ENSMUSG00000049550	ENSMUSG00000049550	IMP, ISS, ISO, IBA, IEA
CRE upregulated	GO:0071840	cellular component organization or biogenesis	ENSMUSG00000034006	ENSMUSG00000034006	IBA
CRE upregulated	GO:0071840	cellular component organization or biogenesis	ENSMUSG00000000627	ENSMUSG00000000627	ISO, IBA, IEA
CRE upregulated	GO:0071840	cellular component organization or biogenesis	ENSMUSG00000074656	Eif2s2	IBA, IEA
CRE upregulated	GO:0071840	cellular component organization or biogenesis	ENSMUSG00000019998	ENSMUSG00000019998	IEA
CRE upregulated	GO:0071840	cellular component organization or biogenesis	ENSMUSG00000054499	ENSMUSG00000054499	IEA
CRE upregulated	GO:0071840	cellular component organization or biogenesis	ENSMUSG00000069227	ENSMUSG00000069227	IDA, IBA
CRE upregulated	GO:0071840	cellular component organization or biogenesis	ENSMUSG00000054204	ENSMUSG00000054204	ISS, IEA
CRE upregulated	GO:0071840	cellular component organization or biogenesis	ENSMUSG00000053797	ENSMUSG00000053797	IDA, IBA
CRE upregulated	GO:0071840	cellular component organization or biogenesis	ENSMUSG00000003541	ENSMUSG00000003541	IDA
CRE upregulated	GO:0071840	cellular component organization or biogenesis	ENSMUSG00000029475	ENSMUSG00000029475	IDA, IEA
CRE upregulated	GO:0032101	regulation of response to external stimulus	ENSMUSG00000046223	Plaur	NAS
CRE upregulated	GO:0032101	regulation of response to external stimulus	ENSMUSG00000004951	Hspb1	IEA
CRE upregulated	GO:0032101	regulation of response to external stimulus	ENSMUSG00000046688	Tifa	ISS, IBA, IEA
CRE upregulated	GO:0032101	regulation of response to external stimulus	ENSMUSG00000025473	Adam8	IDA, IMP
CRE upregulated	GO:0032101	regulation of response to external stimulus	ENSMUSG00000033902	Mapkbp1	IEA
CRE upregulated	GO:0032101	regulation of response to external stimulus	ENSMUSG00000014599	Csf1	IEA
CRE upregulated	GO:0032101	regulation of response to external stimulus	ENSMUSG00000024404	Riok3	IEA
CRE upregulated	GO:0032101	regulation of response to external stimulus	ENSMUSG00000035673	Sbno2	IMP, IBA, IEA
CRE upregulated	GO:0032101	regulation of response to external stimulus	ENSMUSG00000024256	Adcyap1	ISO, IEA
CRE upregulated	GO:0032101	regulation of response to external stimulus	ENSMUSG00000018736	Ndel1	ISO
CRE upregulated	GO:0032101	regulation of response to external stimulus	ENSMUSG00000002250	Ppard	IMP, IBA, IEA
CRE upregulated	GO:0032101	regulation of response to external stimulus	ENSMUSG00000044734	Serpinb1a	IDA
CRE upregulated	GO:0032101	regulation of response to external stimulus	ENSMUSG00000045136	Tubb2b	ISS, IEA
CRE upregulated	GO:0032101	regulation of response to external stimulus	ENSMUSG00000026254	Eif4e2	IEA
CRE upregulated	GO:0032101	regulation of response to external stimulus	ENSMUSG00000040025	Ythdf2	ISS, IEA
CRE upregulated	GO:0032101	regulation of response to external stimulus	ENSMUSG00000032231	Anxa2	IMP
CRE upregulated	GO:0032101	regulation of response to external stimulus	ENSMUSG00000031078	Cttn	ISO
CRE upregulated	GO:0032101	regulation of response to external stimulus	ENSMUSG00000055994	Nod2	IDA, IMP, ISS, ISO, IEA
CRE upregulated	GO:0032101	regulation of response to external stimulus	ENSMUSG00000024014	Pim1	ISS, IEA
CRE upregulated	GO:0032101	regulation of response to external stimulus	ENSMUSG00000042726	Trafd1	IMP, IBA
CRE upregulated	GO:0032101	regulation of response to external stimulus	ENSMUSG00000031628	Casp3	IEA
CRE upregulated	GO:0032101	regulation of response to external stimulus	ENSMUSG00000001847	Rac1	IMP, IEA
CRE upregulated	GO:0032101	regulation of response to external stimulus	ENSMUSG00000024349	Sting1	IDA, IMP, IGI, ISS, IBA, IEA
CRE upregulated	GO:0032101	regulation of response to external stimulus	ENSMUSG00000038552	Fndc4	IDA, IBA, IEA
CRE upregulated	GO:0032101	regulation of response to external stimulus	ENSMUSG00000015837	Sqstm1	IEA
CRE upregulated	GO:0032101	regulation of response to external stimulus	ENSMUSG00000036737	Oxsr1	IMP, IBA, IEA
CRE upregulated	GO:0032101	regulation of response to external stimulus	ENSMUSG00000015316	Slamf1	IMP
CRE upregulated	GO:0032101	regulation of response to external stimulus	ENSMUSG00000029765	Plxna4	IMP
CRE upregulated	GO:0032101	regulation of response to external stimulus	ENSMUSG00000053113	Socs3	IGI
CRE upregulated	GO:0032101	regulation of response to external stimulus	ENSMUSG00000026072	Il1r1	IMP, IBA
CRE upregulated	GO:0032101	regulation of response to external stimulus	ENSMUSG00000024789	Jak2	ISS, IEA
CRE upregulated	GO:0032101	regulation of response to external stimulus	ENSMUSG00000004040	ENSMUSG00000004040	IDA, IEA
CRE upregulated	GO:0032101	regulation of response to external stimulus	ENSMUSG00000036990	Otud4	IDA, IBA, IEA
CRE upregulated	GO:0032101	regulation of response to external stimulus	ENSMUSG00000029826	Zc3hav1	ISO, TAS
CRE upregulated	GO:0032101	regulation of response to external stimulus	ENSMUSG00000024190	Dusp1	IEA
CRE upregulated	GO:0032101	regulation of response to external stimulus	ENSMUSG00000059866	Tnip2	IMP, IBA
CRE upregulated	GO:0032101	regulation of response to external stimulus	ENSMUSG00000033545	Znrf1	IEA
CRE upregulated	GO:0032101	regulation of response to external stimulus	ENSMUSG00000040033	ENSMUSG00000040033	IEA
CRE upregulated	GO:0032101	regulation of response to external stimulus	ENSMUSG00000024912	Fosl1	IMP
CRE upregulated	GO:0032101	regulation of response to external stimulus	ENSMUSG00000024927	Rela	IDA, IMP, ISO, IEA
CRE upregulated	GO:0032101	regulation of response to external stimulus	ENSMUSG00000025279	ENSMUSG00000025279	IDA
CRE upregulated	GO:0032101	regulation of response to external stimulus	ENSMUSG00000029071	ENSMUSG00000029071	IMP
CRE upregulated	GO:0032101	regulation of response to external stimulus	ENSMUSG00000064210	ENSMUSG00000064210	IMP, IEA
CRE upregulated	GO:0032101	regulation of response to external stimulus	ENSMUSG00000040365	Trim41	ISS, IEA
CRE upregulated	GO:0032101	regulation of response to external stimulus	ENSMUSG00000028466	Creb3	IEA
CRE upregulated	GO:0032101	regulation of response to external stimulus	ENSMUSG00000020349	ENSMUSG00000020349	IMP
CRE upregulated	GO:0032101	regulation of response to external stimulus	ENSMUSG00000025340	Rabgef1	IMP
CRE upregulated	GO:0032101	regulation of response to external stimulus	ENSMUSG00000028599	Tnfrsf1b	IMP, IGI, IBA
CRE upregulated	GO:0032101	regulation of response to external stimulus	ENSMUSG00000044147	Arf6	NAS
CRE upregulated	GO:0032101	regulation of response to external stimulus	ENSMUSG00000030662	ENSMUSG00000030662	IEA
CRE upregulated	GO:0032101	regulation of response to external stimulus	ENSMUSG00000011877	Git1	IMP
CRE upregulated	GO:0032101	regulation of response to external stimulus	ENSMUSG00000047281	ENSMUSG00000047281	ISS, IEA
CRE upregulated	GO:0032101	regulation of response to external stimulus	ENSMUSG00000019842	ENSMUSG00000019842	IEA
CRE upregulated	GO:0032101	regulation of response to external stimulus	ENSMUSG00000070056	ENSMUSG00000070056	IMP, ISS, IEA
CRE upregulated	GO:0032101	regulation of response to external stimulus	ENSMUSG00000037860	Aim2	IDA, IMP, IBA, NAS, IEA
CRE upregulated	GO:0032101	regulation of response to external stimulus	ENSMUSG00000019256	ENSMUSG00000019256	IEA
CRE upregulated	GO:0032101	regulation of response to external stimulus	ENSMUSG00000027997	Casp6	ISS, IEA
CRE upregulated	GO:0032101	regulation of response to external stimulus	ENSMUSG00000020594	ENSMUSG00000020594	ISO, IEA
CRE upregulated	GO:0032101	regulation of response to external stimulus	ENSMUSG00000020448	Rnf185	ISS, IEA
CRE upregulated	GO:0032101	regulation of response to external stimulus	ENSMUSG00000000787	ENSMUSG00000000787	IDA, ISS
CRE upregulated	GO:0032101	regulation of response to external stimulus	ENSMUSG00000022948	Setd4	IDA
CRE upregulated	GO:0032101	regulation of response to external stimulus	ENSMUSG00000037553	ENSMUSG00000037553	ISS, IEA
CRE upregulated	GO:0032101	regulation of response to external stimulus	ENSMUSG00000032508	Myd88	IMP, IGI, ISS, IBA, IEA
CRE upregulated	GO:0032101	regulation of response to external stimulus	ENSMUSG00000021072	Tmx1	IMP, IEA
CRE upregulated	GO:0032101	regulation of response to external stimulus	ENSMUSG00000002633	Shh	ISO
CRE upregulated	GO:0032101	regulation of response to external stimulus	ENSMUSG00000004270	ENSMUSG00000004270	IMP
CRE upregulated	GO:0032101	regulation of response to external stimulus	ENSMUSG00000038250	ENSMUSG00000038250	IEA
CRE upregulated	GO:0032101	regulation of response to external stimulus	ENSMUSG00000028291	ENSMUSG00000028291	IMP, IBA
CRE upregulated	GO:0032101	regulation of response to external stimulus	ENSMUSG00000037411	Serpine1	IEA
CRE upregulated	GO:0032101	regulation of response to external stimulus	ENSMUSG00000027646	ENSMUSG00000027646	IEA
CRE upregulated	GO:0032101	regulation of response to external stimulus	ENSMUSG00000032501	Trib1	IEA
CRE upregulated	GO:0032101	regulation of response to external stimulus	ENSMUSG00000015839	Nfe2l2	IMP
CRE upregulated	GO:0032101	regulation of response to external stimulus	ENSMUSG00000003541	ENSMUSG00000003541	IMP
CRE upregulated	GO:0043069	negative regulation of programmed cell death	ENSMUSG00000052684	Jun	IMP
CRE upregulated	GO:0043069	negative regulation of programmed cell death	ENSMUSG00000046223	Plaur	ISO, IEA
CRE upregulated	GO:0043069	negative regulation of programmed cell death	ENSMUSG00000031574	Star	ISO, IEA
CRE upregulated	GO:0043069	negative regulation of programmed cell death	ENSMUSG00000004951	Hspb1	IDA, IBA, IEA
CRE upregulated	GO:0043069	negative regulation of programmed cell death	ENSMUSG00000025473	Adam8	IDA
CRE upregulated	GO:0043069	negative regulation of programmed cell death	ENSMUSG00000030102	Itpr1	ISO
CRE upregulated	GO:0043069	negative regulation of programmed cell death	ENSMUSG00000023067	Cdkn1a	ISO
CRE upregulated	GO:0043069	negative regulation of programmed cell death	ENSMUSG00000003644	Rps6ka1	ISS, IEA
CRE upregulated	GO:0043069	negative regulation of programmed cell death	ENSMUSG00000005087	Cd44	IEA
CRE upregulated	GO:0043069	negative regulation of programmed cell death	ENSMUSG00000026836	Acvr1	IEA
CRE upregulated	GO:0043069	negative regulation of programmed cell death	ENSMUSG00000003153	Slc2a3	ISO
CRE upregulated	GO:0043069	negative regulation of programmed cell death	ENSMUSG00000048482	Bdnf	IDA, IMP, IGI, IBA, IEA
CRE upregulated	GO:0043069	negative regulation of programmed cell death	ENSMUSG00000024256	Adcyap1	ISO, IEA
CRE upregulated	GO:0043069	negative regulation of programmed cell death	ENSMUSG00000021070	Bdkrb2	IMP, IGI
CRE upregulated	GO:0043069	negative regulation of programmed cell death	ENSMUSG00000002250	Ppard	ISO
CRE upregulated	GO:0043069	negative regulation of programmed cell death	ENSMUSG00000038894	Irs2	IMP
CRE upregulated	GO:0043069	negative regulation of programmed cell death	ENSMUSG00000035828	Pim3	ISS, IBA, IEA
CRE upregulated	GO:0043069	negative regulation of programmed cell death	ENSMUSG00000026796	Niban2	IEA
CRE upregulated	GO:0043069	negative regulation of programmed cell death	ENSMUSG00000027540	Ptpn1	IMP
CRE upregulated	GO:0043069	negative regulation of programmed cell death	ENSMUSG00000028063	Lmna	IMP
CRE upregulated	GO:0043069	negative regulation of programmed cell death	ENSMUSG00000030678	Maz	IEA
CRE upregulated	GO:0043069	negative regulation of programmed cell death	ENSMUSG00000025809	Itgb1	ISO, IEA
CRE upregulated	GO:0043069	negative regulation of programmed cell death	ENSMUSG00000025746	Il6	ISO
CRE upregulated	GO:0043069	negative regulation of programmed cell death	ENSMUSG00000031078	Cttn	IGI
CRE upregulated	GO:0043069	negative regulation of programmed cell death	ENSMUSG00000022607	Ptk2	ISS, ISO
CRE upregulated	GO:0043069	negative regulation of programmed cell death	ENSMUSG00000055994	Nod2	IDA
CRE upregulated	GO:0043069	negative regulation of programmed cell death	ENSMUSG00000024014	Pim1	ISS, IEA
CRE upregulated	GO:0043069	negative regulation of programmed cell death	ENSMUSG00000037062	Sh3glb1	IMP
CRE upregulated	GO:0043069	negative regulation of programmed cell death	ENSMUSG00000042406	Atf4	ISO, IEA
CRE upregulated	GO:0043069	negative regulation of programmed cell death	ENSMUSG00000031628	Casp3	ISO
CRE upregulated	GO:0043069	negative regulation of programmed cell death	ENSMUSG00000032078	Zpr1	IMP
CRE upregulated	GO:0043069	negative regulation of programmed cell death	ENSMUSG00000030077	Chl1	IDA
CRE upregulated	GO:0043069	negative regulation of programmed cell death	ENSMUSG00000018909	Arrb1	ISO
CRE upregulated	GO:0043069	negative regulation of programmed cell death	ENSMUSG00000026317	Cln8	IMP
CRE upregulated	GO:0043069	negative regulation of programmed cell death	ENSMUSG00000015837	Sqstm1	ISS, IEA
CRE upregulated	GO:0043069	negative regulation of programmed cell death	ENSMUSG00000037580	Gch1	ISO, IEA
CRE upregulated	GO:0043069	negative regulation of programmed cell death	ENSMUSG00000022346	Myc	ISO
CRE upregulated	GO:0043069	negative regulation of programmed cell death	ENSMUSG00000027954	Efna1	IDA
CRE upregulated	GO:0043069	negative regulation of programmed cell death	ENSMUSG00000024789	Jak2	IDA, ISO, IEA
CRE upregulated	GO:0043069	negative regulation of programmed cell death	ENSMUSG00000042292	Mrtfa	IDA
CRE upregulated	GO:0043069	negative regulation of programmed cell death	ENSMUSG00000109511	Nup62	ISS, IEA
CRE upregulated	GO:0043069	negative regulation of programmed cell death	ENSMUSG00000050335	Lgals3	IEA
CRE upregulated	GO:0043069	negative regulation of programmed cell death	ENSMUSG00000024190	Dusp1	ISO
CRE upregulated	GO:0043069	negative regulation of programmed cell death	ENSMUSG00000031960	Aars1	IMP
CRE upregulated	GO:0043069	negative regulation of programmed cell death	ENSMUSG00000059866	Tnip2	ISS, IEA
CRE upregulated	GO:0043069	negative regulation of programmed cell death	ENSMUSG00000024927	Rela	IDA, IEA
CRE upregulated	GO:0043069	negative regulation of programmed cell death	ENSMUSG00000042608	Stk40	IMP
CRE upregulated	GO:0043069	negative regulation of programmed cell death	ENSMUSG00000028466	Creb3	IEA
CRE upregulated	GO:0043069	negative regulation of programmed cell death	ENSMUSG00000029175	Slc35f6	ISS, IEA
CRE upregulated	GO:0043069	negative regulation of programmed cell death	ENSMUSG00000053175	Bcl3	IMP, IGI, IEA
CRE upregulated	GO:0043069	negative regulation of programmed cell death	ENSMUSG00000037815	Ctnna1	IMP
CRE upregulated	GO:0043069	negative regulation of programmed cell death	ENSMUSG00000029752	ENSMUSG00000029752	IEA
CRE upregulated	GO:0043069	negative regulation of programmed cell death	ENSMUSG00000013483	Card14	ISS, IEA
CRE upregulated	GO:0043069	negative regulation of programmed cell death	ENSMUSG00000000001	ENSMUSG00000000001	ISO
CRE upregulated	GO:0043069	negative regulation of programmed cell death	ENSMUSG00000022270	ENSMUSG00000022270	IMP, IBA, IEA
CRE upregulated	GO:0043069	negative regulation of programmed cell death	ENSMUSG00000040010	Slc7a5	ISO, IEA
CRE upregulated	GO:0043069	negative regulation of programmed cell death	ENSMUSG00000004099	ENSMUSG00000004099	IEA
CRE upregulated	GO:0043069	negative regulation of programmed cell death	ENSMUSG00000000787	ENSMUSG00000000787	ISS
CRE upregulated	GO:0043069	negative regulation of programmed cell death	ENSMUSG00000038676	Ucn	ISO, IEA
CRE upregulated	GO:0043069	negative regulation of programmed cell death	ENSMUSG00000026864	ENSMUSG00000026864	IEA
CRE upregulated	GO:0043069	negative regulation of programmed cell death	ENSMUSG00000002633	Shh	IDA, IMP, IGI, ISO
CRE upregulated	GO:0043069	negative regulation of programmed cell death	ENSMUSG00000028680	ENSMUSG00000028680	IEA
CRE upregulated	GO:0043069	negative regulation of programmed cell death	ENSMUSG00000032462	ENSMUSG00000032462	IMP
CRE upregulated	GO:0043069	negative regulation of programmed cell death	ENSMUSG00000027944	Hax1	IBA, IEA
CRE upregulated	GO:0043069	negative regulation of programmed cell death	ENSMUSG00000037411	Serpine1	IEA
CRE upregulated	GO:0043069	negative regulation of programmed cell death	ENSMUSG00000019843	ENSMUSG00000019843	ISO
CRE upregulated	GO:0043069	negative regulation of programmed cell death	ENSMUSG00000027646	ENSMUSG00000027646	IBA, IEA
CRE upregulated	GO:0043069	negative regulation of programmed cell death	ENSMUSG00000025027	Xpnpep1	ISS, IEA
CRE upregulated	GO:0043069	negative regulation of programmed cell death	ENSMUSG00000031642	Sh3rf1	IEA
CRE upregulated	GO:0043069	negative regulation of programmed cell death	ENSMUSG00000015839	Nfe2l2	ISS, ISO, IEA
CRE upregulated	GO:0043069	negative regulation of programmed cell death	ENSMUSG00000003541	ENSMUSG00000003541	IDA, IEA
CRE upregulated	GO:0043069	negative regulation of programmed cell death	ENSMUSG00000024026	ENSMUSG00000024026	ISS, IEA
CRE upregulated	GO:0043069	negative regulation of programmed cell death	ENSMUSG00000029475	ENSMUSG00000029475	IMP
CRE upregulated	GO:0030030	cell projection organization	ENSMUSG00000051379	Flrt3	IMP, ISS, ISO, IEA
CRE upregulated	GO:0030030	cell projection organization	ENSMUSG00000052684	Jun	IMP
CRE upregulated	GO:0030030	cell projection organization	ENSMUSG00000019647	Sema6a	IMP, IBA, NAS
CRE upregulated	GO:0030030	cell projection organization	ENSMUSG00000004951	Hspb1	ISO
CRE upregulated	GO:0030030	cell projection organization	ENSMUSG00000022044	Stmn4	IBA
CRE upregulated	GO:0030030	cell projection organization	ENSMUSG00000024143	Rhoq	IEA
CRE upregulated	GO:0030030	cell projection organization	ENSMUSG00000023905	Tnfrsf12a	IDA
CRE upregulated	GO:0030030	cell projection organization	ENSMUSG00000030102	Itpr1	ISO
CRE upregulated	GO:0030030	cell projection organization	ENSMUSG00000025089	Gfra1	ISO, IEA
CRE upregulated	GO:0030030	cell projection organization	ENSMUSG00000037705	Tecta	IGI
CRE upregulated	GO:0030030	cell projection organization	ENSMUSG00000006304	Arpc2	ISO, IEA
CRE upregulated	GO:0030030	cell projection organization	ENSMUSG00000030272	Camk1	ISS, IEA
CRE upregulated	GO:0030030	cell projection organization	ENSMUSG00000024261	Syt4	IEA
CRE upregulated	GO:0030030	cell projection organization	ENSMUSG00000029378	Areg	ISO, IEA
CRE upregulated	GO:0030030	cell projection organization	ENSMUSG00000042688	Mapk6	IGI
CRE upregulated	GO:0030030	cell projection organization	ENSMUSG00000005087	Cd44	IEA
CRE upregulated	GO:0030030	cell projection organization	ENSMUSG00000048482	Bdnf	IDA, IMP, IGI, ISO, IBA, IEA
CRE upregulated	GO:0030030	cell projection organization	ENSMUSG00000024256	Adcyap1	ISS, ISO, IBA, IEA
CRE upregulated	GO:0030030	cell projection organization	ENSMUSG00000015745	Plekho1	IDA, IMP
CRE upregulated	GO:0030030	cell projection organization	ENSMUSG00000018736	Ndel1	IMP, IGI, ISO, IBA
CRE upregulated	GO:0030030	cell projection organization	ENSMUSG00000018507	Trpv2	IMP
CRE upregulated	GO:0030030	cell projection organization	ENSMUSG00000037568	Vash2	ISS, IEA
CRE upregulated	GO:0030030	cell projection organization	ENSMUSG00000029518	Rab35	IMP
CRE upregulated	GO:0030030	cell projection organization	ENSMUSG00000045136	Tubb2b	ISS, IEA
CRE upregulated	GO:0030030	cell projection organization	ENSMUSG00000027540	Ptpn1	IEA
CRE upregulated	GO:0030030	cell projection organization	ENSMUSG00000043895	S1pr2	IEA
CRE upregulated	GO:0030030	cell projection organization	ENSMUSG00000029121	Crmp1	IEA
CRE upregulated	GO:0030030	cell projection organization	ENSMUSG00000025809	Itgb1	IMP, IGI, ISO
CRE upregulated	GO:0030030	cell projection organization	ENSMUSG00000023030	Slc11a2	IMP
CRE upregulated	GO:0030030	cell projection organization	ENSMUSG00000022272	Myo10	ISS, IBA, IEA
CRE upregulated	GO:0030030	cell projection organization	ENSMUSG00000025746	Il6	ISO
CRE upregulated	GO:0030030	cell projection organization	ENSMUSG00000047368	Abhd17b	IMP
CRE upregulated	GO:0030030	cell projection organization	ENSMUSG00000031078	Cttn	IGI, ISS, ISO
CRE upregulated	GO:0030030	cell projection organization	ENSMUSG00000022607	Ptk2	IMP
CRE upregulated	GO:0030030	cell projection organization	ENSMUSG00000037062	Sh3glb1	ISO
CRE upregulated	GO:0030030	cell projection organization	ENSMUSG00000034247	Plekhm1	IMP
CRE upregulated	GO:0030030	cell projection organization	ENSMUSG00000024772	Ehd1	IMP, ISS, ISO, IBA, IEA
CRE upregulated	GO:0030030	cell projection organization	ENSMUSG00000027293	Ehd4	IBA
CRE upregulated	GO:0030030	cell projection organization	ENSMUSG00000021990	Spata13	IEA
CRE upregulated	GO:0030030	cell projection organization	ENSMUSG00000033039	Micall1	IMP, ISO
CRE upregulated	GO:0030030	cell projection organization	ENSMUSG00000017929	B4galt5	IMP
CRE upregulated	GO:0030030	cell projection organization	ENSMUSG00000001507	Itga3	IMP, IGI, ISO, IEA
CRE upregulated	GO:0030030	cell projection organization	ENSMUSG00000031628	Casp3	ISO, IEA
CRE upregulated	GO:0030030	cell projection organization	ENSMUSG00000032078	Zpr1	IMP, IBA, IEA
CRE upregulated	GO:0030030	cell projection organization	ENSMUSG00000055407	Map6	ISS, ISO, IBA, IEA
CRE upregulated	GO:0030030	cell projection organization	ENSMUSG00000001847	Rac1	IDA, IMP, IGI, ISO, IBA, TAS, IEA
CRE upregulated	GO:0030030	cell projection organization	ENSMUSG00000050271	Prag1	ISS, ISO, IEA
CRE upregulated	GO:0030030	cell projection organization	ENSMUSG00000030077	Chl1	IDA, IMP, IEA
CRE upregulated	GO:0030030	cell projection organization	ENSMUSG00000044667	Plppr4	ISO, IBA
CRE upregulated	GO:0030030	cell projection organization	ENSMUSG00000057531	Dtnbp1	IDA, IMP, ISS, ISO, IBA, NAS, IEA
CRE upregulated	GO:0030030	cell projection organization	ENSMUSG00000004768	Rab23	IEA
CRE upregulated	GO:0030030	cell projection organization	ENSMUSG00000030309	Caprin2	IMP
CRE upregulated	GO:0030030	cell projection organization	ENSMUSG00000001627	Ifrd1	IGI
CRE upregulated	GO:0030030	cell projection organization	ENSMUSG00000036057	Ptpn23	ISS, IEA
CRE upregulated	GO:0030030	cell projection organization	ENSMUSG00000029765	Plxna4	IMP, IGI, IBA
CRE upregulated	GO:0030030	cell projection organization	ENSMUSG00000027954	Efna1	IDA, IBA
CRE upregulated	GO:0030030	cell projection organization	ENSMUSG00000055809	Dnaaf3	ISS, IBA, IEA
CRE upregulated	GO:0030030	cell projection organization	ENSMUSG00000024789	Jak2	ISS, ISO, IEA
CRE upregulated	GO:0030030	cell projection organization	ENSMUSG00000042292	Mrtfa	IGI
CRE upregulated	GO:0030030	cell projection organization	ENSMUSG00000022602	Arc	ISO, IEA
CRE upregulated	GO:0030030	cell projection organization	ENSMUSG00000030223	ENSMUSG00000030223	IMP, IBA
CRE upregulated	GO:0030030	cell projection organization	ENSMUSG00000027797	Dclk1	IMP, IGI, IBA, IEA
CRE upregulated	GO:0030030	cell projection organization	ENSMUSG00000036882	ENSMUSG00000036882	ISO, IEA
CRE upregulated	GO:0030030	cell projection organization	ENSMUSG00000024803	Ankrd1	ISO
CRE upregulated	GO:0030030	cell projection organization	ENSMUSG00000023915	Tnfrsf21	ISO, IEA
CRE upregulated	GO:0030030	cell projection organization	ENSMUSG00000027692	Tnik	ISS, ISO, IBA, IEA
CRE upregulated	GO:0030030	cell projection organization	ENSMUSG00000029071	ENSMUSG00000029071	IDA, IMP, ISO, IEA
CRE upregulated	GO:0030030	cell projection organization	ENSMUSG00000064210	ENSMUSG00000064210	IMP, IEA
CRE upregulated	GO:0030030	cell projection organization	ENSMUSG00000024777	ENSMUSG00000024777	ISO, IEA
CRE upregulated	GO:0030030	cell projection organization	ENSMUSG00000026074	Map4k4	IEA
CRE upregulated	GO:0030030	cell projection organization	ENSMUSG00000025162	ENSMUSG00000025162	IMP, IBA, IEA
CRE upregulated	GO:0030030	cell projection organization	ENSMUSG00000031278	ENSMUSG00000031278	ISO
CRE upregulated	GO:0030030	cell projection organization	ENSMUSG00000037815	Ctnna1	IEA
CRE upregulated	GO:0030030	cell projection organization	ENSMUSG00000004530	ENSMUSG00000004530	IGI, IEA
CRE upregulated	GO:0030030	cell projection organization	ENSMUSG00000044147	Arf6	IMP, ISO, IBA, IEA
CRE upregulated	GO:0030030	cell projection organization	ENSMUSG00000011877	Git1	ISO
CRE upregulated	GO:0030030	cell projection organization	ENSMUSG00000031937	ENSMUSG00000031937	IMP, IBA
CRE upregulated	GO:0030030	cell projection organization	ENSMUSG00000062234	ENSMUSG00000062234	IEA
CRE upregulated	GO:0030030	cell projection organization	ENSMUSG00000041598	Cdc42ep4	IBA, IEA
CRE upregulated	GO:0030030	cell projection organization	ENSMUSG00000045664	Cdc42ep2	IBA, IEA
CRE upregulated	GO:0030030	cell projection organization	ENSMUSG00000039844	ENSMUSG00000039844	ISO, IEA
CRE upregulated	GO:0030030	cell projection organization	ENSMUSG00000020671	ENSMUSG00000020671	ISS, ISO
CRE upregulated	GO:0030030	cell projection organization	ENSMUSG00000027997	Casp6	ISO
CRE upregulated	GO:0030030	cell projection organization	ENSMUSG00000040212	Emp3	IEA
CRE upregulated	GO:0030030	cell projection organization	ENSMUSG00000020594	ENSMUSG00000020594	ISO, IEA
CRE upregulated	GO:0030030	cell projection organization	ENSMUSG00000008859	ENSMUSG00000008859	IEA
CRE upregulated	GO:0030030	cell projection organization	ENSMUSG00000038676	Ucn	ISO, IEA
CRE upregulated	GO:0030030	cell projection organization	ENSMUSG00000026864	ENSMUSG00000026864	ISO
CRE upregulated	GO:0030030	cell projection organization	ENSMUSG00000002633	Shh	IDA, IMP, ISO
CRE upregulated	GO:0030030	cell projection organization	ENSMUSG00000039671	ENSMUSG00000039671	ISO, IEA
CRE upregulated	GO:0030030	cell projection organization	ENSMUSG00000061244	ENSMUSG00000061244	IMP
CRE upregulated	GO:0030030	cell projection organization	ENSMUSG00000020340	ENSMUSG00000020340	IMP, IBA
CRE upregulated	GO:0030030	cell projection organization	ENSMUSG00000023277	ENSMUSG00000023277	IBA, IC, IEA
CRE upregulated	GO:0030030	cell projection organization	ENSMUSG00000019843	ENSMUSG00000019843	IMP, IGI
CRE upregulated	GO:0030030	cell projection organization	ENSMUSG00000027646	ENSMUSG00000027646	IGI, IEA
CRE upregulated	GO:0030030	cell projection organization	ENSMUSG00000053825	ENSMUSG00000053825	IEA
CRE upregulated	GO:0030030	cell projection organization	ENSMUSG00000047261	ENSMUSG00000047261	IMP, IBA, IEA
CRE upregulated	GO:0030030	cell projection organization	ENSMUSG00000015839	Nfe2l2	ISO, IEA
CRE upregulated	GO:0030030	cell projection organization	ENSMUSG00000049550	ENSMUSG00000049550	ISO
CRE upregulated	GO:0030030	cell projection organization	ENSMUSG00000000627	ENSMUSG00000000627	ISO, IBA, IEA
CRE upregulated	GO:0030030	cell projection organization	ENSMUSG00000069227	ENSMUSG00000069227	IDA, IBA
CRE upregulated	GO:0030030	cell projection organization	ENSMUSG00000054204	ENSMUSG00000054204	ISS, IEA
CRE upregulated	GO:0022603	regulation of anatomical structure morphogenesis	ENSMUSG00000036390	Gadd45a	IMP
CRE upregulated	GO:0022603	regulation of anatomical structure morphogenesis	ENSMUSG00000019647	Sema6a	IEA
CRE upregulated	GO:0022603	regulation of anatomical structure morphogenesis	ENSMUSG00000004951	Hspb1	IEA
CRE upregulated	GO:0022603	regulation of anatomical structure morphogenesis	ENSMUSG00000024143	Rhoq	IDA
CRE upregulated	GO:0022603	regulation of anatomical structure morphogenesis	ENSMUSG00000023905	Tnfrsf12a	IDA
CRE upregulated	GO:0022603	regulation of anatomical structure morphogenesis	ENSMUSG00000014599	Csf1	IMP
CRE upregulated	GO:0022603	regulation of anatomical structure morphogenesis	ENSMUSG00000038650	Rnh1	IBA, IEA
CRE upregulated	GO:0022603	regulation of anatomical structure morphogenesis	ENSMUSG00000031681	Smad1	IEA
CRE upregulated	GO:0022603	regulation of anatomical structure morphogenesis	ENSMUSG00000024261	Syt4	IEA
CRE upregulated	GO:0022603	regulation of anatomical structure morphogenesis	ENSMUSG00000005087	Cd44	IEA
CRE upregulated	GO:0022603	regulation of anatomical structure morphogenesis	ENSMUSG00000048482	Bdnf	IDA, IMP, IGI, IEA
CRE upregulated	GO:0022603	regulation of anatomical structure morphogenesis	ENSMUSG00000015745	Plekho1	IDA, IMP
CRE upregulated	GO:0022603	regulation of anatomical structure morphogenesis	ENSMUSG00000018736	Ndel1	ISO
CRE upregulated	GO:0022603	regulation of anatomical structure morphogenesis	ENSMUSG00000018507	Trpv2	IMP
CRE upregulated	GO:0022603	regulation of anatomical structure morphogenesis	ENSMUSG00000037568	Vash2	IMP, ISO, IBA, IEA
CRE upregulated	GO:0022603	regulation of anatomical structure morphogenesis	ENSMUSG00000025809	Itgb1	IEA
CRE upregulated	GO:0022603	regulation of anatomical structure morphogenesis	ENSMUSG00000025239	Limd1	ISS, IEA
CRE upregulated	GO:0022603	regulation of anatomical structure morphogenesis	ENSMUSG00000022272	Myo10	ISS, IBA, IEA
CRE upregulated	GO:0022603	regulation of anatomical structure morphogenesis	ENSMUSG00000013089	Etv5	IDA
CRE upregulated	GO:0022603	regulation of anatomical structure morphogenesis	ENSMUSG00000025746	Il6	ISO
CRE upregulated	GO:0022603	regulation of anatomical structure morphogenesis	ENSMUSG00000022607	Ptk2	IMP, ISS
CRE upregulated	GO:0022603	regulation of anatomical structure morphogenesis	ENSMUSG00000037062	Sh3glb1	ISO
CRE upregulated	GO:0022603	regulation of anatomical structure morphogenesis	ENSMUSG00000020580	Rock2	IEA
CRE upregulated	GO:0022603	regulation of anatomical structure morphogenesis	ENSMUSG00000040435	Ppp1r15a	ISO
CRE upregulated	GO:0022603	regulation of anatomical structure morphogenesis	ENSMUSG00000055407	Map6	ISO, IBA
CRE upregulated	GO:0022603	regulation of anatomical structure morphogenesis	ENSMUSG00000001847	Rac1	IGI, IBA, IEA
CRE upregulated	GO:0022603	regulation of anatomical structure morphogenesis	ENSMUSG00000050271	Prag1	ISS, ISO, IEA
CRE upregulated	GO:0022603	regulation of anatomical structure morphogenesis	ENSMUSG00000057531	Dtnbp1	ISO, IEA
CRE upregulated	GO:0022603	regulation of anatomical structure morphogenesis	ENSMUSG00000030309	Caprin2	IMP
CRE upregulated	GO:0022603	regulation of anatomical structure morphogenesis	ENSMUSG00000001627	Ifrd1	IGI
CRE upregulated	GO:0022603	regulation of anatomical structure morphogenesis	ENSMUSG00000029765	Plxna4	IBA
CRE upregulated	GO:0022603	regulation of anatomical structure morphogenesis	ENSMUSG00000036478	Btg1	ISS, IEA
CRE upregulated	GO:0022603	regulation of anatomical structure morphogenesis	ENSMUSG00000027954	Efna1	IDA
CRE upregulated	GO:0022603	regulation of anatomical structure morphogenesis	ENSMUSG00000004040	ENSMUSG00000004040	IDA
CRE upregulated	GO:0022603	regulation of anatomical structure morphogenesis	ENSMUSG00000022602	Arc	ISS, ISO, IEA
CRE upregulated	GO:0022603	regulation of anatomical structure morphogenesis	ENSMUSG00000054136	Adm2	ISO, IEA
CRE upregulated	GO:0022603	regulation of anatomical structure morphogenesis	ENSMUSG00000031310	ENSMUSG00000031310	ISS, IEA
CRE upregulated	GO:0022603	regulation of anatomical structure morphogenesis	ENSMUSG00000036882	ENSMUSG00000036882	ISO, IEA
CRE upregulated	GO:0022603	regulation of anatomical structure morphogenesis	ENSMUSG00000040033	ENSMUSG00000040033	IEA
CRE upregulated	GO:0022603	regulation of anatomical structure morphogenesis	ENSMUSG00000024927	Rela	IEA
CRE upregulated	GO:0022603	regulation of anatomical structure morphogenesis	ENSMUSG00000025793	ENSMUSG00000025793	IEA
CRE upregulated	GO:0022603	regulation of anatomical structure morphogenesis	ENSMUSG00000027692	Tnik	ISS, ISO, IEA
CRE upregulated	GO:0022603	regulation of anatomical structure morphogenesis	ENSMUSG00000026078	Pdcl3	ISO, IEA
CRE upregulated	GO:0022603	regulation of anatomical structure morphogenesis	ENSMUSG00000029071	ENSMUSG00000029071	ISO, IEA
CRE upregulated	GO:0022603	regulation of anatomical structure morphogenesis	ENSMUSG00000068739	ENSMUSG00000068739	ISS, IEA
CRE upregulated	GO:0022603	regulation of anatomical structure morphogenesis	ENSMUSG00000003154	Foxj2	IEA
CRE upregulated	GO:0022603	regulation of anatomical structure morphogenesis	ENSMUSG00000023307	Marchf5	ISS, IBA, IEA
CRE upregulated	GO:0022603	regulation of anatomical structure morphogenesis	ENSMUSG00000004530	ENSMUSG00000004530	IEA
CRE upregulated	GO:0022603	regulation of anatomical structure morphogenesis	ENSMUSG00000052298	Cdc42se2	IEA
CRE upregulated	GO:0022603	regulation of anatomical structure morphogenesis	ENSMUSG00000021796	Bmpr1a	IGI
CRE upregulated	GO:0022603	regulation of anatomical structure morphogenesis	ENSMUSG00000041598	Cdc42ep4	IBA, IEA
CRE upregulated	GO:0022603	regulation of anatomical structure morphogenesis	ENSMUSG00000045664	Cdc42ep2	IBA, IEA
CRE upregulated	GO:0022603	regulation of anatomical structure morphogenesis	ENSMUSG00000039191	Rbpj	TAS
CRE upregulated	GO:0022603	regulation of anatomical structure morphogenesis	ENSMUSG00000001552	ENSMUSG00000001552	IEA
CRE upregulated	GO:0022603	regulation of anatomical structure morphogenesis	ENSMUSG00000020594	ENSMUSG00000020594	ISO, IEA
CRE upregulated	GO:0022603	regulation of anatomical structure morphogenesis	ENSMUSG00000008859	ENSMUSG00000008859	ISS, IEA
CRE upregulated	GO:0022603	regulation of anatomical structure morphogenesis	ENSMUSG00000046722	ENSMUSG00000046722	ISS, IEA
CRE upregulated	GO:0022603	regulation of anatomical structure morphogenesis	ENSMUSG00000002633	Shh	IDA, IMP, ISO
CRE upregulated	GO:0022603	regulation of anatomical structure morphogenesis	ENSMUSG00000032462	ENSMUSG00000032462	IEA
CRE upregulated	GO:0022603	regulation of anatomical structure morphogenesis	ENSMUSG00000037411	Serpine1	IEA
CRE upregulated	GO:0022603	regulation of anatomical structure morphogenesis	ENSMUSG00000023277	ENSMUSG00000023277	IEA
CRE upregulated	GO:0022603	regulation of anatomical structure morphogenesis	ENSMUSG00000019843	ENSMUSG00000019843	IDA
CRE upregulated	GO:0022603	regulation of anatomical structure morphogenesis	ENSMUSG00000027646	ENSMUSG00000027646	IEA
CRE upregulated	GO:0022603	regulation of anatomical structure morphogenesis	ENSMUSG00000053825	ENSMUSG00000053825	IEA
CRE upregulated	GO:0022603	regulation of anatomical structure morphogenesis	ENSMUSG00000015839	Nfe2l2	ISO, IEA
CRE upregulated	GO:0022603	regulation of anatomical structure morphogenesis	ENSMUSG00000000627	ENSMUSG00000000627	ISO, IEA
CRE upregulated	GO:0045893	positive regulation of DNA-templated transcription	ENSMUSG00000026628	Atf3	IGI, ISO, IEA
CRE upregulated	GO:0045893	positive regulation of DNA-templated transcription	ENSMUSG00000052684	Jun	IDA, IMP, IGI, ISS, ISO
CRE upregulated	GO:0045893	positive regulation of DNA-templated transcription	ENSMUSG00000063632	Sox11	IDA, IMP, ISO, IBA, IEA
CRE upregulated	GO:0045893	positive regulation of DNA-templated transcription	ENSMUSG00000056749	Nfil3	IMP
CRE upregulated	GO:0045893	positive regulation of DNA-templated transcription	ENSMUSG00000024143	Rhoq	IEA
CRE upregulated	GO:0045893	positive regulation of DNA-templated transcription	ENSMUSG00000022895	Ets2	ISO, IEA
CRE upregulated	GO:0045893	positive regulation of DNA-templated transcription	ENSMUSG00000037447	Arid5a	IGI
CRE upregulated	GO:0045893	positive regulation of DNA-templated transcription	ENSMUSG00000032515	Csrnp1	IDA
CRE upregulated	GO:0045893	positive regulation of DNA-templated transcription	ENSMUSG00000025612	Bach1	IDA
CRE upregulated	GO:0045893	positive regulation of DNA-templated transcription	ENSMUSG00000000078	Klf6	IEA
CRE upregulated	GO:0045893	positive regulation of DNA-templated transcription	ENSMUSG00000030272	Camk1	IEA
CRE upregulated	GO:0045893	positive regulation of DNA-templated transcription	ENSMUSG00000001542	Ell2	ISO, IBA
CRE upregulated	GO:0045893	positive regulation of DNA-templated transcription	ENSMUSG00000031681	Smad1	IDA, IMP, IGI, IEA
CRE upregulated	GO:0045893	positive regulation of DNA-templated transcription	ENSMUSG00000035673	Sbno2	IMP, IBA
CRE upregulated	GO:0045893	positive regulation of DNA-templated transcription	ENSMUSG00000033060	Lmo7	IDA, ISS, ISO
CRE upregulated	GO:0045893	positive regulation of DNA-templated transcription	ENSMUSG00000003644	Rps6ka1	ISO, IBA, IEA
CRE upregulated	GO:0045893	positive regulation of DNA-templated transcription	ENSMUSG00000026836	Acvr1	IMP, IEA
CRE upregulated	GO:0045893	positive regulation of DNA-templated transcription	ENSMUSG00000024256	Adcyap1	ISS, ISO, IEA
CRE upregulated	GO:0045893	positive regulation of DNA-templated transcription	ENSMUSG00000034832	Tet3	ISS, IBA, IEA
CRE upregulated	GO:0045893	positive regulation of DNA-templated transcription	ENSMUSG00000002250	Ppard	ISS, IBA, IEA
CRE upregulated	GO:0045893	positive regulation of DNA-templated transcription	ENSMUSG00000026796	Niban2	IEA
CRE upregulated	GO:0045893	positive regulation of DNA-templated transcription	ENSMUSG00000030678	Maz	IEA
CRE upregulated	GO:0045893	positive regulation of DNA-templated transcription	ENSMUSG00000053436	Mapk14	IMP, ISO
CRE upregulated	GO:0045893	positive regulation of DNA-templated transcription	ENSMUSG00000048490	Nrip1	IBA, IEA
CRE upregulated	GO:0045893	positive regulation of DNA-templated transcription	ENSMUSG00000013089	Etv5	IDA, IEA
CRE upregulated	GO:0045893	positive regulation of DNA-templated transcription	ENSMUSG00000025746	Il6	IDA, IGI, ISO
CRE upregulated	GO:0045893	positive regulation of DNA-templated transcription	ENSMUSG00000032231	Anxa2	IDA
CRE upregulated	GO:0045893	positive regulation of DNA-templated transcription	ENSMUSG00000055994	Nod2	ISS, IEA
CRE upregulated	GO:0045893	positive regulation of DNA-templated transcription	ENSMUSG00000024014	Pim1	IMP
CRE upregulated	GO:0045893	positive regulation of DNA-templated transcription	ENSMUSG00000063889	Crem	IGI
CRE upregulated	GO:0045893	positive regulation of DNA-templated transcription	ENSMUSG00000042406	Atf4	IDA, IMP, IGI, ISS, ISO, IEA
CRE upregulated	GO:0045893	positive regulation of DNA-templated transcription	ENSMUSG00000020271	Fbxw11	IMP
CRE upregulated	GO:0045893	positive regulation of DNA-templated transcription	ENSMUSG00000029641	Rasl11a	IDA
CRE upregulated	GO:0045893	positive regulation of DNA-templated transcription	ENSMUSG00000025408	Ddit3	IDA, IMP, IGI, ISO, NAS, IEA
CRE upregulated	GO:0045893	positive regulation of DNA-templated transcription	ENSMUSG00000040435	Ppp1r15a	IDA
CRE upregulated	GO:0045893	positive regulation of DNA-templated transcription	ENSMUSG00000018909	Arrb1	ISO, IEA
CRE upregulated	GO:0045893	positive regulation of DNA-templated transcription	ENSMUSG00000020248	Nfyb	IDA, ISO, IEA
CRE upregulated	GO:0045893	positive regulation of DNA-templated transcription	ENSMUSG00000024349	Sting1	IDA, IEA
CRE upregulated	GO:0045893	positive regulation of DNA-templated transcription	ENSMUSG00000030057	Cnbp	IDA
CRE upregulated	GO:0045893	positive regulation of DNA-templated transcription	ENSMUSG00000000134	Tfe3	IDA, IMP, IEA
CRE upregulated	GO:0045893	positive regulation of DNA-templated transcription	ENSMUSG00000028901	Gmeb1	IDA
CRE upregulated	GO:0045893	positive regulation of DNA-templated transcription	ENSMUSG00000001627	Ifrd1	ISO
CRE upregulated	GO:0045893	positive regulation of DNA-templated transcription	ENSMUSG00000022346	Myc	IDA, IMP, ISS, ISO, IEA
CRE upregulated	GO:0045893	positive regulation of DNA-templated transcription	ENSMUSG00000024789	Jak2	IGI
CRE upregulated	GO:0045893	positive regulation of DNA-templated transcription	ENSMUSG00000004040	ENSMUSG00000004040	IDA, IMP, IGI, ISO, IEA
CRE upregulated	GO:0045893	positive regulation of DNA-templated transcription	ENSMUSG00000042292	Mrtfa	IDA, ISS, IBA, IEA
CRE upregulated	GO:0045893	positive regulation of DNA-templated transcription	ENSMUSG00000061589	Dot1l	ISO, IEA
CRE upregulated	GO:0045893	positive regulation of DNA-templated transcription	ENSMUSG00000109511	Nup62	IEA
CRE upregulated	GO:0045893	positive regulation of DNA-templated transcription	ENSMUSG00000029135	Fosl2	IDA, ISO, IEA
CRE upregulated	GO:0045893	positive regulation of DNA-templated transcription	ENSMUSG00000020358	Hnrnpab	IDA
CRE upregulated	GO:0045893	positive regulation of DNA-templated transcription	ENSMUSG00000059866	Tnip2	ISS, IEA
CRE upregulated	GO:0045893	positive regulation of DNA-templated transcription	ENSMUSG00000040033	ENSMUSG00000040033	IEA
CRE upregulated	GO:0045893	positive regulation of DNA-templated transcription	ENSMUSG00000024803	Ankrd1	IEA
CRE upregulated	GO:0045893	positive regulation of DNA-templated transcription	ENSMUSG00000024912	Fosl1	ISO, IEA
CRE upregulated	GO:0045893	positive regulation of DNA-templated transcription	ENSMUSG00000024927	Rela	IDA, IMP, ISS, ISO, IBA, TAS, IEA
CRE upregulated	GO:0045893	positive regulation of DNA-templated transcription	ENSMUSG00000003435	ENSMUSG00000003435	ISO, IEA
CRE upregulated	GO:0045893	positive regulation of DNA-templated transcription	ENSMUSG00000055044	Pdlim1	IEA
CRE upregulated	GO:0045893	positive regulation of DNA-templated transcription	ENSMUSG00000024238	Zeb1	IDA, IGI, ISO, IEA
CRE upregulated	GO:0045893	positive regulation of DNA-templated transcription	ENSMUSG00000024947	Men1	IDA, IMP, IGI, ISO, IEA
CRE upregulated	GO:0045893	positive regulation of DNA-templated transcription	ENSMUSG00000029071	ENSMUSG00000029071	IEA
CRE upregulated	GO:0045893	positive regulation of DNA-templated transcription	ENSMUSG00000040433	Zbtb38	ISO
CRE upregulated	GO:0045893	positive regulation of DNA-templated transcription	ENSMUSG00000024777	ENSMUSG00000024777	ISO, IEA
CRE upregulated	GO:0045893	positive regulation of DNA-templated transcription	ENSMUSG00000028466	Creb3	IEA
CRE upregulated	GO:0045893	positive regulation of DNA-templated transcription	ENSMUSG00000071637	Cebpd	IDA, ISO, IEA
CRE upregulated	GO:0045893	positive regulation of DNA-templated transcription	ENSMUSG00000015776	Med22	NAS
CRE upregulated	GO:0045893	positive regulation of DNA-templated transcription	ENSMUSG00000031668	ENSMUSG00000031668	IEA
CRE upregulated	GO:0045893	positive regulation of DNA-templated transcription	ENSMUSG00000053175	Bcl3	IDA, IBA, IEA
CRE upregulated	GO:0045893	positive regulation of DNA-templated transcription	ENSMUSG00000059796	Eif4a1	ISS, IEA
CRE upregulated	GO:0045893	positive regulation of DNA-templated transcription	ENSMUSG00000030199	Etv6	IDA
CRE upregulated	GO:0045893	positive regulation of DNA-templated transcription	ENSMUSG00000003154	Foxj2	IEA
CRE upregulated	GO:0045893	positive regulation of DNA-templated transcription	ENSMUSG00000027605	Acss2	IEA
CRE upregulated	GO:0045893	positive regulation of DNA-templated transcription	ENSMUSG00000036180	ENSMUSG00000036180	NAS
CRE upregulated	GO:0045893	positive regulation of DNA-templated transcription	ENSMUSG00000055491	ENSMUSG00000055491	IBA
CRE upregulated	GO:0045893	positive regulation of DNA-templated transcription	ENSMUSG00000052837	ENSMUSG00000052837	IMP, IEA
CRE upregulated	GO:0045893	positive regulation of DNA-templated transcription	ENSMUSG00000028840	Zfp593	IEA
CRE upregulated	GO:0045893	positive regulation of DNA-templated transcription	ENSMUSG00000021796	Bmpr1a	IDA, IMP, IEA
CRE upregulated	GO:0045893	positive regulation of DNA-templated transcription	ENSMUSG00000029110	ENSMUSG00000029110	IDA, ISS, ISO, IBA, IEA
CRE upregulated	GO:0045893	positive regulation of DNA-templated transcription	ENSMUSG00000021890	ENSMUSG00000021890	ISO
CRE upregulated	GO:0045893	positive regulation of DNA-templated transcription	ENSMUSG00000039191	Rbpj	IDA, IMP, IGI, ISS, ISO, IEA
CRE upregulated	GO:0045893	positive regulation of DNA-templated transcription	ENSMUSG00000019256	ENSMUSG00000019256	IEA
CRE upregulated	GO:0045893	positive regulation of DNA-templated transcription	ENSMUSG00000051316	Taf7	ISS, ISO, NAS, IEA
CRE upregulated	GO:0045893	positive regulation of DNA-templated transcription	ENSMUSG00000001552	ENSMUSG00000001552	IBA
CRE upregulated	GO:0045893	positive regulation of DNA-templated transcription	ENSMUSG00000040463	ENSMUSG00000040463	ISO, NAS, IEA
CRE upregulated	GO:0045893	positive regulation of DNA-templated transcription	ENSMUSG00000053007	Creb5	IEA
CRE upregulated	GO:0045893	positive regulation of DNA-templated transcription	ENSMUSG00000000787	ENSMUSG00000000787	ISS
CRE upregulated	GO:0045893	positive regulation of DNA-templated transcription	ENSMUSG00000022948	Setd4	IBA
CRE upregulated	GO:0045893	positive regulation of DNA-templated transcription	ENSMUSG00000038676	Ucn	IMP
CRE upregulated	GO:0045893	positive regulation of DNA-templated transcription	ENSMUSG00000042185	ENSMUSG00000042185	ISO, IEA
CRE upregulated	GO:0045893	positive regulation of DNA-templated transcription	ENSMUSG00000032508	Myd88	IMP
CRE upregulated	GO:0045893	positive regulation of DNA-templated transcription	ENSMUSG00000002633	Shh	IDA, IMP, IGI, IEA
CRE upregulated	GO:0045893	positive regulation of DNA-templated transcription	ENSMUSG00000008384	Sertad1	IDA, IGI
CRE upregulated	GO:0045893	positive regulation of DNA-templated transcription	ENSMUSG00000027944	Hax1	IEA
CRE upregulated	GO:0045893	positive regulation of DNA-templated transcription	ENSMUSG00000039671	ENSMUSG00000039671	IEA
CRE upregulated	GO:0045893	positive regulation of DNA-templated transcription	ENSMUSG00000048027	ENSMUSG00000048027	IDA
CRE upregulated	GO:0045893	positive regulation of DNA-templated transcription	ENSMUSG00000028291	ENSMUSG00000028291	IDA, IMP, IBA
CRE upregulated	GO:0045893	positive regulation of DNA-templated transcription	ENSMUSG00000037465	Klf10	IEA
CRE upregulated	GO:0045893	positive regulation of DNA-templated transcription	ENSMUSG00000003119	ENSMUSG00000003119	ISS, ISO, IBA, IEA
CRE upregulated	GO:0045893	positive regulation of DNA-templated transcription	ENSMUSG00000055067	ENSMUSG00000055067	IMP
CRE upregulated	GO:0045893	positive regulation of DNA-templated transcription	ENSMUSG00000015839	Nfe2l2	IDA, IMP, IGI, ISO, IEA
CRE upregulated	GO:0045893	positive regulation of DNA-templated transcription	ENSMUSG00000024907	Gal	ISS, IEA
CRE upregulated	GO:1902680	positive regulation of RNA biosynthetic process	ENSMUSG00000026628	Atf3	IGI, ISO, IEA
CRE upregulated	GO:1902680	positive regulation of RNA biosynthetic process	ENSMUSG00000052684	Jun	IDA, IMP, IGI, ISS, ISO
CRE upregulated	GO:1902680	positive regulation of RNA biosynthetic process	ENSMUSG00000063632	Sox11	IDA, IMP, ISO, IBA, IEA
CRE upregulated	GO:1902680	positive regulation of RNA biosynthetic process	ENSMUSG00000056749	Nfil3	IMP
CRE upregulated	GO:1902680	positive regulation of RNA biosynthetic process	ENSMUSG00000024143	Rhoq	IEA
CRE upregulated	GO:1902680	positive regulation of RNA biosynthetic process	ENSMUSG00000022895	Ets2	ISO, IEA
CRE upregulated	GO:1902680	positive regulation of RNA biosynthetic process	ENSMUSG00000037447	Arid5a	IGI
CRE upregulated	GO:1902680	positive regulation of RNA biosynthetic process	ENSMUSG00000032515	Csrnp1	IDA
CRE upregulated	GO:1902680	positive regulation of RNA biosynthetic process	ENSMUSG00000025612	Bach1	IDA
CRE upregulated	GO:1902680	positive regulation of RNA biosynthetic process	ENSMUSG00000000078	Klf6	IEA
CRE upregulated	GO:1902680	positive regulation of RNA biosynthetic process	ENSMUSG00000030272	Camk1	IEA
CRE upregulated	GO:1902680	positive regulation of RNA biosynthetic process	ENSMUSG00000001542	Ell2	ISO, IBA
CRE upregulated	GO:1902680	positive regulation of RNA biosynthetic process	ENSMUSG00000031681	Smad1	IDA, IMP, IGI, IEA
CRE upregulated	GO:1902680	positive regulation of RNA biosynthetic process	ENSMUSG00000035673	Sbno2	IMP, IBA
CRE upregulated	GO:1902680	positive regulation of RNA biosynthetic process	ENSMUSG00000033060	Lmo7	IDA, ISS, ISO
CRE upregulated	GO:1902680	positive regulation of RNA biosynthetic process	ENSMUSG00000003644	Rps6ka1	ISO, IBA, IEA
CRE upregulated	GO:1902680	positive regulation of RNA biosynthetic process	ENSMUSG00000026836	Acvr1	IMP, IEA
CRE upregulated	GO:1902680	positive regulation of RNA biosynthetic process	ENSMUSG00000024256	Adcyap1	ISS, ISO, IEA
CRE upregulated	GO:1902680	positive regulation of RNA biosynthetic process	ENSMUSG00000034832	Tet3	ISS, IBA, IEA
CRE upregulated	GO:1902680	positive regulation of RNA biosynthetic process	ENSMUSG00000002250	Ppard	ISS, IBA, IEA
CRE upregulated	GO:1902680	positive regulation of RNA biosynthetic process	ENSMUSG00000026796	Niban2	IEA
CRE upregulated	GO:1902680	positive regulation of RNA biosynthetic process	ENSMUSG00000030678	Maz	IEA
CRE upregulated	GO:1902680	positive regulation of RNA biosynthetic process	ENSMUSG00000053436	Mapk14	IMP, ISO
CRE upregulated	GO:1902680	positive regulation of RNA biosynthetic process	ENSMUSG00000048490	Nrip1	IBA, IEA
CRE upregulated	GO:1902680	positive regulation of RNA biosynthetic process	ENSMUSG00000013089	Etv5	IDA, IEA
CRE upregulated	GO:1902680	positive regulation of RNA biosynthetic process	ENSMUSG00000025746	Il6	IDA, IGI, ISO
CRE upregulated	GO:1902680	positive regulation of RNA biosynthetic process	ENSMUSG00000032231	Anxa2	IDA
CRE upregulated	GO:1902680	positive regulation of RNA biosynthetic process	ENSMUSG00000055994	Nod2	ISS, IEA
CRE upregulated	GO:1902680	positive regulation of RNA biosynthetic process	ENSMUSG00000024014	Pim1	IMP
CRE upregulated	GO:1902680	positive regulation of RNA biosynthetic process	ENSMUSG00000063889	Crem	IGI
CRE upregulated	GO:1902680	positive regulation of RNA biosynthetic process	ENSMUSG00000042406	Atf4	IDA, IMP, IGI, ISS, ISO, IEA
CRE upregulated	GO:1902680	positive regulation of RNA biosynthetic process	ENSMUSG00000020271	Fbxw11	IMP
CRE upregulated	GO:1902680	positive regulation of RNA biosynthetic process	ENSMUSG00000029641	Rasl11a	IDA
CRE upregulated	GO:1902680	positive regulation of RNA biosynthetic process	ENSMUSG00000025408	Ddit3	IDA, IMP, IGI, ISO, NAS, IEA
CRE upregulated	GO:1902680	positive regulation of RNA biosynthetic process	ENSMUSG00000040435	Ppp1r15a	IDA
CRE upregulated	GO:1902680	positive regulation of RNA biosynthetic process	ENSMUSG00000018909	Arrb1	ISO, IEA
CRE upregulated	GO:1902680	positive regulation of RNA biosynthetic process	ENSMUSG00000020248	Nfyb	IDA, ISO, IEA
CRE upregulated	GO:1902680	positive regulation of RNA biosynthetic process	ENSMUSG00000024349	Sting1	IDA, IEA
CRE upregulated	GO:1902680	positive regulation of RNA biosynthetic process	ENSMUSG00000030057	Cnbp	IDA
CRE upregulated	GO:1902680	positive regulation of RNA biosynthetic process	ENSMUSG00000000134	Tfe3	IDA, IMP, IEA
CRE upregulated	GO:1902680	positive regulation of RNA biosynthetic process	ENSMUSG00000028901	Gmeb1	IDA
CRE upregulated	GO:1902680	positive regulation of RNA biosynthetic process	ENSMUSG00000001627	Ifrd1	ISO
CRE upregulated	GO:1902680	positive regulation of RNA biosynthetic process	ENSMUSG00000022346	Myc	IDA, IMP, ISS, ISO, IEA
CRE upregulated	GO:1902680	positive regulation of RNA biosynthetic process	ENSMUSG00000024789	Jak2	IGI
CRE upregulated	GO:1902680	positive regulation of RNA biosynthetic process	ENSMUSG00000004040	ENSMUSG00000004040	IDA, IMP, IGI, ISO, IEA
CRE upregulated	GO:1902680	positive regulation of RNA biosynthetic process	ENSMUSG00000042292	Mrtfa	IDA, ISS, IBA, IEA
CRE upregulated	GO:1902680	positive regulation of RNA biosynthetic process	ENSMUSG00000061589	Dot1l	ISO, IEA
CRE upregulated	GO:1902680	positive regulation of RNA biosynthetic process	ENSMUSG00000109511	Nup62	IEA
CRE upregulated	GO:1902680	positive regulation of RNA biosynthetic process	ENSMUSG00000029135	Fosl2	IDA, ISO, IEA
CRE upregulated	GO:1902680	positive regulation of RNA biosynthetic process	ENSMUSG00000020358	Hnrnpab	IDA
CRE upregulated	GO:1902680	positive regulation of RNA biosynthetic process	ENSMUSG00000059866	Tnip2	ISS, IEA
CRE upregulated	GO:1902680	positive regulation of RNA biosynthetic process	ENSMUSG00000040033	ENSMUSG00000040033	IEA
CRE upregulated	GO:1902680	positive regulation of RNA biosynthetic process	ENSMUSG00000024803	Ankrd1	IEA
CRE upregulated	GO:1902680	positive regulation of RNA biosynthetic process	ENSMUSG00000024912	Fosl1	ISO, IEA
CRE upregulated	GO:1902680	positive regulation of RNA biosynthetic process	ENSMUSG00000024927	Rela	IDA, IMP, ISS, ISO, IBA, TAS, IEA
CRE upregulated	GO:1902680	positive regulation of RNA biosynthetic process	ENSMUSG00000003435	ENSMUSG00000003435	ISO, IEA
CRE upregulated	GO:1902680	positive regulation of RNA biosynthetic process	ENSMUSG00000055044	Pdlim1	IEA
CRE upregulated	GO:1902680	positive regulation of RNA biosynthetic process	ENSMUSG00000024238	Zeb1	IDA, IGI, ISO, IEA
CRE upregulated	GO:1902680	positive regulation of RNA biosynthetic process	ENSMUSG00000024947	Men1	IDA, IMP, IGI, ISO, IEA
CRE upregulated	GO:1902680	positive regulation of RNA biosynthetic process	ENSMUSG00000029071	ENSMUSG00000029071	IEA
CRE upregulated	GO:1902680	positive regulation of RNA biosynthetic process	ENSMUSG00000040433	Zbtb38	ISO
CRE upregulated	GO:1902680	positive regulation of RNA biosynthetic process	ENSMUSG00000024777	ENSMUSG00000024777	ISO, IEA
CRE upregulated	GO:1902680	positive regulation of RNA biosynthetic process	ENSMUSG00000028466	Creb3	IEA
CRE upregulated	GO:1902680	positive regulation of RNA biosynthetic process	ENSMUSG00000071637	Cebpd	IDA, ISO, IEA
CRE upregulated	GO:1902680	positive regulation of RNA biosynthetic process	ENSMUSG00000015776	Med22	NAS
CRE upregulated	GO:1902680	positive regulation of RNA biosynthetic process	ENSMUSG00000031668	ENSMUSG00000031668	IEA
CRE upregulated	GO:1902680	positive regulation of RNA biosynthetic process	ENSMUSG00000053175	Bcl3	IDA, IBA, IEA
CRE upregulated	GO:1902680	positive regulation of RNA biosynthetic process	ENSMUSG00000059796	Eif4a1	ISS, IEA
CRE upregulated	GO:1902680	positive regulation of RNA biosynthetic process	ENSMUSG00000030199	Etv6	IDA
CRE upregulated	GO:1902680	positive regulation of RNA biosynthetic process	ENSMUSG00000003154	Foxj2	IEA
CRE upregulated	GO:1902680	positive regulation of RNA biosynthetic process	ENSMUSG00000027605	Acss2	IEA
CRE upregulated	GO:1902680	positive regulation of RNA biosynthetic process	ENSMUSG00000036180	ENSMUSG00000036180	NAS
CRE upregulated	GO:1902680	positive regulation of RNA biosynthetic process	ENSMUSG00000055491	ENSMUSG00000055491	IBA
CRE upregulated	GO:1902680	positive regulation of RNA biosynthetic process	ENSMUSG00000052837	ENSMUSG00000052837	IMP, IEA
CRE upregulated	GO:1902680	positive regulation of RNA biosynthetic process	ENSMUSG00000028840	Zfp593	IEA
CRE upregulated	GO:1902680	positive regulation of RNA biosynthetic process	ENSMUSG00000021796	Bmpr1a	IDA, IMP, IEA
CRE upregulated	GO:1902680	positive regulation of RNA biosynthetic process	ENSMUSG00000029110	ENSMUSG00000029110	IDA, ISS, ISO, IBA, IEA
CRE upregulated	GO:1902680	positive regulation of RNA biosynthetic process	ENSMUSG00000021890	ENSMUSG00000021890	ISO
CRE upregulated	GO:1902680	positive regulation of RNA biosynthetic process	ENSMUSG00000039191	Rbpj	IDA, IMP, IGI, ISS, ISO, IEA
CRE upregulated	GO:1902680	positive regulation of RNA biosynthetic process	ENSMUSG00000019256	ENSMUSG00000019256	IEA
CRE upregulated	GO:1902680	positive regulation of RNA biosynthetic process	ENSMUSG00000051316	Taf7	ISS, ISO, NAS, IEA
CRE upregulated	GO:1902680	positive regulation of RNA biosynthetic process	ENSMUSG00000001552	ENSMUSG00000001552	IBA
CRE upregulated	GO:1902680	positive regulation of RNA biosynthetic process	ENSMUSG00000040463	ENSMUSG00000040463	ISO, NAS, IEA
CRE upregulated	GO:1902680	positive regulation of RNA biosynthetic process	ENSMUSG00000053007	Creb5	IEA
CRE upregulated	GO:1902680	positive regulation of RNA biosynthetic process	ENSMUSG00000000787	ENSMUSG00000000787	ISS
CRE upregulated	GO:1902680	positive regulation of RNA biosynthetic process	ENSMUSG00000022948	Setd4	IBA
CRE upregulated	GO:1902680	positive regulation of RNA biosynthetic process	ENSMUSG00000038676	Ucn	IMP
CRE upregulated	GO:1902680	positive regulation of RNA biosynthetic process	ENSMUSG00000042185	ENSMUSG00000042185	ISO, IEA
CRE upregulated	GO:1902680	positive regulation of RNA biosynthetic process	ENSMUSG00000032508	Myd88	IMP
CRE upregulated	GO:1902680	positive regulation of RNA biosynthetic process	ENSMUSG00000002633	Shh	IDA, IMP, IGI, IEA
CRE upregulated	GO:1902680	positive regulation of RNA biosynthetic process	ENSMUSG00000008384	Sertad1	IDA, IGI
CRE upregulated	GO:1902680	positive regulation of RNA biosynthetic process	ENSMUSG00000027944	Hax1	IEA
CRE upregulated	GO:1902680	positive regulation of RNA biosynthetic process	ENSMUSG00000039671	ENSMUSG00000039671	IEA
CRE upregulated	GO:1902680	positive regulation of RNA biosynthetic process	ENSMUSG00000048027	ENSMUSG00000048027	IDA
CRE upregulated	GO:1902680	positive regulation of RNA biosynthetic process	ENSMUSG00000028291	ENSMUSG00000028291	IDA, IMP, IBA
CRE upregulated	GO:1902680	positive regulation of RNA biosynthetic process	ENSMUSG00000037465	Klf10	IEA
CRE upregulated	GO:1902680	positive regulation of RNA biosynthetic process	ENSMUSG00000003119	ENSMUSG00000003119	ISS, ISO, IBA, IEA
CRE upregulated	GO:1902680	positive regulation of RNA biosynthetic process	ENSMUSG00000055067	ENSMUSG00000055067	IMP
CRE upregulated	GO:1902680	positive regulation of RNA biosynthetic process	ENSMUSG00000015839	Nfe2l2	IDA, IMP, IGI, ISO, IEA
CRE upregulated	GO:1902680	positive regulation of RNA biosynthetic process	ENSMUSG00000024907	Gal	ISS, IEA
CRE upregulated	GO:0060341	regulation of cellular localization	ENSMUSG00000024143	Rhoq	IDA, IEA
CRE upregulated	GO:0060341	regulation of cellular localization	ENSMUSG00000030102	Itpr1	IMP, IGI
CRE upregulated	GO:0060341	regulation of cellular localization	ENSMUSG00000006304	Arpc2	ISO
CRE upregulated	GO:0060341	regulation of cellular localization	ENSMUSG00000030272	Camk1	IDA, ISS, IEA
CRE upregulated	GO:0060341	regulation of cellular localization	ENSMUSG00000035621	Midn	ISO, IEA
CRE upregulated	GO:0060341	regulation of cellular localization	ENSMUSG00000024261	Syt4	IMP
CRE upregulated	GO:0060341	regulation of cellular localization	ENSMUSG00000024256	Adcyap1	IDA, ISO, IBA, IEA
CRE upregulated	GO:0060341	regulation of cellular localization	ENSMUSG00000018736	Ndel1	IEA
CRE upregulated	GO:0060341	regulation of cellular localization	ENSMUSG00000002250	Ppard	ISO, NAS
CRE upregulated	GO:0060341	regulation of cellular localization	ENSMUSG00000041870	Ankrd13a	ISS, IEA
CRE upregulated	GO:0060341	regulation of cellular localization	ENSMUSG00000038894	Irs2	IMP
CRE upregulated	GO:0060341	regulation of cellular localization	ENSMUSG00000035828	Pim3	IMP
CRE upregulated	GO:0060341	regulation of cellular localization	ENSMUSG00000027540	Ptpn1	IEA
CRE upregulated	GO:0060341	regulation of cellular localization	ENSMUSG00000022661	Cd200	IEA
CRE upregulated	GO:0060341	regulation of cellular localization	ENSMUSG00000028063	Lmna	IMP
CRE upregulated	GO:0060341	regulation of cellular localization	ENSMUSG00000053436	Mapk14	IMP
CRE upregulated	GO:0060341	regulation of cellular localization	ENSMUSG00000025809	Itgb1	ISS, ISO, IEA
CRE upregulated	GO:0060341	regulation of cellular localization	ENSMUSG00000025746	Il6	IDA, ISO
CRE upregulated	GO:0060341	regulation of cellular localization	ENSMUSG00000032231	Anxa2	IMP, IBA, IEA
CRE upregulated	GO:0060341	regulation of cellular localization	ENSMUSG00000047368	Abhd17b	IMP
CRE upregulated	GO:0060341	regulation of cellular localization	ENSMUSG00000037062	Sh3glb1	IMP, ISO
CRE upregulated	GO:0060341	regulation of cellular localization	ENSMUSG00000024772	Ehd1	IMP
CRE upregulated	GO:0060341	regulation of cellular localization	ENSMUSG00000020580	Rock2	IEA
CRE upregulated	GO:0060341	regulation of cellular localization	ENSMUSG00000001507	Itga3	ISS, IEA
CRE upregulated	GO:0060341	regulation of cellular localization	ENSMUSG00000032078	Zpr1	IMP, ISS, IBA, IEA
CRE upregulated	GO:0060341	regulation of cellular localization	ENSMUSG00000001847	Rac1	IMP, IGI, ISO
CRE upregulated	GO:0060341	regulation of cellular localization	ENSMUSG00000042121	Ssh1	ISO, IEA
CRE upregulated	GO:0060341	regulation of cellular localization	ENSMUSG00000018909	Arrb1	IMP
CRE upregulated	GO:0060341	regulation of cellular localization	ENSMUSG00000024521	Pmaip1	IMP
CRE upregulated	GO:0060341	regulation of cellular localization	ENSMUSG00000027455	Nsfl1c	IEA
CRE upregulated	GO:0060341	regulation of cellular localization	ENSMUSG00000004768	Rab23	IEA
CRE upregulated	GO:0060341	regulation of cellular localization	ENSMUSG00000015837	Sqstm1	IMP
CRE upregulated	GO:0060341	regulation of cellular localization	ENSMUSG00000029131	Dnajb6	IEA
CRE upregulated	GO:0060341	regulation of cellular localization	ENSMUSG00000036057	Ptpn23	IEA
CRE upregulated	GO:0060341	regulation of cellular localization	ENSMUSG00000032502	Stac	IMP, IBA
CRE upregulated	GO:0060341	regulation of cellular localization	ENSMUSG00000022433	Csnk1e	IMP, IEA
CRE upregulated	GO:0060341	regulation of cellular localization	ENSMUSG00000047604	Frat2	ISS
CRE upregulated	GO:0060341	regulation of cellular localization	ENSMUSG00000024789	Jak2	ISS, ISO, IEA
CRE upregulated	GO:0060341	regulation of cellular localization	ENSMUSG00000038949	Cnst	ISS, IBA, IEA
CRE upregulated	GO:0060341	regulation of cellular localization	ENSMUSG00000109511	Nup62	ISO, IEA
CRE upregulated	GO:0060341	regulation of cellular localization	ENSMUSG00000004347	ENSMUSG00000004347	ISO
CRE upregulated	GO:0060341	regulation of cellular localization	ENSMUSG00000050335	Lgals3	IEA
CRE upregulated	GO:0060341	regulation of cellular localization	ENSMUSG00000027797	Dclk1	IDA
CRE upregulated	GO:0060341	regulation of cellular localization	ENSMUSG00000020358	Hnrnpab	ISO
CRE upregulated	GO:0060341	regulation of cellular localization	ENSMUSG00000024803	Ankrd1	IEA
CRE upregulated	GO:0060341	regulation of cellular localization	ENSMUSG00000021306	Gpr137b	IEA
CRE upregulated	GO:0060341	regulation of cellular localization	ENSMUSG00000027692	Tnik	IDA, IMP
CRE upregulated	GO:0060341	regulation of cellular localization	ENSMUSG00000028893	Sesn2	ISS, IEA
CRE upregulated	GO:0060341	regulation of cellular localization	ENSMUSG00000029071	ENSMUSG00000029071	IEA
CRE upregulated	GO:0060341	regulation of cellular localization	ENSMUSG00000044453	Ffar1	IDA, IMP, ISO, IBA
CRE upregulated	GO:0060341	regulation of cellular localization	ENSMUSG00000032902	Slc16a1	IMP
CRE upregulated	GO:0060341	regulation of cellular localization	ENSMUSG00000026074	Map4k4	IEA
CRE upregulated	GO:0060341	regulation of cellular localization	ENSMUSG00000031278	ENSMUSG00000031278	ISS, ISO
CRE upregulated	GO:0060341	regulation of cellular localization	ENSMUSG00000037815	Ctnna1	IMP
CRE upregulated	GO:0060341	regulation of cellular localization	ENSMUSG00000021587	Pcsk1	ISO, IEA
CRE upregulated	GO:0060341	regulation of cellular localization	ENSMUSG00000044147	Arf6	IDA, IEA
CRE upregulated	GO:0060341	regulation of cellular localization	ENSMUSG00000030662	ENSMUSG00000030662	IMP
CRE upregulated	GO:0060341	regulation of cellular localization	ENSMUSG00000007411	ENSMUSG00000007411	ISS, IEA
CRE upregulated	GO:0060341	regulation of cellular localization	ENSMUSG00000047281	ENSMUSG00000047281	IDA, ISS, IEA
CRE upregulated	GO:0060341	regulation of cellular localization	ENSMUSG00000070056	ENSMUSG00000070056	ISS, IEA
CRE upregulated	GO:0060341	regulation of cellular localization	ENSMUSG00000029110	ENSMUSG00000029110	IEA
CRE upregulated	GO:0060341	regulation of cellular localization	ENSMUSG00000027465	Tbc1d20	IEA
CRE upregulated	GO:0060341	regulation of cellular localization	ENSMUSG00000001552	ENSMUSG00000001552	IEA
CRE upregulated	GO:0060341	regulation of cellular localization	ENSMUSG00000020594	ENSMUSG00000020594	ISO, IEA
CRE upregulated	GO:0060341	regulation of cellular localization	ENSMUSG00000002633	Shh	IGI, IEA
CRE upregulated	GO:0060341	regulation of cellular localization	ENSMUSG00000028680	ENSMUSG00000028680	IEA
CRE upregulated	GO:0060341	regulation of cellular localization	ENSMUSG00000039671	ENSMUSG00000039671	ISO, IEA
CRE upregulated	GO:0060341	regulation of cellular localization	ENSMUSG00000040652	ENSMUSG00000040652	IDA
CRE upregulated	GO:0060341	regulation of cellular localization	ENSMUSG00000019843	ENSMUSG00000019843	IDA, IMP, IGI
CRE upregulated	GO:0060341	regulation of cellular localization	ENSMUSG00000027646	ENSMUSG00000027646	IGI, ISO, IEA
CRE upregulated	GO:0060341	regulation of cellular localization	ENSMUSG00000052316	ENSMUSG00000052316	IEA
CRE upregulated	GO:0060341	regulation of cellular localization	ENSMUSG00000036667	ENSMUSG00000036667	IBA, IEA
CRE upregulated	GO:0060341	regulation of cellular localization	ENSMUSG00000019998	ENSMUSG00000019998	IEA
CRE upregulated	GO:0060341	regulation of cellular localization	ENSMUSG00000003541	ENSMUSG00000003541	IMP
CRE upregulated	GO:0045935	positive regulation of nucleobase-containing compound metabolic process	ENSMUSG00000026628	Atf3	IGI, ISO, IEA
CRE upregulated	GO:0045935	positive regulation of nucleobase-containing compound metabolic process	ENSMUSG00000052684	Jun	IDA, IMP, IGI, ISS, ISO
CRE upregulated	GO:0045935	positive regulation of nucleobase-containing compound metabolic process	ENSMUSG00000063632	Sox11	IDA, IMP, ISO, IBA, IEA
CRE upregulated	GO:0045935	positive regulation of nucleobase-containing compound metabolic process	ENSMUSG00000056749	Nfil3	IMP
CRE upregulated	GO:0045935	positive regulation of nucleobase-containing compound metabolic process	ENSMUSG00000024143	Rhoq	IEA
CRE upregulated	GO:0045935	positive regulation of nucleobase-containing compound metabolic process	ENSMUSG00000022895	Ets2	ISO, IEA
CRE upregulated	GO:0045935	positive regulation of nucleobase-containing compound metabolic process	ENSMUSG00000019876	Pkib	IEA
CRE upregulated	GO:0045935	positive regulation of nucleobase-containing compound metabolic process	ENSMUSG00000037447	Arid5a	IGI
CRE upregulated	GO:0045935	positive regulation of nucleobase-containing compound metabolic process	ENSMUSG00000032515	Csrnp1	IDA
CRE upregulated	GO:0045935	positive regulation of nucleobase-containing compound metabolic process	ENSMUSG00000025612	Bach1	IDA
CRE upregulated	GO:0045935	positive regulation of nucleobase-containing compound metabolic process	ENSMUSG00000020427	Igfbp3	ISO
CRE upregulated	GO:0045935	positive regulation of nucleobase-containing compound metabolic process	ENSMUSG00000000078	Klf6	IEA
CRE upregulated	GO:0045935	positive regulation of nucleobase-containing compound metabolic process	ENSMUSG00000030272	Camk1	IEA
CRE upregulated	GO:0045935	positive regulation of nucleobase-containing compound metabolic process	ENSMUSG00000001542	Ell2	ISO, IBA
CRE upregulated	GO:0045935	positive regulation of nucleobase-containing compound metabolic process	ENSMUSG00000031681	Smad1	IDA, IMP, IGI, IEA
CRE upregulated	GO:0045935	positive regulation of nucleobase-containing compound metabolic process	ENSMUSG00000035673	Sbno2	IMP, IBA
CRE upregulated	GO:0045935	positive regulation of nucleobase-containing compound metabolic process	ENSMUSG00000033060	Lmo7	IDA, ISS, ISO
CRE upregulated	GO:0045935	positive regulation of nucleobase-containing compound metabolic process	ENSMUSG00000003644	Rps6ka1	ISO, IBA, IEA
CRE upregulated	GO:0045935	positive regulation of nucleobase-containing compound metabolic process	ENSMUSG00000026836	Acvr1	IMP, IEA
CRE upregulated	GO:0045935	positive regulation of nucleobase-containing compound metabolic process	ENSMUSG00000024256	Adcyap1	ISS, ISO, IEA
CRE upregulated	GO:0045935	positive regulation of nucleobase-containing compound metabolic process	ENSMUSG00000034832	Tet3	ISS, IBA, IEA
CRE upregulated	GO:0045935	positive regulation of nucleobase-containing compound metabolic process	ENSMUSG00000002250	Ppard	ISS, IBA, IEA
CRE upregulated	GO:0045935	positive regulation of nucleobase-containing compound metabolic process	ENSMUSG00000026796	Niban2	IEA
CRE upregulated	GO:0045935	positive regulation of nucleobase-containing compound metabolic process	ENSMUSG00000030678	Maz	IEA
CRE upregulated	GO:0045935	positive regulation of nucleobase-containing compound metabolic process	ENSMUSG00000053436	Mapk14	IMP, ISO
CRE upregulated	GO:0045935	positive regulation of nucleobase-containing compound metabolic process	ENSMUSG00000040025	Ythdf2	IMP, IBA, IEA
CRE upregulated	GO:0045935	positive regulation of nucleobase-containing compound metabolic process	ENSMUSG00000048490	Nrip1	IBA, IEA
CRE upregulated	GO:0045935	positive regulation of nucleobase-containing compound metabolic process	ENSMUSG00000013089	Etv5	IDA, IEA
CRE upregulated	GO:0045935	positive regulation of nucleobase-containing compound metabolic process	ENSMUSG00000025746	Il6	IDA, IGI, ISO
CRE upregulated	GO:0045935	positive regulation of nucleobase-containing compound metabolic process	ENSMUSG00000032231	Anxa2	IDA
CRE upregulated	GO:0045935	positive regulation of nucleobase-containing compound metabolic process	ENSMUSG00000055994	Nod2	ISS, IEA
CRE upregulated	GO:0045935	positive regulation of nucleobase-containing compound metabolic process	ENSMUSG00000024014	Pim1	IMP
CRE upregulated	GO:0045935	positive regulation of nucleobase-containing compound metabolic process	ENSMUSG00000063889	Crem	IGI
CRE upregulated	GO:0045935	positive regulation of nucleobase-containing compound metabolic process	ENSMUSG00000042406	Atf4	IDA, IMP, IGI, ISS, ISO, IEA
CRE upregulated	GO:0045935	positive regulation of nucleobase-containing compound metabolic process	ENSMUSG00000020271	Fbxw11	IMP
CRE upregulated	GO:0045935	positive regulation of nucleobase-containing compound metabolic process	ENSMUSG00000029641	Rasl11a	IDA
CRE upregulated	GO:0045935	positive regulation of nucleobase-containing compound metabolic process	ENSMUSG00000025408	Ddit3	IDA, IMP, IGI, ISO, NAS, IEA
CRE upregulated	GO:0045935	positive regulation of nucleobase-containing compound metabolic process	ENSMUSG00000040435	Ppp1r15a	IDA
CRE upregulated	GO:0045935	positive regulation of nucleobase-containing compound metabolic process	ENSMUSG00000001847	Rac1	ISO
CRE upregulated	GO:0045935	positive regulation of nucleobase-containing compound metabolic process	ENSMUSG00000018909	Arrb1	ISO, IEA
CRE upregulated	GO:0045935	positive regulation of nucleobase-containing compound metabolic process	ENSMUSG00000020248	Nfyb	IDA, ISO, IEA
CRE upregulated	GO:0045935	positive regulation of nucleobase-containing compound metabolic process	ENSMUSG00000024349	Sting1	IDA, IEA
CRE upregulated	GO:0045935	positive regulation of nucleobase-containing compound metabolic process	ENSMUSG00000030057	Cnbp	IDA
CRE upregulated	GO:0045935	positive regulation of nucleobase-containing compound metabolic process	ENSMUSG00000000134	Tfe3	IDA, IMP, IEA
CRE upregulated	GO:0045935	positive regulation of nucleobase-containing compound metabolic process	ENSMUSG00000028901	Gmeb1	IDA
CRE upregulated	GO:0045935	positive regulation of nucleobase-containing compound metabolic process	ENSMUSG00000037580	Gch1	ISO, IEA
CRE upregulated	GO:0045935	positive regulation of nucleobase-containing compound metabolic process	ENSMUSG00000023087	Noct	IGI
CRE upregulated	GO:0045935	positive regulation of nucleobase-containing compound metabolic process	ENSMUSG00000001627	Ifrd1	ISO
CRE upregulated	GO:0045935	positive regulation of nucleobase-containing compound metabolic process	ENSMUSG00000022346	Myc	IDA, IMP, ISS, ISO, IEA
CRE upregulated	GO:0045935	positive regulation of nucleobase-containing compound metabolic process	ENSMUSG00000024789	Jak2	IGI
CRE upregulated	GO:0045935	positive regulation of nucleobase-containing compound metabolic process	ENSMUSG00000004040	ENSMUSG00000004040	IDA, IMP, IGI, ISO, IEA
CRE upregulated	GO:0045935	positive regulation of nucleobase-containing compound metabolic process	ENSMUSG00000042292	Mrtfa	IDA, ISS, IBA, IEA
CRE upregulated	GO:0045935	positive regulation of nucleobase-containing compound metabolic process	ENSMUSG00000061589	Dot1l	ISO, IEA
CRE upregulated	GO:0045935	positive regulation of nucleobase-containing compound metabolic process	ENSMUSG00000109511	Nup62	IEA
CRE upregulated	GO:0045935	positive regulation of nucleobase-containing compound metabolic process	ENSMUSG00000029135	Fosl2	IDA, ISO, IEA
CRE upregulated	GO:0045935	positive regulation of nucleobase-containing compound metabolic process	ENSMUSG00000029826	Zc3hav1	ISS, ISO, IBA, IEA
CRE upregulated	GO:0045935	positive regulation of nucleobase-containing compound metabolic process	ENSMUSG00000020358	Hnrnpab	IDA
CRE upregulated	GO:0045935	positive regulation of nucleobase-containing compound metabolic process	ENSMUSG00000059866	Tnip2	ISS, IEA
CRE upregulated	GO:0045935	positive regulation of nucleobase-containing compound metabolic process	ENSMUSG00000017615	Tnfaip1	ISO, IEA
CRE upregulated	GO:0045935	positive regulation of nucleobase-containing compound metabolic process	ENSMUSG00000040033	ENSMUSG00000040033	IEA
CRE upregulated	GO:0045935	positive regulation of nucleobase-containing compound metabolic process	ENSMUSG00000024803	Ankrd1	IEA
CRE upregulated	GO:0045935	positive regulation of nucleobase-containing compound metabolic process	ENSMUSG00000024912	Fosl1	ISO, IEA
CRE upregulated	GO:0045935	positive regulation of nucleobase-containing compound metabolic process	ENSMUSG00000024927	Rela	IDA, IMP, ISS, ISO, IBA, TAS, IEA
CRE upregulated	GO:0045935	positive regulation of nucleobase-containing compound metabolic process	ENSMUSG00000003435	ENSMUSG00000003435	ISO, IEA
CRE upregulated	GO:0045935	positive regulation of nucleobase-containing compound metabolic process	ENSMUSG00000055044	Pdlim1	IEA
CRE upregulated	GO:0045935	positive regulation of nucleobase-containing compound metabolic process	ENSMUSG00000024238	Zeb1	IDA, IGI, ISO, IEA
CRE upregulated	GO:0045935	positive regulation of nucleobase-containing compound metabolic process	ENSMUSG00000024947	Men1	IDA, IMP, IGI, ISO, IEA
CRE upregulated	GO:0045935	positive regulation of nucleobase-containing compound metabolic process	ENSMUSG00000029071	ENSMUSG00000029071	IEA
CRE upregulated	GO:0045935	positive regulation of nucleobase-containing compound metabolic process	ENSMUSG00000040433	Zbtb38	ISO
CRE upregulated	GO:0045935	positive regulation of nucleobase-containing compound metabolic process	ENSMUSG00000024777	ENSMUSG00000024777	ISO, IEA
CRE upregulated	GO:0045935	positive regulation of nucleobase-containing compound metabolic process	ENSMUSG00000028466	Creb3	IEA
CRE upregulated	GO:0045935	positive regulation of nucleobase-containing compound metabolic process	ENSMUSG00000071637	Cebpd	IDA, ISO, IEA
CRE upregulated	GO:0045935	positive regulation of nucleobase-containing compound metabolic process	ENSMUSG00000015776	Med22	NAS
CRE upregulated	GO:0045935	positive regulation of nucleobase-containing compound metabolic process	ENSMUSG00000031668	ENSMUSG00000031668	IEA
CRE upregulated	GO:0045935	positive regulation of nucleobase-containing compound metabolic process	ENSMUSG00000053175	Bcl3	IDA, IBA, IEA
CRE upregulated	GO:0045935	positive regulation of nucleobase-containing compound metabolic process	ENSMUSG00000059796	Eif4a1	ISS, IEA
CRE upregulated	GO:0045935	positive regulation of nucleobase-containing compound metabolic process	ENSMUSG00000030199	Etv6	IDA
CRE upregulated	GO:0045935	positive regulation of nucleobase-containing compound metabolic process	ENSMUSG00000003154	Foxj2	IEA
CRE upregulated	GO:0045935	positive regulation of nucleobase-containing compound metabolic process	ENSMUSG00000020349	ENSMUSG00000020349	ISO
CRE upregulated	GO:0045935	positive regulation of nucleobase-containing compound metabolic process	ENSMUSG00000028599	Tnfrsf1b	IMP
CRE upregulated	GO:0045935	positive regulation of nucleobase-containing compound metabolic process	ENSMUSG00000027605	Acss2	IEA
CRE upregulated	GO:0045935	positive regulation of nucleobase-containing compound metabolic process	ENSMUSG00000036180	ENSMUSG00000036180	NAS
CRE upregulated	GO:0045935	positive regulation of nucleobase-containing compound metabolic process	ENSMUSG00000055491	ENSMUSG00000055491	IBA
CRE upregulated	GO:0045935	positive regulation of nucleobase-containing compound metabolic process	ENSMUSG00000052837	ENSMUSG00000052837	IMP, IEA
CRE upregulated	GO:0045935	positive regulation of nucleobase-containing compound metabolic process	ENSMUSG00000028840	Zfp593	IEA
CRE upregulated	GO:0045935	positive regulation of nucleobase-containing compound metabolic process	ENSMUSG00000021796	Bmpr1a	IDA, IMP, IEA
CRE upregulated	GO:0045935	positive regulation of nucleobase-containing compound metabolic process	ENSMUSG00000029110	ENSMUSG00000029110	IDA, ISS, ISO, IBA, IEA
CRE upregulated	GO:0045935	positive regulation of nucleobase-containing compound metabolic process	ENSMUSG00000021890	ENSMUSG00000021890	ISO
CRE upregulated	GO:0045935	positive regulation of nucleobase-containing compound metabolic process	ENSMUSG00000039191	Rbpj	IDA, IMP, IGI, ISS, ISO, IEA
CRE upregulated	GO:0045935	positive regulation of nucleobase-containing compound metabolic process	ENSMUSG00000019256	ENSMUSG00000019256	IEA
CRE upregulated	GO:0045935	positive regulation of nucleobase-containing compound metabolic process	ENSMUSG00000051316	Taf7	ISS, ISO, NAS, IEA
CRE upregulated	GO:0045935	positive regulation of nucleobase-containing compound metabolic process	ENSMUSG00000001552	ENSMUSG00000001552	IBA
CRE upregulated	GO:0045935	positive regulation of nucleobase-containing compound metabolic process	ENSMUSG00000040463	ENSMUSG00000040463	ISO, NAS, IEA
CRE upregulated	GO:0045935	positive regulation of nucleobase-containing compound metabolic process	ENSMUSG00000022858	ENSMUSG00000022858	IMP, ISS, IBA, IEA
CRE upregulated	GO:0045935	positive regulation of nucleobase-containing compound metabolic process	ENSMUSG00000053007	Creb5	IEA
CRE upregulated	GO:0045935	positive regulation of nucleobase-containing compound metabolic process	ENSMUSG00000000787	ENSMUSG00000000787	ISS
CRE upregulated	GO:0045935	positive regulation of nucleobase-containing compound metabolic process	ENSMUSG00000022948	Setd4	IBA
CRE upregulated	GO:0045935	positive regulation of nucleobase-containing compound metabolic process	ENSMUSG00000038676	Ucn	IMP, ISO, IEA
CRE upregulated	GO:0045935	positive regulation of nucleobase-containing compound metabolic process	ENSMUSG00000042185	ENSMUSG00000042185	IDA, IMP, ISO, IEA
CRE upregulated	GO:0045935	positive regulation of nucleobase-containing compound metabolic process	ENSMUSG00000032508	Myd88	IMP
CRE upregulated	GO:0045935	positive regulation of nucleobase-containing compound metabolic process	ENSMUSG00000002633	Shh	IDA, IMP, IGI, IEA
CRE upregulated	GO:0045935	positive regulation of nucleobase-containing compound metabolic process	ENSMUSG00000008384	Sertad1	IDA, IGI
CRE upregulated	GO:0045935	positive regulation of nucleobase-containing compound metabolic process	ENSMUSG00000027944	Hax1	IEA
CRE upregulated	GO:0045935	positive regulation of nucleobase-containing compound metabolic process	ENSMUSG00000039671	ENSMUSG00000039671	IEA
CRE upregulated	GO:0045935	positive regulation of nucleobase-containing compound metabolic process	ENSMUSG00000063952	Brpf3	ISS, IEA
CRE upregulated	GO:0045935	positive regulation of nucleobase-containing compound metabolic process	ENSMUSG00000048027	ENSMUSG00000048027	IDA
CRE upregulated	GO:0045935	positive regulation of nucleobase-containing compound metabolic process	ENSMUSG00000028291	ENSMUSG00000028291	IDA, IMP, IBA
CRE upregulated	GO:0045935	positive regulation of nucleobase-containing compound metabolic process	ENSMUSG00000037465	Klf10	IEA
CRE upregulated	GO:0045935	positive regulation of nucleobase-containing compound metabolic process	ENSMUSG00000027646	ENSMUSG00000027646	IDA
CRE upregulated	GO:0045935	positive regulation of nucleobase-containing compound metabolic process	ENSMUSG00000003119	ENSMUSG00000003119	ISS, ISO, IBA, IEA
CRE upregulated	GO:0045935	positive regulation of nucleobase-containing compound metabolic process	ENSMUSG00000055067	ENSMUSG00000055067	IMP
CRE upregulated	GO:0045935	positive regulation of nucleobase-containing compound metabolic process	ENSMUSG00000015839	Nfe2l2	IDA, IMP, IGI, ISO, IEA
CRE upregulated	GO:0045935	positive regulation of nucleobase-containing compound metabolic process	ENSMUSG00000024907	Gal	ISS, IEA
CRE upregulated	GO:1902531	regulation of intracellular signal transduction	ENSMUSG00000026628	Atf3	IMP
CRE upregulated	GO:1902531	regulation of intracellular signal transduction	ENSMUSG00000036390	Gadd45a	IEA
CRE upregulated	GO:1902531	regulation of intracellular signal transduction	ENSMUSG00000052684	Jun	IMP
CRE upregulated	GO:1902531	regulation of intracellular signal transduction	ENSMUSG00000063632	Sox11	IMP
CRE upregulated	GO:1902531	regulation of intracellular signal transduction	ENSMUSG00000019647	Sema6a	IEA
CRE upregulated	GO:1902531	regulation of intracellular signal transduction	ENSMUSG00000046223	Plaur	IEA
CRE upregulated	GO:1902531	regulation of intracellular signal transduction	ENSMUSG00000004951	Hspb1	IDA
CRE upregulated	GO:1902531	regulation of intracellular signal transduction	ENSMUSG00000046688	Tifa	IDA, ISS, IBA, IEA
CRE upregulated	GO:1902531	regulation of intracellular signal transduction	ENSMUSG00000025473	Adam8	IDA
CRE upregulated	GO:1902531	regulation of intracellular signal transduction	ENSMUSG00000033902	Mapkbp1	IEA
CRE upregulated	GO:1902531	regulation of intracellular signal transduction	ENSMUSG00000030102	Itpr1	IEA
CRE upregulated	GO:1902531	regulation of intracellular signal transduction	ENSMUSG00000014599	Csf1	IDA
CRE upregulated	GO:1902531	regulation of intracellular signal transduction	ENSMUSG00000020427	Igfbp3	IGI
CRE upregulated	GO:1902531	regulation of intracellular signal transduction	ENSMUSG00000024404	Riok3	IEA
CRE upregulated	GO:1902531	regulation of intracellular signal transduction	ENSMUSG00000058153	Sez6l	IGI, IBA
CRE upregulated	GO:1902531	regulation of intracellular signal transduction	ENSMUSG00000032939	Nup93	IDA, IEA
CRE upregulated	GO:1902531	regulation of intracellular signal transduction	ENSMUSG00000003644	Rps6ka1	IEA
CRE upregulated	GO:1902531	regulation of intracellular signal transduction	ENSMUSG00000005087	Cd44	IEA
CRE upregulated	GO:1902531	regulation of intracellular signal transduction	ENSMUSG00000026836	Acvr1	IMP, IEA
CRE upregulated	GO:1902531	regulation of intracellular signal transduction	ENSMUSG00000021453	Gadd45g	IEA
CRE upregulated	GO:1902531	regulation of intracellular signal transduction	ENSMUSG00000048482	Bdnf	ISO
CRE upregulated	GO:1902531	regulation of intracellular signal transduction	ENSMUSG00000024256	Adcyap1	ISS, ISO, IBA, IEA
CRE upregulated	GO:1902531	regulation of intracellular signal transduction	ENSMUSG00000021070	Bdkrb2	IMP, IGI
CRE upregulated	GO:1902531	regulation of intracellular signal transduction	ENSMUSG00000002250	Ppard	IDA
CRE upregulated	GO:1902531	regulation of intracellular signal transduction	ENSMUSG00000038894	Irs2	IMP
CRE upregulated	GO:1902531	regulation of intracellular signal transduction	ENSMUSG00000027540	Ptpn1	IMP, IGI, IBA, IEA
CRE upregulated	GO:1902531	regulation of intracellular signal transduction	ENSMUSG00000030678	Maz	IEA
CRE upregulated	GO:1902531	regulation of intracellular signal transduction	ENSMUSG00000053436	Mapk14	IEA
CRE upregulated	GO:1902531	regulation of intracellular signal transduction	ENSMUSG00000025809	Itgb1	IGI, IEA
CRE upregulated	GO:1902531	regulation of intracellular signal transduction	ENSMUSG00000025239	Limd1	ISS, IBA, IEA
CRE upregulated	GO:1902531	regulation of intracellular signal transduction	ENSMUSG00000015243	Abca1	IEA
CRE upregulated	GO:1902531	regulation of intracellular signal transduction	ENSMUSG00000025746	Il6	ISO
CRE upregulated	GO:1902531	regulation of intracellular signal transduction	ENSMUSG00000022607	Ptk2	ISS
CRE upregulated	GO:1902531	regulation of intracellular signal transduction	ENSMUSG00000055994	Nod2	IDA, IMP, ISS, ISO, IBA, IEA
CRE upregulated	GO:1902531	regulation of intracellular signal transduction	ENSMUSG00000024014	Pim1	ISS, IEA
CRE upregulated	GO:1902531	regulation of intracellular signal transduction	ENSMUSG00000037062	Sh3glb1	IDA, IMP
CRE upregulated	GO:1902531	regulation of intracellular signal transduction	ENSMUSG00000027560	Dok5	IDA, IBA
CRE upregulated	GO:1902531	regulation of intracellular signal transduction	ENSMUSG00000059923	Grb2	IGI, IBA, IEA
CRE upregulated	GO:1902531	regulation of intracellular signal transduction	ENSMUSG00000042406	Atf4	ISO, IEA
CRE upregulated	GO:1902531	regulation of intracellular signal transduction	ENSMUSG00000020271	Fbxw11	IMP
CRE upregulated	GO:1902531	regulation of intracellular signal transduction	ENSMUSG00000001507	Itga3	IGI
CRE upregulated	GO:1902531	regulation of intracellular signal transduction	ENSMUSG00000025408	Ddit3	ISS, IEA
CRE upregulated	GO:1902531	regulation of intracellular signal transduction	ENSMUSG00000035199	Arl6ip5	IEA
CRE upregulated	GO:1902531	regulation of intracellular signal transduction	ENSMUSG00000001847	Rac1	IDA, IMP
CRE upregulated	GO:1902531	regulation of intracellular signal transduction	ENSMUSG00000050271	Prag1	ISS, ISO, IEA
CRE upregulated	GO:1902531	regulation of intracellular signal transduction	ENSMUSG00000018909	Arrb1	IMP, ISO, IBA, IEA
CRE upregulated	GO:1902531	regulation of intracellular signal transduction	ENSMUSG00000024521	Pmaip1	IMP
CRE upregulated	GO:1902531	regulation of intracellular signal transduction	ENSMUSG00000028145	Them4	ISS, IEA
CRE upregulated	GO:1902531	regulation of intracellular signal transduction	ENSMUSG00000054008	Ndst1	IMP
CRE upregulated	GO:1902531	regulation of intracellular signal transduction	ENSMUSG00000015837	Sqstm1	ISS, IEA
CRE upregulated	GO:1902531	regulation of intracellular signal transduction	ENSMUSG00000022951	Rcan1	ISS, IEA
CRE upregulated	GO:1902531	regulation of intracellular signal transduction	ENSMUSG00000015316	Slamf1	IEA
CRE upregulated	GO:1902531	regulation of intracellular signal transduction	ENSMUSG00000022346	Myc	IEA
CRE upregulated	GO:1902531	regulation of intracellular signal transduction	ENSMUSG00000027954	Efna1	IDA
CRE upregulated	GO:1902531	regulation of intracellular signal transduction	ENSMUSG00000024789	Jak2	IMP, ISO, IEA
CRE upregulated	GO:1902531	regulation of intracellular signal transduction	ENSMUSG00000003269	Cyth2	IEA
CRE upregulated	GO:1902531	regulation of intracellular signal transduction	ENSMUSG00000109511	Nup62	IMP, ISS, IEA
CRE upregulated	GO:1902531	regulation of intracellular signal transduction	ENSMUSG00000029826	Zc3hav1	ISO, TAS
CRE upregulated	GO:1902531	regulation of intracellular signal transduction	ENSMUSG00000024190	Dusp1	IMP, ISS, ISO, IBA, IEA
CRE upregulated	GO:1902531	regulation of intracellular signal transduction	ENSMUSG00000035236	Scai	IDA
CRE upregulated	GO:1902531	regulation of intracellular signal transduction	ENSMUSG00000031960	Aars1	ISS, IEA
CRE upregulated	GO:1902531	regulation of intracellular signal transduction	ENSMUSG00000059866	Tnip2	IDA, ISS, IBA, IEA
CRE upregulated	GO:1902531	regulation of intracellular signal transduction	ENSMUSG00000017615	Tnfaip1	ISS, IBA, IEA
CRE upregulated	GO:1902531	regulation of intracellular signal transduction	ENSMUSG00000021360	ENSMUSG00000021360	IMP, IEA
CRE upregulated	GO:1902531	regulation of intracellular signal transduction	ENSMUSG00000024803	Ankrd1	IEA
CRE upregulated	GO:1902531	regulation of intracellular signal transduction	ENSMUSG00000021306	Gpr137b	IEA
CRE upregulated	GO:1902531	regulation of intracellular signal transduction	ENSMUSG00000024927	Rela	IDA, IEA
CRE upregulated	GO:1902531	regulation of intracellular signal transduction	ENSMUSG00000042608	Stk40	IMP
CRE upregulated	GO:1902531	regulation of intracellular signal transduction	ENSMUSG00000053716	Dusp7	IBA
CRE upregulated	GO:1902531	regulation of intracellular signal transduction	ENSMUSG00000036206	Sh3bp4	ISS, IEA
CRE upregulated	GO:1902531	regulation of intracellular signal transduction	ENSMUSG00000027692	Tnik	ISS, IBA, IEA
CRE upregulated	GO:1902531	regulation of intracellular signal transduction	ENSMUSG00000050730	Arhgap42	IMP
CRE upregulated	GO:1902531	regulation of intracellular signal transduction	ENSMUSG00000028893	Sesn2	IMP, IBA, IEA
CRE upregulated	GO:1902531	regulation of intracellular signal transduction	ENSMUSG00000024947	Men1	IEA
CRE upregulated	GO:1902531	regulation of intracellular signal transduction	ENSMUSG00000028466	Creb3	IEA
CRE upregulated	GO:1902531	regulation of intracellular signal transduction	ENSMUSG00000031668	ENSMUSG00000031668	IEA
CRE upregulated	GO:1902531	regulation of intracellular signal transduction	ENSMUSG00000053175	Bcl3	IEA
CRE upregulated	GO:1902531	regulation of intracellular signal transduction	ENSMUSG00000020349	ENSMUSG00000020349	IMP, ISS, IEA
CRE upregulated	GO:1902531	regulation of intracellular signal transduction	ENSMUSG00000025340	Rabgef1	IMP
CRE upregulated	GO:1902531	regulation of intracellular signal transduction	ENSMUSG00000044147	Arf6	IEA
CRE upregulated	GO:1902531	regulation of intracellular signal transduction	ENSMUSG00000052298	Cdc42se2	IEA
CRE upregulated	GO:1902531	regulation of intracellular signal transduction	ENSMUSG00000011877	Git1	ISO, IBA, IEA
CRE upregulated	GO:1902531	regulation of intracellular signal transduction	ENSMUSG00000007411	ENSMUSG00000007411	ISS, IEA
CRE upregulated	GO:1902531	regulation of intracellular signal transduction	ENSMUSG00000021796	Bmpr1a	IEA
CRE upregulated	GO:1902531	regulation of intracellular signal transduction	ENSMUSG00000031383	Dusp9	IDA, IBA
CRE upregulated	GO:1902531	regulation of intracellular signal transduction	ENSMUSG00000049649	Gpr3	ISO, IEA
CRE upregulated	GO:1902531	regulation of intracellular signal transduction	ENSMUSG00000019842	ENSMUSG00000019842	IBA, IEA
CRE upregulated	GO:1902531	regulation of intracellular signal transduction	ENSMUSG00000070056	ENSMUSG00000070056	ISS, IEA
CRE upregulated	GO:1902531	regulation of intracellular signal transduction	ENSMUSG00000037860	Aim2	IDA
CRE upregulated	GO:1902531	regulation of intracellular signal transduction	ENSMUSG00000039844	ENSMUSG00000039844	IMP, IGI, ISO, IEA
CRE upregulated	GO:1902531	regulation of intracellular signal transduction	ENSMUSG00000020594	ENSMUSG00000020594	IEA
CRE upregulated	GO:1902531	regulation of intracellular signal transduction	ENSMUSG00000000787	ENSMUSG00000000787	IDA, ISS
CRE upregulated	GO:1902531	regulation of intracellular signal transduction	ENSMUSG00000046722	ENSMUSG00000046722	ISS, IEA
CRE upregulated	GO:1902531	regulation of intracellular signal transduction	ENSMUSG00000038676	Ucn	ISO, IEA
CRE upregulated	GO:1902531	regulation of intracellular signal transduction	ENSMUSG00000052681	Rap1b	IGI
CRE upregulated	GO:1902531	regulation of intracellular signal transduction	ENSMUSG00000037553	ENSMUSG00000037553	IEA
CRE upregulated	GO:1902531	regulation of intracellular signal transduction	ENSMUSG00000032508	Myd88	IMP, IGI, ISS, IEA
CRE upregulated	GO:1902531	regulation of intracellular signal transduction	ENSMUSG00000026864	ENSMUSG00000026864	ISS
CRE upregulated	GO:1902531	regulation of intracellular signal transduction	ENSMUSG00000032462	ENSMUSG00000032462	IMP, IGI, IEA
CRE upregulated	GO:1902531	regulation of intracellular signal transduction	ENSMUSG00000027944	Hax1	IEA
CRE upregulated	GO:1902531	regulation of intracellular signal transduction	ENSMUSG00000019843	ENSMUSG00000019843	ISO
CRE upregulated	GO:1902531	regulation of intracellular signal transduction	ENSMUSG00000024493	ENSMUSG00000024493	IEA
CRE upregulated	GO:1902531	regulation of intracellular signal transduction	ENSMUSG00000027646	ENSMUSG00000027646	IMP, ISO, IBA, IEA
CRE upregulated	GO:1902531	regulation of intracellular signal transduction	ENSMUSG00000031073	Fgf15	IBA
CRE upregulated	GO:1902531	regulation of intracellular signal transduction	ENSMUSG00000015839	Nfe2l2	IEA
CRE upregulated	GO:1902531	regulation of intracellular signal transduction	ENSMUSG00000031751	ENSMUSG00000031751	IMP
CRE upregulated	GO:1902531	regulation of intracellular signal transduction	ENSMUSG00000054204	ENSMUSG00000054204	IBA, IEA
CRE upregulated	GO:0048666	neuron development	ENSMUSG00000051379	Flrt3	IMP, ISS, ISO, IEA
CRE upregulated	GO:0048666	neuron development	ENSMUSG00000052684	Jun	IMP
CRE upregulated	GO:0048666	neuron development	ENSMUSG00000019647	Sema6a	IMP, IBA, NAS
CRE upregulated	GO:0048666	neuron development	ENSMUSG00000004951	Hspb1	ISO
CRE upregulated	GO:0048666	neuron development	ENSMUSG00000022044	Stmn4	IBA
CRE upregulated	GO:0048666	neuron development	ENSMUSG00000023905	Tnfrsf12a	IDA
CRE upregulated	GO:0048666	neuron development	ENSMUSG00000030102	Itpr1	ISO
CRE upregulated	GO:0048666	neuron development	ENSMUSG00000025089	Gfra1	ISO, IEA
CRE upregulated	GO:0048666	neuron development	ENSMUSG00000037705	Tecta	IGI
CRE upregulated	GO:0048666	neuron development	ENSMUSG00000030272	Camk1	ISS, IEA
CRE upregulated	GO:0048666	neuron development	ENSMUSG00000024261	Syt4	IEA
CRE upregulated	GO:0048666	neuron development	ENSMUSG00000029378	Areg	ISO, IEA
CRE upregulated	GO:0048666	neuron development	ENSMUSG00000042688	Mapk6	IGI
CRE upregulated	GO:0048666	neuron development	ENSMUSG00000048482	Bdnf	IDA, IMP, IGI, ISO, IBA, IEA
CRE upregulated	GO:0048666	neuron development	ENSMUSG00000024256	Adcyap1	ISS, ISO, IBA, IEA
CRE upregulated	GO:0048666	neuron development	ENSMUSG00000018736	Ndel1	IMP, IGI, ISO, IBA
CRE upregulated	GO:0048666	neuron development	ENSMUSG00000018507	Trpv2	IMP
CRE upregulated	GO:0048666	neuron development	ENSMUSG00000037568	Vash2	ISS, IEA
CRE upregulated	GO:0048666	neuron development	ENSMUSG00000029518	Rab35	IMP
CRE upregulated	GO:0048666	neuron development	ENSMUSG00000045136	Tubb2b	ISS, IEA
CRE upregulated	GO:0048666	neuron development	ENSMUSG00000054855	Rnd1	IEA
CRE upregulated	GO:0048666	neuron development	ENSMUSG00000029201	Ugdh	ISS, IEA
CRE upregulated	GO:0048666	neuron development	ENSMUSG00000027540	Ptpn1	IEA
CRE upregulated	GO:0048666	neuron development	ENSMUSG00000029121	Crmp1	IEA
CRE upregulated	GO:0048666	neuron development	ENSMUSG00000025809	Itgb1	IMP, IGI, ISO
CRE upregulated	GO:0048666	neuron development	ENSMUSG00000023030	Slc11a2	IMP
CRE upregulated	GO:0048666	neuron development	ENSMUSG00000025746	Il6	ISO
CRE upregulated	GO:0048666	neuron development	ENSMUSG00000031078	Cttn	ISS, ISO
CRE upregulated	GO:0048666	neuron development	ENSMUSG00000022607	Ptk2	IMP
CRE upregulated	GO:0048666	neuron development	ENSMUSG00000037062	Sh3glb1	ISO
CRE upregulated	GO:0048666	neuron development	ENSMUSG00000024772	Ehd1	ISS, ISO, IEA
CRE upregulated	GO:0048666	neuron development	ENSMUSG00000033039	Micall1	IMP, ISO
CRE upregulated	GO:0048666	neuron development	ENSMUSG00000055078	Gabra5	IMP
CRE upregulated	GO:0048666	neuron development	ENSMUSG00000017929	B4galt5	IMP
CRE upregulated	GO:0048666	neuron development	ENSMUSG00000001507	Itga3	ISO, IEA
CRE upregulated	GO:0048666	neuron development	ENSMUSG00000031628	Casp3	ISO, IEA
CRE upregulated	GO:0048666	neuron development	ENSMUSG00000032078	Zpr1	IMP, IBA, IEA
CRE upregulated	GO:0048666	neuron development	ENSMUSG00000055407	Map6	ISS, ISO, IBA, IEA
CRE upregulated	GO:0048666	neuron development	ENSMUSG00000001847	Rac1	IDA, IMP, IGI, IBA, IEA
CRE upregulated	GO:0048666	neuron development	ENSMUSG00000050271	Prag1	ISS, ISO, IEA
CRE upregulated	GO:0048666	neuron development	ENSMUSG00000030077	Chl1	IDA, IMP, IEA
CRE upregulated	GO:0048666	neuron development	ENSMUSG00000044667	Plppr4	ISO, IBA
CRE upregulated	GO:0048666	neuron development	ENSMUSG00000057531	Dtnbp1	IDA, IMP, ISS, ISO, IBA, NAS, IEA
CRE upregulated	GO:0048666	neuron development	ENSMUSG00000030309	Caprin2	IMP
CRE upregulated	GO:0048666	neuron development	ENSMUSG00000001627	Ifrd1	IGI
CRE upregulated	GO:0048666	neuron development	ENSMUSG00000029765	Plxna4	IMP, IGI, IBA
CRE upregulated	GO:0048666	neuron development	ENSMUSG00000027954	Efna1	IDA, IBA
CRE upregulated	GO:0048666	neuron development	ENSMUSG00000024789	Jak2	ISS, ISO, IEA
CRE upregulated	GO:0048666	neuron development	ENSMUSG00000042292	Mrtfa	IGI
CRE upregulated	GO:0048666	neuron development	ENSMUSG00000022602	Arc	ISO, IEA
CRE upregulated	GO:0048666	neuron development	ENSMUSG00000063919	Srrm4	IBA
CRE upregulated	GO:0048666	neuron development	ENSMUSG00000030223	ENSMUSG00000030223	IMP, IBA
CRE upregulated	GO:0048666	neuron development	ENSMUSG00000027797	Dclk1	IMP, IGI, IBA
CRE upregulated	GO:0048666	neuron development	ENSMUSG00000036882	ENSMUSG00000036882	ISO, IEA
CRE upregulated	GO:0048666	neuron development	ENSMUSG00000024803	Ankrd1	ISO
CRE upregulated	GO:0048666	neuron development	ENSMUSG00000023915	Tnfrsf21	ISO, IEA
CRE upregulated	GO:0048666	neuron development	ENSMUSG00000027692	Tnik	ISS, ISO, IBA, IEA
CRE upregulated	GO:0048666	neuron development	ENSMUSG00000029071	ENSMUSG00000029071	IDA, IMP, ISO, IEA
CRE upregulated	GO:0048666	neuron development	ENSMUSG00000024777	ENSMUSG00000024777	ISO, IEA
CRE upregulated	GO:0048666	neuron development	ENSMUSG00000026074	Map4k4	IEA
CRE upregulated	GO:0048666	neuron development	ENSMUSG00000031278	ENSMUSG00000031278	ISO
CRE upregulated	GO:0048666	neuron development	ENSMUSG00000037815	Ctnna1	IEA
CRE upregulated	GO:0048666	neuron development	ENSMUSG00000044147	Arf6	IMP, ISO, IBA, IEA
CRE upregulated	GO:0048666	neuron development	ENSMUSG00000011877	Git1	IMP, ISO
CRE upregulated	GO:0048666	neuron development	ENSMUSG00000008435	Rdh13	IMP
CRE upregulated	GO:0048666	neuron development	ENSMUSG00000062234	ENSMUSG00000062234	IEA
CRE upregulated	GO:0048666	neuron development	ENSMUSG00000039844	ENSMUSG00000039844	ISO, IEA
CRE upregulated	GO:0048666	neuron development	ENSMUSG00000020671	ENSMUSG00000020671	ISS, ISO
CRE upregulated	GO:0048666	neuron development	ENSMUSG00000027997	Casp6	ISO
CRE upregulated	GO:0048666	neuron development	ENSMUSG00000020594	ENSMUSG00000020594	ISO, IEA
CRE upregulated	GO:0048666	neuron development	ENSMUSG00000038676	Ucn	ISO, IEA
CRE upregulated	GO:0048666	neuron development	ENSMUSG00000026864	ENSMUSG00000026864	ISO
CRE upregulated	GO:0048666	neuron development	ENSMUSG00000002633	Shh	IDA, IMP, ISO
CRE upregulated	GO:0048666	neuron development	ENSMUSG00000039671	ENSMUSG00000039671	ISO, IEA
CRE upregulated	GO:0048666	neuron development	ENSMUSG00000020340	ENSMUSG00000020340	IMP, IBA
CRE upregulated	GO:0048666	neuron development	ENSMUSG00000023277	ENSMUSG00000023277	IBA, IEA
CRE upregulated	GO:0048666	neuron development	ENSMUSG00000019843	ENSMUSG00000019843	IMP, IGI
CRE upregulated	GO:0048666	neuron development	ENSMUSG00000053825	ENSMUSG00000053825	IEA
CRE upregulated	GO:0048666	neuron development	ENSMUSG00000047261	ENSMUSG00000047261	IMP, IBA
CRE upregulated	GO:0048666	neuron development	ENSMUSG00000015839	Nfe2l2	ISO, IEA
CRE upregulated	GO:0048666	neuron development	ENSMUSG00000049550	ENSMUSG00000049550	ISO
CRE upregulated	GO:0048666	neuron development	ENSMUSG00000000627	ENSMUSG00000000627	ISO, IBA, IEA
CRE upregulated	GO:0048666	neuron development	ENSMUSG00000069227	ENSMUSG00000069227	IDA, IBA
CRE upregulated	GO:0048666	neuron development	ENSMUSG00000054204	ENSMUSG00000054204	ISS, IEA
CRE upregulated	GO:0043066	negative regulation of apoptotic process	ENSMUSG00000052684	Jun	IMP
CRE upregulated	GO:0043066	negative regulation of apoptotic process	ENSMUSG00000046223	Plaur	ISO, IEA
CRE upregulated	GO:0043066	negative regulation of apoptotic process	ENSMUSG00000031574	Star	ISO, IEA
CRE upregulated	GO:0043066	negative regulation of apoptotic process	ENSMUSG00000004951	Hspb1	IDA, IBA, IEA
CRE upregulated	GO:0043066	negative regulation of apoptotic process	ENSMUSG00000025473	Adam8	IDA
CRE upregulated	GO:0043066	negative regulation of apoptotic process	ENSMUSG00000030102	Itpr1	ISO
CRE upregulated	GO:0043066	negative regulation of apoptotic process	ENSMUSG00000023067	Cdkn1a	ISO
CRE upregulated	GO:0043066	negative regulation of apoptotic process	ENSMUSG00000003644	Rps6ka1	ISS, IEA
CRE upregulated	GO:0043066	negative regulation of apoptotic process	ENSMUSG00000005087	Cd44	IEA
CRE upregulated	GO:0043066	negative regulation of apoptotic process	ENSMUSG00000026836	Acvr1	IEA
CRE upregulated	GO:0043066	negative regulation of apoptotic process	ENSMUSG00000003153	Slc2a3	ISO
CRE upregulated	GO:0043066	negative regulation of apoptotic process	ENSMUSG00000048482	Bdnf	IDA, IMP, IGI, IBA, IEA
CRE upregulated	GO:0043066	negative regulation of apoptotic process	ENSMUSG00000024256	Adcyap1	ISO, IEA
CRE upregulated	GO:0043066	negative regulation of apoptotic process	ENSMUSG00000021070	Bdkrb2	IMP, IGI
CRE upregulated	GO:0043066	negative regulation of apoptotic process	ENSMUSG00000002250	Ppard	ISO
CRE upregulated	GO:0043066	negative regulation of apoptotic process	ENSMUSG00000038894	Irs2	IMP
CRE upregulated	GO:0043066	negative regulation of apoptotic process	ENSMUSG00000035828	Pim3	ISS, IBA, IEA
CRE upregulated	GO:0043066	negative regulation of apoptotic process	ENSMUSG00000026796	Niban2	IEA
CRE upregulated	GO:0043066	negative regulation of apoptotic process	ENSMUSG00000027540	Ptpn1	IMP
CRE upregulated	GO:0043066	negative regulation of apoptotic process	ENSMUSG00000028063	Lmna	IMP
CRE upregulated	GO:0043066	negative regulation of apoptotic process	ENSMUSG00000030678	Maz	IEA
CRE upregulated	GO:0043066	negative regulation of apoptotic process	ENSMUSG00000025809	Itgb1	ISO, IEA
CRE upregulated	GO:0043066	negative regulation of apoptotic process	ENSMUSG00000025746	Il6	ISO
CRE upregulated	GO:0043066	negative regulation of apoptotic process	ENSMUSG00000031078	Cttn	IGI
CRE upregulated	GO:0043066	negative regulation of apoptotic process	ENSMUSG00000022607	Ptk2	ISS, ISO
CRE upregulated	GO:0043066	negative regulation of apoptotic process	ENSMUSG00000055994	Nod2	IDA
CRE upregulated	GO:0043066	negative regulation of apoptotic process	ENSMUSG00000024014	Pim1	ISS, IEA
CRE upregulated	GO:0043066	negative regulation of apoptotic process	ENSMUSG00000037062	Sh3glb1	IMP
CRE upregulated	GO:0043066	negative regulation of apoptotic process	ENSMUSG00000042406	Atf4	ISO, IEA
CRE upregulated	GO:0043066	negative regulation of apoptotic process	ENSMUSG00000031628	Casp3	ISO
CRE upregulated	GO:0043066	negative regulation of apoptotic process	ENSMUSG00000032078	Zpr1	IMP
CRE upregulated	GO:0043066	negative regulation of apoptotic process	ENSMUSG00000030077	Chl1	IDA
CRE upregulated	GO:0043066	negative regulation of apoptotic process	ENSMUSG00000018909	Arrb1	ISO
CRE upregulated	GO:0043066	negative regulation of apoptotic process	ENSMUSG00000026317	Cln8	IMP
CRE upregulated	GO:0043066	negative regulation of apoptotic process	ENSMUSG00000037580	Gch1	ISO, IEA
CRE upregulated	GO:0043066	negative regulation of apoptotic process	ENSMUSG00000022346	Myc	ISO
CRE upregulated	GO:0043066	negative regulation of apoptotic process	ENSMUSG00000027954	Efna1	IDA
CRE upregulated	GO:0043066	negative regulation of apoptotic process	ENSMUSG00000024789	Jak2	IDA, ISO, IEA
CRE upregulated	GO:0043066	negative regulation of apoptotic process	ENSMUSG00000042292	Mrtfa	IDA
CRE upregulated	GO:0043066	negative regulation of apoptotic process	ENSMUSG00000109511	Nup62	ISS, IEA
CRE upregulated	GO:0043066	negative regulation of apoptotic process	ENSMUSG00000050335	Lgals3	IEA
CRE upregulated	GO:0043066	negative regulation of apoptotic process	ENSMUSG00000024190	Dusp1	ISO
CRE upregulated	GO:0043066	negative regulation of apoptotic process	ENSMUSG00000031960	Aars1	IMP
CRE upregulated	GO:0043066	negative regulation of apoptotic process	ENSMUSG00000059866	Tnip2	ISS, IEA
CRE upregulated	GO:0043066	negative regulation of apoptotic process	ENSMUSG00000024927	Rela	IDA, IEA
CRE upregulated	GO:0043066	negative regulation of apoptotic process	ENSMUSG00000042608	Stk40	IMP
CRE upregulated	GO:0043066	negative regulation of apoptotic process	ENSMUSG00000028466	Creb3	IEA
CRE upregulated	GO:0043066	negative regulation of apoptotic process	ENSMUSG00000029175	Slc35f6	ISS, IEA
CRE upregulated	GO:0043066	negative regulation of apoptotic process	ENSMUSG00000053175	Bcl3	IMP, IGI, IEA
CRE upregulated	GO:0043066	negative regulation of apoptotic process	ENSMUSG00000037815	Ctnna1	IMP
CRE upregulated	GO:0043066	negative regulation of apoptotic process	ENSMUSG00000029752	ENSMUSG00000029752	IEA
CRE upregulated	GO:0043066	negative regulation of apoptotic process	ENSMUSG00000013483	Card14	ISS, IEA
CRE upregulated	GO:0043066	negative regulation of apoptotic process	ENSMUSG00000000001	ENSMUSG00000000001	ISO
CRE upregulated	GO:0043066	negative regulation of apoptotic process	ENSMUSG00000022270	ENSMUSG00000022270	IMP, IBA, IEA
CRE upregulated	GO:0043066	negative regulation of apoptotic process	ENSMUSG00000040010	Slc7a5	ISO, IEA
CRE upregulated	GO:0043066	negative regulation of apoptotic process	ENSMUSG00000004099	ENSMUSG00000004099	IEA
CRE upregulated	GO:0043066	negative regulation of apoptotic process	ENSMUSG00000000787	ENSMUSG00000000787	ISS
CRE upregulated	GO:0043066	negative regulation of apoptotic process	ENSMUSG00000038676	Ucn	ISO, IEA
CRE upregulated	GO:0043066	negative regulation of apoptotic process	ENSMUSG00000026864	ENSMUSG00000026864	IEA
CRE upregulated	GO:0043066	negative regulation of apoptotic process	ENSMUSG00000002633	Shh	IDA, IMP, IGI, ISO
CRE upregulated	GO:0043066	negative regulation of apoptotic process	ENSMUSG00000028680	ENSMUSG00000028680	IEA
CRE upregulated	GO:0043066	negative regulation of apoptotic process	ENSMUSG00000032462	ENSMUSG00000032462	IMP
CRE upregulated	GO:0043066	negative regulation of apoptotic process	ENSMUSG00000027944	Hax1	IBA, IEA
CRE upregulated	GO:0043066	negative regulation of apoptotic process	ENSMUSG00000037411	Serpine1	IEA
CRE upregulated	GO:0043066	negative regulation of apoptotic process	ENSMUSG00000019843	ENSMUSG00000019843	ISO
CRE upregulated	GO:0043066	negative regulation of apoptotic process	ENSMUSG00000027646	ENSMUSG00000027646	IBA, IEA
CRE upregulated	GO:0043066	negative regulation of apoptotic process	ENSMUSG00000031642	Sh3rf1	IEA
CRE upregulated	GO:0043066	negative regulation of apoptotic process	ENSMUSG00000015839	Nfe2l2	ISO, IEA
CRE upregulated	GO:0043066	negative regulation of apoptotic process	ENSMUSG00000003541	ENSMUSG00000003541	IDA, IEA
CRE upregulated	GO:0043066	negative regulation of apoptotic process	ENSMUSG00000024026	ENSMUSG00000024026	ISS, IEA
CRE upregulated	GO:0043066	negative regulation of apoptotic process	ENSMUSG00000029475	ENSMUSG00000029475	IMP
CRE upregulated	GO:0051254	positive regulation of RNA metabolic process	ENSMUSG00000026628	Atf3	IGI, ISO, IEA
CRE upregulated	GO:0051254	positive regulation of RNA metabolic process	ENSMUSG00000052684	Jun	IDA, IMP, IGI, ISS, ISO
CRE upregulated	GO:0051254	positive regulation of RNA metabolic process	ENSMUSG00000063632	Sox11	IDA, IMP, ISO, IBA, IEA
CRE upregulated	GO:0051254	positive regulation of RNA metabolic process	ENSMUSG00000056749	Nfil3	IMP
CRE upregulated	GO:0051254	positive regulation of RNA metabolic process	ENSMUSG00000024143	Rhoq	IEA
CRE upregulated	GO:0051254	positive regulation of RNA metabolic process	ENSMUSG00000022895	Ets2	ISO, IEA
CRE upregulated	GO:0051254	positive regulation of RNA metabolic process	ENSMUSG00000037447	Arid5a	IGI
CRE upregulated	GO:0051254	positive regulation of RNA metabolic process	ENSMUSG00000032515	Csrnp1	IDA
CRE upregulated	GO:0051254	positive regulation of RNA metabolic process	ENSMUSG00000025612	Bach1	IDA
CRE upregulated	GO:0051254	positive regulation of RNA metabolic process	ENSMUSG00000000078	Klf6	IEA
CRE upregulated	GO:0051254	positive regulation of RNA metabolic process	ENSMUSG00000030272	Camk1	IEA
CRE upregulated	GO:0051254	positive regulation of RNA metabolic process	ENSMUSG00000001542	Ell2	ISO, IBA
CRE upregulated	GO:0051254	positive regulation of RNA metabolic process	ENSMUSG00000031681	Smad1	IDA, IMP, IGI, IEA
CRE upregulated	GO:0051254	positive regulation of RNA metabolic process	ENSMUSG00000035673	Sbno2	IMP, IBA
CRE upregulated	GO:0051254	positive regulation of RNA metabolic process	ENSMUSG00000033060	Lmo7	IDA, ISS, ISO
CRE upregulated	GO:0051254	positive regulation of RNA metabolic process	ENSMUSG00000003644	Rps6ka1	ISO, IBA, IEA
CRE upregulated	GO:0051254	positive regulation of RNA metabolic process	ENSMUSG00000026836	Acvr1	IMP, IEA
CRE upregulated	GO:0051254	positive regulation of RNA metabolic process	ENSMUSG00000024256	Adcyap1	ISS, ISO, IEA
CRE upregulated	GO:0051254	positive regulation of RNA metabolic process	ENSMUSG00000034832	Tet3	ISS, IBA, IEA
CRE upregulated	GO:0051254	positive regulation of RNA metabolic process	ENSMUSG00000002250	Ppard	ISS, IBA, IEA
CRE upregulated	GO:0051254	positive regulation of RNA metabolic process	ENSMUSG00000026796	Niban2	IEA
CRE upregulated	GO:0051254	positive regulation of RNA metabolic process	ENSMUSG00000030678	Maz	IEA
CRE upregulated	GO:0051254	positive regulation of RNA metabolic process	ENSMUSG00000053436	Mapk14	IMP, ISO
CRE upregulated	GO:0051254	positive regulation of RNA metabolic process	ENSMUSG00000040025	Ythdf2	IMP, IBA, IEA
CRE upregulated	GO:0051254	positive regulation of RNA metabolic process	ENSMUSG00000048490	Nrip1	IBA, IEA
CRE upregulated	GO:0051254	positive regulation of RNA metabolic process	ENSMUSG00000013089	Etv5	IDA, IEA
CRE upregulated	GO:0051254	positive regulation of RNA metabolic process	ENSMUSG00000025746	Il6	IDA, IGI, ISO
CRE upregulated	GO:0051254	positive regulation of RNA metabolic process	ENSMUSG00000032231	Anxa2	IDA
CRE upregulated	GO:0051254	positive regulation of RNA metabolic process	ENSMUSG00000055994	Nod2	ISS, IEA
CRE upregulated	GO:0051254	positive regulation of RNA metabolic process	ENSMUSG00000024014	Pim1	IMP
CRE upregulated	GO:0051254	positive regulation of RNA metabolic process	ENSMUSG00000063889	Crem	IGI
CRE upregulated	GO:0051254	positive regulation of RNA metabolic process	ENSMUSG00000042406	Atf4	IDA, IMP, IGI, ISS, ISO, IEA
CRE upregulated	GO:0051254	positive regulation of RNA metabolic process	ENSMUSG00000020271	Fbxw11	IMP
CRE upregulated	GO:0051254	positive regulation of RNA metabolic process	ENSMUSG00000029641	Rasl11a	IDA
CRE upregulated	GO:0051254	positive regulation of RNA metabolic process	ENSMUSG00000025408	Ddit3	IDA, IMP, IGI, ISO, NAS, IEA
CRE upregulated	GO:0051254	positive regulation of RNA metabolic process	ENSMUSG00000040435	Ppp1r15a	IDA
CRE upregulated	GO:0051254	positive regulation of RNA metabolic process	ENSMUSG00000018909	Arrb1	ISO, IEA
CRE upregulated	GO:0051254	positive regulation of RNA metabolic process	ENSMUSG00000020248	Nfyb	IDA, ISO, IEA
CRE upregulated	GO:0051254	positive regulation of RNA metabolic process	ENSMUSG00000024349	Sting1	IDA, IEA
CRE upregulated	GO:0051254	positive regulation of RNA metabolic process	ENSMUSG00000030057	Cnbp	IDA
CRE upregulated	GO:0051254	positive regulation of RNA metabolic process	ENSMUSG00000000134	Tfe3	IDA, IMP, IEA
CRE upregulated	GO:0051254	positive regulation of RNA metabolic process	ENSMUSG00000028901	Gmeb1	IDA
CRE upregulated	GO:0051254	positive regulation of RNA metabolic process	ENSMUSG00000023087	Noct	IGI
CRE upregulated	GO:0051254	positive regulation of RNA metabolic process	ENSMUSG00000001627	Ifrd1	ISO
CRE upregulated	GO:0051254	positive regulation of RNA metabolic process	ENSMUSG00000022346	Myc	IDA, IMP, ISS, ISO, IEA
CRE upregulated	GO:0051254	positive regulation of RNA metabolic process	ENSMUSG00000024789	Jak2	IGI
CRE upregulated	GO:0051254	positive regulation of RNA metabolic process	ENSMUSG00000004040	ENSMUSG00000004040	IDA, IMP, IGI, ISO, IEA
CRE upregulated	GO:0051254	positive regulation of RNA metabolic process	ENSMUSG00000042292	Mrtfa	IDA, ISS, IBA, IEA
CRE upregulated	GO:0051254	positive regulation of RNA metabolic process	ENSMUSG00000061589	Dot1l	ISO, IEA
CRE upregulated	GO:0051254	positive regulation of RNA metabolic process	ENSMUSG00000109511	Nup62	IEA
CRE upregulated	GO:0051254	positive regulation of RNA metabolic process	ENSMUSG00000029135	Fosl2	IDA, ISO, IEA
CRE upregulated	GO:0051254	positive regulation of RNA metabolic process	ENSMUSG00000029826	Zc3hav1	ISS, ISO, IBA, IEA
CRE upregulated	GO:0051254	positive regulation of RNA metabolic process	ENSMUSG00000020358	Hnrnpab	IDA
CRE upregulated	GO:0051254	positive regulation of RNA metabolic process	ENSMUSG00000059866	Tnip2	ISS, IEA
CRE upregulated	GO:0051254	positive regulation of RNA metabolic process	ENSMUSG00000040033	ENSMUSG00000040033	IEA
CRE upregulated	GO:0051254	positive regulation of RNA metabolic process	ENSMUSG00000024803	Ankrd1	IEA
CRE upregulated	GO:0051254	positive regulation of RNA metabolic process	ENSMUSG00000024912	Fosl1	ISO, IEA
CRE upregulated	GO:0051254	positive regulation of RNA metabolic process	ENSMUSG00000024927	Rela	IDA, IMP, ISS, ISO, IBA, TAS, IEA
CRE upregulated	GO:0051254	positive regulation of RNA metabolic process	ENSMUSG00000003435	ENSMUSG00000003435	ISO, IEA
CRE upregulated	GO:0051254	positive regulation of RNA metabolic process	ENSMUSG00000055044	Pdlim1	IEA
CRE upregulated	GO:0051254	positive regulation of RNA metabolic process	ENSMUSG00000024238	Zeb1	IDA, IGI, ISO, IEA
CRE upregulated	GO:0051254	positive regulation of RNA metabolic process	ENSMUSG00000024947	Men1	IDA, IMP, IGI, ISO, IEA
CRE upregulated	GO:0051254	positive regulation of RNA metabolic process	ENSMUSG00000029071	ENSMUSG00000029071	IEA
CRE upregulated	GO:0051254	positive regulation of RNA metabolic process	ENSMUSG00000040433	Zbtb38	ISO
CRE upregulated	GO:0051254	positive regulation of RNA metabolic process	ENSMUSG00000024777	ENSMUSG00000024777	ISO, IEA
CRE upregulated	GO:0051254	positive regulation of RNA metabolic process	ENSMUSG00000028466	Creb3	IEA
CRE upregulated	GO:0051254	positive regulation of RNA metabolic process	ENSMUSG00000071637	Cebpd	IDA, ISO, IEA
CRE upregulated	GO:0051254	positive regulation of RNA metabolic process	ENSMUSG00000015776	Med22	NAS
CRE upregulated	GO:0051254	positive regulation of RNA metabolic process	ENSMUSG00000031668	ENSMUSG00000031668	IEA
CRE upregulated	GO:0051254	positive regulation of RNA metabolic process	ENSMUSG00000053175	Bcl3	IDA, IBA, IEA
CRE upregulated	GO:0051254	positive regulation of RNA metabolic process	ENSMUSG00000059796	Eif4a1	ISS, IEA
CRE upregulated	GO:0051254	positive regulation of RNA metabolic process	ENSMUSG00000030199	Etv6	IDA
CRE upregulated	GO:0051254	positive regulation of RNA metabolic process	ENSMUSG00000003154	Foxj2	IEA
CRE upregulated	GO:0051254	positive regulation of RNA metabolic process	ENSMUSG00000028599	Tnfrsf1b	IMP
CRE upregulated	GO:0051254	positive regulation of RNA metabolic process	ENSMUSG00000027605	Acss2	IEA
CRE upregulated	GO:0051254	positive regulation of RNA metabolic process	ENSMUSG00000036180	ENSMUSG00000036180	NAS
CRE upregulated	GO:0051254	positive regulation of RNA metabolic process	ENSMUSG00000055491	ENSMUSG00000055491	IBA
CRE upregulated	GO:0051254	positive regulation of RNA metabolic process	ENSMUSG00000052837	ENSMUSG00000052837	IMP, IEA
CRE upregulated	GO:0051254	positive regulation of RNA metabolic process	ENSMUSG00000028840	Zfp593	IEA
CRE upregulated	GO:0051254	positive regulation of RNA metabolic process	ENSMUSG00000021796	Bmpr1a	IDA, IMP, IEA
CRE upregulated	GO:0051254	positive regulation of RNA metabolic process	ENSMUSG00000029110	ENSMUSG00000029110	IDA, ISS, ISO, IBA, IEA
CRE upregulated	GO:0051254	positive regulation of RNA metabolic process	ENSMUSG00000021890	ENSMUSG00000021890	ISO
CRE upregulated	GO:0051254	positive regulation of RNA metabolic process	ENSMUSG00000039191	Rbpj	IDA, IMP, IGI, ISS, ISO, IEA
CRE upregulated	GO:0051254	positive regulation of RNA metabolic process	ENSMUSG00000019256	ENSMUSG00000019256	IEA
CRE upregulated	GO:0051254	positive regulation of RNA metabolic process	ENSMUSG00000051316	Taf7	ISS, ISO, NAS, IEA
CRE upregulated	GO:0051254	positive regulation of RNA metabolic process	ENSMUSG00000001552	ENSMUSG00000001552	IBA
CRE upregulated	GO:0051254	positive regulation of RNA metabolic process	ENSMUSG00000040463	ENSMUSG00000040463	ISO, NAS, IEA
CRE upregulated	GO:0051254	positive regulation of RNA metabolic process	ENSMUSG00000022858	ENSMUSG00000022858	IMP, ISS, IBA, IEA
CRE upregulated	GO:0051254	positive regulation of RNA metabolic process	ENSMUSG00000053007	Creb5	IEA
CRE upregulated	GO:0051254	positive regulation of RNA metabolic process	ENSMUSG00000000787	ENSMUSG00000000787	ISS
CRE upregulated	GO:0051254	positive regulation of RNA metabolic process	ENSMUSG00000022948	Setd4	IBA
CRE upregulated	GO:0051254	positive regulation of RNA metabolic process	ENSMUSG00000038676	Ucn	IMP
CRE upregulated	GO:0051254	positive regulation of RNA metabolic process	ENSMUSG00000042185	ENSMUSG00000042185	ISO, IEA
CRE upregulated	GO:0051254	positive regulation of RNA metabolic process	ENSMUSG00000032508	Myd88	IMP
CRE upregulated	GO:0051254	positive regulation of RNA metabolic process	ENSMUSG00000002633	Shh	IDA, IMP, IGI, IEA
CRE upregulated	GO:0051254	positive regulation of RNA metabolic process	ENSMUSG00000008384	Sertad1	IDA, IGI
CRE upregulated	GO:0051254	positive regulation of RNA metabolic process	ENSMUSG00000027944	Hax1	IEA
CRE upregulated	GO:0051254	positive regulation of RNA metabolic process	ENSMUSG00000039671	ENSMUSG00000039671	IEA
CRE upregulated	GO:0051254	positive regulation of RNA metabolic process	ENSMUSG00000048027	ENSMUSG00000048027	IDA
CRE upregulated	GO:0051254	positive regulation of RNA metabolic process	ENSMUSG00000028291	ENSMUSG00000028291	IDA, IMP, IBA
CRE upregulated	GO:0051254	positive regulation of RNA metabolic process	ENSMUSG00000037465	Klf10	IEA
CRE upregulated	GO:0051254	positive regulation of RNA metabolic process	ENSMUSG00000003119	ENSMUSG00000003119	ISS, ISO, IBA, IEA
CRE upregulated	GO:0051254	positive regulation of RNA metabolic process	ENSMUSG00000055067	ENSMUSG00000055067	IMP
CRE upregulated	GO:0051254	positive regulation of RNA metabolic process	ENSMUSG00000015839	Nfe2l2	IDA, IMP, IGI, ISO, IEA
CRE upregulated	GO:0051254	positive regulation of RNA metabolic process	ENSMUSG00000024907	Gal	ISS, IEA
CRE upregulated	GO:0033554	cellular response to stress	ENSMUSG00000026628	Atf3	IMP, IEA
CRE upregulated	GO:0033554	cellular response to stress	ENSMUSG00000036390	Gadd45a	IEA
CRE upregulated	GO:0033554	cellular response to stress	ENSMUSG00000052684	Jun	IMP, IEP, ISO
CRE upregulated	GO:0033554	cellular response to stress	ENSMUSG00000004951	Hspb1	ISO
CRE upregulated	GO:0033554	cellular response to stress	ENSMUSG00000025473	Adam8	ISS, IEA
CRE upregulated	GO:0033554	cellular response to stress	ENSMUSG00000028494	Plin2	ISS, IEA
CRE upregulated	GO:0033554	cellular response to stress	ENSMUSG00000030102	Itpr1	IMP
CRE upregulated	GO:0033554	cellular response to stress	ENSMUSG00000025612	Bach1	IEA
CRE upregulated	GO:0033554	cellular response to stress	ENSMUSG00000023067	Cdkn1a	IMP, IGI, ISS, IBA, IEA
CRE upregulated	GO:0033554	cellular response to stress	ENSMUSG00000050989	Selenon	IMP, IGI
CRE upregulated	GO:0033554	cellular response to stress	ENSMUSG00000024691	Fam111a	ISS, IEA
CRE upregulated	GO:0033554	cellular response to stress	ENSMUSG00000005087	Cd44	IEA
CRE upregulated	GO:0033554	cellular response to stress	ENSMUSG00000021400	Wrnip1	ISS, IBA, IEA
CRE upregulated	GO:0033554	cellular response to stress	ENSMUSG00000021070	Bdkrb2	IMP, IGI
CRE upregulated	GO:0033554	cellular response to stress	ENSMUSG00000018736	Ndel1	ISO
CRE upregulated	GO:0033554	cellular response to stress	ENSMUSG00000002250	Ppard	IGI
CRE upregulated	GO:0033554	cellular response to stress	ENSMUSG00000005069	Pex5	IEA
CRE upregulated	GO:0033554	cellular response to stress	ENSMUSG00000027313	Chac1	ISS, IEA
CRE upregulated	GO:0033554	cellular response to stress	ENSMUSG00000027540	Ptpn1	IMP, ISS, IBA, IEA
CRE upregulated	GO:0033554	cellular response to stress	ENSMUSG00000028063	Lmna	ISS, IEA
CRE upregulated	GO:0033554	cellular response to stress	ENSMUSG00000041548	Hspb8	IBA, IEA
CRE upregulated	GO:0033554	cellular response to stress	ENSMUSG00000028645	Slc2a1	IDA, IEA
CRE upregulated	GO:0033554	cellular response to stress	ENSMUSG00000053436	Mapk14	IDA, IMP, ISO, IEA
CRE upregulated	GO:0033554	cellular response to stress	ENSMUSG00000005370	Msh6	IMP, IGI, ISO, IBA, IEA
CRE upregulated	GO:0033554	cellular response to stress	ENSMUSG00000013089	Etv5	ISS, IEA
CRE upregulated	GO:0033554	cellular response to stress	ENSMUSG00000055994	Nod2	IDA, ISO, IEA
CRE upregulated	GO:0033554	cellular response to stress	ENSMUSG00000037062	Sh3glb1	IEA
CRE upregulated	GO:0033554	cellular response to stress	ENSMUSG00000021133	Susd6	ISS, IBA, IEA
CRE upregulated	GO:0033554	cellular response to stress	ENSMUSG00000059923	Grb2	IEA
CRE upregulated	GO:0033554	cellular response to stress	ENSMUSG00000042406	Atf4	IDA, IMP, ISS, ISO, IEA
CRE upregulated	GO:0033554	cellular response to stress	ENSMUSG00000040322	Slc25a24	IEA
CRE upregulated	GO:0033554	cellular response to stress	ENSMUSG00000031628	Casp3	IDA, NAS
CRE upregulated	GO:0033554	cellular response to stress	ENSMUSG00000025408	Ddit3	IDA, IMP, ISO, IBA, IEA
CRE upregulated	GO:0033554	cellular response to stress	ENSMUSG00000040435	Ppp1r15a	IDA, IMP, IBA
CRE upregulated	GO:0033554	cellular response to stress	ENSMUSG00000035199	Arl6ip5	IMP, IEA
CRE upregulated	GO:0033554	cellular response to stress	ENSMUSG00000030077	Chl1	IEA
CRE upregulated	GO:0033554	cellular response to stress	ENSMUSG00000024521	Pmaip1	IDA, IMP, IEA
CRE upregulated	GO:0033554	cellular response to stress	ENSMUSG00000033955	Tnks1bp1	IBA, IEA
CRE upregulated	GO:0033554	cellular response to stress	ENSMUSG00000026107	Nabp1	ISS, ISO, IBA, IEA
CRE upregulated	GO:0033554	cellular response to stress	ENSMUSG00000015837	Sqstm1	IEA
CRE upregulated	GO:0033554	cellular response to stress	ENSMUSG00000030677	Kif22	IEA
CRE upregulated	GO:0033554	cellular response to stress	ENSMUSG00000036737	Oxsr1	IGI, IEA
CRE upregulated	GO:0033554	cellular response to stress	ENSMUSG00000037580	Gch1	ISO, IEA
CRE upregulated	GO:0033554	cellular response to stress	ENSMUSG00000023286	Ube2j2	IBA, IEA
CRE upregulated	GO:0033554	cellular response to stress	ENSMUSG00000032502	Stac	IDA
CRE upregulated	GO:0033554	cellular response to stress	ENSMUSG00000022346	Myc	IDA, IMP, ISS, IEA
CRE upregulated	GO:0033554	cellular response to stress	ENSMUSG00000024789	Jak2	ISS, ISO, IEA
CRE upregulated	GO:0033554	cellular response to stress	ENSMUSG00000004040	ENSMUSG00000004040	ISO
CRE upregulated	GO:0033554	cellular response to stress	ENSMUSG00000061589	Dot1l	IBA, IEA
CRE upregulated	GO:0033554	cellular response to stress	ENSMUSG00000029578	Wipi2	ISS, IEA
CRE upregulated	GO:0033554	cellular response to stress	ENSMUSG00000109511	Nup62	IDA
CRE upregulated	GO:0033554	cellular response to stress	ENSMUSG00000036990	Otud4	ISS, IEA
CRE upregulated	GO:0033554	cellular response to stress	ENSMUSG00000028255	Clca1	IEA
CRE upregulated	GO:0033554	cellular response to stress	ENSMUSG00000041594	ENSMUSG00000041594	IMP, IBA
CRE upregulated	GO:0033554	cellular response to stress	ENSMUSG00000024803	Ankrd1	IEA
CRE upregulated	GO:0033554	cellular response to stress	ENSMUSG00000019188	ENSMUSG00000019188	IEA
CRE upregulated	GO:0033554	cellular response to stress	ENSMUSG00000024927	Rela	ISS, IEA
CRE upregulated	GO:0033554	cellular response to stress	ENSMUSG00000026078	Pdcl3	ISO
CRE upregulated	GO:0033554	cellular response to stress	ENSMUSG00000028893	Sesn2	IMP, ISS, IBA, IEA
CRE upregulated	GO:0033554	cellular response to stress	ENSMUSG00000024947	Men1	IEA
CRE upregulated	GO:0033554	cellular response to stress	ENSMUSG00000040433	Zbtb38	IEA
CRE upregulated	GO:0033554	cellular response to stress	ENSMUSG00000032715	Trib3	ISS, IEA
CRE upregulated	GO:0033554	cellular response to stress	ENSMUSG00000026074	Map4k4	IEA
CRE upregulated	GO:0033554	cellular response to stress	ENSMUSG00000020694	ENSMUSG00000020694	IEA
CRE upregulated	GO:0033554	cellular response to stress	ENSMUSG00000028466	Creb3	IEA
CRE upregulated	GO:0033554	cellular response to stress	ENSMUSG00000031668	ENSMUSG00000031668	IEA
CRE upregulated	GO:0033554	cellular response to stress	ENSMUSG00000053175	Bcl3	ISO, IEA
CRE upregulated	GO:0033554	cellular response to stress	ENSMUSG00000037815	Ctnna1	IEA
CRE upregulated	GO:0033554	cellular response to stress	ENSMUSG00000029752	ENSMUSG00000029752	IEA
CRE upregulated	GO:0033554	cellular response to stress	ENSMUSG00000028599	Tnfrsf1b	IMP, IBA
CRE upregulated	GO:0033554	cellular response to stress	ENSMUSG00000047281	ENSMUSG00000047281	IEA
CRE upregulated	GO:0033554	cellular response to stress	ENSMUSG00000021796	Bmpr1a	IGI
CRE upregulated	GO:0033554	cellular response to stress	ENSMUSG00000016534	ENSMUSG00000016534	IMP, IBA
CRE upregulated	GO:0033554	cellular response to stress	ENSMUSG00000034543	ENSMUSG00000034543	ISS
CRE upregulated	GO:0033554	cellular response to stress	ENSMUSG00000037860	Aim2	IDA, IEA
CRE upregulated	GO:0033554	cellular response to stress	ENSMUSG00000048668	Rhno1	IEA
CRE upregulated	GO:0033554	cellular response to stress	ENSMUSG00000051316	Taf7	NAS
CRE upregulated	GO:0033554	cellular response to stress	ENSMUSG00000040010	Slc7a5	IEA
CRE upregulated	GO:0033554	cellular response to stress	ENSMUSG00000040463	ENSMUSG00000040463	IEA
CRE upregulated	GO:0033554	cellular response to stress	ENSMUSG00000020594	ENSMUSG00000020594	ISO, IEA
CRE upregulated	GO:0033554	cellular response to stress	ENSMUSG00000020448	Rnf185	ISS, IBA, IEA
CRE upregulated	GO:0033554	cellular response to stress	ENSMUSG00000000787	ENSMUSG00000000787	ISS
CRE upregulated	GO:0033554	cellular response to stress	ENSMUSG00000008730	Hipk1	IGI, IBA
CRE upregulated	GO:0033554	cellular response to stress	ENSMUSG00000042185	ENSMUSG00000042185	IDA, IMP, IEA
CRE upregulated	GO:0033554	cellular response to stress	ENSMUSG00000026864	ENSMUSG00000026864	IDA, IMP, ISS, ISO, IBA, IEA
CRE upregulated	GO:0033554	cellular response to stress	ENSMUSG00000021072	Tmx1	ISS, IEA
CRE upregulated	GO:0033554	cellular response to stress	ENSMUSG00000028680	ENSMUSG00000028680	IEA
CRE upregulated	GO:0033554	cellular response to stress	ENSMUSG00000032462	ENSMUSG00000032462	IMP
CRE upregulated	GO:0033554	cellular response to stress	ENSMUSG00000025198	ENSMUSG00000025198	IBA, IEA
CRE upregulated	GO:0033554	cellular response to stress	ENSMUSG00000004270	ENSMUSG00000004270	IDA
CRE upregulated	GO:0033554	cellular response to stress	ENSMUSG00000039671	ENSMUSG00000039671	IEA
CRE upregulated	GO:0033554	cellular response to stress	ENSMUSG00000028291	ENSMUSG00000028291	ISS, IEA
CRE upregulated	GO:0033554	cellular response to stress	ENSMUSG00000037465	Klf10	IDA
CRE upregulated	GO:0033554	cellular response to stress	ENSMUSG00000019843	ENSMUSG00000019843	ISO
CRE upregulated	GO:0033554	cellular response to stress	ENSMUSG00000024493	ENSMUSG00000024493	IEA
CRE upregulated	GO:0033554	cellular response to stress	ENSMUSG00000027646	ENSMUSG00000027646	IDA, IMP, IEA
CRE upregulated	GO:0033554	cellular response to stress	ENSMUSG00000024843	ENSMUSG00000024843	ISS
CRE upregulated	GO:0033554	cellular response to stress	ENSMUSG00000047261	ENSMUSG00000047261	IBA
CRE upregulated	GO:0033554	cellular response to stress	ENSMUSG00000027433	ENSMUSG00000027433	NAS
CRE upregulated	GO:0033554	cellular response to stress	ENSMUSG00000015839	Nfe2l2	IDA, IMP, ISS, ISO, IBA, IEA
CRE upregulated	GO:0033554	cellular response to stress	ENSMUSG00000021477	ENSMUSG00000021477	ISS
CRE upregulated	GO:0033554	cellular response to stress	ENSMUSG00000040843	ENSMUSG00000040843	IEA
CRE upregulated	GO:0033554	cellular response to stress	ENSMUSG00000031751	ENSMUSG00000031751	IMP, ISS, IBA, IEA
CRE upregulated	GO:0033554	cellular response to stress	ENSMUSG00000046707	ENSMUSG00000046707	ISS, IEA
CRE upregulated	GO:0033554	cellular response to stress	ENSMUSG00000003541	ENSMUSG00000003541	IDA, IMP, ISO, IBA, IEA
CRE upregulated	GO:0045944	positive regulation of transcription by RNA polymerase II	ENSMUSG00000026628	Atf3	IGI, ISO, IEA
CRE upregulated	GO:0045944	positive regulation of transcription by RNA polymerase II	ENSMUSG00000052684	Jun	IDA, IGI, ISS, ISO
CRE upregulated	GO:0045944	positive regulation of transcription by RNA polymerase II	ENSMUSG00000063632	Sox11	IDA, ISO, IBA, IEA
CRE upregulated	GO:0045944	positive regulation of transcription by RNA polymerase II	ENSMUSG00000024143	Rhoq	IEA
CRE upregulated	GO:0045944	positive regulation of transcription by RNA polymerase II	ENSMUSG00000022895	Ets2	ISO, IEA
CRE upregulated	GO:0045944	positive regulation of transcription by RNA polymerase II	ENSMUSG00000037447	Arid5a	IGI
CRE upregulated	GO:0045944	positive regulation of transcription by RNA polymerase II	ENSMUSG00000032515	Csrnp1	IDA
CRE upregulated	GO:0045944	positive regulation of transcription by RNA polymerase II	ENSMUSG00000025612	Bach1	IDA
CRE upregulated	GO:0045944	positive regulation of transcription by RNA polymerase II	ENSMUSG00000000078	Klf6	IEA
CRE upregulated	GO:0045944	positive regulation of transcription by RNA polymerase II	ENSMUSG00000030272	Camk1	IEA
CRE upregulated	GO:0045944	positive regulation of transcription by RNA polymerase II	ENSMUSG00000001542	Ell2	ISO, IBA
CRE upregulated	GO:0045944	positive regulation of transcription by RNA polymerase II	ENSMUSG00000031681	Smad1	IDA, IMP, IGI, IEA
CRE upregulated	GO:0045944	positive regulation of transcription by RNA polymerase II	ENSMUSG00000035673	Sbno2	IMP, IBA
CRE upregulated	GO:0045944	positive regulation of transcription by RNA polymerase II	ENSMUSG00000033060	Lmo7	IDA, ISS, ISO
CRE upregulated	GO:0045944	positive regulation of transcription by RNA polymerase II	ENSMUSG00000003644	Rps6ka1	IEA
CRE upregulated	GO:0045944	positive regulation of transcription by RNA polymerase II	ENSMUSG00000026836	Acvr1	IMP, IEA
CRE upregulated	GO:0045944	positive regulation of transcription by RNA polymerase II	ENSMUSG00000024256	Adcyap1	ISS, ISO, IEA
CRE upregulated	GO:0045944	positive regulation of transcription by RNA polymerase II	ENSMUSG00000034832	Tet3	ISS, IBA, IEA
CRE upregulated	GO:0045944	positive regulation of transcription by RNA polymerase II	ENSMUSG00000002250	Ppard	IBA, IEA
CRE upregulated	GO:0045944	positive regulation of transcription by RNA polymerase II	ENSMUSG00000053436	Mapk14	IMP, ISO
CRE upregulated	GO:0045944	positive regulation of transcription by RNA polymerase II	ENSMUSG00000048490	Nrip1	IBA, IEA
CRE upregulated	GO:0045944	positive regulation of transcription by RNA polymerase II	ENSMUSG00000013089	Etv5	IEA
CRE upregulated	GO:0045944	positive regulation of transcription by RNA polymerase II	ENSMUSG00000025746	Il6	IDA, IGI, ISO
CRE upregulated	GO:0045944	positive regulation of transcription by RNA polymerase II	ENSMUSG00000032231	Anxa2	IDA
CRE upregulated	GO:0045944	positive regulation of transcription by RNA polymerase II	ENSMUSG00000055994	Nod2	ISS, IEA
CRE upregulated	GO:0045944	positive regulation of transcription by RNA polymerase II	ENSMUSG00000063889	Crem	IGI
CRE upregulated	GO:0045944	positive regulation of transcription by RNA polymerase II	ENSMUSG00000042406	Atf4	IDA, IMP, IGI, ISO, IEA
CRE upregulated	GO:0045944	positive regulation of transcription by RNA polymerase II	ENSMUSG00000025408	Ddit3	IMP, IGI, ISO, NAS, IEA
CRE upregulated	GO:0045944	positive regulation of transcription by RNA polymerase II	ENSMUSG00000018909	Arrb1	ISO, IEA
CRE upregulated	GO:0045944	positive regulation of transcription by RNA polymerase II	ENSMUSG00000020248	Nfyb	ISO, IEA
CRE upregulated	GO:0045944	positive regulation of transcription by RNA polymerase II	ENSMUSG00000024349	Sting1	IDA, IEA
CRE upregulated	GO:0045944	positive regulation of transcription by RNA polymerase II	ENSMUSG00000030057	Cnbp	IDA
CRE upregulated	GO:0045944	positive regulation of transcription by RNA polymerase II	ENSMUSG00000000134	Tfe3	IDA, IEA
CRE upregulated	GO:0045944	positive regulation of transcription by RNA polymerase II	ENSMUSG00000028901	Gmeb1	IDA
CRE upregulated	GO:0045944	positive regulation of transcription by RNA polymerase II	ENSMUSG00000001627	Ifrd1	ISO
CRE upregulated	GO:0045944	positive regulation of transcription by RNA polymerase II	ENSMUSG00000022346	Myc	IDA, IMP, ISO, IEA
CRE upregulated	GO:0045944	positive regulation of transcription by RNA polymerase II	ENSMUSG00000024789	Jak2	IGI
CRE upregulated	GO:0045944	positive regulation of transcription by RNA polymerase II	ENSMUSG00000004040	ENSMUSG00000004040	IDA, IMP, IGI, ISO, IEA
CRE upregulated	GO:0045944	positive regulation of transcription by RNA polymerase II	ENSMUSG00000042292	Mrtfa	IDA, ISS, IBA, IEA
CRE upregulated	GO:0045944	positive regulation of transcription by RNA polymerase II	ENSMUSG00000061589	Dot1l	ISO, IEA
CRE upregulated	GO:0045944	positive regulation of transcription by RNA polymerase II	ENSMUSG00000029135	Fosl2	IDA, IEA
CRE upregulated	GO:0045944	positive regulation of transcription by RNA polymerase II	ENSMUSG00000059866	Tnip2	ISS, IEA
CRE upregulated	GO:0045944	positive regulation of transcription by RNA polymerase II	ENSMUSG00000040033	ENSMUSG00000040033	IEA
CRE upregulated	GO:0045944	positive regulation of transcription by RNA polymerase II	ENSMUSG00000024912	Fosl1	ISO, IEA
CRE upregulated	GO:0045944	positive regulation of transcription by RNA polymerase II	ENSMUSG00000024927	Rela	IDA, ISS, IBA, IEA
CRE upregulated	GO:0045944	positive regulation of transcription by RNA polymerase II	ENSMUSG00000003435	ENSMUSG00000003435	ISO, IEA
CRE upregulated	GO:0045944	positive regulation of transcription by RNA polymerase II	ENSMUSG00000024238	Zeb1	IDA, IGI, ISO, IEA
CRE upregulated	GO:0045944	positive regulation of transcription by RNA polymerase II	ENSMUSG00000024947	Men1	IDA, IMP, IGI, ISO, IEA
CRE upregulated	GO:0045944	positive regulation of transcription by RNA polymerase II	ENSMUSG00000029071	ENSMUSG00000029071	IEA
CRE upregulated	GO:0045944	positive regulation of transcription by RNA polymerase II	ENSMUSG00000040433	Zbtb38	ISO
CRE upregulated	GO:0045944	positive regulation of transcription by RNA polymerase II	ENSMUSG00000024777	ENSMUSG00000024777	ISO, IEA
CRE upregulated	GO:0045944	positive regulation of transcription by RNA polymerase II	ENSMUSG00000028466	Creb3	IEA
CRE upregulated	GO:0045944	positive regulation of transcription by RNA polymerase II	ENSMUSG00000071637	Cebpd	IDA, ISO, IEA
CRE upregulated	GO:0045944	positive regulation of transcription by RNA polymerase II	ENSMUSG00000015776	Med22	NAS
CRE upregulated	GO:0045944	positive regulation of transcription by RNA polymerase II	ENSMUSG00000053175	Bcl3	IDA, IBA
CRE upregulated	GO:0045944	positive regulation of transcription by RNA polymerase II	ENSMUSG00000059796	Eif4a1	ISS, IEA
CRE upregulated	GO:0045944	positive regulation of transcription by RNA polymerase II	ENSMUSG00000030199	Etv6	IDA
CRE upregulated	GO:0045944	positive regulation of transcription by RNA polymerase II	ENSMUSG00000003154	Foxj2	IEA
CRE upregulated	GO:0045944	positive regulation of transcription by RNA polymerase II	ENSMUSG00000055491	ENSMUSG00000055491	IBA
CRE upregulated	GO:0045944	positive regulation of transcription by RNA polymerase II	ENSMUSG00000052837	ENSMUSG00000052837	IMP, IEA
CRE upregulated	GO:0045944	positive regulation of transcription by RNA polymerase II	ENSMUSG00000028840	Zfp593	IEA
CRE upregulated	GO:0045944	positive regulation of transcription by RNA polymerase II	ENSMUSG00000021796	Bmpr1a	IDA, IMP, IEA
CRE upregulated	GO:0045944	positive regulation of transcription by RNA polymerase II	ENSMUSG00000029110	ENSMUSG00000029110	IDA, ISS, ISO, IBA, IEA
CRE upregulated	GO:0045944	positive regulation of transcription by RNA polymerase II	ENSMUSG00000021890	ENSMUSG00000021890	ISO
CRE upregulated	GO:0045944	positive regulation of transcription by RNA polymerase II	ENSMUSG00000039191	Rbpj	IDA, IMP, IGI, ISS, IEA
CRE upregulated	GO:0045944	positive regulation of transcription by RNA polymerase II	ENSMUSG00000019256	ENSMUSG00000019256	IEA
CRE upregulated	GO:0045944	positive regulation of transcription by RNA polymerase II	ENSMUSG00000051316	Taf7	ISS, ISO, IEA
CRE upregulated	GO:0045944	positive regulation of transcription by RNA polymerase II	ENSMUSG00000001552	ENSMUSG00000001552	IBA
CRE upregulated	GO:0045944	positive regulation of transcription by RNA polymerase II	ENSMUSG00000040463	ENSMUSG00000040463	NAS
CRE upregulated	GO:0045944	positive regulation of transcription by RNA polymerase II	ENSMUSG00000000787	ENSMUSG00000000787	ISS
CRE upregulated	GO:0045944	positive regulation of transcription by RNA polymerase II	ENSMUSG00000022948	Setd4	IBA
CRE upregulated	GO:0045944	positive regulation of transcription by RNA polymerase II	ENSMUSG00000038676	Ucn	IMP
CRE upregulated	GO:0045944	positive regulation of transcription by RNA polymerase II	ENSMUSG00000032508	Myd88	IMP
CRE upregulated	GO:0045944	positive regulation of transcription by RNA polymerase II	ENSMUSG00000002633	Shh	IDA, IMP, IGI
CRE upregulated	GO:0045944	positive regulation of transcription by RNA polymerase II	ENSMUSG00000008384	Sertad1	IGI
CRE upregulated	GO:0045944	positive regulation of transcription by RNA polymerase II	ENSMUSG00000027944	Hax1	IEA
CRE upregulated	GO:0045944	positive regulation of transcription by RNA polymerase II	ENSMUSG00000039671	ENSMUSG00000039671	IEA
CRE upregulated	GO:0045944	positive regulation of transcription by RNA polymerase II	ENSMUSG00000028291	ENSMUSG00000028291	IDA, IMP, IBA
CRE upregulated	GO:0045944	positive regulation of transcription by RNA polymerase II	ENSMUSG00000037465	Klf10	IEA
CRE upregulated	GO:0045944	positive regulation of transcription by RNA polymerase II	ENSMUSG00000003119	ENSMUSG00000003119	ISS, ISO, IBA, IEA
CRE upregulated	GO:0045944	positive regulation of transcription by RNA polymerase II	ENSMUSG00000055067	ENSMUSG00000055067	IMP
CRE upregulated	GO:0045944	positive regulation of transcription by RNA polymerase II	ENSMUSG00000015839	Nfe2l2	IDA, IMP, ISO, IEA
CRE upregulated	GO:0045944	positive regulation of transcription by RNA polymerase II	ENSMUSG00000024907	Gal	ISS, IEA
CRE upregulated	GO:0016043	cellular component organization	ENSMUSG00000036390	Gadd45a	IGI
CRE upregulated	GO:0016043	cellular component organization	ENSMUSG00000051379	Flrt3	IDA, IMP, ISS, ISO, IEA
CRE upregulated	GO:0016043	cellular component organization	ENSMUSG00000052684	Jun	IMP, ISO
CRE upregulated	GO:0016043	cellular component organization	ENSMUSG00000019647	Sema6a	IMP, IBA, NAS
CRE upregulated	GO:0016043	cellular component organization	ENSMUSG00000001473	Tubb6	IBA, IEA
CRE upregulated	GO:0016043	cellular component organization	ENSMUSG00000046223	Plaur	IEA
CRE upregulated	GO:0016043	cellular component organization	ENSMUSG00000004951	Hspb1	ISO
CRE upregulated	GO:0016043	cellular component organization	ENSMUSG00000046688	Tifa	ISS, IEA
CRE upregulated	GO:0016043	cellular component organization	ENSMUSG00000025473	Adam8	TAS
CRE upregulated	GO:0016043	cellular component organization	ENSMUSG00000022044	Stmn4	IBA, IEA
CRE upregulated	GO:0016043	cellular component organization	ENSMUSG00000028494	Plin2	ISS, IEA
CRE upregulated	GO:0016043	cellular component organization	ENSMUSG00000046731	Kctd11	IEA
CRE upregulated	GO:0016043	cellular component organization	ENSMUSG00000024143	Rhoq	IMP, IBA, TAS, IEA
CRE upregulated	GO:0016043	cellular component organization	ENSMUSG00000019876	Pkib	IEA
CRE upregulated	GO:0016043	cellular component organization	ENSMUSG00000030748	Il4ra	IMP
CRE upregulated	GO:0016043	cellular component organization	ENSMUSG00000023905	Tnfrsf12a	IDA
CRE upregulated	GO:0016043	cellular component organization	ENSMUSG00000030102	Itpr1	IDA, ISO
CRE upregulated	GO:0016043	cellular component organization	ENSMUSG00000025089	Gfra1	ISO, IEA
CRE upregulated	GO:0016043	cellular component organization	ENSMUSG00000037705	Tecta	IGI
CRE upregulated	GO:0016043	cellular component organization	ENSMUSG00000020427	Igfbp3	IGI, ISO
CRE upregulated	GO:0016043	cellular component organization	ENSMUSG00000023067	Cdkn1a	IEA
CRE upregulated	GO:0016043	cellular component organization	ENSMUSG00000024404	Riok3	IEA
CRE upregulated	GO:0016043	cellular component organization	ENSMUSG00000006304	Arpc2	IDA, ISO, IBA, IEA
CRE upregulated	GO:0016043	cellular component organization	ENSMUSG00000038650	Rnh1	IBA
CRE upregulated	GO:0016043	cellular component organization	ENSMUSG00000109901	Chmp1b	ISO, NAS, IEA
CRE upregulated	GO:0016043	cellular component organization	ENSMUSG00000028226	Mmp16	IBA
CRE upregulated	GO:0016043	cellular component organization	ENSMUSG00000030272	Camk1	ISS, ISO, IEA
CRE upregulated	GO:0016043	cellular component organization	ENSMUSG00000004846	Plod3	IMP
CRE upregulated	GO:0016043	cellular component organization	ENSMUSG00000033983	Coil	IBA
CRE upregulated	GO:0016043	cellular component organization	ENSMUSG00000050989	Selenon	IMP
CRE upregulated	GO:0016043	cellular component organization	ENSMUSG00000058153	Sez6l	IGI, IBA
CRE upregulated	GO:0016043	cellular component organization	ENSMUSG00000030095	Tmem43	IDA, ISO, IBA, IEA
CRE upregulated	GO:0016043	cellular component organization	ENSMUSG00000024261	Syt4	IMP, ISO, IBA, IEA
CRE upregulated	GO:0016043	cellular component organization	ENSMUSG00000032939	Nup93	ISS, IEA
CRE upregulated	GO:0016043	cellular component organization	ENSMUSG00000036160	Surf6	NAS
CRE upregulated	GO:0016043	cellular component organization	ENSMUSG00000029378	Areg	ISO, IEA
CRE upregulated	GO:0016043	cellular component organization	ENSMUSG00000042688	Mapk6	IGI
CRE upregulated	GO:0016043	cellular component organization	ENSMUSG00000005087	Cd44	IEA
CRE upregulated	GO:0016043	cellular component organization	ENSMUSG00000038943	Prc1	ISO, IBA, IEA
CRE upregulated	GO:0016043	cellular component organization	ENSMUSG00000028896	Rcc1	ISS, IEA
CRE upregulated	GO:0016043	cellular component organization	ENSMUSG00000068566	Myadm	IEA
CRE upregulated	GO:0016043	cellular component organization	ENSMUSG00000048482	Bdnf	IDA, IMP, IGI, ISO, IBA, IEA
CRE upregulated	GO:0016043	cellular component organization	ENSMUSG00000024256	Adcyap1	ISS, ISO, IBA, IEA
CRE upregulated	GO:0016043	cellular component organization	ENSMUSG00000015745	Plekho1	IDA, IMP, IBA
CRE upregulated	GO:0016043	cellular component organization	ENSMUSG00000034832	Tet3	IMP, IEA
CRE upregulated	GO:0016043	cellular component organization	ENSMUSG00000056076	Eif3b	IEA
CRE upregulated	GO:0016043	cellular component organization	ENSMUSG00000037458	Azin1	ISO
CRE upregulated	GO:0016043	cellular component organization	ENSMUSG00000018736	Ndel1	IMP, IGI, ISS, ISO, IBA
CRE upregulated	GO:0016043	cellular component organization	ENSMUSG00000002250	Ppard	ISO
CRE upregulated	GO:0016043	cellular component organization	ENSMUSG00000018507	Trpv2	IMP
CRE upregulated	GO:0016043	cellular component organization	ENSMUSG00000021501	Caml	ISS, ISO, IBA, IEA
CRE upregulated	GO:0016043	cellular component organization	ENSMUSG00000041870	Ankrd13a	ISS, IEA
CRE upregulated	GO:0016043	cellular component organization	ENSMUSG00000037568	Vash2	ISS, IEA
CRE upregulated	GO:0016043	cellular component organization	ENSMUSG00000039473	Ubn1	IBA, IEA
CRE upregulated	GO:0016043	cellular component organization	ENSMUSG00000025337	Sbds	ISS, IEA
CRE upregulated	GO:0016043	cellular component organization	ENSMUSG00000024376	Epb41l4a	IBA
CRE upregulated	GO:0016043	cellular component organization	ENSMUSG00000005069	Pex5	IDA, IMP, ISS, IBA, TAS, IEA
CRE upregulated	GO:0016043	cellular component organization	ENSMUSG00000029518	Rab35	IMP
CRE upregulated	GO:0016043	cellular component organization	ENSMUSG00000045136	Tubb2b	ISS, IBA, IEA
CRE upregulated	GO:0016043	cellular component organization	ENSMUSG00000054855	Rnd1	IBA, IEA
CRE upregulated	GO:0016043	cellular component organization	ENSMUSG00000029201	Ugdh	ISS, IEA
CRE upregulated	GO:0016043	cellular component organization	ENSMUSG00000028789	Azin2	ISS, IEA
CRE upregulated	GO:0016043	cellular component organization	ENSMUSG00000027540	Ptpn1	ISS, IEA
CRE upregulated	GO:0016043	cellular component organization	ENSMUSG00000019461	Plscr3	ISS, IBA, IEA
CRE upregulated	GO:0016043	cellular component organization	ENSMUSG00000043895	S1pr2	EXP, IDA, IEA
CRE upregulated	GO:0016043	cellular component organization	ENSMUSG00000039232	Stx11	IEA
CRE upregulated	GO:0016043	cellular component organization	ENSMUSG00000028063	Lmna	IMP, IGI, ISS, IBA, IEA
CRE upregulated	GO:0016043	cellular component organization	ENSMUSG00000034226	Rhov	IBA
CRE upregulated	GO:0016043	cellular component organization	ENSMUSG00000026254	Eif4e2	IEA
CRE upregulated	GO:0016043	cellular component organization	ENSMUSG00000029121	Crmp1	IDA, IEP, IEA
CRE upregulated	GO:0016043	cellular component organization	ENSMUSG00000028645	Slc2a1	ISS, IEA
CRE upregulated	GO:0016043	cellular component organization	ENSMUSG00000063506	Arhgap22	IEA
CRE upregulated	GO:0016043	cellular component organization	ENSMUSG00000028849	Map7d1	IBA, IEA
CRE upregulated	GO:0016043	cellular component organization	ENSMUSG00000053436	Mapk14	EXP, IDA, IMP, IEP
CRE upregulated	GO:0016043	cellular component organization	ENSMUSG00000025809	Itgb1	IDA, IMP, IGI, ISO, IEA
CRE upregulated	GO:0016043	cellular component organization	ENSMUSG00000040025	Ythdf2	ISS, IEA
CRE upregulated	GO:0016043	cellular component organization	ENSMUSG00000025239	Limd1	ISS, ISO, IBA, IEA
CRE upregulated	GO:0016043	cellular component organization	ENSMUSG00000023030	Slc11a2	IMP
CRE upregulated	GO:0016043	cellular component organization	ENSMUSG00000015243	Abca1	IMP, IEA
CRE upregulated	GO:0016043	cellular component organization	ENSMUSG00000022272	Myo10	ISS, IBA, IEA
CRE upregulated	GO:0016043	cellular component organization	ENSMUSG00000022096	Hr	IEA
CRE upregulated	GO:0016043	cellular component organization	ENSMUSG00000013089	Etv5	IMP
CRE upregulated	GO:0016043	cellular component organization	ENSMUSG00000020592	Sdc1	IEA
CRE upregulated	GO:0016043	cellular component organization	ENSMUSG00000025746	Il6	ISO
CRE upregulated	GO:0016043	cellular component organization	ENSMUSG00000002233	Rhoc	IDA, IMP, IBA, IEA
CRE upregulated	GO:0016043	cellular component organization	ENSMUSG00000032231	Anxa2	IMP, ISO, IBA, NAS, IEA
CRE upregulated	GO:0016043	cellular component organization	ENSMUSG00000047368	Abhd17b	IMP, ISO, IBA
CRE upregulated	GO:0016043	cellular component organization	ENSMUSG00000031078	Cttn	IGI, ISS, ISO, IBA, IEA
CRE upregulated	GO:0016043	cellular component organization	ENSMUSG00000022607	Ptk2	IDA, IMP, ISO, IEA
CRE upregulated	GO:0016043	cellular component organization	ENSMUSG00000055994	Nod2	IMP
CRE upregulated	GO:0016043	cellular component organization	ENSMUSG00000043091	Tuba1c	IBA, IEA
CRE upregulated	GO:0016043	cellular component organization	ENSMUSG00000037062	Sh3glb1	IMP, ISO, IBA, IEA
CRE upregulated	GO:0016043	cellular component organization	ENSMUSG00000034247	Plekhm1	IMP, ISS, IEA
CRE upregulated	GO:0016043	cellular component organization	ENSMUSG00000024772	Ehd1	IMP, ISS, ISO, IBA, IEA
CRE upregulated	GO:0016043	cellular component organization	ENSMUSG00000027293	Ehd4	ISS, ISO, IBA, IEA
CRE upregulated	GO:0016043	cellular component organization	ENSMUSG00000020580	Rock2	IEA
CRE upregulated	GO:0016043	cellular component organization	ENSMUSG00000021990	Spata13	IEA
CRE upregulated	GO:0016043	cellular component organization	ENSMUSG00000067787	Blcap	IEA
CRE upregulated	GO:0016043	cellular component organization	ENSMUSG00000027613	Eif6	ISS, IBA, IEA
CRE upregulated	GO:0016043	cellular component organization	ENSMUSG00000033039	Micall1	IMP, ISS, ISO, IEA
CRE upregulated	GO:0016043	cellular component organization	ENSMUSG00000059923	Grb2	IGI, IEA
CRE upregulated	GO:0016043	cellular component organization	ENSMUSG00000052557	Gan	ISO, IEA
CRE upregulated	GO:0016043	cellular component organization	ENSMUSG00000055078	Gabra5	IBA
CRE upregulated	GO:0016043	cellular component organization	ENSMUSG00000017929	B4galt5	IMP
CRE upregulated	GO:0016043	cellular component organization	ENSMUSG00000020271	Fbxw11	IBA
CRE upregulated	GO:0016043	cellular component organization	ENSMUSG00000001507	Itga3	IDA, IMP, IGI, ISO, IEA
CRE upregulated	GO:0016043	cellular component organization	ENSMUSG00000031628	Casp3	ISO, IEA
CRE upregulated	GO:0016043	cellular component organization	ENSMUSG00000032078	Zpr1	IMP, IBA, IEA
CRE upregulated	GO:0016043	cellular component organization	ENSMUSG00000055407	Map6	ISS, ISO, IBA, IEA
CRE upregulated	GO:0016043	cellular component organization	ENSMUSG00000001847	Rac1	IDA, IMP, IGI, ISO, IBA, TAS, IEA
CRE upregulated	GO:0016043	cellular component organization	ENSMUSG00000042121	Ssh1	ISO, IBA, IEA
CRE upregulated	GO:0016043	cellular component organization	ENSMUSG00000050271	Prag1	ISS, ISO, IEA
CRE upregulated	GO:0016043	cellular component organization	ENSMUSG00000030077	Chl1	IDA, IMP, IEA
CRE upregulated	GO:0016043	cellular component organization	ENSMUSG00000018909	Arrb1	ISS, IEA
CRE upregulated	GO:0016043	cellular component organization	ENSMUSG00000024349	Sting1	IMP, ISS, IBA, IEA
CRE upregulated	GO:0016043	cellular component organization	ENSMUSG00000024521	Pmaip1	IDA, IMP, IEA
CRE upregulated	GO:0016043	cellular component organization	ENSMUSG00000026317	Cln8	IMP
CRE upregulated	GO:0016043	cellular component organization	ENSMUSG00000044667	Plppr4	IDA, IMP, ISO, IBA
CRE upregulated	GO:0016043	cellular component organization	ENSMUSG00000028145	Them4	ISS, IEA
CRE upregulated	GO:0016043	cellular component organization	ENSMUSG00000024360	Etf1	ISO, IBA, IEA
CRE upregulated	GO:0016043	cellular component organization	ENSMUSG00000027455	Nsfl1c	ISO, IBA, IEA
CRE upregulated	GO:0016043	cellular component organization	ENSMUSG00000057531	Dtnbp1	IDA, IMP, ISS, ISO, IBA, NAS, IEA
CRE upregulated	GO:0016043	cellular component organization	ENSMUSG00000058355	Abce1	ISS, IBA, IEA
CRE upregulated	GO:0016043	cellular component organization	ENSMUSG00000000134	Tfe3	ISS, IEA
CRE upregulated	GO:0016043	cellular component organization	ENSMUSG00000004768	Rab23	IEA
CRE upregulated	GO:0016043	cellular component organization	ENSMUSG00000015837	Sqstm1	IDA, ISS, IBA, IEA
CRE upregulated	GO:0016043	cellular component organization	ENSMUSG00000030677	Kif22	ISS, IEA
CRE upregulated	GO:0016043	cellular component organization	ENSMUSG00000030309	Caprin2	IMP, ISS
CRE upregulated	GO:0016043	cellular component organization	ENSMUSG00000029131	Dnajb6	IMP, IEA
CRE upregulated	GO:0016043	cellular component organization	ENSMUSG00000036737	Oxsr1	IEA
CRE upregulated	GO:0016043	cellular component organization	ENSMUSG00000037580	Gch1	ISO, IEA
CRE upregulated	GO:0016043	cellular component organization	ENSMUSG00000023087	Noct	IGI
CRE upregulated	GO:0016043	cellular component organization	ENSMUSG00000017428	Psmd11	ISS, IEA
CRE upregulated	GO:0016043	cellular component organization	ENSMUSG00000031955	Bcar1	ISS, ISO, IEA
CRE upregulated	GO:0016043	cellular component organization	ENSMUSG00000001627	Ifrd1	IGI
CRE upregulated	GO:0016043	cellular component organization	ENSMUSG00000036057	Ptpn23	ISS, IEA
CRE upregulated	GO:0016043	cellular component organization	ENSMUSG00000015316	Slamf1	IMP
CRE upregulated	GO:0016043	cellular component organization	ENSMUSG00000029765	Plxna4	IDA, IMP, IGI, IBA
CRE upregulated	GO:0016043	cellular component organization	ENSMUSG00000030917	Ldaf1	ISS, IEA
CRE upregulated	GO:0016043	cellular component organization	ENSMUSG00000022346	Myc	IMP, ISS, ISO, IEA
CRE upregulated	GO:0016043	cellular component organization	ENSMUSG00000027954	Efna1	IDA, IBA
CRE upregulated	GO:0016043	cellular component organization	ENSMUSG00000055809	Dnaaf3	ISS, IBA, IEA
CRE upregulated	GO:0016043	cellular component organization	ENSMUSG00000024789	Jak2	ISS, ISO, IEA
CRE upregulated	GO:0016043	cellular component organization	ENSMUSG00000004040	ENSMUSG00000004040	ISO
CRE upregulated	GO:0016043	cellular component organization	ENSMUSG00000042292	Mrtfa	IDA, IGI, IEA
CRE upregulated	GO:0016043	cellular component organization	ENSMUSG00000061589	Dot1l	IEA
CRE upregulated	GO:0016043	cellular component organization	ENSMUSG00000025178	Pi4k2a	IBA
CRE upregulated	GO:0016043	cellular component organization	ENSMUSG00000022602	Arc	IDA, IMP, ISS, ISO, IBA, IEA
CRE upregulated	GO:0016043	cellular component organization	ENSMUSG00000022555	Dgat1	IEA
CRE upregulated	GO:0016043	cellular component organization	ENSMUSG00000029578	Wipi2	IPI, ISS, IBA, IEA
CRE upregulated	GO:0016043	cellular component organization	ENSMUSG00000109511	Nup62	IEA
CRE upregulated	GO:0016043	cellular component organization	ENSMUSG00000047554	Tmem41b	ISS, IBA, IEA
CRE upregulated	GO:0016043	cellular component organization	ENSMUSG00000029860	Zyx	IEA
CRE upregulated	GO:0016043	cellular component organization	ENSMUSG00000031310	ENSMUSG00000031310	ISS, IEA
CRE upregulated	GO:0016043	cellular component organization	ENSMUSG00000033769	Exoc6b	NAS, IEA
CRE upregulated	GO:0016043	cellular component organization	ENSMUSG00000050335	Lgals3	IEA
CRE upregulated	GO:0016043	cellular component organization	ENSMUSG00000024190	Dusp1	ISS
CRE upregulated	GO:0016043	cellular component organization	ENSMUSG00000030223	ENSMUSG00000030223	IDA, IMP, IBA
CRE upregulated	GO:0016043	cellular component organization	ENSMUSG00000027797	Dclk1	IDA, IMP, IGI, IBA, IEA
CRE upregulated	GO:0016043	cellular component organization	ENSMUSG00000004865	ENSMUSG00000004865	IBA
CRE upregulated	GO:0016043	cellular component organization	ENSMUSG00000036882	ENSMUSG00000036882	IDA, IMP, ISO, IEA
CRE upregulated	GO:0016043	cellular component organization	ENSMUSG00000017615	Tnfaip1	ISS, IEA
CRE upregulated	GO:0016043	cellular component organization	ENSMUSG00000033545	Znrf1	TAS, IEA
CRE upregulated	GO:0016043	cellular component organization	ENSMUSG00000026930	Gpsm1	IBA
CRE upregulated	GO:0016043	cellular component organization	ENSMUSG00000040033	ENSMUSG00000040033	IEA
CRE upregulated	GO:0016043	cellular component organization	ENSMUSG00000024803	Ankrd1	ISO
CRE upregulated	GO:0016043	cellular component organization	ENSMUSG00000023915	Tnfrsf21	ISO, IEA
CRE upregulated	GO:0016043	cellular component organization	ENSMUSG00000024912	Fosl1	IMP
CRE upregulated	GO:0016043	cellular component organization	ENSMUSG00000024927	Rela	IMP
CRE upregulated	GO:0016043	cellular component organization	ENSMUSG00000036206	Sh3bp4	ISS, IEA
CRE upregulated	GO:0016043	cellular component organization	ENSMUSG00000025793	ENSMUSG00000025793	IEA
CRE upregulated	GO:0016043	cellular component organization	ENSMUSG00000038591	Colec10	IEA
CRE upregulated	GO:0016043	cellular component organization	ENSMUSG00000027692	Tnik	ISS, ISO, IBA, IEA
CRE upregulated	GO:0016043	cellular component organization	ENSMUSG00000002733	Plekha3	IBA
CRE upregulated	GO:0016043	cellular component organization	ENSMUSG00000003435	ENSMUSG00000003435	IEA
CRE upregulated	GO:0016043	cellular component organization	ENSMUSG00000055044	Pdlim1	ISO, IBA, IEA
CRE upregulated	GO:0016043	cellular component organization	ENSMUSG00000026718	ENSMUSG00000026718	IEA
CRE upregulated	GO:0016043	cellular component organization	ENSMUSG00000026078	Pdcl3	IEA
CRE upregulated	GO:0016043	cellular component organization	ENSMUSG00000028893	Sesn2	IDA, IMP
CRE upregulated	GO:0016043	cellular component organization	ENSMUSG00000025279	ENSMUSG00000025279	IDA, IBA, IEA
CRE upregulated	GO:0016043	cellular component organization	ENSMUSG00000038861	Pi4kb	ISO, IEA
CRE upregulated	GO:0016043	cellular component organization	ENSMUSG00000024947	Men1	IMP, IGI, IEA
CRE upregulated	GO:0016043	cellular component organization	ENSMUSG00000067006	ENSMUSG00000067006	IMP
CRE upregulated	GO:0016043	cellular component organization	ENSMUSG00000029071	ENSMUSG00000029071	IDA, IMP, IGI, ISO, IEA
CRE upregulated	GO:0016043	cellular component organization	ENSMUSG00000042743	Sgtb	ISO, IEA
CRE upregulated	GO:0016043	cellular component organization	ENSMUSG00000022125	Cln5	IMP, ISS, IBA, IEA
CRE upregulated	GO:0016043	cellular component organization	ENSMUSG00000037514	Pank2	IMP
CRE upregulated	GO:0016043	cellular component organization	ENSMUSG00000064210	ENSMUSG00000064210	IDA, IMP, IBA, IEA
CRE upregulated	GO:0016043	cellular component organization	ENSMUSG00000032902	Slc16a1	IEA
CRE upregulated	GO:0016043	cellular component organization	ENSMUSG00000024777	ENSMUSG00000024777	ISO, IEA
CRE upregulated	GO:0016043	cellular component organization	ENSMUSG00000024335	Brd2	IDA, ISS, IBA, IEA
CRE upregulated	GO:0016043	cellular component organization	ENSMUSG00000026074	Map4k4	IEA
CRE upregulated	GO:0016043	cellular component organization	ENSMUSG00000025485	ENSMUSG00000025485	IMP
CRE upregulated	GO:0016043	cellular component organization	ENSMUSG00000020694	ENSMUSG00000020694	ISS, IEA
CRE upregulated	GO:0016043	cellular component organization	ENSMUSG00000037876	Jmjd1c	IEA
CRE upregulated	GO:0016043	cellular component organization	ENSMUSG00000029175	Slc35f6	ISS, IEA
CRE upregulated	GO:0016043	cellular component organization	ENSMUSG00000025162	ENSMUSG00000025162	IMP, IBA, IEA
CRE upregulated	GO:0016043	cellular component organization	ENSMUSG00000052921	Arhgef15	IDA, IMP, ISS, ISO
CRE upregulated	GO:0016043	cellular component organization	ENSMUSG00000015776	Med22	NAS
CRE upregulated	GO:0016043	cellular component organization	ENSMUSG00000031278	ENSMUSG00000031278	ISO
CRE upregulated	GO:0016043	cellular component organization	ENSMUSG00000053175	Bcl3	IMP
CRE upregulated	GO:0016043	cellular component organization	ENSMUSG00000032599	ENSMUSG00000032599	IEA
CRE upregulated	GO:0016043	cellular component organization	ENSMUSG00000040640	ENSMUSG00000040640	IDA, IMP, IBA
CRE upregulated	GO:0016043	cellular component organization	ENSMUSG00000030199	Etv6	IMP
CRE upregulated	GO:0016043	cellular component organization	ENSMUSG00000037815	Ctnna1	IMP, ISO, IEA
CRE upregulated	GO:0016043	cellular component organization	ENSMUSG00000003154	Foxj2	IMP
CRE upregulated	GO:0016043	cellular component organization	ENSMUSG00000022353	ENSMUSG00000022353	IEA
CRE upregulated	GO:0016043	cellular component organization	ENSMUSG00000020349	ENSMUSG00000020349	IMP
CRE upregulated	GO:0016043	cellular component organization	ENSMUSG00000023307	Marchf5	ISS, IBA, IEA
CRE upregulated	GO:0016043	cellular component organization	ENSMUSG00000025340	Rabgef1	IMP
CRE upregulated	GO:0016043	cellular component organization	ENSMUSG00000039108	ENSMUSG00000039108	IMP
CRE upregulated	GO:0016043	cellular component organization	ENSMUSG00000062866	ENSMUSG00000062866	IBA
CRE upregulated	GO:0016043	cellular component organization	ENSMUSG00000028599	Tnfrsf1b	IGI
CRE upregulated	GO:0016043	cellular component organization	ENSMUSG00000004530	ENSMUSG00000004530	IGI, ISS, IBA, TAS, IEA
CRE upregulated	GO:0016043	cellular component organization	ENSMUSG00000044147	Arf6	IMP, ISO, IBA, IEA
CRE upregulated	GO:0016043	cellular component organization	ENSMUSG00000036180	ENSMUSG00000036180	ISO, IEA
CRE upregulated	GO:0016043	cellular component organization	ENSMUSG00000011877	Git1	ISS, ISO, IEA
CRE upregulated	GO:0016043	cellular component organization	ENSMUSG00000031937	ENSMUSG00000031937	IDA, IMP, IBA
CRE upregulated	GO:0016043	cellular component organization	ENSMUSG00000025060	ENSMUSG00000025060	ISS, IEA
CRE upregulated	GO:0016043	cellular component organization	ENSMUSG00000062234	ENSMUSG00000062234	IEA
CRE upregulated	GO:0016043	cellular component organization	ENSMUSG00000047281	ENSMUSG00000047281	IDA, IEA
CRE upregulated	GO:0016043	cellular component organization	ENSMUSG00000025351	Cd63	ISS, ISO, IEA
CRE upregulated	GO:0016043	cellular component organization	ENSMUSG00000049649	Gpr3	IMP
CRE upregulated	GO:0016043	cellular component organization	ENSMUSG00000044465	ENSMUSG00000044465	ISS, IBA, IEA
CRE upregulated	GO:0016043	cellular component organization	ENSMUSG00000016534	ENSMUSG00000016534	IMP, ISS, IBA, IEA
CRE upregulated	GO:0016043	cellular component organization	ENSMUSG00000025366	ENSMUSG00000025366	ISS, IEA
CRE upregulated	GO:0016043	cellular component organization	ENSMUSG00000034543	ENSMUSG00000034543	ISS
CRE upregulated	GO:0016043	cellular component organization	ENSMUSG00000029110	ENSMUSG00000029110	ISS, IEA
CRE upregulated	GO:0016043	cellular component organization	ENSMUSG00000041598	Cdc42ep4	IBA, IEA
CRE upregulated	GO:0016043	cellular component organization	ENSMUSG00000045664	Cdc42ep2	IBA, IEA
CRE upregulated	GO:0016043	cellular component organization	ENSMUSG00000027465	Tbc1d20	IMP, IEA
CRE upregulated	GO:0016043	cellular component organization	ENSMUSG00000045763	ENSMUSG00000045763	IEA
CRE upregulated	GO:0016043	cellular component organization	ENSMUSG00000037860	Aim2	IDA, IEA
CRE upregulated	GO:0016043	cellular component organization	ENSMUSG00000028434	Epb41l4b	ISO, IBA, IEA
CRE upregulated	GO:0016043	cellular component organization	ENSMUSG00000000001	ENSMUSG00000000001	ISO
CRE upregulated	GO:0016043	cellular component organization	ENSMUSG00000022270	ENSMUSG00000022270	IMP
CRE upregulated	GO:0016043	cellular component organization	ENSMUSG00000048668	Rhno1	IEA
CRE upregulated	GO:0016043	cellular component organization	ENSMUSG00000022656	ENSMUSG00000022656	IDA, IMP
CRE upregulated	GO:0016043	cellular component organization	ENSMUSG00000039844	ENSMUSG00000039844	ISO, IEA
CRE upregulated	GO:0016043	cellular component organization	ENSMUSG00000051316	Taf7	ISS, ISO, IBA, IEA
CRE upregulated	GO:0016043	cellular component organization	ENSMUSG00000001552	ENSMUSG00000001552	IMP, IEA
CRE upregulated	GO:0016043	cellular component organization	ENSMUSG00000000346	Dazap2	ISS, IEA
CRE upregulated	GO:0016043	cellular component organization	ENSMUSG00000017677	Wsb1	IDA, IMP
CRE upregulated	GO:0016043	cellular component organization	ENSMUSG00000040463	ENSMUSG00000040463	NAS
CRE upregulated	GO:0016043	cellular component organization	ENSMUSG00000020671	ENSMUSG00000020671	ISS, ISO, IEA
CRE upregulated	GO:0016043	cellular component organization	ENSMUSG00000004099	ENSMUSG00000004099	IDA, IMP, IGI, ISO, IBA, IEA
CRE upregulated	GO:0016043	cellular component organization	ENSMUSG00000027997	Casp6	ISO
CRE upregulated	GO:0016043	cellular component organization	ENSMUSG00000058354	Krt6a	IGI, IBA
CRE upregulated	GO:0016043	cellular component organization	ENSMUSG00000040212	Emp3	IEA
CRE upregulated	GO:0016043	cellular component organization	ENSMUSG00000023952	ENSMUSG00000023952	IMP
CRE upregulated	GO:0016043	cellular component organization	ENSMUSG00000020594	ENSMUSG00000020594	IDA, ISO, IEA
CRE upregulated	GO:0016043	cellular component organization	ENSMUSG00000000787	ENSMUSG00000000787	IDA, IMP, ISS
CRE upregulated	GO:0016043	cellular component organization	ENSMUSG00000008859	ENSMUSG00000008859	ISS, ISO, IEA
CRE upregulated	GO:0016043	cellular component organization	ENSMUSG00000008730	Hipk1	IMP
CRE upregulated	GO:0016043	cellular component organization	ENSMUSG00000059288	ENSMUSG00000059288	IDA
CRE upregulated	GO:0016043	cellular component organization	ENSMUSG00000022948	Setd4	IDA
CRE upregulated	GO:0016043	cellular component organization	ENSMUSG00000038676	Ucn	ISO, IEA
CRE upregulated	GO:0016043	cellular component organization	ENSMUSG00000059743	ENSMUSG00000059743	ISO
CRE upregulated	GO:0016043	cellular component organization	ENSMUSG00000038467	ENSMUSG00000038467	ISS, ISO, IBA, NAS, IEA
CRE upregulated	GO:0016043	cellular component organization	ENSMUSG00000052681	Rap1b	IDA, IMP, ISS, IEA
CRE upregulated	GO:0016043	cellular component organization	ENSMUSG00000042185	ENSMUSG00000042185	IMP, ISO, IEA
CRE upregulated	GO:0016043	cellular component organization	ENSMUSG00000025403	ENSMUSG00000025403	ISS, IEA
CRE upregulated	GO:0016043	cellular component organization	ENSMUSG00000032508	Myd88	IMP, ISS, IEA
CRE upregulated	GO:0016043	cellular component organization	ENSMUSG00000026864	ENSMUSG00000026864	ISS, ISO
CRE upregulated	GO:0016043	cellular component organization	ENSMUSG00000002633	Shh	IDA, IMP, ISO
CRE upregulated	GO:0016043	cellular component organization	ENSMUSG00000008384	Sertad1	ISO, IEA
CRE upregulated	GO:0016043	cellular component organization	ENSMUSG00000028680	ENSMUSG00000028680	IEA
CRE upregulated	GO:0016043	cellular component organization	ENSMUSG00000004270	ENSMUSG00000004270	IMP
CRE upregulated	GO:0016043	cellular component organization	ENSMUSG00000027944	Hax1	IBA, IEA
CRE upregulated	GO:0016043	cellular component organization	ENSMUSG00000039671	ENSMUSG00000039671	ISO, IEA
CRE upregulated	GO:0016043	cellular component organization	ENSMUSG00000005089	Slc1a2	ISS, IEA
CRE upregulated	GO:0016043	cellular component organization	ENSMUSG00000037907	ENSMUSG00000037907	ISS, IEA
CRE upregulated	GO:0016043	cellular component organization	ENSMUSG00000061244	ENSMUSG00000061244	IMP, NAS
CRE upregulated	GO:0016043	cellular component organization	ENSMUSG00000056050	ENSMUSG00000056050	IEA
CRE upregulated	GO:0016043	cellular component organization	ENSMUSG00000063952	Brpf3	IEA
CRE upregulated	GO:0016043	cellular component organization	ENSMUSG00000037411	Serpine1	IEA
CRE upregulated	GO:0016043	cellular component organization	ENSMUSG00000020340	ENSMUSG00000020340	IMP, IBA, IEA
CRE upregulated	GO:0016043	cellular component organization	ENSMUSG00000038712	ENSMUSG00000038712	IEA
CRE upregulated	GO:0016043	cellular component organization	ENSMUSG00000023277	ENSMUSG00000023277	IDA, IBA, IC, IEA
CRE upregulated	GO:0016043	cellular component organization	ENSMUSG00000019843	ENSMUSG00000019843	IMP, IGI
CRE upregulated	GO:0016043	cellular component organization	ENSMUSG00000024493	ENSMUSG00000024493	IEA
CRE upregulated	GO:0016043	cellular component organization	ENSMUSG00000027646	ENSMUSG00000027646	IDA, IGI, ISO, IEA
CRE upregulated	GO:0016043	cellular component organization	ENSMUSG00000024843	ENSMUSG00000024843	ISS
CRE upregulated	GO:0016043	cellular component organization	ENSMUSG00000055976	Cldn23	IBA
CRE upregulated	GO:0016043	cellular component organization	ENSMUSG00000033991	ENSMUSG00000033991	ISS, IEA
CRE upregulated	GO:0016043	cellular component organization	ENSMUSG00000004698	ENSMUSG00000004698	IEA
CRE upregulated	GO:0016043	cellular component organization	ENSMUSG00000046761	ENSMUSG00000046761	ISS, IBA, IEA
CRE upregulated	GO:0016043	cellular component organization	ENSMUSG00000053825	ENSMUSG00000053825	IEA
CRE upregulated	GO:0016043	cellular component organization	ENSMUSG00000055067	ENSMUSG00000055067	IMP, IEA
CRE upregulated	GO:0016043	cellular component organization	ENSMUSG00000047261	ENSMUSG00000047261	IMP, ISO, IBA, IEA
CRE upregulated	GO:0016043	cellular component organization	ENSMUSG00000026159	ENSMUSG00000026159	IMP, IBA
CRE upregulated	GO:0016043	cellular component organization	ENSMUSG00000021282	ENSMUSG00000021282	ISO, IBA, IEA
CRE upregulated	GO:0016043	cellular component organization	ENSMUSG00000002797	Ggct	ISS, IEA
CRE upregulated	GO:0016043	cellular component organization	ENSMUSG00000015839	Nfe2l2	ISO, IEA
CRE upregulated	GO:0016043	cellular component organization	ENSMUSG00000049550	ENSMUSG00000049550	IMP, ISS, ISO, IBA, IEA
CRE upregulated	GO:0016043	cellular component organization	ENSMUSG00000034006	ENSMUSG00000034006	IBA
CRE upregulated	GO:0016043	cellular component organization	ENSMUSG00000000627	ENSMUSG00000000627	ISO, IBA, IEA
CRE upregulated	GO:0016043	cellular component organization	ENSMUSG00000074656	Eif2s2	IBA, IEA
CRE upregulated	GO:0016043	cellular component organization	ENSMUSG00000019998	ENSMUSG00000019998	IEA
CRE upregulated	GO:0016043	cellular component organization	ENSMUSG00000054499	ENSMUSG00000054499	IEA
CRE upregulated	GO:0016043	cellular component organization	ENSMUSG00000069227	ENSMUSG00000069227	IDA, IBA
CRE upregulated	GO:0016043	cellular component organization	ENSMUSG00000054204	ENSMUSG00000054204	ISS, IEA
CRE upregulated	GO:0016043	cellular component organization	ENSMUSG00000053797	ENSMUSG00000053797	IDA, IBA
CRE upregulated	GO:0016043	cellular component organization	ENSMUSG00000003541	ENSMUSG00000003541	IDA
CRE upregulated	GO:0016043	cellular component organization	ENSMUSG00000029475	ENSMUSG00000029475	IDA, IEA
CRE upregulated	GO:0051094	positive regulation of developmental process	ENSMUSG00000051379	Flrt3	IDA
CRE upregulated	GO:0051094	positive regulation of developmental process	ENSMUSG00000052684	Jun	IDA, ISO
CRE upregulated	GO:0051094	positive regulation of developmental process	ENSMUSG00000063632	Sox11	IDA, IMP, ISS, IEA
CRE upregulated	GO:0051094	positive regulation of developmental process	ENSMUSG00000031574	Star	ISO, IEA
CRE upregulated	GO:0051094	positive regulation of developmental process	ENSMUSG00000004951	Hspb1	IEA
CRE upregulated	GO:0051094	positive regulation of developmental process	ENSMUSG00000025473	Adam8	IDA, IMP
CRE upregulated	GO:0051094	positive regulation of developmental process	ENSMUSG00000046731	Kctd11	IDA, IBA
CRE upregulated	GO:0051094	positive regulation of developmental process	ENSMUSG00000030748	Il4ra	IMP, IGI
CRE upregulated	GO:0051094	positive regulation of developmental process	ENSMUSG00000023905	Tnfrsf12a	IDA
CRE upregulated	GO:0051094	positive regulation of developmental process	ENSMUSG00000021765	Fst	ISO, IEA
CRE upregulated	GO:0051094	positive regulation of developmental process	ENSMUSG00000014599	Csf1	IDA, IMP, IGI, IBA, IEA
CRE upregulated	GO:0051094	positive regulation of developmental process	ENSMUSG00000020427	Igfbp3	ISS, IEA
CRE upregulated	GO:0051094	positive regulation of developmental process	ENSMUSG00000027495	Fam210b	ISS, IEA
CRE upregulated	GO:0051094	positive regulation of developmental process	ENSMUSG00000030272	Camk1	ISS, IEA
CRE upregulated	GO:0051094	positive regulation of developmental process	ENSMUSG00000031681	Smad1	IDA, IGI, ISO, IEA
CRE upregulated	GO:0051094	positive regulation of developmental process	ENSMUSG00000024261	Syt4	IEA
CRE upregulated	GO:0051094	positive regulation of developmental process	ENSMUSG00000042688	Mapk6	IGI
CRE upregulated	GO:0051094	positive regulation of developmental process	ENSMUSG00000026836	Acvr1	IMP, IEA
CRE upregulated	GO:0051094	positive regulation of developmental process	ENSMUSG00000048482	Bdnf	IDA, IMP, ISO, IEA
CRE upregulated	GO:0051094	positive regulation of developmental process	ENSMUSG00000018736	Ndel1	ISO
CRE upregulated	GO:0051094	positive regulation of developmental process	ENSMUSG00000002250	Ppard	IMP, ISO
CRE upregulated	GO:0051094	positive regulation of developmental process	ENSMUSG00000018507	Trpv2	IMP
CRE upregulated	GO:0051094	positive regulation of developmental process	ENSMUSG00000037568	Vash2	IMP, ISO, IEA
CRE upregulated	GO:0051094	positive regulation of developmental process	ENSMUSG00000007041	Clic1	IDA
CRE upregulated	GO:0051094	positive regulation of developmental process	ENSMUSG00000005069	Pex5	IMP
CRE upregulated	GO:0051094	positive regulation of developmental process	ENSMUSG00000043895	S1pr2	IEA
CRE upregulated	GO:0051094	positive regulation of developmental process	ENSMUSG00000027583	Zbtb46	IMP
CRE upregulated	GO:0051094	positive regulation of developmental process	ENSMUSG00000028063	Lmna	ISO
CRE upregulated	GO:0051094	positive regulation of developmental process	ENSMUSG00000001420	Tmem79	IMP
CRE upregulated	GO:0051094	positive regulation of developmental process	ENSMUSG00000053436	Mapk14	IMP, IGI, IEA
CRE upregulated	GO:0051094	positive regulation of developmental process	ENSMUSG00000025809	Itgb1	IMP, ISO, IEA
CRE upregulated	GO:0051094	positive regulation of developmental process	ENSMUSG00000013089	Etv5	ISO, IEA
CRE upregulated	GO:0051094	positive regulation of developmental process	ENSMUSG00000025746	Il6	IDA, IMP, ISO
CRE upregulated	GO:0051094	positive regulation of developmental process	ENSMUSG00000022607	Ptk2	ISO
CRE upregulated	GO:0051094	positive regulation of developmental process	ENSMUSG00000024014	Pim1	IMP, IEA
CRE upregulated	GO:0051094	positive regulation of developmental process	ENSMUSG00000037062	Sh3glb1	ISO
CRE upregulated	GO:0051094	positive regulation of developmental process	ENSMUSG00000024772	Ehd1	IMP
CRE upregulated	GO:0051094	positive regulation of developmental process	ENSMUSG00000042406	Atf4	IMP
CRE upregulated	GO:0051094	positive regulation of developmental process	ENSMUSG00000017929	B4galt5	IMP
CRE upregulated	GO:0051094	positive regulation of developmental process	ENSMUSG00000055407	Map6	ISO, IBA
CRE upregulated	GO:0051094	positive regulation of developmental process	ENSMUSG00000001847	Rac1	IMP, IGI
CRE upregulated	GO:0051094	positive regulation of developmental process	ENSMUSG00000000134	Tfe3	IMP
CRE upregulated	GO:0051094	positive regulation of developmental process	ENSMUSG00000030309	Caprin2	IMP
CRE upregulated	GO:0051094	positive regulation of developmental process	ENSMUSG00000023087	Noct	IMP
CRE upregulated	GO:0051094	positive regulation of developmental process	ENSMUSG00000029765	Plxna4	IBA
CRE upregulated	GO:0051094	positive regulation of developmental process	ENSMUSG00000022346	Myc	IMP, ISO
CRE upregulated	GO:0051094	positive regulation of developmental process	ENSMUSG00000036478	Btg1	ISS, ISO, IEA
CRE upregulated	GO:0051094	positive regulation of developmental process	ENSMUSG00000053113	Socs3	IDA, IGI
CRE upregulated	GO:0051094	positive regulation of developmental process	ENSMUSG00000024789	Jak2	ISS, ISO, IEA
CRE upregulated	GO:0051094	positive regulation of developmental process	ENSMUSG00000004040	ENSMUSG00000004040	IDA, ISS, IEA
CRE upregulated	GO:0051094	positive regulation of developmental process	ENSMUSG00000020027	Socs2	IDA
CRE upregulated	GO:0051094	positive regulation of developmental process	ENSMUSG00000054136	Adm2	ISO, IEA
CRE upregulated	GO:0051094	positive regulation of developmental process	ENSMUSG00000021360	ENSMUSG00000021360	IMP, IEA
CRE upregulated	GO:0051094	positive regulation of developmental process	ENSMUSG00000024927	Rela	ISO, IEA
CRE upregulated	GO:0051094	positive regulation of developmental process	ENSMUSG00000027692	Tnik	ISO
CRE upregulated	GO:0051094	positive regulation of developmental process	ENSMUSG00000024238	Zeb1	IDA
CRE upregulated	GO:0051094	positive regulation of developmental process	ENSMUSG00000026078	Pdcl3	ISO, IEA
CRE upregulated	GO:0051094	positive regulation of developmental process	ENSMUSG00000024947	Men1	IMP, IGI
CRE upregulated	GO:0051094	positive regulation of developmental process	ENSMUSG00000029071	ENSMUSG00000029071	ISO, IEA
CRE upregulated	GO:0051094	positive regulation of developmental process	ENSMUSG00000064210	ENSMUSG00000064210	IMP, IEA
CRE upregulated	GO:0051094	positive regulation of developmental process	ENSMUSG00000024335	Brd2	IDA, IEA
CRE upregulated	GO:0051094	positive regulation of developmental process	ENSMUSG00000071637	Cebpd	IDA
CRE upregulated	GO:0051094	positive regulation of developmental process	ENSMUSG00000023307	Marchf5	IEA
CRE upregulated	GO:0051094	positive regulation of developmental process	ENSMUSG00000028599	Tnfrsf1b	IMP, IGI, IBA
CRE upregulated	GO:0051094	positive regulation of developmental process	ENSMUSG00000004530	ENSMUSG00000004530	IEA
CRE upregulated	GO:0051094	positive regulation of developmental process	ENSMUSG00000040046	Tph1	IMP
CRE upregulated	GO:0051094	positive regulation of developmental process	ENSMUSG00000039985	Sinhcaf	NAS
CRE upregulated	GO:0051094	positive regulation of developmental process	ENSMUSG00000031937	ENSMUSG00000031937	IMP, IBA
CRE upregulated	GO:0051094	positive regulation of developmental process	ENSMUSG00000052837	ENSMUSG00000052837	IDA
CRE upregulated	GO:0051094	positive regulation of developmental process	ENSMUSG00000047281	ENSMUSG00000047281	IMP
CRE upregulated	GO:0051094	positive regulation of developmental process	ENSMUSG00000021796	Bmpr1a	IMP, IEA
CRE upregulated	GO:0051094	positive regulation of developmental process	ENSMUSG00000039191	Rbpj	IMP, TAS
CRE upregulated	GO:0051094	positive regulation of developmental process	ENSMUSG00000001552	ENSMUSG00000001552	IEA
CRE upregulated	GO:0051094	positive regulation of developmental process	ENSMUSG00000040010	Slc7a5	ISO, IEA
CRE upregulated	GO:0051094	positive regulation of developmental process	ENSMUSG00000027997	Casp6	ISO
CRE upregulated	GO:0051094	positive regulation of developmental process	ENSMUSG00000020594	ENSMUSG00000020594	ISO, IEA
CRE upregulated	GO:0051094	positive regulation of developmental process	ENSMUSG00000008859	ENSMUSG00000008859	ISS, IEA
CRE upregulated	GO:0051094	positive regulation of developmental process	ENSMUSG00000059743	ENSMUSG00000059743	ISO
CRE upregulated	GO:0051094	positive regulation of developmental process	ENSMUSG00000026864	ENSMUSG00000026864	TAS
CRE upregulated	GO:0051094	positive regulation of developmental process	ENSMUSG00000002633	Shh	IDA, IMP, ISO, IEA
CRE upregulated	GO:0051094	positive regulation of developmental process	ENSMUSG00000027944	Hax1	IEA
CRE upregulated	GO:0051094	positive regulation of developmental process	ENSMUSG00000039671	ENSMUSG00000039671	ISO, IEA
CRE upregulated	GO:0051094	positive regulation of developmental process	ENSMUSG00000037411	Serpine1	IEA
CRE upregulated	GO:0051094	positive regulation of developmental process	ENSMUSG00000037465	Klf10	IMP
CRE upregulated	GO:0051094	positive regulation of developmental process	ENSMUSG00000023277	ENSMUSG00000023277	IEA
CRE upregulated	GO:0051094	positive regulation of developmental process	ENSMUSG00000027646	ENSMUSG00000027646	ISO, IEA
CRE upregulated	GO:0051094	positive regulation of developmental process	ENSMUSG00000032501	Trib1	IMP
CRE upregulated	GO:0051094	positive regulation of developmental process	ENSMUSG00000015839	Nfe2l2	ISO, IEA
CRE upregulated	GO:0051094	positive regulation of developmental process	ENSMUSG00000049550	ENSMUSG00000049550	ISO
CRE upregulated	GO:0051094	positive regulation of developmental process	ENSMUSG00000024907	Gal	IEA
CRE upregulated	GO:0051094	positive regulation of developmental process	ENSMUSG00000029475	ENSMUSG00000029475	IDA
CRE upregulated	GO:0002376	immune system process	ENSMUSG00000052684	Jun	IDA, IMP, ISO
CRE upregulated	GO:0002376	immune system process	ENSMUSG00000063632	Sox11	IEA
CRE upregulated	GO:0002376	immune system process	ENSMUSG00000031574	Star	IEA
CRE upregulated	GO:0002376	immune system process	ENSMUSG00000004951	Hspb1	ISO
CRE upregulated	GO:0002376	immune system process	ENSMUSG00000046688	Tifa	ISS, IBA, IEA
CRE upregulated	GO:0002376	immune system process	ENSMUSG00000025473	Adam8	IDA, IMP, IBA, NAS, IEA
CRE upregulated	GO:0002376	immune system process	ENSMUSG00000056749	Nfil3	IMP, IEA
CRE upregulated	GO:0002376	immune system process	ENSMUSG00000037447	Arid5a	IMP, IEA
CRE upregulated	GO:0002376	immune system process	ENSMUSG00000030748	Il4ra	IMP, IGI, IEA
CRE upregulated	GO:0002376	immune system process	ENSMUSG00000014599	Csf1	IDA, IMP, IGI, ISO, IBA, IEA
CRE upregulated	GO:0002376	immune system process	ENSMUSG00000023067	Cdkn1a	IGI
CRE upregulated	GO:0002376	immune system process	ENSMUSG00000024404	Riok3	IEA
CRE upregulated	GO:0002376	immune system process	ENSMUSG00000027495	Fam210b	ISS, IEA
CRE upregulated	GO:0002376	immune system process	ENSMUSG00000035673	Sbno2	IMP, IBA, IEA
CRE upregulated	GO:0002376	immune system process	ENSMUSG00000030095	Tmem43	IEA
CRE upregulated	GO:0002376	immune system process	ENSMUSG00000028793	Rnf19b	IMP, IEA
CRE upregulated	GO:0002376	immune system process	ENSMUSG00000005087	Cd44	IEA
CRE upregulated	GO:0002376	immune system process	ENSMUSG00000026670	Uap1	IEA
CRE upregulated	GO:0002376	immune system process	ENSMUSG00000021400	Wrnip1	IEA
CRE upregulated	GO:0002376	immune system process	ENSMUSG00000024256	Adcyap1	ISO, IEA
CRE upregulated	GO:0002376	immune system process	ENSMUSG00000021070	Bdkrb2	ISO
CRE upregulated	GO:0002376	immune system process	ENSMUSG00000044734	Serpinb1a	IDA
CRE upregulated	GO:0002376	immune system process	ENSMUSG00000021501	Caml	IMP
CRE upregulated	GO:0002376	immune system process	ENSMUSG00000038894	Irs2	IDA
CRE upregulated	GO:0002376	immune system process	ENSMUSG00000025337	Sbds	IEA
CRE upregulated	GO:0002376	immune system process	ENSMUSG00000029518	Rab35	IEA
CRE upregulated	GO:0002376	immune system process	ENSMUSG00000022661	Cd200	IEA
CRE upregulated	GO:0002376	immune system process	ENSMUSG00000027583	Zbtb46	IMP
CRE upregulated	GO:0002376	immune system process	ENSMUSG00000051343	Rab11fip5	IDA
CRE upregulated	GO:0002376	immune system process	ENSMUSG00000026254	Eif4e2	IEA
CRE upregulated	GO:0002376	immune system process	ENSMUSG00000027597	Ahcy	ISO
CRE upregulated	GO:0002376	immune system process	ENSMUSG00000053436	Mapk14	IMP, IEA
CRE upregulated	GO:0002376	immune system process	ENSMUSG00000025809	Itgb1	IEA
CRE upregulated	GO:0002376	immune system process	ENSMUSG00000039364	Sectm1b	IEA
CRE upregulated	GO:0002376	immune system process	ENSMUSG00000040025	Ythdf2	ISS, IEA
CRE upregulated	GO:0002376	immune system process	ENSMUSG00000005370	Msh6	IMP, IGI
CRE upregulated	GO:0002376	immune system process	ENSMUSG00000023030	Slc11a2	IMP
CRE upregulated	GO:0002376	immune system process	ENSMUSG00000022043	Trim35	IEA
CRE upregulated	GO:0002376	immune system process	ENSMUSG00000011008	Mcoln2	IMP, IEA
CRE upregulated	GO:0002376	immune system process	ENSMUSG00000025139	Tollip	IEA
CRE upregulated	GO:0002376	immune system process	ENSMUSG00000025746	Il6	IDA, IMP, IGI, IEA
CRE upregulated	GO:0002376	immune system process	ENSMUSG00000055994	Nod2	IDA, IMP, IGI, ISS, ISO, IEA
CRE upregulated	GO:0002376	immune system process	ENSMUSG00000024014	Pim1	ISS, IEA
CRE upregulated	GO:0002376	immune system process	ENSMUSG00000027613	Eif6	IMP
CRE upregulated	GO:0002376	immune system process	ENSMUSG00000059923	Grb2	IDA, IEA
CRE upregulated	GO:0002376	immune system process	ENSMUSG00000042726	Trafd1	IMP, IBA
CRE upregulated	GO:0002376	immune system process	ENSMUSG00000001507	Itga3	IBA
CRE upregulated	GO:0002376	immune system process	ENSMUSG00000031628	Casp3	IMP, IBA, IEA
CRE upregulated	GO:0002376	immune system process	ENSMUSG00000001847	Rac1	IMP, ISO, IBA, IEA
CRE upregulated	GO:0002376	immune system process	ENSMUSG00000024349	Sting1	IDA, IMP, ISS, IBA, IEA
CRE upregulated	GO:0002376	immune system process	ENSMUSG00000024521	Pmaip1	IMP
CRE upregulated	GO:0002376	immune system process	ENSMUSG00000000134	Tfe3	IMP, IGI, IEA
CRE upregulated	GO:0002376	immune system process	ENSMUSG00000015837	Sqstm1	IEA
CRE upregulated	GO:0002376	immune system process	ENSMUSG00000036737	Oxsr1	IMP, IBA, IEA
CRE upregulated	GO:0002376	immune system process	ENSMUSG00000037580	Gch1	IEA
CRE upregulated	GO:0002376	immune system process	ENSMUSG00000031955	Bcar1	ISS, IEA
CRE upregulated	GO:0002376	immune system process	ENSMUSG00000015316	Slamf1	IDA, IMP, IEA
CRE upregulated	GO:0002376	immune system process	ENSMUSG00000073747	Zpld2	IBA
CRE upregulated	GO:0002376	immune system process	ENSMUSG00000022346	Myc	IMP, ISS, IEA
CRE upregulated	GO:0002376	immune system process	ENSMUSG00000026072	Il1r1	IMP, ISS, IEA
CRE upregulated	GO:0002376	immune system process	ENSMUSG00000024789	Jak2	IDA, IMP, IGI, ISS, ISO, IBA, NAS, IEA
CRE upregulated	GO:0002376	immune system process	ENSMUSG00000004040	ENSMUSG00000004040	IMP, ISS, IEA
CRE upregulated	GO:0002376	immune system process	ENSMUSG00000025178	Pi4k2a	ISO
CRE upregulated	GO:0002376	immune system process	ENSMUSG00000029135	Fosl2	IDA, IMP
CRE upregulated	GO:0002376	immune system process	ENSMUSG00000020395	Itk	IMP, IGI, IBA, IEA
CRE upregulated	GO:0002376	immune system process	ENSMUSG00000036990	Otud4	IDA, IBA, IEA
CRE upregulated	GO:0002376	immune system process	ENSMUSG00000029860	Zyx	IDA
CRE upregulated	GO:0002376	immune system process	ENSMUSG00000029826	Zc3hav1	TAS, IEA
CRE upregulated	GO:0002376	immune system process	ENSMUSG00000050335	Lgals3	IEA
CRE upregulated	GO:0002376	immune system process	ENSMUSG00000024190	Dusp1	IEA
CRE upregulated	GO:0002376	immune system process	ENSMUSG00000030223	ENSMUSG00000030223	ISS, IEA
CRE upregulated	GO:0002376	immune system process	ENSMUSG00000059866	Tnip2	IMP, IBA
CRE upregulated	GO:0002376	immune system process	ENSMUSG00000017615	Tnfaip1	ISS, IEA
CRE upregulated	GO:0002376	immune system process	ENSMUSG00000033545	Znrf1	IEA
CRE upregulated	GO:0002376	immune system process	ENSMUSG00000040033	ENSMUSG00000040033	IEA
CRE upregulated	GO:0002376	immune system process	ENSMUSG00000031934	ENSMUSG00000031934	IMP
CRE upregulated	GO:0002376	immune system process	ENSMUSG00000023915	Tnfrsf21	IMP, IBA, IEA
CRE upregulated	GO:0002376	immune system process	ENSMUSG00000024912	Fosl1	IMP
CRE upregulated	GO:0002376	immune system process	ENSMUSG00000024927	Rela	ISO, IBA, IEA
CRE upregulated	GO:0002376	immune system process	ENSMUSG00000038591	Colec10	IEA
CRE upregulated	GO:0002376	immune system process	ENSMUSG00000024238	Zeb1	IMP
CRE upregulated	GO:0002376	immune system process	ENSMUSG00000025279	ENSMUSG00000025279	IDA
CRE upregulated	GO:0002376	immune system process	ENSMUSG00000024947	Men1	IMP, IEA
CRE upregulated	GO:0002376	immune system process	ENSMUSG00000064210	ENSMUSG00000064210	IMP, IEA
CRE upregulated	GO:0002376	immune system process	ENSMUSG00000024335	Brd2	IDA, IEA
CRE upregulated	GO:0002376	immune system process	ENSMUSG00000040365	Trim41	ISS, IEA
CRE upregulated	GO:0002376	immune system process	ENSMUSG00000048047	Zbtb33	IBA
CRE upregulated	GO:0002376	immune system process	ENSMUSG00000028466	Creb3	IEA
CRE upregulated	GO:0002376	immune system process	ENSMUSG00000053175	Bcl3	IMP
CRE upregulated	GO:0002376	immune system process	ENSMUSG00000020349	ENSMUSG00000020349	IMP
CRE upregulated	GO:0002376	immune system process	ENSMUSG00000024517	Grp	IDA, IEA
CRE upregulated	GO:0002376	immune system process	ENSMUSG00000025340	Rabgef1	IDA, IMP
CRE upregulated	GO:0002376	immune system process	ENSMUSG00000028599	Tnfrsf1b	IMP, IGI, ISO, IBA, IEA
CRE upregulated	GO:0002376	immune system process	ENSMUSG00000033350	Chst2	IMP
CRE upregulated	GO:0002376	immune system process	ENSMUSG00000044147	Arf6	NAS
CRE upregulated	GO:0002376	immune system process	ENSMUSG00000030662	ENSMUSG00000030662	IEA
CRE upregulated	GO:0002376	immune system process	ENSMUSG00000011877	Git1	ISO
CRE upregulated	GO:0002376	immune system process	ENSMUSG00000024270	ENSMUSG00000024270	ISS, IEA
CRE upregulated	GO:0002376	immune system process	ENSMUSG00000025060	ENSMUSG00000025060	ISO
CRE upregulated	GO:0002376	immune system process	ENSMUSG00000047281	ENSMUSG00000047281	ISS, IEA
CRE upregulated	GO:0002376	immune system process	ENSMUSG00000021796	Bmpr1a	IEA
CRE upregulated	GO:0002376	immune system process	ENSMUSG00000019842	ENSMUSG00000019842	IDA, IMP, IGI, IBA
CRE upregulated	GO:0002376	immune system process	ENSMUSG00000070056	ENSMUSG00000070056	IMP, ISS, IEA
CRE upregulated	GO:0002376	immune system process	ENSMUSG00000041598	Cdc42ep4	IDA
CRE upregulated	GO:0002376	immune system process	ENSMUSG00000045664	Cdc42ep2	IDA
CRE upregulated	GO:0002376	immune system process	ENSMUSG00000037860	Aim2	IDA, IBA, NAS, IEA
CRE upregulated	GO:0002376	immune system process	ENSMUSG00000039191	Rbpj	IMP
CRE upregulated	GO:0002376	immune system process	ENSMUSG00000019256	ENSMUSG00000019256	IEA
CRE upregulated	GO:0002376	immune system process	ENSMUSG00000039844	ENSMUSG00000039844	ISO, IEA
CRE upregulated	GO:0002376	immune system process	ENSMUSG00000076434	ENSMUSG00000076434	IBA
CRE upregulated	GO:0002376	immune system process	ENSMUSG00000020671	ENSMUSG00000020671	IEA
CRE upregulated	GO:0002376	immune system process	ENSMUSG00000027997	Casp6	ISS, IEA
CRE upregulated	GO:0002376	immune system process	ENSMUSG00000058354	Krt6a	IMP
CRE upregulated	GO:0002376	immune system process	ENSMUSG00000020594	ENSMUSG00000020594	IEA
CRE upregulated	GO:0002376	immune system process	ENSMUSG00000020448	Rnf185	ISS, IEA
CRE upregulated	GO:0002376	immune system process	ENSMUSG00000000787	ENSMUSG00000000787	IDA, ISS, IEA
CRE upregulated	GO:0002376	immune system process	ENSMUSG00000066595	ENSMUSG00000066595	IMP, ISO, IBA, IEA
CRE upregulated	GO:0002376	immune system process	ENSMUSG00000037553	ENSMUSG00000037553	ISS, IEA
CRE upregulated	GO:0002376	immune system process	ENSMUSG00000025403	ENSMUSG00000025403	IEA
CRE upregulated	GO:0002376	immune system process	ENSMUSG00000032508	Myd88	IMP, IGI, ISS, IBA, TAS, IEA
CRE upregulated	GO:0002376	immune system process	ENSMUSG00000002633	Shh	IMP, IEA
CRE upregulated	GO:0002376	immune system process	ENSMUSG00000032462	ENSMUSG00000032462	IEA
CRE upregulated	GO:0002376	immune system process	ENSMUSG00000027944	Hax1	IEA
CRE upregulated	GO:0002376	immune system process	ENSMUSG00000029145	ENSMUSG00000029145	ISS, IEA
CRE upregulated	GO:0002376	immune system process	ENSMUSG00000038250	ENSMUSG00000038250	IEA
CRE upregulated	GO:0002376	immune system process	ENSMUSG00000056050	ENSMUSG00000056050	IEA
CRE upregulated	GO:0002376	immune system process	ENSMUSG00000063952	Brpf3	NAS
CRE upregulated	GO:0002376	immune system process	ENSMUSG00000028291	ENSMUSG00000028291	IMP, IBA, IEA
CRE upregulated	GO:0002376	immune system process	ENSMUSG00000050108	Bpifc	IEA
CRE upregulated	GO:0002376	immune system process	ENSMUSG00000037411	Serpine1	IEA
CRE upregulated	GO:0002376	immune system process	ENSMUSG00000032786	ENSMUSG00000032786	IBA
CRE upregulated	GO:0002376	immune system process	ENSMUSG00000028382	ENSMUSG00000028382	IEA
CRE upregulated	GO:0002376	immune system process	ENSMUSG00000037465	Klf10	IMP
CRE upregulated	GO:0002376	immune system process	ENSMUSG00000019843	ENSMUSG00000019843	IMP, IBA, IEA
CRE upregulated	GO:0002376	immune system process	ENSMUSG00000027646	ENSMUSG00000027646	IBA, IEA
CRE upregulated	GO:0002376	immune system process	ENSMUSG00000052316	ENSMUSG00000052316	IEA
CRE upregulated	GO:0002376	immune system process	ENSMUSG00000021340	ENSMUSG00000021340	IEA
CRE upregulated	GO:0002376	immune system process	ENSMUSG00000032501	Trib1	IMP
CRE upregulated	GO:0002376	immune system process	ENSMUSG00000019726	ENSMUSG00000019726	IEA
CRE upregulated	GO:0002376	immune system process	ENSMUSG00000015839	Nfe2l2	IMP
CRE upregulated	GO:0002376	immune system process	ENSMUSG00000021477	ENSMUSG00000021477	IMP, IBA
CRE upregulated	GO:0002376	immune system process	ENSMUSG00000019998	ENSMUSG00000019998	IEA
CRE upregulated	GO:0002376	immune system process	ENSMUSG00000024907	Gal	ISO
CRE upregulated	GO:0002376	immune system process	ENSMUSG00000053797	ENSMUSG00000053797	IMP, IEA
CRE upregulated	GO:0032940	secretion by cell	ENSMUSG00000063632	Sox11	IMP
CRE upregulated	GO:0032940	secretion by cell	ENSMUSG00000037428	Vgf	IGI
CRE upregulated	GO:0032940	secretion by cell	ENSMUSG00000042816	Gpr151	EXP, IDA, IMP
CRE upregulated	GO:0032940	secretion by cell	ENSMUSG00000025473	Adam8	IEA
CRE upregulated	GO:0032940	secretion by cell	ENSMUSG00000030898	Cckbr	ISO
CRE upregulated	GO:0032940	secretion by cell	ENSMUSG00000030748	Il4ra	IMP
CRE upregulated	GO:0032940	secretion by cell	ENSMUSG00000030102	Itpr1	IMP, IGI
CRE upregulated	GO:0032940	secretion by cell	ENSMUSG00000020427	Igfbp3	ISO
CRE upregulated	GO:0032940	secretion by cell	ENSMUSG00000041831	Sytl3	IDA, IBA, IEA
CRE upregulated	GO:0032940	secretion by cell	ENSMUSG00000035621	Midn	ISO, IEA
CRE upregulated	GO:0032940	secretion by cell	ENSMUSG00000024261	Syt4	EXP, IDA, IMP, ISO, IBA, TAS, IEA
CRE upregulated	GO:0032940	secretion by cell	ENSMUSG00000048482	Bdnf	IPI
CRE upregulated	GO:0032940	secretion by cell	ENSMUSG00000024256	Adcyap1	IDA, ISS, ISO, IEA
CRE upregulated	GO:0032940	secretion by cell	ENSMUSG00000002250	Ppard	ISO, NAS
CRE upregulated	GO:0032940	secretion by cell	ENSMUSG00000038894	Irs2	IMP
CRE upregulated	GO:0032940	secretion by cell	ENSMUSG00000035828	Pim3	IMP
CRE upregulated	GO:0032940	secretion by cell	ENSMUSG00000026796	Niban2	IEA
CRE upregulated	GO:0032940	secretion by cell	ENSMUSG00000022661	Cd200	IEA
CRE upregulated	GO:0032940	secretion by cell	ENSMUSG00000051343	Rab11fip5	IMP, IBA
CRE upregulated	GO:0032940	secretion by cell	ENSMUSG00000001420	Tmem79	IMP, IBA
CRE upregulated	GO:0032940	secretion by cell	ENSMUSG00000015243	Abca1	IMP, IEA
CRE upregulated	GO:0032940	secretion by cell	ENSMUSG00000020592	Sdc1	IEA
CRE upregulated	GO:0032940	secretion by cell	ENSMUSG00000025746	Il6	IDA, IMP
CRE upregulated	GO:0032940	secretion by cell	ENSMUSG00000032231	Anxa2	NAS
CRE upregulated	GO:0032940	secretion by cell	ENSMUSG00000049303	Syt12	ISO, IBA, IEA
CRE upregulated	GO:0032940	secretion by cell	ENSMUSG00000007458	M6pr	IDA
CRE upregulated	GO:0032940	secretion by cell	ENSMUSG00000020838	Slc6a4	ISO, IEA
CRE upregulated	GO:0032940	secretion by cell	ENSMUSG00000001847	Rac1	IMP, ISO
CRE upregulated	GO:0032940	secretion by cell	ENSMUSG00000018909	Arrb1	IMP
CRE upregulated	GO:0032940	secretion by cell	ENSMUSG00000057531	Dtnbp1	IDA, IMP, ISO, IBA, IEA
CRE upregulated	GO:0032940	secretion by cell	ENSMUSG00000036057	Ptpn23	IEA
CRE upregulated	GO:0032940	secretion by cell	ENSMUSG00000036437	Npy1r	ISO
CRE upregulated	GO:0032940	secretion by cell	ENSMUSG00000030616	Sytl2	IDA, IBA, IEA
CRE upregulated	GO:0032940	secretion by cell	ENSMUSG00000023032	Slc4a8	EXP, IDA, IMP, ISO, IEA
CRE upregulated	GO:0032940	secretion by cell	ENSMUSG00000024789	Jak2	ISS, ISO, IEA
CRE upregulated	GO:0032940	secretion by cell	ENSMUSG00000025178	Pi4k2a	ISO
CRE upregulated	GO:0032940	secretion by cell	ENSMUSG00000022555	Dgat1	ISO
CRE upregulated	GO:0032940	secretion by cell	ENSMUSG00000004347	ENSMUSG00000004347	ISO
CRE upregulated	GO:0032940	secretion by cell	ENSMUSG00000033769	Exoc6b	IBA, NAS, IEA
CRE upregulated	GO:0032940	secretion by cell	ENSMUSG00000024803	Ankrd1	IEA
CRE upregulated	GO:0032940	secretion by cell	ENSMUSG00000025793	ENSMUSG00000025793	IEA
CRE upregulated	GO:0032940	secretion by cell	ENSMUSG00000026718	ENSMUSG00000026718	IEA
CRE upregulated	GO:0032940	secretion by cell	ENSMUSG00000029071	ENSMUSG00000029071	IDA, IMP, IGI
CRE upregulated	GO:0032940	secretion by cell	ENSMUSG00000044453	Ffar1	IDA, IMP, ISO, IBA
CRE upregulated	GO:0032940	secretion by cell	ENSMUSG00000032902	Slc16a1	IMP
CRE upregulated	GO:0032940	secretion by cell	ENSMUSG00000026074	Map4k4	IEA
CRE upregulated	GO:0032940	secretion by cell	ENSMUSG00000010660	Plcd1	ISO
CRE upregulated	GO:0032940	secretion by cell	ENSMUSG00000031278	ENSMUSG00000031278	ISS, ISO
CRE upregulated	GO:0032940	secretion by cell	ENSMUSG00000040640	ENSMUSG00000040640	IDA, IMP
CRE upregulated	GO:0032940	secretion by cell	ENSMUSG00000024517	Grp	IDA, ISS, IEA
CRE upregulated	GO:0032940	secretion by cell	ENSMUSG00000025340	Rabgef1	IMP
CRE upregulated	GO:0032940	secretion by cell	ENSMUSG00000021587	Pcsk1	ISO, IEA
CRE upregulated	GO:0032940	secretion by cell	ENSMUSG00000028599	Tnfrsf1b	IGI
CRE upregulated	GO:0032940	secretion by cell	ENSMUSG00000044147	Arf6	IEA
CRE upregulated	GO:0032940	secretion by cell	ENSMUSG00000011877	Git1	IDA, IMP
CRE upregulated	GO:0032940	secretion by cell	ENSMUSG00000040046	Tph1	IMP
CRE upregulated	GO:0032940	secretion by cell	ENSMUSG00000020671	ENSMUSG00000020671	IBA, IEA
CRE upregulated	GO:0032940	secretion by cell	ENSMUSG00000008859	ENSMUSG00000008859	IDA, IBA, IEA
CRE upregulated	GO:0032940	secretion by cell	ENSMUSG00000038676	Ucn	ISO, IEA
CRE upregulated	GO:0032940	secretion by cell	ENSMUSG00000052681	Rap1b	IGI, IBA, IEA
CRE upregulated	GO:0032940	secretion by cell	ENSMUSG00000027978	Prss12	IDA
CRE upregulated	GO:0032940	secretion by cell	ENSMUSG00000061244	ENSMUSG00000061244	IBA, NAS, IEA
CRE upregulated	GO:0032940	secretion by cell	ENSMUSG00000056050	ENSMUSG00000056050	IEA
CRE upregulated	GO:0032940	secretion by cell	ENSMUSG00000051209	ENSMUSG00000051209	IDA
CRE upregulated	GO:0032940	secretion by cell	ENSMUSG00000053825	ENSMUSG00000053825	IEA
CRE upregulated	GO:0032940	secretion by cell	ENSMUSG00000024907	Gal	IEA
CRE upregulated	GO:0010468	regulation of gene expression	ENSMUSG00000026628	Atf3	IDA, IMP, IGI, ISO, IBA, IEA
CRE upregulated	GO:0010468	regulation of gene expression	ENSMUSG00000036390	Gadd45a	IEA
CRE upregulated	GO:0010468	regulation of gene expression	ENSMUSG00000052684	Jun	IDA, IMP, IGI, ISS, ISO, IBA, NAS, IEA
CRE upregulated	GO:0010468	regulation of gene expression	ENSMUSG00000063632	Sox11	IDA, IMP, ISO, IBA, IEA
CRE upregulated	GO:0010468	regulation of gene expression	ENSMUSG00000046223	Plaur	NAS
CRE upregulated	GO:0010468	regulation of gene expression	ENSMUSG00000031574	Star	ISO, IEA
CRE upregulated	GO:0010468	regulation of gene expression	ENSMUSG00000004951	Hspb1	IDA
CRE upregulated	GO:0010468	regulation of gene expression	ENSMUSG00000025473	Adam8	IMP
CRE upregulated	GO:0010468	regulation of gene expression	ENSMUSG00000056749	Nfil3	IDA, IMP, IBA, IEA
CRE upregulated	GO:0010468	regulation of gene expression	ENSMUSG00000024143	Rhoq	IEA
CRE upregulated	GO:0010468	regulation of gene expression	ENSMUSG00000022895	Ets2	ISO, IBA, IEA
CRE upregulated	GO:0010468	regulation of gene expression	ENSMUSG00000037447	Arid5a	IMP, IGI, ISS, IBA, IEA
CRE upregulated	GO:0010468	regulation of gene expression	ENSMUSG00000033902	Mapkbp1	IEA
CRE upregulated	GO:0010468	regulation of gene expression	ENSMUSG00000030748	Il4ra	IMP
CRE upregulated	GO:0010468	regulation of gene expression	ENSMUSG00000032515	Csrnp1	IDA, IMP, IBA
CRE upregulated	GO:0010468	regulation of gene expression	ENSMUSG00000021765	Fst	IEA
CRE upregulated	GO:0010468	regulation of gene expression	ENSMUSG00000030256	Bhlhe41	IDA, IMP, IBA, TAS, IEA
CRE upregulated	GO:0010468	regulation of gene expression	ENSMUSG00000014599	Csf1	IDA, IEA
CRE upregulated	GO:0010468	regulation of gene expression	ENSMUSG00000025612	Bach1	IDA, ISS, IBA, IEA
CRE upregulated	GO:0010468	regulation of gene expression	ENSMUSG00000023067	Cdkn1a	IMP
CRE upregulated	GO:0010468	regulation of gene expression	ENSMUSG00000024404	Riok3	IEA
CRE upregulated	GO:0010468	regulation of gene expression	ENSMUSG00000000078	Klf6	IEA
CRE upregulated	GO:0010468	regulation of gene expression	ENSMUSG00000058093	Zfp729b	IBA, IEA
CRE upregulated	GO:0010468	regulation of gene expression	ENSMUSG00000044934	Zfp367	ISO, IBA, IEA
CRE upregulated	GO:0010468	regulation of gene expression	ENSMUSG00000030272	Camk1	IEA
CRE upregulated	GO:0010468	regulation of gene expression	ENSMUSG00000001542	Ell2	ISO, IBA
CRE upregulated	GO:0010468	regulation of gene expression	ENSMUSG00000031681	Smad1	IDA, IMP, IGI, IBA, IEA
CRE upregulated	GO:0010468	regulation of gene expression	ENSMUSG00000035673	Sbno2	IMP, IBA, IEA
CRE upregulated	GO:0010468	regulation of gene expression	ENSMUSG00000033060	Lmo7	IDA, ISS, ISO
CRE upregulated	GO:0010468	regulation of gene expression	ENSMUSG00000003644	Rps6ka1	ISO, IBA, IEA
CRE upregulated	GO:0010468	regulation of gene expression	ENSMUSG00000026836	Acvr1	IMP, IEA
CRE upregulated	GO:0010468	regulation of gene expression	ENSMUSG00000026670	Uap1	IEA
CRE upregulated	GO:0010468	regulation of gene expression	ENSMUSG00000068566	Myadm	IEA
CRE upregulated	GO:0010468	regulation of gene expression	ENSMUSG00000024256	Adcyap1	IDA, ISS, ISO, IEA
CRE upregulated	GO:0010468	regulation of gene expression	ENSMUSG00000034832	Tet3	IMP, ISS, IBA, IEA
CRE upregulated	GO:0010468	regulation of gene expression	ENSMUSG00000056076	Eif3b	IEA
CRE upregulated	GO:0010468	regulation of gene expression	ENSMUSG00000002250	Ppard	IDA, IMP, ISS, IBA, IEA
CRE upregulated	GO:0010468	regulation of gene expression	ENSMUSG00000044734	Serpinb1a	IMP, IBA
CRE upregulated	GO:0010468	regulation of gene expression	ENSMUSG00000037638	Zbtb42	IDA, IBA
CRE upregulated	GO:0010468	regulation of gene expression	ENSMUSG00000066838	Zfp772	IBA, IEA
CRE upregulated	GO:0010468	regulation of gene expression	ENSMUSG00000007812	Zfp655	IBA, IEA
CRE upregulated	GO:0010468	regulation of gene expression	ENSMUSG00000042507	Mideas	IBA
CRE upregulated	GO:0010468	regulation of gene expression	ENSMUSG00000027313	Chac1	ISS, IEA
CRE upregulated	GO:0010468	regulation of gene expression	ENSMUSG00000026796	Niban2	IEA
CRE upregulated	GO:0010468	regulation of gene expression	ENSMUSG00000022661	Cd200	IEA
CRE upregulated	GO:0010468	regulation of gene expression	ENSMUSG00000027583	Zbtb46	IDA, IBA, IEA
CRE upregulated	GO:0010468	regulation of gene expression	ENSMUSG00000028063	Lmna	IMP, IBA
CRE upregulated	GO:0010468	regulation of gene expression	ENSMUSG00000026254	Eif4e2	ISS, ISO, IEA
CRE upregulated	GO:0010468	regulation of gene expression	ENSMUSG00000030678	Maz	IEA
CRE upregulated	GO:0010468	regulation of gene expression	ENSMUSG00000053436	Mapk14	IDA, IMP, ISO, IEA
CRE upregulated	GO:0010468	regulation of gene expression	ENSMUSG00000040025	Ythdf2	IMP, ISS, IBA, IEA
CRE upregulated	GO:0010468	regulation of gene expression	ENSMUSG00000028156	Eif4e	IDA, IMP, IEP, ISS, IEA
CRE upregulated	GO:0010468	regulation of gene expression	ENSMUSG00000025239	Limd1	ISS, ISO, IBA, IEA
CRE upregulated	GO:0010468	regulation of gene expression	ENSMUSG00000011008	Mcoln2	IMP
CRE upregulated	GO:0010468	regulation of gene expression	ENSMUSG00000048490	Nrip1	IDA, IMP, IBA, IEA
CRE upregulated	GO:0010468	regulation of gene expression	ENSMUSG00000022096	Hr	IDA, IBA
CRE upregulated	GO:0010468	regulation of gene expression	ENSMUSG00000013089	Etv5	IDA, IBA, IEA
CRE upregulated	GO:0010468	regulation of gene expression	ENSMUSG00000025746	Il6	IDA, IMP, IGI, ISO
CRE upregulated	GO:0010468	regulation of gene expression	ENSMUSG00000032231	Anxa2	IDA, ISO, IEA
CRE upregulated	GO:0010468	regulation of gene expression	ENSMUSG00000032280	Tle3	ISO, IEA
CRE upregulated	GO:0010468	regulation of gene expression	ENSMUSG00000055994	Nod2	IDA, IMP, IGI, ISS, ISO, IEA
CRE upregulated	GO:0010468	regulation of gene expression	ENSMUSG00000024014	Pim1	IMP
CRE upregulated	GO:0010468	regulation of gene expression	ENSMUSG00000020580	Rock2	IEA
CRE upregulated	GO:0010468	regulation of gene expression	ENSMUSG00000063889	Crem	IGI, IBA, IEA
CRE upregulated	GO:0010468	regulation of gene expression	ENSMUSG00000027613	Eif6	IMP, ISS, IEA
CRE upregulated	GO:0010468	regulation of gene expression	ENSMUSG00000042406	Atf4	IDA, IMP, IGI, ISS, ISO, IBA, IEA
CRE upregulated	GO:0010468	regulation of gene expression	ENSMUSG00000079049	Serpinb1c	IMP, IBA
CRE upregulated	GO:0010468	regulation of gene expression	ENSMUSG00000023079	Gtf2ird1	IEA
CRE upregulated	GO:0010468	regulation of gene expression	ENSMUSG00000020271	Fbxw11	IMP
CRE upregulated	GO:0010468	regulation of gene expression	ENSMUSG00000020838	Slc6a4	IMP
CRE upregulated	GO:0010468	regulation of gene expression	ENSMUSG00000029641	Rasl11a	IDA
CRE upregulated	GO:0010468	regulation of gene expression	ENSMUSG00000001507	Itga3	ISO, IEA
CRE upregulated	GO:0010468	regulation of gene expression	ENSMUSG00000031628	Casp3	IEA
CRE upregulated	GO:0010468	regulation of gene expression	ENSMUSG00000025408	Ddit3	IDA, IMP, IGI, ISS, ISO, IBA, NAS, IEA
CRE upregulated	GO:0010468	regulation of gene expression	ENSMUSG00000040435	Ppp1r15a	IDA, ISO, IEA
CRE upregulated	GO:0010468	regulation of gene expression	ENSMUSG00000032078	Zpr1	IMP, ISS, IBA, IEA
CRE upregulated	GO:0010468	regulation of gene expression	ENSMUSG00000001847	Rac1	IEA
CRE upregulated	GO:0010468	regulation of gene expression	ENSMUSG00000018909	Arrb1	ISO, IEA
CRE upregulated	GO:0010468	regulation of gene expression	ENSMUSG00000020248	Nfyb	IDA, ISO, IBA, IEA
CRE upregulated	GO:0010468	regulation of gene expression	ENSMUSG00000050410	Tcf19	IEA
CRE upregulated	GO:0010468	regulation of gene expression	ENSMUSG00000024349	Sting1	IDA, IMP, IGI, ISS, ISO, IBA, IEA
CRE upregulated	GO:0010468	regulation of gene expression	ENSMUSG00000030057	Cnbp	IDA, IBA, IEA
CRE upregulated	GO:0010468	regulation of gene expression	ENSMUSG00000024360	Etf1	IEA
CRE upregulated	GO:0010468	regulation of gene expression	ENSMUSG00000057531	Dtnbp1	IDA
CRE upregulated	GO:0010468	regulation of gene expression	ENSMUSG00000058355	Abce1	IEA
CRE upregulated	GO:0010468	regulation of gene expression	ENSMUSG00000000134	Tfe3	IDA, IMP, IBA, IEA
CRE upregulated	GO:0010468	regulation of gene expression	ENSMUSG00000008393	Carhsp1	IMP, IBA, IEA
CRE upregulated	GO:0010468	regulation of gene expression	ENSMUSG00000015837	Sqstm1	IMP
CRE upregulated	GO:0010468	regulation of gene expression	ENSMUSG00000028901	Gmeb1	IDA, IBA
CRE upregulated	GO:0010468	regulation of gene expression	ENSMUSG00000030309	Caprin2	IEA
CRE upregulated	GO:0010468	regulation of gene expression	ENSMUSG00000029131	Dnajb6	IDA
CRE upregulated	GO:0010468	regulation of gene expression	ENSMUSG00000023087	Noct	IMP, IGI
CRE upregulated	GO:0010468	regulation of gene expression	ENSMUSG00000001627	Ifrd1	ISO
CRE upregulated	GO:0010468	regulation of gene expression	ENSMUSG00000015316	Slamf1	IDA, IBA, IEA
CRE upregulated	GO:0010468	regulation of gene expression	ENSMUSG00000022433	Csnk1e	IMP
CRE upregulated	GO:0010468	regulation of gene expression	ENSMUSG00000022346	Myc	IDA, IMP, IGI, ISS, ISO, IBA, IEA
CRE upregulated	GO:0010468	regulation of gene expression	ENSMUSG00000026072	Il1r1	ISS, IEA
CRE upregulated	GO:0010468	regulation of gene expression	ENSMUSG00000027954	Efna1	IMP
CRE upregulated	GO:0010468	regulation of gene expression	ENSMUSG00000024789	Jak2	IDA, IGI, ISS, ISO, NAS, IEA
CRE upregulated	GO:0010468	regulation of gene expression	ENSMUSG00000004040	ENSMUSG00000004040	IDA, IMP, IGI, ISO, IBA, NAS, IEA
CRE upregulated	GO:0010468	regulation of gene expression	ENSMUSG00000042292	Mrtfa	IDA, ISS, ISO, IBA, IEA
CRE upregulated	GO:0010468	regulation of gene expression	ENSMUSG00000061589	Dot1l	ISO, IEA
CRE upregulated	GO:0010468	regulation of gene expression	ENSMUSG00000109511	Nup62	IEA
CRE upregulated	GO:0010468	regulation of gene expression	ENSMUSG00000029135	Fosl2	IDA, IMP, ISO, IBA, IEA
CRE upregulated	GO:0010468	regulation of gene expression	ENSMUSG00000054136	Adm2	IEA
CRE upregulated	GO:0010468	regulation of gene expression	ENSMUSG00000020395	Itk	IMP
CRE upregulated	GO:0010468	regulation of gene expression	ENSMUSG00000018143	Mafk	IDA, IBA, IEA
CRE upregulated	GO:0010468	regulation of gene expression	ENSMUSG00000029826	Zc3hav1	IDA, ISS, ISO, IBA, IEA
CRE upregulated	GO:0010468	regulation of gene expression	ENSMUSG00000063919	Srrm4	IDA, IMP, ISS, IBA, IEA
CRE upregulated	GO:0010468	regulation of gene expression	ENSMUSG00000035236	Scai	IEA
CRE upregulated	GO:0010468	regulation of gene expression	ENSMUSG00000031960	Aars1	IMP
CRE upregulated	GO:0010468	regulation of gene expression	ENSMUSG00000020358	Hnrnpab	IDA, IGI, ISO, IBA, IEA
CRE upregulated	GO:0010468	regulation of gene expression	ENSMUSG00000059866	Tnip2	ISS, IBA, IEA
CRE upregulated	GO:0010468	regulation of gene expression	ENSMUSG00000027806	Tsc22d2	IEA
CRE upregulated	GO:0010468	regulation of gene expression	ENSMUSG00000040033	ENSMUSG00000040033	IEA
CRE upregulated	GO:0010468	regulation of gene expression	ENSMUSG00000021360	ENSMUSG00000021360	IMP, IEA
CRE upregulated	GO:0010468	regulation of gene expression	ENSMUSG00000024803	Ankrd1	IDA, ISO, IBA, IEA
CRE upregulated	GO:0010468	regulation of gene expression	ENSMUSG00000031934	ENSMUSG00000031934	IMP, IEA
CRE upregulated	GO:0010468	regulation of gene expression	ENSMUSG00000032497	Lrrfip2	IEA
CRE upregulated	GO:0010468	regulation of gene expression	ENSMUSG00000023915	Tnfrsf21	IMP
CRE upregulated	GO:0010468	regulation of gene expression	ENSMUSG00000024912	Fosl1	ISO, IBA, IEA
CRE upregulated	GO:0010468	regulation of gene expression	ENSMUSG00000024927	Rela	IDA, IMP, ISS, ISO, IBA, TAS, IEA
CRE upregulated	GO:0010468	regulation of gene expression	ENSMUSG00000042608	Stk40	IMP
CRE upregulated	GO:0010468	regulation of gene expression	ENSMUSG00000025793	ENSMUSG00000025793	IEA
CRE upregulated	GO:0010468	regulation of gene expression	ENSMUSG00000003435	ENSMUSG00000003435	ISO, IEA
CRE upregulated	GO:0010468	regulation of gene expression	ENSMUSG00000055044	Pdlim1	IDA, IEA
CRE upregulated	GO:0010468	regulation of gene expression	ENSMUSG00000024238	Zeb1	IDA, IMP, IGI, ISS, ISO, IBA, IEA
CRE upregulated	GO:0010468	regulation of gene expression	ENSMUSG00000026078	Pdcl3	IMP, IBA, IEA
CRE upregulated	GO:0010468	regulation of gene expression	ENSMUSG00000028893	Sesn2	IMP, IEA
CRE upregulated	GO:0010468	regulation of gene expression	ENSMUSG00000024947	Men1	IDA, IMP, IGI, ISO, IBA, IEA
CRE upregulated	GO:0010468	regulation of gene expression	ENSMUSG00000029071	ENSMUSG00000029071	IEA
CRE upregulated	GO:0010468	regulation of gene expression	ENSMUSG00000040433	Zbtb38	ISO, IBA, IEA
CRE upregulated	GO:0010468	regulation of gene expression	ENSMUSG00000044453	Ffar1	IEA
CRE upregulated	GO:0010468	regulation of gene expression	ENSMUSG00000032715	Trib3	ISS, IEA
CRE upregulated	GO:0010468	regulation of gene expression	ENSMUSG00000024777	ENSMUSG00000024777	ISO, IEA
CRE upregulated	GO:0010468	regulation of gene expression	ENSMUSG00000024335	Brd2	IDA, IMP, ISS, IBA, IEA
CRE upregulated	GO:0010468	regulation of gene expression	ENSMUSG00000048047	Zbtb33	ISS, IBA, IEA
CRE upregulated	GO:0010468	regulation of gene expression	ENSMUSG00000020547	Bzw2	ISS, IEA
CRE upregulated	GO:0010468	regulation of gene expression	ENSMUSG00000028466	Creb3	IEA
CRE upregulated	GO:0010468	regulation of gene expression	ENSMUSG00000037876	Jmjd1c	IBA
CRE upregulated	GO:0010468	regulation of gene expression	ENSMUSG00000022526	Zfp251	IBA, IEA
CRE upregulated	GO:0010468	regulation of gene expression	ENSMUSG00000071637	Cebpd	IDA, ISO, IBA, IEA
CRE upregulated	GO:0010468	regulation of gene expression	ENSMUSG00000025162	ENSMUSG00000025162	IMP
CRE upregulated	GO:0010468	regulation of gene expression	ENSMUSG00000015776	Med22	NAS, IEA
CRE upregulated	GO:0010468	regulation of gene expression	ENSMUSG00000031668	ENSMUSG00000031668	IEA
CRE upregulated	GO:0010468	regulation of gene expression	ENSMUSG00000053175	Bcl3	IDA, IMP, IBA, IEA
CRE upregulated	GO:0010468	regulation of gene expression	ENSMUSG00000068739	ENSMUSG00000068739	ISS, IEA
CRE upregulated	GO:0010468	regulation of gene expression	ENSMUSG00000059796	Eif4a1	ISS, IEA
CRE upregulated	GO:0010468	regulation of gene expression	ENSMUSG00000030199	Etv6	IDA, IBA, IEA
CRE upregulated	GO:0010468	regulation of gene expression	ENSMUSG00000003154	Foxj2	IBA, IEA
CRE upregulated	GO:0010468	regulation of gene expression	ENSMUSG00000040857	Erf	IEA
CRE upregulated	GO:0010468	regulation of gene expression	ENSMUSG00000024517	Grp	ISO, IEA
CRE upregulated	GO:0010468	regulation of gene expression	ENSMUSG00000025340	Rabgef1	IMP
CRE upregulated	GO:0010468	regulation of gene expression	ENSMUSG00000039108	ENSMUSG00000039108	IMP, IEA
CRE upregulated	GO:0010468	regulation of gene expression	ENSMUSG00000028599	Tnfrsf1b	IMP, IGI, IBA
CRE upregulated	GO:0010468	regulation of gene expression	ENSMUSG00000027605	Acss2	IEA
CRE upregulated	GO:0010468	regulation of gene expression	ENSMUSG00000036180	ENSMUSG00000036180	ISS, IBA, NAS, IEA
CRE upregulated	GO:0010468	regulation of gene expression	ENSMUSG00000011877	Git1	IMP
CRE upregulated	GO:0010468	regulation of gene expression	ENSMUSG00000039985	Sinhcaf	NAS
CRE upregulated	GO:0010468	regulation of gene expression	ENSMUSG00000055491	ENSMUSG00000055491	IBA
CRE upregulated	GO:0010468	regulation of gene expression	ENSMUSG00000052837	ENSMUSG00000052837	IDA, IMP, IBA, IEA
CRE upregulated	GO:0010468	regulation of gene expression	ENSMUSG00000013483	Card14	ISS
CRE upregulated	GO:0010468	regulation of gene expression	ENSMUSG00000028840	Zfp593	IEA
CRE upregulated	GO:0010468	regulation of gene expression	ENSMUSG00000047281	ENSMUSG00000047281	IDA
CRE upregulated	GO:0010468	regulation of gene expression	ENSMUSG00000021796	Bmpr1a	IDA, IMP, IEA
CRE upregulated	GO:0010468	regulation of gene expression	ENSMUSG00000019842	ENSMUSG00000019842	IDA, IMP
CRE upregulated	GO:0010468	regulation of gene expression	ENSMUSG00000034543	ENSMUSG00000034543	ISS
CRE upregulated	GO:0010468	regulation of gene expression	ENSMUSG00000029110	ENSMUSG00000029110	IDA, ISS, ISO, IBA, IEA
CRE upregulated	GO:0010468	regulation of gene expression	ENSMUSG00000021890	ENSMUSG00000021890	ISO, IEA
CRE upregulated	GO:0010468	regulation of gene expression	ENSMUSG00000045763	ENSMUSG00000045763	ISS, IBA, IEA
CRE upregulated	GO:0010468	regulation of gene expression	ENSMUSG00000037860	Aim2	IDA, IMP, IGI, ISO, IEA
CRE upregulated	GO:0010468	regulation of gene expression	ENSMUSG00000028434	Epb41l4b	IEA
CRE upregulated	GO:0010468	regulation of gene expression	ENSMUSG00000109336	ENSMUSG00000109336	IEA
CRE upregulated	GO:0010468	regulation of gene expression	ENSMUSG00000039191	Rbpj	IDA, IMP, IGI, ISS, ISO, IEA
CRE upregulated	GO:0010468	regulation of gene expression	ENSMUSG00000019256	ENSMUSG00000019256	IEA
CRE upregulated	GO:0010468	regulation of gene expression	ENSMUSG00000046962	ENSMUSG00000046962	IBA, IEA
CRE upregulated	GO:0010468	regulation of gene expression	ENSMUSG00000019763	ENSMUSG00000019763	ISS, IBA, IEA
CRE upregulated	GO:0010468	regulation of gene expression	ENSMUSG00000051316	Taf7	IDA, ISS, ISO, IBA, NAS, IEA
CRE upregulated	GO:0010468	regulation of gene expression	ENSMUSG00000001552	ENSMUSG00000001552	IBA
CRE upregulated	GO:0010468	regulation of gene expression	ENSMUSG00000040010	Slc7a5	IEA
CRE upregulated	GO:0010468	regulation of gene expression	ENSMUSG00000040463	ENSMUSG00000040463	IDA, ISO, NAS, IEA
CRE upregulated	GO:0010468	regulation of gene expression	ENSMUSG00000004099	ENSMUSG00000004099	IDA, IMP, IGI, ISO, IBA, IEA
CRE upregulated	GO:0010468	regulation of gene expression	ENSMUSG00000022858	ENSMUSG00000022858	IMP, ISS, IBA, IEA
CRE upregulated	GO:0010468	regulation of gene expression	ENSMUSG00000053007	Creb5	IEA
CRE upregulated	GO:0010468	regulation of gene expression	ENSMUSG00000023952	ENSMUSG00000023952	IMP
CRE upregulated	GO:0010468	regulation of gene expression	ENSMUSG00000020594	ENSMUSG00000020594	IMP, ISS, ISO, IBA, IEA
CRE upregulated	GO:0010468	regulation of gene expression	ENSMUSG00000011256	ENSMUSG00000011256	ISS
CRE upregulated	GO:0010468	regulation of gene expression	ENSMUSG00000000787	ENSMUSG00000000787	IDA, IMP, ISS, IBA, IEA
CRE upregulated	GO:0010468	regulation of gene expression	ENSMUSG00000008730	Hipk1	ISS
CRE upregulated	GO:0010468	regulation of gene expression	ENSMUSG00000059288	ENSMUSG00000059288	IDA, IEA
CRE upregulated	GO:0010468	regulation of gene expression	ENSMUSG00000022948	Setd4	IDA, IBA
CRE upregulated	GO:0010468	regulation of gene expression	ENSMUSG00000038676	Ucn	IMP, ISO, IEA
CRE upregulated	GO:0010468	regulation of gene expression	ENSMUSG00000042185	ENSMUSG00000042185	ISO, IEA
CRE upregulated	GO:0010468	regulation of gene expression	ENSMUSG00000025403	ENSMUSG00000025403	IMP, IEA
CRE upregulated	GO:0010468	regulation of gene expression	ENSMUSG00000032508	Myd88	IMP, IGI, ISS, IEA
CRE upregulated	GO:0010468	regulation of gene expression	ENSMUSG00000002633	Shh	IDA, IMP, IGI, ISO, IBA, IEA
CRE upregulated	GO:0010468	regulation of gene expression	ENSMUSG00000008384	Sertad1	IDA, IGI
CRE upregulated	GO:0010468	regulation of gene expression	ENSMUSG00000028680	ENSMUSG00000028680	IEA
CRE upregulated	GO:0010468	regulation of gene expression	ENSMUSG00000032462	ENSMUSG00000032462	ISO, IEA
CRE upregulated	GO:0010468	regulation of gene expression	ENSMUSG00000027944	Hax1	IEA
CRE upregulated	GO:0010468	regulation of gene expression	ENSMUSG00000039671	ENSMUSG00000039671	IEA
CRE upregulated	GO:0010468	regulation of gene expression	ENSMUSG00000067586	ENSMUSG00000067586	IMP
CRE upregulated	GO:0010468	regulation of gene expression	ENSMUSG00000063952	Brpf3	ISS, IBA
CRE upregulated	GO:0010468	regulation of gene expression	ENSMUSG00000048027	ENSMUSG00000048027	IDA
CRE upregulated	GO:0010468	regulation of gene expression	ENSMUSG00000028291	ENSMUSG00000028291	IDA, IMP, ISO, IBA, IEA
CRE upregulated	GO:0010468	regulation of gene expression	ENSMUSG00000037411	Serpine1	IEA
CRE upregulated	GO:0010468	regulation of gene expression	ENSMUSG00000078676	ENSMUSG00000078676	ISS, ISO, IEA
CRE upregulated	GO:0010468	regulation of gene expression	ENSMUSG00000028382	ENSMUSG00000028382	IMP, IBA, IEA
CRE upregulated	GO:0010468	regulation of gene expression	ENSMUSG00000037465	Klf10	IDA, IMP, IBA, IEA
CRE upregulated	GO:0010468	regulation of gene expression	ENSMUSG00000024613	ENSMUSG00000024613	ISS, IEA
CRE upregulated	GO:0010468	regulation of gene expression	ENSMUSG00000019843	ENSMUSG00000019843	IMP
CRE upregulated	GO:0010468	regulation of gene expression	ENSMUSG00000020755	ENSMUSG00000020755	IEA
CRE upregulated	GO:0010468	regulation of gene expression	ENSMUSG00000027646	ENSMUSG00000027646	IGI, ISO, IEA
CRE upregulated	GO:0010468	regulation of gene expression	ENSMUSG00000020680	ENSMUSG00000020680	ISO, IEA
CRE upregulated	GO:0010468	regulation of gene expression	ENSMUSG00000033991	ENSMUSG00000033991	ISS, IBA, IEA
CRE upregulated	GO:0010468	regulation of gene expression	ENSMUSG00000029313	Aff1	IEA
CRE upregulated	GO:0010468	regulation of gene expression	ENSMUSG00000004698	ENSMUSG00000004698	IEA
CRE upregulated	GO:0010468	regulation of gene expression	ENSMUSG00000032501	Trib1	IDA
CRE upregulated	GO:0010468	regulation of gene expression	ENSMUSG00000003119	ENSMUSG00000003119	ISS, ISO, IBA, IEA
CRE upregulated	GO:0010468	regulation of gene expression	ENSMUSG00000042197	ENSMUSG00000042197	ISS, IBA, IEA
CRE upregulated	GO:0010468	regulation of gene expression	ENSMUSG00000055067	ENSMUSG00000055067	IMP
CRE upregulated	GO:0010468	regulation of gene expression	ENSMUSG00000021282	ENSMUSG00000021282	IEA
CRE upregulated	GO:0010468	regulation of gene expression	ENSMUSG00000031073	Fgf15	IBA, IEA
CRE upregulated	GO:0010468	regulation of gene expression	ENSMUSG00000027433	ENSMUSG00000027433	IBA
CRE upregulated	GO:0010468	regulation of gene expression	ENSMUSG00000015839	Nfe2l2	IDA, IMP, IGI, ISO, IBA, IEA
CRE upregulated	GO:0010468	regulation of gene expression	ENSMUSG00000022332	ENSMUSG00000022332	IDA, ISO, IBA, IEA
CRE upregulated	GO:0010468	regulation of gene expression	ENSMUSG00000024907	Gal	ISS, IEA
CRE upregulated	GO:0010468	regulation of gene expression	ENSMUSG00000024026	ENSMUSG00000024026	IDA
CRE upregulated	GO:0010468	regulation of gene expression	ENSMUSG00000029475	ENSMUSG00000029475	IDA, IMP, IBA
CRE upregulated	GO:0032880	regulation of protein localization	ENSMUSG00000024143	Rhoq	IDA, IEA
CRE upregulated	GO:0032880	regulation of protein localization	ENSMUSG00000030102	Itpr1	IMP, IGI
CRE upregulated	GO:0032880	regulation of protein localization	ENSMUSG00000006304	Arpc2	ISO
CRE upregulated	GO:0032880	regulation of protein localization	ENSMUSG00000030272	Camk1	IDA, ISS, IEA
CRE upregulated	GO:0032880	regulation of protein localization	ENSMUSG00000035621	Midn	ISO, IEA
CRE upregulated	GO:0032880	regulation of protein localization	ENSMUSG00000024261	Syt4	IMP
CRE upregulated	GO:0032880	regulation of protein localization	ENSMUSG00000024256	Adcyap1	IDA, ISO, IBA, IEA
CRE upregulated	GO:0032880	regulation of protein localization	ENSMUSG00000018736	Ndel1	IEA
CRE upregulated	GO:0032880	regulation of protein localization	ENSMUSG00000002250	Ppard	ISO, NAS
CRE upregulated	GO:0032880	regulation of protein localization	ENSMUSG00000041870	Ankrd13a	ISS, IEA
CRE upregulated	GO:0032880	regulation of protein localization	ENSMUSG00000038894	Irs2	IMP
CRE upregulated	GO:0032880	regulation of protein localization	ENSMUSG00000035828	Pim3	IMP
CRE upregulated	GO:0032880	regulation of protein localization	ENSMUSG00000027540	Ptpn1	IEA
CRE upregulated	GO:0032880	regulation of protein localization	ENSMUSG00000022661	Cd200	IEA
CRE upregulated	GO:0032880	regulation of protein localization	ENSMUSG00000028063	Lmna	IMP
CRE upregulated	GO:0032880	regulation of protein localization	ENSMUSG00000053436	Mapk14	IMP
CRE upregulated	GO:0032880	regulation of protein localization	ENSMUSG00000025809	Itgb1	ISS, IEA
CRE upregulated	GO:0032880	regulation of protein localization	ENSMUSG00000025746	Il6	IDA, ISO
CRE upregulated	GO:0032880	regulation of protein localization	ENSMUSG00000047368	Abhd17b	IMP
CRE upregulated	GO:0032880	regulation of protein localization	ENSMUSG00000037062	Sh3glb1	IMP
CRE upregulated	GO:0032880	regulation of protein localization	ENSMUSG00000020580	Rock2	IEA
CRE upregulated	GO:0032880	regulation of protein localization	ENSMUSG00000001507	Itga3	ISS, IEA
CRE upregulated	GO:0032880	regulation of protein localization	ENSMUSG00000032078	Zpr1	IMP, ISS, IBA, IEA
CRE upregulated	GO:0032880	regulation of protein localization	ENSMUSG00000001847	Rac1	IMP, IGI, ISO
CRE upregulated	GO:0032880	regulation of protein localization	ENSMUSG00000042121	Ssh1	ISO, IEA
CRE upregulated	GO:0032880	regulation of protein localization	ENSMUSG00000018909	Arrb1	IMP
CRE upregulated	GO:0032880	regulation of protein localization	ENSMUSG00000024521	Pmaip1	IMP
CRE upregulated	GO:0032880	regulation of protein localization	ENSMUSG00000027455	Nsfl1c	IEA
CRE upregulated	GO:0032880	regulation of protein localization	ENSMUSG00000004768	Rab23	IEA
CRE upregulated	GO:0032880	regulation of protein localization	ENSMUSG00000015837	Sqstm1	IMP
CRE upregulated	GO:0032880	regulation of protein localization	ENSMUSG00000029131	Dnajb6	IEA
CRE upregulated	GO:0032880	regulation of protein localization	ENSMUSG00000036057	Ptpn23	IEA
CRE upregulated	GO:0032880	regulation of protein localization	ENSMUSG00000032502	Stac	IMP, IBA
CRE upregulated	GO:0032880	regulation of protein localization	ENSMUSG00000022433	Csnk1e	IMP, IEA
CRE upregulated	GO:0032880	regulation of protein localization	ENSMUSG00000047604	Frat2	ISS
CRE upregulated	GO:0032880	regulation of protein localization	ENSMUSG00000024789	Jak2	ISS, ISO, IEA
CRE upregulated	GO:0032880	regulation of protein localization	ENSMUSG00000038949	Cnst	ISS, IBA, IEA
CRE upregulated	GO:0032880	regulation of protein localization	ENSMUSG00000109511	Nup62	ISO, IEA
CRE upregulated	GO:0032880	regulation of protein localization	ENSMUSG00000004347	ENSMUSG00000004347	ISO
CRE upregulated	GO:0032880	regulation of protein localization	ENSMUSG00000050335	Lgals3	IEA
CRE upregulated	GO:0032880	regulation of protein localization	ENSMUSG00000027797	Dclk1	IDA
CRE upregulated	GO:0032880	regulation of protein localization	ENSMUSG00000024803	Ankrd1	IEA
CRE upregulated	GO:0032880	regulation of protein localization	ENSMUSG00000021306	Gpr137b	IEA
CRE upregulated	GO:0032880	regulation of protein localization	ENSMUSG00000027692	Tnik	IDA, IMP
CRE upregulated	GO:0032880	regulation of protein localization	ENSMUSG00000028893	Sesn2	ISS, IEA
CRE upregulated	GO:0032880	regulation of protein localization	ENSMUSG00000029071	ENSMUSG00000029071	IEA
CRE upregulated	GO:0032880	regulation of protein localization	ENSMUSG00000044453	Ffar1	IDA, IMP, ISO, IBA
CRE upregulated	GO:0032880	regulation of protein localization	ENSMUSG00000032902	Slc16a1	IMP
CRE upregulated	GO:0032880	regulation of protein localization	ENSMUSG00000026074	Map4k4	IEA
CRE upregulated	GO:0032880	regulation of protein localization	ENSMUSG00000031278	ENSMUSG00000031278	ISS, ISO
CRE upregulated	GO:0032880	regulation of protein localization	ENSMUSG00000037815	Ctnna1	IMP
CRE upregulated	GO:0032880	regulation of protein localization	ENSMUSG00000021587	Pcsk1	ISO, IEA
CRE upregulated	GO:0032880	regulation of protein localization	ENSMUSG00000044147	Arf6	IDA, IEA
CRE upregulated	GO:0032880	regulation of protein localization	ENSMUSG00000030662	ENSMUSG00000030662	IMP
CRE upregulated	GO:0032880	regulation of protein localization	ENSMUSG00000007411	ENSMUSG00000007411	ISS, IEA
CRE upregulated	GO:0032880	regulation of protein localization	ENSMUSG00000047281	ENSMUSG00000047281	IDA, ISS, IEA
CRE upregulated	GO:0032880	regulation of protein localization	ENSMUSG00000070056	ENSMUSG00000070056	ISS, IEA
CRE upregulated	GO:0032880	regulation of protein localization	ENSMUSG00000029110	ENSMUSG00000029110	IEA
CRE upregulated	GO:0032880	regulation of protein localization	ENSMUSG00000001552	ENSMUSG00000001552	IEA
CRE upregulated	GO:0032880	regulation of protein localization	ENSMUSG00000002633	Shh	IGI, IEA
CRE upregulated	GO:0032880	regulation of protein localization	ENSMUSG00000028680	ENSMUSG00000028680	IEA
CRE upregulated	GO:0032880	regulation of protein localization	ENSMUSG00000039671	ENSMUSG00000039671	ISO, IEA
CRE upregulated	GO:0032880	regulation of protein localization	ENSMUSG00000040652	ENSMUSG00000040652	IDA
CRE upregulated	GO:0032880	regulation of protein localization	ENSMUSG00000019843	ENSMUSG00000019843	IDA, IMP, IGI
CRE upregulated	GO:0032880	regulation of protein localization	ENSMUSG00000027646	ENSMUSG00000027646	IGI, ISO, IEA
CRE upregulated	GO:0032880	regulation of protein localization	ENSMUSG00000052316	ENSMUSG00000052316	IEA
CRE upregulated	GO:0032880	regulation of protein localization	ENSMUSG00000036667	ENSMUSG00000036667	IBA, IEA
CRE upregulated	GO:0032880	regulation of protein localization	ENSMUSG00000019998	ENSMUSG00000019998	IEA
CRE upregulated	GO:0071495	cellular response to endogenous stimulus	ENSMUSG00000051379	Flrt3	IMP
CRE upregulated	GO:0071495	cellular response to endogenous stimulus	ENSMUSG00000052684	Jun	IDA, IEP
CRE upregulated	GO:0071495	cellular response to endogenous stimulus	ENSMUSG00000063632	Sox11	IMP, IEA
CRE upregulated	GO:0071495	cellular response to endogenous stimulus	ENSMUSG00000019647	Sema6a	IEA
CRE upregulated	GO:0071495	cellular response to endogenous stimulus	ENSMUSG00000031574	Star	IEA
CRE upregulated	GO:0071495	cellular response to endogenous stimulus	ENSMUSG00000004951	Hspb1	IEA
CRE upregulated	GO:0071495	cellular response to endogenous stimulus	ENSMUSG00000024143	Rhoq	IMP, IEA
CRE upregulated	GO:0071495	cellular response to endogenous stimulus	ENSMUSG00000037447	Arid5a	IEA
CRE upregulated	GO:0071495	cellular response to endogenous stimulus	ENSMUSG00000025089	Gfra1	IEA
CRE upregulated	GO:0071495	cellular response to endogenous stimulus	ENSMUSG00000021765	Fst	IGI, IBA, IEA
CRE upregulated	GO:0071495	cellular response to endogenous stimulus	ENSMUSG00000006304	Arpc2	ISO
CRE upregulated	GO:0071495	cellular response to endogenous stimulus	ENSMUSG00000031074	Fgf3	IEA
CRE upregulated	GO:0071495	cellular response to endogenous stimulus	ENSMUSG00000031681	Smad1	IDA, IMP, IGI, ISS, ISO, IBA, TAS, IEA
CRE upregulated	GO:0071495	cellular response to endogenous stimulus	ENSMUSG00000050989	Selenon	IMP
CRE upregulated	GO:0071495	cellular response to endogenous stimulus	ENSMUSG00000005087	Cd44	IEA
CRE upregulated	GO:0071495	cellular response to endogenous stimulus	ENSMUSG00000026836	Acvr1	IDA, IMP, ISO, IBA, TAS, IEA
CRE upregulated	GO:0071495	cellular response to endogenous stimulus	ENSMUSG00000048482	Bdnf	ISO, IBA, IEA
CRE upregulated	GO:0071495	cellular response to endogenous stimulus	ENSMUSG00000024256	Adcyap1	IEA
CRE upregulated	GO:0071495	cellular response to endogenous stimulus	ENSMUSG00000018736	Ndel1	IDA
CRE upregulated	GO:0071495	cellular response to endogenous stimulus	ENSMUSG00000002250	Ppard	IBA, IEA
CRE upregulated	GO:0071495	cellular response to endogenous stimulus	ENSMUSG00000027198	Ext2	IMP
CRE upregulated	GO:0071495	cellular response to endogenous stimulus	ENSMUSG00000038894	Irs2	IDA, IMP, ISO, IBA, IEA
CRE upregulated	GO:0071495	cellular response to endogenous stimulus	ENSMUSG00000029518	Rab35	ISS, ISO
CRE upregulated	GO:0071495	cellular response to endogenous stimulus	ENSMUSG00000027540	Ptpn1	IMP, IGI, ISO, IEA
CRE upregulated	GO:0071495	cellular response to endogenous stimulus	ENSMUSG00000053436	Mapk14	IEA
CRE upregulated	GO:0071495	cellular response to endogenous stimulus	ENSMUSG00000025809	Itgb1	IEA
CRE upregulated	GO:0071495	cellular response to endogenous stimulus	ENSMUSG00000028156	Eif4e	IDA
CRE upregulated	GO:0071495	cellular response to endogenous stimulus	ENSMUSG00000025746	Il6	IDA
CRE upregulated	GO:0071495	cellular response to endogenous stimulus	ENSMUSG00000022607	Ptk2	IDA
CRE upregulated	GO:0071495	cellular response to endogenous stimulus	ENSMUSG00000024014	Pim1	IEA
CRE upregulated	GO:0071495	cellular response to endogenous stimulus	ENSMUSG00000037062	Sh3glb1	ISO
CRE upregulated	GO:0071495	cellular response to endogenous stimulus	ENSMUSG00000024772	Ehd1	ISS, ISO, IEA
CRE upregulated	GO:0071495	cellular response to endogenous stimulus	ENSMUSG00000027293	Ehd4	ISO, IEA
CRE upregulated	GO:0071495	cellular response to endogenous stimulus	ENSMUSG00000027560	Dok5	ISO, IEA
CRE upregulated	GO:0071495	cellular response to endogenous stimulus	ENSMUSG00000033039	Micall1	ISO
CRE upregulated	GO:0071495	cellular response to endogenous stimulus	ENSMUSG00000059923	Grb2	IDA, IGI, IEA
CRE upregulated	GO:0071495	cellular response to endogenous stimulus	ENSMUSG00000001507	Itga3	IEA
CRE upregulated	GO:0071495	cellular response to endogenous stimulus	ENSMUSG00000031628	Casp3	ISO, IEA
CRE upregulated	GO:0071495	cellular response to endogenous stimulus	ENSMUSG00000032078	Zpr1	ISS, IEA
CRE upregulated	GO:0071495	cellular response to endogenous stimulus	ENSMUSG00000001847	Rac1	IDA
CRE upregulated	GO:0071495	cellular response to endogenous stimulus	ENSMUSG00000054008	Ndst1	IMP
CRE upregulated	GO:0071495	cellular response to endogenous stimulus	ENSMUSG00000031955	Bcar1	ISS, ISO, IEA
CRE upregulated	GO:0071495	cellular response to endogenous stimulus	ENSMUSG00000022433	Csnk1e	IEA
CRE upregulated	GO:0071495	cellular response to endogenous stimulus	ENSMUSG00000053113	Socs3	IDA
CRE upregulated	GO:0071495	cellular response to endogenous stimulus	ENSMUSG00000024789	Jak2	IDA, IMP, ISS, ISO, IBA, IEA
CRE upregulated	GO:0071495	cellular response to endogenous stimulus	ENSMUSG00000004040	ENSMUSG00000004040	IDA, IMP, ISS, IBA, IEA
CRE upregulated	GO:0071495	cellular response to endogenous stimulus	ENSMUSG00000020027	Socs2	IMP, IEA
CRE upregulated	GO:0071495	cellular response to endogenous stimulus	ENSMUSG00000029860	Zyx	IMP, IBA, IEA
CRE upregulated	GO:0071495	cellular response to endogenous stimulus	ENSMUSG00000021360	ENSMUSG00000021360	IMP, IBA, IEA
CRE upregulated	GO:0071495	cellular response to endogenous stimulus	ENSMUSG00000059316	Slc27a4	IMP, IEA
CRE upregulated	GO:0071495	cellular response to endogenous stimulus	ENSMUSG00000024803	Ankrd1	IEA
CRE upregulated	GO:0071495	cellular response to endogenous stimulus	ENSMUSG00000024927	Rela	IDA, ISO, IEA
CRE upregulated	GO:0071495	cellular response to endogenous stimulus	ENSMUSG00000025793	ENSMUSG00000025793	IEA
CRE upregulated	GO:0071495	cellular response to endogenous stimulus	ENSMUSG00000024238	Zeb1	IGI, IEA
CRE upregulated	GO:0071495	cellular response to endogenous stimulus	ENSMUSG00000024947	Men1	IEA
CRE upregulated	GO:0071495	cellular response to endogenous stimulus	ENSMUSG00000032715	Trib3	IDA
CRE upregulated	GO:0071495	cellular response to endogenous stimulus	ENSMUSG00000024777	ENSMUSG00000024777	ISO, IEA
CRE upregulated	GO:0071495	cellular response to endogenous stimulus	ENSMUSG00000025162	ENSMUSG00000025162	IEA
CRE upregulated	GO:0071495	cellular response to endogenous stimulus	ENSMUSG00000029752	ENSMUSG00000029752	IEA
CRE upregulated	GO:0071495	cellular response to endogenous stimulus	ENSMUSG00000028599	Tnfrsf1b	IEA
CRE upregulated	GO:0071495	cellular response to endogenous stimulus	ENSMUSG00000044147	Arf6	ISO, IEA
CRE upregulated	GO:0071495	cellular response to endogenous stimulus	ENSMUSG00000011877	Git1	ISO
CRE upregulated	GO:0071495	cellular response to endogenous stimulus	ENSMUSG00000039985	Sinhcaf	NAS
CRE upregulated	GO:0071495	cellular response to endogenous stimulus	ENSMUSG00000025351	Cd63	IMP, IBA, IEA
CRE upregulated	GO:0071495	cellular response to endogenous stimulus	ENSMUSG00000021796	Bmpr1a	IDA, IMP, IGI, IBA, IEA
CRE upregulated	GO:0071495	cellular response to endogenous stimulus	ENSMUSG00000039191	Rbpj	IMP
CRE upregulated	GO:0071495	cellular response to endogenous stimulus	ENSMUSG00000051316	Taf7	IDA
CRE upregulated	GO:0071495	cellular response to endogenous stimulus	ENSMUSG00000020671	ENSMUSG00000020671	IMP, IEA
CRE upregulated	GO:0071495	cellular response to endogenous stimulus	ENSMUSG00000004099	ENSMUSG00000004099	ISO
CRE upregulated	GO:0071495	cellular response to endogenous stimulus	ENSMUSG00000022094	ENSMUSG00000022094	IMP
CRE upregulated	GO:0071495	cellular response to endogenous stimulus	ENSMUSG00000026864	ENSMUSG00000026864	IGI
CRE upregulated	GO:0071495	cellular response to endogenous stimulus	ENSMUSG00000032462	ENSMUSG00000032462	IEA
CRE upregulated	GO:0071495	cellular response to endogenous stimulus	ENSMUSG00000048027	ENSMUSG00000048027	IDA, IBA
CRE upregulated	GO:0071495	cellular response to endogenous stimulus	ENSMUSG00000020340	ENSMUSG00000020340	IMP
CRE upregulated	GO:0071495	cellular response to endogenous stimulus	ENSMUSG00000023277	ENSMUSG00000023277	IEA
CRE upregulated	GO:0071495	cellular response to endogenous stimulus	ENSMUSG00000019843	ENSMUSG00000019843	IDA, IGI
CRE upregulated	GO:0071495	cellular response to endogenous stimulus	ENSMUSG00000027646	ENSMUSG00000027646	IDA, IMP, IGI, ISO, IBA, IEA
CRE upregulated	GO:0071495	cellular response to endogenous stimulus	ENSMUSG00000021340	ENSMUSG00000021340	IEA
CRE upregulated	GO:0071495	cellular response to endogenous stimulus	ENSMUSG00000004698	ENSMUSG00000004698	IEA
CRE upregulated	GO:0071495	cellular response to endogenous stimulus	ENSMUSG00000042197	ENSMUSG00000042197	ISS, IEA
CRE upregulated	GO:0071495	cellular response to endogenous stimulus	ENSMUSG00000055067	ENSMUSG00000055067	IDA
CRE upregulated	GO:0071495	cellular response to endogenous stimulus	ENSMUSG00000031073	Fgf15	ISO, IBA, IEA
CRE upregulated	GO:0071495	cellular response to endogenous stimulus	ENSMUSG00000015839	Nfe2l2	ISO, IEA
CRE upregulated	GO:0080134	regulation of response to stress	ENSMUSG00000046223	Plaur	NAS
CRE upregulated	GO:0080134	regulation of response to stress	ENSMUSG00000004951	Hspb1	ISO
CRE upregulated	GO:0080134	regulation of response to stress	ENSMUSG00000046688	Tifa	ISS, IBA, IEA
CRE upregulated	GO:0080134	regulation of response to stress	ENSMUSG00000025473	Adam8	IDA, IMP
CRE upregulated	GO:0080134	regulation of response to stress	ENSMUSG00000030898	Cckbr	ISO
CRE upregulated	GO:0080134	regulation of response to stress	ENSMUSG00000033902	Mapkbp1	IEA
CRE upregulated	GO:0080134	regulation of response to stress	ENSMUSG00000024404	Riok3	IEA
CRE upregulated	GO:0080134	regulation of response to stress	ENSMUSG00000050989	Selenon	ISS, IEA
CRE upregulated	GO:0080134	regulation of response to stress	ENSMUSG00000035673	Sbno2	IMP, IBA, IEA
CRE upregulated	GO:0080134	regulation of response to stress	ENSMUSG00000005087	Cd44	IEA
CRE upregulated	GO:0080134	regulation of response to stress	ENSMUSG00000024256	Adcyap1	ISO, IEA
CRE upregulated	GO:0080134	regulation of response to stress	ENSMUSG00000021070	Bdkrb2	IMP, IGI
CRE upregulated	GO:0080134	regulation of response to stress	ENSMUSG00000018736	Ndel1	ISO
CRE upregulated	GO:0080134	regulation of response to stress	ENSMUSG00000002250	Ppard	IBA, IEA
CRE upregulated	GO:0080134	regulation of response to stress	ENSMUSG00000044734	Serpinb1a	IDA
CRE upregulated	GO:0080134	regulation of response to stress	ENSMUSG00000027540	Ptpn1	IMP, IBA, IEA
CRE upregulated	GO:0080134	regulation of response to stress	ENSMUSG00000028063	Lmna	IMP
CRE upregulated	GO:0080134	regulation of response to stress	ENSMUSG00000026254	Eif4e2	IEA
CRE upregulated	GO:0080134	regulation of response to stress	ENSMUSG00000025809	Itgb1	IEA
CRE upregulated	GO:0080134	regulation of response to stress	ENSMUSG00000040025	Ythdf2	ISS, IEA
CRE upregulated	GO:0080134	regulation of response to stress	ENSMUSG00000032231	Anxa2	IMP
CRE upregulated	GO:0080134	regulation of response to stress	ENSMUSG00000055994	Nod2	IDA, IMP, ISS, ISO, IEA
CRE upregulated	GO:0080134	regulation of response to stress	ENSMUSG00000024014	Pim1	ISS, IEA
CRE upregulated	GO:0080134	regulation of response to stress	ENSMUSG00000042726	Trafd1	IMP, IBA
CRE upregulated	GO:0080134	regulation of response to stress	ENSMUSG00000031628	Casp3	IEA
CRE upregulated	GO:0080134	regulation of response to stress	ENSMUSG00000040435	Ppp1r15a	IDA
CRE upregulated	GO:0080134	regulation of response to stress	ENSMUSG00000035199	Arl6ip5	IEA
CRE upregulated	GO:0080134	regulation of response to stress	ENSMUSG00000024349	Sting1	IDA, IMP, IGI, ISS, IBA, IEA
CRE upregulated	GO:0080134	regulation of response to stress	ENSMUSG00000024521	Pmaip1	IMP
CRE upregulated	GO:0080134	regulation of response to stress	ENSMUSG00000038552	Fndc4	IDA, IBA, IEA
CRE upregulated	GO:0080134	regulation of response to stress	ENSMUSG00000015837	Sqstm1	IEA
CRE upregulated	GO:0080134	regulation of response to stress	ENSMUSG00000037580	Gch1	IEA
CRE upregulated	GO:0080134	regulation of response to stress	ENSMUSG00000053113	Socs3	IGI
CRE upregulated	GO:0080134	regulation of response to stress	ENSMUSG00000026072	Il1r1	IMP, IBA
CRE upregulated	GO:0080134	regulation of response to stress	ENSMUSG00000024789	Jak2	ISS, IEA
CRE upregulated	GO:0080134	regulation of response to stress	ENSMUSG00000004040	ENSMUSG00000004040	IDA, ISO, IEA
CRE upregulated	GO:0080134	regulation of response to stress	ENSMUSG00000036990	Otud4	IDA, IBA, IEA
CRE upregulated	GO:0080134	regulation of response to stress	ENSMUSG00000029826	Zc3hav1	ISO, TAS
CRE upregulated	GO:0080134	regulation of response to stress	ENSMUSG00000059866	Tnip2	IMP, IBA
CRE upregulated	GO:0080134	regulation of response to stress	ENSMUSG00000033545	Znrf1	IEA
CRE upregulated	GO:0080134	regulation of response to stress	ENSMUSG00000040033	ENSMUSG00000040033	IEA
CRE upregulated	GO:0080134	regulation of response to stress	ENSMUSG00000024803	Ankrd1	IEA
CRE upregulated	GO:0080134	regulation of response to stress	ENSMUSG00000024912	Fosl1	IMP
CRE upregulated	GO:0080134	regulation of response to stress	ENSMUSG00000024927	Rela	IDA, IMP, ISO, IEA
CRE upregulated	GO:0080134	regulation of response to stress	ENSMUSG00000028893	Sesn2	IEA
CRE upregulated	GO:0080134	regulation of response to stress	ENSMUSG00000025279	ENSMUSG00000025279	IDA
CRE upregulated	GO:0080134	regulation of response to stress	ENSMUSG00000064210	ENSMUSG00000064210	IEA
CRE upregulated	GO:0080134	regulation of response to stress	ENSMUSG00000026074	Map4k4	IEA
CRE upregulated	GO:0080134	regulation of response to stress	ENSMUSG00000040365	Trim41	ISS, IEA
CRE upregulated	GO:0080134	regulation of response to stress	ENSMUSG00000028466	Creb3	IEA
CRE upregulated	GO:0080134	regulation of response to stress	ENSMUSG00000031668	ENSMUSG00000031668	IEA
CRE upregulated	GO:0080134	regulation of response to stress	ENSMUSG00000020349	ENSMUSG00000020349	IMP
CRE upregulated	GO:0080134	regulation of response to stress	ENSMUSG00000024517	Grp	IMP
CRE upregulated	GO:0080134	regulation of response to stress	ENSMUSG00000025340	Rabgef1	IMP
CRE upregulated	GO:0080134	regulation of response to stress	ENSMUSG00000028599	Tnfrsf1b	IMP, IGI, IBA
CRE upregulated	GO:0080134	regulation of response to stress	ENSMUSG00000044147	Arf6	NAS
CRE upregulated	GO:0080134	regulation of response to stress	ENSMUSG00000030662	ENSMUSG00000030662	IEA
CRE upregulated	GO:0080134	regulation of response to stress	ENSMUSG00000011877	Git1	IMP
CRE upregulated	GO:0080134	regulation of response to stress	ENSMUSG00000047281	ENSMUSG00000047281	ISS, IEA
CRE upregulated	GO:0080134	regulation of response to stress	ENSMUSG00000019842	ENSMUSG00000019842	IEA
CRE upregulated	GO:0080134	regulation of response to stress	ENSMUSG00000070056	ENSMUSG00000070056	IMP, ISS, IEA
CRE upregulated	GO:0080134	regulation of response to stress	ENSMUSG00000037860	Aim2	IDA, IMP, IBA, NAS, IEA
CRE upregulated	GO:0080134	regulation of response to stress	ENSMUSG00000019256	ENSMUSG00000019256	IEA
CRE upregulated	GO:0080134	regulation of response to stress	ENSMUSG00000051316	Taf7	NAS
CRE upregulated	GO:0080134	regulation of response to stress	ENSMUSG00000027997	Casp6	ISS, IEA
CRE upregulated	GO:0080134	regulation of response to stress	ENSMUSG00000020594	ENSMUSG00000020594	ISO, IEA
CRE upregulated	GO:0080134	regulation of response to stress	ENSMUSG00000020448	Rnf185	ISS, IEA
CRE upregulated	GO:0080134	regulation of response to stress	ENSMUSG00000000787	ENSMUSG00000000787	IDA, ISS
CRE upregulated	GO:0080134	regulation of response to stress	ENSMUSG00000022948	Setd4	IDA
CRE upregulated	GO:0080134	regulation of response to stress	ENSMUSG00000038676	Ucn	ISO, IEA
CRE upregulated	GO:0080134	regulation of response to stress	ENSMUSG00000037553	ENSMUSG00000037553	ISS, IEA
CRE upregulated	GO:0080134	regulation of response to stress	ENSMUSG00000042185	ENSMUSG00000042185	IDA, IMP
CRE upregulated	GO:0080134	regulation of response to stress	ENSMUSG00000032508	Myd88	IMP, IGI, ISS, IBA, IEA
CRE upregulated	GO:0080134	regulation of response to stress	ENSMUSG00000026864	ENSMUSG00000026864	ISS
CRE upregulated	GO:0080134	regulation of response to stress	ENSMUSG00000021072	Tmx1	IMP, ISS, IEA
CRE upregulated	GO:0080134	regulation of response to stress	ENSMUSG00000032462	ENSMUSG00000032462	IMP
CRE upregulated	GO:0080134	regulation of response to stress	ENSMUSG00000004270	ENSMUSG00000004270	IDA, IMP
CRE upregulated	GO:0080134	regulation of response to stress	ENSMUSG00000038250	ENSMUSG00000038250	IEA
CRE upregulated	GO:0080134	regulation of response to stress	ENSMUSG00000028291	ENSMUSG00000028291	IMP, IBA
CRE upregulated	GO:0080134	regulation of response to stress	ENSMUSG00000037411	Serpine1	IEA
CRE upregulated	GO:0080134	regulation of response to stress	ENSMUSG00000027646	ENSMUSG00000027646	IEA
CRE upregulated	GO:0080134	regulation of response to stress	ENSMUSG00000015839	Nfe2l2	IMP, ISO, IEA
CRE upregulated	GO:0080134	regulation of response to stress	ENSMUSG00000031751	ENSMUSG00000031751	IMP
CRE upregulated	GO:0080134	regulation of response to stress	ENSMUSG00000003541	ENSMUSG00000003541	IMP
CRE upregulated	GO:0044419	biological process involved in interspecies interaction between organisms	ENSMUSG00000052684	Jun	IDA, IEP
CRE upregulated	GO:0044419	biological process involved in interspecies interaction between organisms	ENSMUSG00000037428	Vgf	IEA
CRE upregulated	GO:0044419	biological process involved in interspecies interaction between organisms	ENSMUSG00000031574	Star	IEA
CRE upregulated	GO:0044419	biological process involved in interspecies interaction between organisms	ENSMUSG00000004951	Hspb1	ISS, IEA
CRE upregulated	GO:0044419	biological process involved in interspecies interaction between organisms	ENSMUSG00000046688	Tifa	ISS, IBA, IEA
CRE upregulated	GO:0044419	biological process involved in interspecies interaction between organisms	ENSMUSG00000025473	Adam8	IDA
CRE upregulated	GO:0044419	biological process involved in interspecies interaction between organisms	ENSMUSG00000037447	Arid5a	IMP, IEA
CRE upregulated	GO:0044419	biological process involved in interspecies interaction between organisms	ENSMUSG00000033902	Mapkbp1	IEA
CRE upregulated	GO:0044419	biological process involved in interspecies interaction between organisms	ENSMUSG00000030748	Il4ra	IMP
CRE upregulated	GO:0044419	biological process involved in interspecies interaction between organisms	ENSMUSG00000014599	Csf1	IEA
CRE upregulated	GO:0044419	biological process involved in interspecies interaction between organisms	ENSMUSG00000024404	Riok3	IEA
CRE upregulated	GO:0044419	biological process involved in interspecies interaction between organisms	ENSMUSG00000109901	Chmp1b	ISO, IEA
CRE upregulated	GO:0044419	biological process involved in interspecies interaction between organisms	ENSMUSG00000035673	Sbno2	IDA
CRE upregulated	GO:0044419	biological process involved in interspecies interaction between organisms	ENSMUSG00000030095	Tmem43	IEA
CRE upregulated	GO:0044419	biological process involved in interspecies interaction between organisms	ENSMUSG00000028793	Rnf19b	IMP
CRE upregulated	GO:0044419	biological process involved in interspecies interaction between organisms	ENSMUSG00000026670	Uap1	IEA
CRE upregulated	GO:0044419	biological process involved in interspecies interaction between organisms	ENSMUSG00000021400	Wrnip1	IEA
CRE upregulated	GO:0044419	biological process involved in interspecies interaction between organisms	ENSMUSG00000002250	Ppard	ISO
CRE upregulated	GO:0044419	biological process involved in interspecies interaction between organisms	ENSMUSG00000044734	Serpinb1a	IDA
CRE upregulated	GO:0044419	biological process involved in interspecies interaction between organisms	ENSMUSG00000019461	Plscr3	IEP
CRE upregulated	GO:0044419	biological process involved in interspecies interaction between organisms	ENSMUSG00000040511	Pvr	IEA
CRE upregulated	GO:0044419	biological process involved in interspecies interaction between organisms	ENSMUSG00000011179	Odc1	IEA
CRE upregulated	GO:0044419	biological process involved in interspecies interaction between organisms	ENSMUSG00000051343	Rab11fip5	IDA
CRE upregulated	GO:0044419	biological process involved in interspecies interaction between organisms	ENSMUSG00000026254	Eif4e2	IEA
CRE upregulated	GO:0044419	biological process involved in interspecies interaction between organisms	ENSMUSG00000053436	Mapk14	IDA, ISO, IEA
CRE upregulated	GO:0044419	biological process involved in interspecies interaction between organisms	ENSMUSG00000040025	Ythdf2	ISS, IEA
CRE upregulated	GO:0044419	biological process involved in interspecies interaction between organisms	ENSMUSG00000018362	Kpna2	IMP, ISO
CRE upregulated	GO:0044419	biological process involved in interspecies interaction between organisms	ENSMUSG00000022043	Trim35	IEA
CRE upregulated	GO:0044419	biological process involved in interspecies interaction between organisms	ENSMUSG00000011008	Mcoln2	IEA
CRE upregulated	GO:0044419	biological process involved in interspecies interaction between organisms	ENSMUSG00000015243	Abca1	IDA
CRE upregulated	GO:0044419	biological process involved in interspecies interaction between organisms	ENSMUSG00000025139	Tollip	IEA
CRE upregulated	GO:0044419	biological process involved in interspecies interaction between organisms	ENSMUSG00000025746	Il6	IDA, IMP, ISO
CRE upregulated	GO:0044419	biological process involved in interspecies interaction between organisms	ENSMUSG00000055994	Nod2	IDA, IMP, IGI, ISS, ISO, IBA, IEA
CRE upregulated	GO:0044419	biological process involved in interspecies interaction between organisms	ENSMUSG00000024014	Pim1	ISS, IEA
CRE upregulated	GO:0044419	biological process involved in interspecies interaction between organisms	ENSMUSG00000020580	Rock2	IEA
CRE upregulated	GO:0044419	biological process involved in interspecies interaction between organisms	ENSMUSG00000059923	Grb2	IEA
CRE upregulated	GO:0044419	biological process involved in interspecies interaction between organisms	ENSMUSG00000042726	Trafd1	IMP, IBA
CRE upregulated	GO:0044419	biological process involved in interspecies interaction between organisms	ENSMUSG00000031628	Casp3	IEA
CRE upregulated	GO:0044419	biological process involved in interspecies interaction between organisms	ENSMUSG00000001847	Rac1	IDA
CRE upregulated	GO:0044419	biological process involved in interspecies interaction between organisms	ENSMUSG00000024349	Sting1	IDA, IMP, ISS, ISO, IBA, IEA
CRE upregulated	GO:0044419	biological process involved in interspecies interaction between organisms	ENSMUSG00000074115	Saa1	IEP
CRE upregulated	GO:0044419	biological process involved in interspecies interaction between organisms	ENSMUSG00000015837	Sqstm1	IEA
CRE upregulated	GO:0044419	biological process involved in interspecies interaction between organisms	ENSMUSG00000034783	Cd207	IEA
CRE upregulated	GO:0044419	biological process involved in interspecies interaction between organisms	ENSMUSG00000037580	Gch1	TAS, IEA
CRE upregulated	GO:0044419	biological process involved in interspecies interaction between organisms	ENSMUSG00000023087	Noct	IDA
CRE upregulated	GO:0044419	biological process involved in interspecies interaction between organisms	ENSMUSG00000015316	Slamf1	IEA
CRE upregulated	GO:0044419	biological process involved in interspecies interaction between organisms	ENSMUSG00000024789	Jak2	IDA, ISS, ISO, IEA
CRE upregulated	GO:0044419	biological process involved in interspecies interaction between organisms	ENSMUSG00000010095	Slc3a2	IEA
CRE upregulated	GO:0044419	biological process involved in interspecies interaction between organisms	ENSMUSG00000029578	Wipi2	IPI
CRE upregulated	GO:0044419	biological process involved in interspecies interaction between organisms	ENSMUSG00000029135	Fosl2	IDA, IMP
CRE upregulated	GO:0044419	biological process involved in interspecies interaction between organisms	ENSMUSG00000036990	Otud4	IDA, IBA, IEA
CRE upregulated	GO:0044419	biological process involved in interspecies interaction between organisms	ENSMUSG00000047554	Tmem41b	IEA
CRE upregulated	GO:0044419	biological process involved in interspecies interaction between organisms	ENSMUSG00000029860	Zyx	IDA
CRE upregulated	GO:0044419	biological process involved in interspecies interaction between organisms	ENSMUSG00000029826	Zc3hav1	ISS, ISO, IBA, TAS, IEA
CRE upregulated	GO:0044419	biological process involved in interspecies interaction between organisms	ENSMUSG00000027797	Dclk1	IEA
CRE upregulated	GO:0044419	biological process involved in interspecies interaction between organisms	ENSMUSG00000059866	Tnip2	IMP, IBA
CRE upregulated	GO:0044419	biological process involved in interspecies interaction between organisms	ENSMUSG00000033545	Znrf1	IEA
CRE upregulated	GO:0044419	biological process involved in interspecies interaction between organisms	ENSMUSG00000040033	ENSMUSG00000040033	IEA
CRE upregulated	GO:0044419	biological process involved in interspecies interaction between organisms	ENSMUSG00000024803	Ankrd1	IDA, IEA
CRE upregulated	GO:0044419	biological process involved in interspecies interaction between organisms	ENSMUSG00000024912	Fosl1	IMP
CRE upregulated	GO:0044419	biological process involved in interspecies interaction between organisms	ENSMUSG00000024927	Rela	IDA, IEP, ISO, IBA, IEA
CRE upregulated	GO:0044419	biological process involved in interspecies interaction between organisms	ENSMUSG00000038591	Colec10	IEA
CRE upregulated	GO:0044419	biological process involved in interspecies interaction between organisms	ENSMUSG00000040365	Trim41	ISS, IEA
CRE upregulated	GO:0044419	biological process involved in interspecies interaction between organisms	ENSMUSG00000053175	Bcl3	IMP, IEA
CRE upregulated	GO:0044419	biological process involved in interspecies interaction between organisms	ENSMUSG00000020349	ENSMUSG00000020349	IMP
CRE upregulated	GO:0044419	biological process involved in interspecies interaction between organisms	ENSMUSG00000021587	Pcsk1	IEA
CRE upregulated	GO:0044419	biological process involved in interspecies interaction between organisms	ENSMUSG00000028599	Tnfrsf1b	IEA
CRE upregulated	GO:0044419	biological process involved in interspecies interaction between organisms	ENSMUSG00000044147	Arf6	NAS
CRE upregulated	GO:0044419	biological process involved in interspecies interaction between organisms	ENSMUSG00000030662	ENSMUSG00000030662	IEA
CRE upregulated	GO:0044419	biological process involved in interspecies interaction between organisms	ENSMUSG00000011877	Git1	IMP
CRE upregulated	GO:0044419	biological process involved in interspecies interaction between organisms	ENSMUSG00000025060	ENSMUSG00000025060	ISO
CRE upregulated	GO:0044419	biological process involved in interspecies interaction between organisms	ENSMUSG00000047281	ENSMUSG00000047281	ISS, IEA
CRE upregulated	GO:0044419	biological process involved in interspecies interaction between organisms	ENSMUSG00000019842	ENSMUSG00000019842	IEA
CRE upregulated	GO:0044419	biological process involved in interspecies interaction between organisms	ENSMUSG00000070056	ENSMUSG00000070056	IMP, ISS, IEA
CRE upregulated	GO:0044419	biological process involved in interspecies interaction between organisms	ENSMUSG00000041598	Cdc42ep4	IDA
CRE upregulated	GO:0044419	biological process involved in interspecies interaction between organisms	ENSMUSG00000045664	Cdc42ep2	IDA
CRE upregulated	GO:0044419	biological process involved in interspecies interaction between organisms	ENSMUSG00000027465	Tbc1d20	IEA
CRE upregulated	GO:0044419	biological process involved in interspecies interaction between organisms	ENSMUSG00000037860	Aim2	IDA, IMP, IBA, NAS, IEA
CRE upregulated	GO:0044419	biological process involved in interspecies interaction between organisms	ENSMUSG00000039191	Rbpj	IMP
CRE upregulated	GO:0044419	biological process involved in interspecies interaction between organisms	ENSMUSG00000019256	ENSMUSG00000019256	IEA
CRE upregulated	GO:0044419	biological process involved in interspecies interaction between organisms	ENSMUSG00000022656	ENSMUSG00000022656	IEA
CRE upregulated	GO:0044419	biological process involved in interspecies interaction between organisms	ENSMUSG00000040010	Slc7a5	IEA
CRE upregulated	GO:0044419	biological process involved in interspecies interaction between organisms	ENSMUSG00000076434	ENSMUSG00000076434	IBA
CRE upregulated	GO:0044419	biological process involved in interspecies interaction between organisms	ENSMUSG00000027997	Casp6	ISS, IEA
CRE upregulated	GO:0044419	biological process involved in interspecies interaction between organisms	ENSMUSG00000058354	Krt6a	IMP
CRE upregulated	GO:0044419	biological process involved in interspecies interaction between organisms	ENSMUSG00000020594	ENSMUSG00000020594	IEA
CRE upregulated	GO:0044419	biological process involved in interspecies interaction between organisms	ENSMUSG00000020448	Rnf185	ISS, IEA
CRE upregulated	GO:0044419	biological process involved in interspecies interaction between organisms	ENSMUSG00000000787	ENSMUSG00000000787	IDA, ISS, IEA
CRE upregulated	GO:0044419	biological process involved in interspecies interaction between organisms	ENSMUSG00000038467	ENSMUSG00000038467	ISO, IEA
CRE upregulated	GO:0044419	biological process involved in interspecies interaction between organisms	ENSMUSG00000037553	ENSMUSG00000037553	ISS, IEA
CRE upregulated	GO:0044419	biological process involved in interspecies interaction between organisms	ENSMUSG00000025403	ENSMUSG00000025403	IEA
CRE upregulated	GO:0044419	biological process involved in interspecies interaction between organisms	ENSMUSG00000032508	Myd88	IMP, IGI, ISS, IBA, IEA
CRE upregulated	GO:0044419	biological process involved in interspecies interaction between organisms	ENSMUSG00000038250	ENSMUSG00000038250	IEA
CRE upregulated	GO:0044419	biological process involved in interspecies interaction between organisms	ENSMUSG00000028291	ENSMUSG00000028291	IMP, IBA, IEA
CRE upregulated	GO:0044419	biological process involved in interspecies interaction between organisms	ENSMUSG00000050108	Bpifc	IEA
CRE upregulated	GO:0044419	biological process involved in interspecies interaction between organisms	ENSMUSG00000037411	Serpine1	IEA
CRE upregulated	GO:0044419	biological process involved in interspecies interaction between organisms	ENSMUSG00000019843	ENSMUSG00000019843	IBA
CRE upregulated	GO:0044419	biological process involved in interspecies interaction between organisms	ENSMUSG00000020755	ENSMUSG00000020755	IEA
CRE upregulated	GO:0044419	biological process involved in interspecies interaction between organisms	ENSMUSG00000027646	ENSMUSG00000027646	IBA, IEA
CRE upregulated	GO:0044419	biological process involved in interspecies interaction between organisms	ENSMUSG00000052316	ENSMUSG00000052316	IEA
CRE upregulated	GO:0044419	biological process involved in interspecies interaction between organisms	ENSMUSG00000032501	Trib1	IMP, IEA
CRE upregulated	GO:0044419	biological process involved in interspecies interaction between organisms	ENSMUSG00000019726	ENSMUSG00000019726	IEA
CRE upregulated	GO:0044419	biological process involved in interspecies interaction between organisms	ENSMUSG00000031073	Fgf15	IEP
CRE upregulated	GO:0044419	biological process involved in interspecies interaction between organisms	ENSMUSG00000015839	Nfe2l2	IMP
CRE upregulated	GO:0044419	biological process involved in interspecies interaction between organisms	ENSMUSG00000053797	ENSMUSG00000053797	IMP, IEA
CRE upregulated	GO:0044419	biological process involved in interspecies interaction between organisms	ENSMUSG00000003541	ENSMUSG00000003541	IMP
CRE upregulated	GO:0016192	vesicle-mediated transport	ENSMUSG00000042816	Gpr151	EXP, IDA, IMP
CRE upregulated	GO:0016192	vesicle-mediated transport	ENSMUSG00000024143	Rhoq	IBA
CRE upregulated	GO:0016192	vesicle-mediated transport	ENSMUSG00000030748	Il4ra	IMP
CRE upregulated	GO:0016192	vesicle-mediated transport	ENSMUSG00000041831	Sytl3	IDA, IBA, IEA
CRE upregulated	GO:0016192	vesicle-mediated transport	ENSMUSG00000109901	Chmp1b	ISO, IBA, NAS, IEA
CRE upregulated	GO:0016192	vesicle-mediated transport	ENSMUSG00000024261	Syt4	EXP, IDA, IMP, ISO, IBA, TAS, IEA
CRE upregulated	GO:0016192	vesicle-mediated transport	ENSMUSG00000043003	Rasef	IBA
CRE upregulated	GO:0016192	vesicle-mediated transport	ENSMUSG00000021501	Caml	IEA
CRE upregulated	GO:0016192	vesicle-mediated transport	ENSMUSG00000041870	Ankrd13a	ISS, IEA
CRE upregulated	GO:0016192	vesicle-mediated transport	ENSMUSG00000024883	Rin1	IEA
CRE upregulated	GO:0016192	vesicle-mediated transport	ENSMUSG00000029518	Rab35	ISS, IBA, IEA
CRE upregulated	GO:0016192	vesicle-mediated transport	ENSMUSG00000027540	Ptpn1	ISS, IEA
CRE upregulated	GO:0016192	vesicle-mediated transport	ENSMUSG00000039232	Stx11	IEA
CRE upregulated	GO:0016192	vesicle-mediated transport	ENSMUSG00000051343	Rab11fip5	IDA, IMP, IBA
CRE upregulated	GO:0016192	vesicle-mediated transport	ENSMUSG00000034226	Rhov	IBA
CRE upregulated	GO:0016192	vesicle-mediated transport	ENSMUSG00000001420	Tmem79	IMP, IBA
CRE upregulated	GO:0016192	vesicle-mediated transport	ENSMUSG00000015341	Golga7	ISS, ISO, IBA, IEA
CRE upregulated	GO:0016192	vesicle-mediated transport	ENSMUSG00000025809	Itgb1	IDA, ISO
CRE upregulated	GO:0016192	vesicle-mediated transport	ENSMUSG00000015243	Abca1	IMP, IEA
CRE upregulated	GO:0016192	vesicle-mediated transport	ENSMUSG00000020592	Sdc1	IMP, IEA
CRE upregulated	GO:0016192	vesicle-mediated transport	ENSMUSG00000032231	Anxa2	IMP, ISO, IBA, NAS, IEA
CRE upregulated	GO:0016192	vesicle-mediated transport	ENSMUSG00000073563	Csnk1g3	IBA
CRE upregulated	GO:0016192	vesicle-mediated transport	ENSMUSG00000031078	Cttn	ISS, ISO, IEA
CRE upregulated	GO:0016192	vesicle-mediated transport	ENSMUSG00000022607	Ptk2	ISO
CRE upregulated	GO:0016192	vesicle-mediated transport	ENSMUSG00000055994	Nod2	IMP
CRE upregulated	GO:0016192	vesicle-mediated transport	ENSMUSG00000037062	Sh3glb1	ISO
CRE upregulated	GO:0016192	vesicle-mediated transport	ENSMUSG00000034247	Plekhm1	ISS, IEA
CRE upregulated	GO:0016192	vesicle-mediated transport	ENSMUSG00000024772	Ehd1	IDA, IMP, ISS, IBA, IEA
CRE upregulated	GO:0016192	vesicle-mediated transport	ENSMUSG00000027293	Ehd4	ISS, ISO, IBA, IEA
CRE upregulated	GO:0016192	vesicle-mediated transport	ENSMUSG00000035392	Dennd1a	IDA, ISS, IBA
CRE upregulated	GO:0016192	vesicle-mediated transport	ENSMUSG00000033039	Micall1	ISS, IEA
CRE upregulated	GO:0016192	vesicle-mediated transport	ENSMUSG00000059923	Grb2	IEA
CRE upregulated	GO:0016192	vesicle-mediated transport	ENSMUSG00000049303	Syt12	ISO, IBA, IEA
CRE upregulated	GO:0016192	vesicle-mediated transport	ENSMUSG00000031628	Casp3	IDA, IMP
CRE upregulated	GO:0016192	vesicle-mediated transport	ENSMUSG00000001847	Rac1	IDA, IMP, IBA, IEA
CRE upregulated	GO:0016192	vesicle-mediated transport	ENSMUSG00000018909	Arrb1	ISS, ISO, IBA, IEA
CRE upregulated	GO:0016192	vesicle-mediated transport	ENSMUSG00000057531	Dtnbp1	IDA, IMP, ISO, IBA, IEA
CRE upregulated	GO:0016192	vesicle-mediated transport	ENSMUSG00000036057	Ptpn23	IBA, IEA
CRE upregulated	GO:0016192	vesicle-mediated transport	ENSMUSG00000015316	Slamf1	IMP, IEA
CRE upregulated	GO:0016192	vesicle-mediated transport	ENSMUSG00000022433	Csnk1e	IBA
CRE upregulated	GO:0016192	vesicle-mediated transport	ENSMUSG00000036437	Npy1r	ISO
CRE upregulated	GO:0016192	vesicle-mediated transport	ENSMUSG00000030616	Sytl2	IDA, IBA, IEA
CRE upregulated	GO:0016192	vesicle-mediated transport	ENSMUSG00000023032	Slc4a8	EXP, IDA, IMP
CRE upregulated	GO:0016192	vesicle-mediated transport	ENSMUSG00000038949	Cnst	ISS, IBA, IEA
CRE upregulated	GO:0016192	vesicle-mediated transport	ENSMUSG00000025178	Pi4k2a	ISO
CRE upregulated	GO:0016192	vesicle-mediated transport	ENSMUSG00000022602	Arc	IDA, IMP, ISS, ISO, IEA
CRE upregulated	GO:0016192	vesicle-mediated transport	ENSMUSG00000033769	Exoc6b	IBA, NAS, IEA
CRE upregulated	GO:0016192	vesicle-mediated transport	ENSMUSG00000050335	Lgals3	IEA
CRE upregulated	GO:0016192	vesicle-mediated transport	ENSMUSG00000033545	Znrf1	IEA
CRE upregulated	GO:0016192	vesicle-mediated transport	ENSMUSG00000036206	Sh3bp4	IEA
CRE upregulated	GO:0016192	vesicle-mediated transport	ENSMUSG00000025793	ENSMUSG00000025793	ISO, IBA, IEA
CRE upregulated	GO:0016192	vesicle-mediated transport	ENSMUSG00000038591	Colec10	IEA
CRE upregulated	GO:0016192	vesicle-mediated transport	ENSMUSG00000002733	Plekha3	IBA
CRE upregulated	GO:0016192	vesicle-mediated transport	ENSMUSG00000026718	ENSMUSG00000026718	IBA, IEA
CRE upregulated	GO:0016192	vesicle-mediated transport	ENSMUSG00000029071	ENSMUSG00000029071	IDA, IMP
CRE upregulated	GO:0016192	vesicle-mediated transport	ENSMUSG00000022125	Cln5	IEA
CRE upregulated	GO:0016192	vesicle-mediated transport	ENSMUSG00000064210	ENSMUSG00000064210	IMP
CRE upregulated	GO:0016192	vesicle-mediated transport	ENSMUSG00000049866	Arl4c	ISS, IBA, IEA
CRE upregulated	GO:0016192	vesicle-mediated transport	ENSMUSG00000025162	ENSMUSG00000025162	IBA, IEA
CRE upregulated	GO:0016192	vesicle-mediated transport	ENSMUSG00000040640	ENSMUSG00000040640	IDA, IMP
CRE upregulated	GO:0016192	vesicle-mediated transport	ENSMUSG00000024517	Grp	IDA, IEA
CRE upregulated	GO:0016192	vesicle-mediated transport	ENSMUSG00000025340	Rabgef1	IMP, IEA
CRE upregulated	GO:0016192	vesicle-mediated transport	ENSMUSG00000004530	ENSMUSG00000004530	ISS, TAS, IEA
CRE upregulated	GO:0016192	vesicle-mediated transport	ENSMUSG00000044147	Arf6	ISO, IBA, IEA
CRE upregulated	GO:0016192	vesicle-mediated transport	ENSMUSG00000052298	Cdc42se2	IEA
CRE upregulated	GO:0016192	vesicle-mediated transport	ENSMUSG00000011877	Git1	IDA, IMP, IBA
CRE upregulated	GO:0016192	vesicle-mediated transport	ENSMUSG00000040046	Tph1	IMP
CRE upregulated	GO:0016192	vesicle-mediated transport	ENSMUSG00000062234	ENSMUSG00000062234	IEA
CRE upregulated	GO:0016192	vesicle-mediated transport	ENSMUSG00000025351	Cd63	ISS, ISO, IEA
CRE upregulated	GO:0016192	vesicle-mediated transport	ENSMUSG00000044465	ENSMUSG00000044465	ISS, IBA, IEA
CRE upregulated	GO:0016192	vesicle-mediated transport	ENSMUSG00000027465	Tbc1d20	IBA, IEA
CRE upregulated	GO:0016192	vesicle-mediated transport	ENSMUSG00000000001	ENSMUSG00000000001	ISO
CRE upregulated	GO:0016192	vesicle-mediated transport	ENSMUSG00000039844	ENSMUSG00000039844	ISO, IEA
CRE upregulated	GO:0016192	vesicle-mediated transport	ENSMUSG00000020671	ENSMUSG00000020671	IMP, ISS, ISO, IBA, IEA
CRE upregulated	GO:0016192	vesicle-mediated transport	ENSMUSG00000047547	Cltb	IBA, IEA
CRE upregulated	GO:0016192	vesicle-mediated transport	ENSMUSG00000008859	ENSMUSG00000008859	IDA, ISO, IBA, IEA
CRE upregulated	GO:0016192	vesicle-mediated transport	ENSMUSG00000046722	ENSMUSG00000046722	IEA
CRE upregulated	GO:0016192	vesicle-mediated transport	ENSMUSG00000038467	ENSMUSG00000038467	ISO, IBA, NAS, IEA
CRE upregulated	GO:0016192	vesicle-mediated transport	ENSMUSG00000052681	Rap1b	IGI, IBA, IEA
CRE upregulated	GO:0016192	vesicle-mediated transport	ENSMUSG00000032508	Myd88	IMP, IEA
CRE upregulated	GO:0016192	vesicle-mediated transport	ENSMUSG00000002633	Shh	IDA
CRE upregulated	GO:0016192	vesicle-mediated transport	ENSMUSG00000027978	Prss12	IDA
CRE upregulated	GO:0016192	vesicle-mediated transport	ENSMUSG00000032462	ENSMUSG00000032462	IEA
CRE upregulated	GO:0016192	vesicle-mediated transport	ENSMUSG00000037907	ENSMUSG00000037907	ISS, IEA
CRE upregulated	GO:0016192	vesicle-mediated transport	ENSMUSG00000061244	ENSMUSG00000061244	IBA, NAS, IEA
CRE upregulated	GO:0016192	vesicle-mediated transport	ENSMUSG00000056050	ENSMUSG00000056050	IEA
CRE upregulated	GO:0016192	vesicle-mediated transport	ENSMUSG00000037411	Serpine1	IEA
CRE upregulated	GO:0016192	vesicle-mediated transport	ENSMUSG00000027646	ENSMUSG00000027646	ISO, IEA
CRE upregulated	GO:0016192	vesicle-mediated transport	ENSMUSG00000053825	ENSMUSG00000053825	IEA
CRE upregulated	GO:0016192	vesicle-mediated transport	ENSMUSG00000019726	ENSMUSG00000019726	IEA
CRE upregulated	GO:0016192	vesicle-mediated transport	ENSMUSG00000034006	ENSMUSG00000034006	IBA
CRE upregulated	GO:0016192	vesicle-mediated transport	ENSMUSG00000019998	ENSMUSG00000019998	IEA
CRE upregulated	GO:0010556	regulation of macromolecule biosynthetic process	ENSMUSG00000026628	Atf3	IDA, IMP, IGI, ISO, IBA, IEA
CRE upregulated	GO:0010556	regulation of macromolecule biosynthetic process	ENSMUSG00000036390	Gadd45a	IEA
CRE upregulated	GO:0010556	regulation of macromolecule biosynthetic process	ENSMUSG00000052684	Jun	IDA, IMP, IGI, ISS, ISO, IBA, NAS, IEA
CRE upregulated	GO:0010556	regulation of macromolecule biosynthetic process	ENSMUSG00000063632	Sox11	IDA, IMP, ISO, IBA, IEA
CRE upregulated	GO:0010556	regulation of macromolecule biosynthetic process	ENSMUSG00000046223	Plaur	NAS
CRE upregulated	GO:0010556	regulation of macromolecule biosynthetic process	ENSMUSG00000031574	Star	ISO, IEA
CRE upregulated	GO:0010556	regulation of macromolecule biosynthetic process	ENSMUSG00000004951	Hspb1	IDA
CRE upregulated	GO:0010556	regulation of macromolecule biosynthetic process	ENSMUSG00000025473	Adam8	IMP
CRE upregulated	GO:0010556	regulation of macromolecule biosynthetic process	ENSMUSG00000056749	Nfil3	IDA, IMP, IBA, IEA
CRE upregulated	GO:0010556	regulation of macromolecule biosynthetic process	ENSMUSG00000024143	Rhoq	IEA
CRE upregulated	GO:0010556	regulation of macromolecule biosynthetic process	ENSMUSG00000022895	Ets2	ISO, IBA, IEA
CRE upregulated	GO:0010556	regulation of macromolecule biosynthetic process	ENSMUSG00000037447	Arid5a	IMP, IGI, ISS, IBA, IEA
CRE upregulated	GO:0010556	regulation of macromolecule biosynthetic process	ENSMUSG00000033902	Mapkbp1	IEA
CRE upregulated	GO:0010556	regulation of macromolecule biosynthetic process	ENSMUSG00000030748	Il4ra	IMP
CRE upregulated	GO:0010556	regulation of macromolecule biosynthetic process	ENSMUSG00000032515	Csrnp1	IDA, IMP, IBA
CRE upregulated	GO:0010556	regulation of macromolecule biosynthetic process	ENSMUSG00000021765	Fst	IEA
CRE upregulated	GO:0010556	regulation of macromolecule biosynthetic process	ENSMUSG00000030256	Bhlhe41	IDA, IMP, IBA, TAS, IEA
CRE upregulated	GO:0010556	regulation of macromolecule biosynthetic process	ENSMUSG00000014599	Csf1	IDA, IEA
CRE upregulated	GO:0010556	regulation of macromolecule biosynthetic process	ENSMUSG00000025612	Bach1	IDA, ISS, IBA, IEA
CRE upregulated	GO:0010556	regulation of macromolecule biosynthetic process	ENSMUSG00000023067	Cdkn1a	IMP, IEA
CRE upregulated	GO:0010556	regulation of macromolecule biosynthetic process	ENSMUSG00000024404	Riok3	IEA
CRE upregulated	GO:0010556	regulation of macromolecule biosynthetic process	ENSMUSG00000000078	Klf6	IEA
CRE upregulated	GO:0010556	regulation of macromolecule biosynthetic process	ENSMUSG00000058093	Zfp729b	IBA, IEA
CRE upregulated	GO:0010556	regulation of macromolecule biosynthetic process	ENSMUSG00000044934	Zfp367	ISO, IBA, IEA
CRE upregulated	GO:0010556	regulation of macromolecule biosynthetic process	ENSMUSG00000030272	Camk1	IEA
CRE upregulated	GO:0010556	regulation of macromolecule biosynthetic process	ENSMUSG00000001542	Ell2	ISO, IBA
CRE upregulated	GO:0010556	regulation of macromolecule biosynthetic process	ENSMUSG00000031681	Smad1	IDA, IMP, IGI, IBA, IEA
CRE upregulated	GO:0010556	regulation of macromolecule biosynthetic process	ENSMUSG00000035673	Sbno2	IMP, IBA, IEA
CRE upregulated	GO:0010556	regulation of macromolecule biosynthetic process	ENSMUSG00000033060	Lmo7	IDA, ISS, ISO
CRE upregulated	GO:0010556	regulation of macromolecule biosynthetic process	ENSMUSG00000003644	Rps6ka1	ISO, IBA, IEA
CRE upregulated	GO:0010556	regulation of macromolecule biosynthetic process	ENSMUSG00000026836	Acvr1	IMP, IEA
CRE upregulated	GO:0010556	regulation of macromolecule biosynthetic process	ENSMUSG00000026670	Uap1	IEA
CRE upregulated	GO:0010556	regulation of macromolecule biosynthetic process	ENSMUSG00000068566	Myadm	IEA
CRE upregulated	GO:0010556	regulation of macromolecule biosynthetic process	ENSMUSG00000024256	Adcyap1	IDA, ISS, ISO, IEA
CRE upregulated	GO:0010556	regulation of macromolecule biosynthetic process	ENSMUSG00000034832	Tet3	IMP, ISS, IBA, IEA
CRE upregulated	GO:0010556	regulation of macromolecule biosynthetic process	ENSMUSG00000056076	Eif3b	IEA
CRE upregulated	GO:0010556	regulation of macromolecule biosynthetic process	ENSMUSG00000002250	Ppard	IDA, IMP, ISS, IBA, IEA
CRE upregulated	GO:0010556	regulation of macromolecule biosynthetic process	ENSMUSG00000044734	Serpinb1a	IMP, IBA
CRE upregulated	GO:0010556	regulation of macromolecule biosynthetic process	ENSMUSG00000037638	Zbtb42	IDA, IBA
CRE upregulated	GO:0010556	regulation of macromolecule biosynthetic process	ENSMUSG00000038894	Irs2	IEA
CRE upregulated	GO:0010556	regulation of macromolecule biosynthetic process	ENSMUSG00000066838	Zfp772	IBA, IEA
CRE upregulated	GO:0010556	regulation of macromolecule biosynthetic process	ENSMUSG00000007812	Zfp655	IBA, IEA
CRE upregulated	GO:0010556	regulation of macromolecule biosynthetic process	ENSMUSG00000042507	Mideas	IBA
CRE upregulated	GO:0010556	regulation of macromolecule biosynthetic process	ENSMUSG00000027313	Chac1	ISS, IEA
CRE upregulated	GO:0010556	regulation of macromolecule biosynthetic process	ENSMUSG00000026796	Niban2	IEA
CRE upregulated	GO:0010556	regulation of macromolecule biosynthetic process	ENSMUSG00000022661	Cd200	IEA
CRE upregulated	GO:0010556	regulation of macromolecule biosynthetic process	ENSMUSG00000027583	Zbtb46	IDA, IBA, IEA
CRE upregulated	GO:0010556	regulation of macromolecule biosynthetic process	ENSMUSG00000028063	Lmna	IMP, IBA
CRE upregulated	GO:0010556	regulation of macromolecule biosynthetic process	ENSMUSG00000026254	Eif4e2	ISS, ISO, IEA
CRE upregulated	GO:0010556	regulation of macromolecule biosynthetic process	ENSMUSG00000030678	Maz	IEA
CRE upregulated	GO:0010556	regulation of macromolecule biosynthetic process	ENSMUSG00000053436	Mapk14	IDA, IMP, ISO, IEA
CRE upregulated	GO:0010556	regulation of macromolecule biosynthetic process	ENSMUSG00000040025	Ythdf2	IMP, ISS, IBA, IEA
CRE upregulated	GO:0010556	regulation of macromolecule biosynthetic process	ENSMUSG00000028156	Eif4e	IDA, IMP, IEP, ISS, IEA
CRE upregulated	GO:0010556	regulation of macromolecule biosynthetic process	ENSMUSG00000025239	Limd1	ISS, ISO, IBA, IEA
CRE upregulated	GO:0010556	regulation of macromolecule biosynthetic process	ENSMUSG00000011008	Mcoln2	IMP
CRE upregulated	GO:0010556	regulation of macromolecule biosynthetic process	ENSMUSG00000048490	Nrip1	IDA, IMP, IBA, IEA
CRE upregulated	GO:0010556	regulation of macromolecule biosynthetic process	ENSMUSG00000022096	Hr	IDA, IBA
CRE upregulated	GO:0010556	regulation of macromolecule biosynthetic process	ENSMUSG00000013089	Etv5	IDA, IBA, IEA
CRE upregulated	GO:0010556	regulation of macromolecule biosynthetic process	ENSMUSG00000025746	Il6	IDA, IMP, IGI, ISO
CRE upregulated	GO:0010556	regulation of macromolecule biosynthetic process	ENSMUSG00000032231	Anxa2	IDA, ISO, IEA
CRE upregulated	GO:0010556	regulation of macromolecule biosynthetic process	ENSMUSG00000032280	Tle3	ISO, IEA
CRE upregulated	GO:0010556	regulation of macromolecule biosynthetic process	ENSMUSG00000055994	Nod2	IDA, IMP, IGI, ISS, ISO, IEA
CRE upregulated	GO:0010556	regulation of macromolecule biosynthetic process	ENSMUSG00000024014	Pim1	IMP
CRE upregulated	GO:0010556	regulation of macromolecule biosynthetic process	ENSMUSG00000020580	Rock2	IEA
CRE upregulated	GO:0010556	regulation of macromolecule biosynthetic process	ENSMUSG00000063889	Crem	IGI, IBA, IEA
CRE upregulated	GO:0010556	regulation of macromolecule biosynthetic process	ENSMUSG00000027613	Eif6	IMP, ISS, IEA
CRE upregulated	GO:0010556	regulation of macromolecule biosynthetic process	ENSMUSG00000042406	Atf4	IDA, IMP, IGI, ISS, ISO, IBA, IEA
CRE upregulated	GO:0010556	regulation of macromolecule biosynthetic process	ENSMUSG00000079049	Serpinb1c	IMP, IBA
CRE upregulated	GO:0010556	regulation of macromolecule biosynthetic process	ENSMUSG00000023079	Gtf2ird1	IEA
CRE upregulated	GO:0010556	regulation of macromolecule biosynthetic process	ENSMUSG00000020271	Fbxw11	IMP
CRE upregulated	GO:0010556	regulation of macromolecule biosynthetic process	ENSMUSG00000020838	Slc6a4	IMP
CRE upregulated	GO:0010556	regulation of macromolecule biosynthetic process	ENSMUSG00000029641	Rasl11a	IDA
CRE upregulated	GO:0010556	regulation of macromolecule biosynthetic process	ENSMUSG00000001507	Itga3	ISO, IEA
CRE upregulated	GO:0010556	regulation of macromolecule biosynthetic process	ENSMUSG00000031628	Casp3	IEA
CRE upregulated	GO:0010556	regulation of macromolecule biosynthetic process	ENSMUSG00000025408	Ddit3	IDA, IMP, IGI, ISS, ISO, IBA, NAS, IEA
CRE upregulated	GO:0010556	regulation of macromolecule biosynthetic process	ENSMUSG00000040435	Ppp1r15a	IDA, ISO, IEA
CRE upregulated	GO:0010556	regulation of macromolecule biosynthetic process	ENSMUSG00000032078	Zpr1	IMP, ISS, IBA, IEA
CRE upregulated	GO:0010556	regulation of macromolecule biosynthetic process	ENSMUSG00000001847	Rac1	IEA
CRE upregulated	GO:0010556	regulation of macromolecule biosynthetic process	ENSMUSG00000018909	Arrb1	ISO, IEA
CRE upregulated	GO:0010556	regulation of macromolecule biosynthetic process	ENSMUSG00000020248	Nfyb	IDA, ISO, IBA, IEA
CRE upregulated	GO:0010556	regulation of macromolecule biosynthetic process	ENSMUSG00000050410	Tcf19	IEA
CRE upregulated	GO:0010556	regulation of macromolecule biosynthetic process	ENSMUSG00000024349	Sting1	IDA, IMP, IGI, ISS, ISO, IBA, IEA
CRE upregulated	GO:0010556	regulation of macromolecule biosynthetic process	ENSMUSG00000030057	Cnbp	IDA, IBA, IEA
CRE upregulated	GO:0010556	regulation of macromolecule biosynthetic process	ENSMUSG00000024360	Etf1	IEA
CRE upregulated	GO:0010556	regulation of macromolecule biosynthetic process	ENSMUSG00000057531	Dtnbp1	IDA
CRE upregulated	GO:0010556	regulation of macromolecule biosynthetic process	ENSMUSG00000058355	Abce1	IEA
CRE upregulated	GO:0010556	regulation of macromolecule biosynthetic process	ENSMUSG00000000134	Tfe3	IDA, IMP, IBA, IEA
CRE upregulated	GO:0010556	regulation of macromolecule biosynthetic process	ENSMUSG00000008393	Carhsp1	IMP, IBA, IEA
CRE upregulated	GO:0010556	regulation of macromolecule biosynthetic process	ENSMUSG00000015837	Sqstm1	IMP
CRE upregulated	GO:0010556	regulation of macromolecule biosynthetic process	ENSMUSG00000028901	Gmeb1	IDA, IBA
CRE upregulated	GO:0010556	regulation of macromolecule biosynthetic process	ENSMUSG00000030309	Caprin2	IEA
CRE upregulated	GO:0010556	regulation of macromolecule biosynthetic process	ENSMUSG00000029131	Dnajb6	IDA
CRE upregulated	GO:0010556	regulation of macromolecule biosynthetic process	ENSMUSG00000037580	Gch1	ISO, IEA
CRE upregulated	GO:0010556	regulation of macromolecule biosynthetic process	ENSMUSG00000023087	Noct	IMP, IGI
CRE upregulated	GO:0010556	regulation of macromolecule biosynthetic process	ENSMUSG00000001627	Ifrd1	ISO
CRE upregulated	GO:0010556	regulation of macromolecule biosynthetic process	ENSMUSG00000015316	Slamf1	IDA, IBA, IEA
CRE upregulated	GO:0010556	regulation of macromolecule biosynthetic process	ENSMUSG00000022433	Csnk1e	IMP
CRE upregulated	GO:0010556	regulation of macromolecule biosynthetic process	ENSMUSG00000022346	Myc	IDA, IMP, IGI, ISS, ISO, IBA, IEA
CRE upregulated	GO:0010556	regulation of macromolecule biosynthetic process	ENSMUSG00000026072	Il1r1	ISS, IEA
CRE upregulated	GO:0010556	regulation of macromolecule biosynthetic process	ENSMUSG00000027954	Efna1	IMP
CRE upregulated	GO:0010556	regulation of macromolecule biosynthetic process	ENSMUSG00000024789	Jak2	IDA, IGI, ISS, ISO, NAS, IEA
CRE upregulated	GO:0010556	regulation of macromolecule biosynthetic process	ENSMUSG00000004040	ENSMUSG00000004040	IDA, IMP, IGI, ISO, IBA, NAS, IEA
CRE upregulated	GO:0010556	regulation of macromolecule biosynthetic process	ENSMUSG00000042292	Mrtfa	IDA, ISS, ISO, IBA, IEA
CRE upregulated	GO:0010556	regulation of macromolecule biosynthetic process	ENSMUSG00000061589	Dot1l	ISO, IEA
CRE upregulated	GO:0010556	regulation of macromolecule biosynthetic process	ENSMUSG00000109511	Nup62	IEA
CRE upregulated	GO:0010556	regulation of macromolecule biosynthetic process	ENSMUSG00000029135	Fosl2	IDA, IMP, ISO, IBA, IEA
CRE upregulated	GO:0010556	regulation of macromolecule biosynthetic process	ENSMUSG00000054136	Adm2	IEA
CRE upregulated	GO:0010556	regulation of macromolecule biosynthetic process	ENSMUSG00000020395	Itk	IMP
CRE upregulated	GO:0010556	regulation of macromolecule biosynthetic process	ENSMUSG00000018143	Mafk	IDA, IBA, IEA
CRE upregulated	GO:0010556	regulation of macromolecule biosynthetic process	ENSMUSG00000029826	Zc3hav1	IDA, ISS, ISO, IBA, IEA
CRE upregulated	GO:0010556	regulation of macromolecule biosynthetic process	ENSMUSG00000024190	Dusp1	ISO
CRE upregulated	GO:0010556	regulation of macromolecule biosynthetic process	ENSMUSG00000063919	Srrm4	IDA, IMP, ISS, IBA, IEA
CRE upregulated	GO:0010556	regulation of macromolecule biosynthetic process	ENSMUSG00000035236	Scai	IEA
CRE upregulated	GO:0010556	regulation of macromolecule biosynthetic process	ENSMUSG00000031960	Aars1	IMP
CRE upregulated	GO:0010556	regulation of macromolecule biosynthetic process	ENSMUSG00000020358	Hnrnpab	IDA, IGI, ISO, IBA, IEA
CRE upregulated	GO:0010556	regulation of macromolecule biosynthetic process	ENSMUSG00000059866	Tnip2	ISS, IBA, IEA
CRE upregulated	GO:0010556	regulation of macromolecule biosynthetic process	ENSMUSG00000027806	Tsc22d2	IEA
CRE upregulated	GO:0010556	regulation of macromolecule biosynthetic process	ENSMUSG00000040033	ENSMUSG00000040033	IEA
CRE upregulated	GO:0010556	regulation of macromolecule biosynthetic process	ENSMUSG00000021360	ENSMUSG00000021360	IMP, IEA
CRE upregulated	GO:0010556	regulation of macromolecule biosynthetic process	ENSMUSG00000024803	Ankrd1	IDA, ISO, IBA, IEA
CRE upregulated	GO:0010556	regulation of macromolecule biosynthetic process	ENSMUSG00000031934	ENSMUSG00000031934	IMP, IEA
CRE upregulated	GO:0010556	regulation of macromolecule biosynthetic process	ENSMUSG00000032497	Lrrfip2	IEA
CRE upregulated	GO:0010556	regulation of macromolecule biosynthetic process	ENSMUSG00000023915	Tnfrsf21	IMP
CRE upregulated	GO:0010556	regulation of macromolecule biosynthetic process	ENSMUSG00000024912	Fosl1	ISO, IBA, IEA
CRE upregulated	GO:0010556	regulation of macromolecule biosynthetic process	ENSMUSG00000024927	Rela	IDA, IMP, ISS, ISO, IBA, TAS, IEA
CRE upregulated	GO:0010556	regulation of macromolecule biosynthetic process	ENSMUSG00000042608	Stk40	IMP
CRE upregulated	GO:0010556	regulation of macromolecule biosynthetic process	ENSMUSG00000025793	ENSMUSG00000025793	IEA
CRE upregulated	GO:0010556	regulation of macromolecule biosynthetic process	ENSMUSG00000003435	ENSMUSG00000003435	ISO, IEA
CRE upregulated	GO:0010556	regulation of macromolecule biosynthetic process	ENSMUSG00000055044	Pdlim1	IDA, IEA
CRE upregulated	GO:0010556	regulation of macromolecule biosynthetic process	ENSMUSG00000024238	Zeb1	IDA, IMP, IGI, ISS, ISO, IBA, IEA
CRE upregulated	GO:0010556	regulation of macromolecule biosynthetic process	ENSMUSG00000026078	Pdcl3	IMP, IBA, IEA
CRE upregulated	GO:0010556	regulation of macromolecule biosynthetic process	ENSMUSG00000028893	Sesn2	IMP, IEA
CRE upregulated	GO:0010556	regulation of macromolecule biosynthetic process	ENSMUSG00000024947	Men1	IDA, IMP, IGI, ISO, IBA, IEA
CRE upregulated	GO:0010556	regulation of macromolecule biosynthetic process	ENSMUSG00000029071	ENSMUSG00000029071	IEA
CRE upregulated	GO:0010556	regulation of macromolecule biosynthetic process	ENSMUSG00000040433	Zbtb38	ISO, IBA, IEA
CRE upregulated	GO:0010556	regulation of macromolecule biosynthetic process	ENSMUSG00000044453	Ffar1	IEA
CRE upregulated	GO:0010556	regulation of macromolecule biosynthetic process	ENSMUSG00000032715	Trib3	ISS, IEA
CRE upregulated	GO:0010556	regulation of macromolecule biosynthetic process	ENSMUSG00000024777	ENSMUSG00000024777	ISO, IEA
CRE upregulated	GO:0010556	regulation of macromolecule biosynthetic process	ENSMUSG00000024335	Brd2	IDA, IMP, ISS, IBA, IEA
CRE upregulated	GO:0010556	regulation of macromolecule biosynthetic process	ENSMUSG00000048047	Zbtb33	ISS, IBA, IEA
CRE upregulated	GO:0010556	regulation of macromolecule biosynthetic process	ENSMUSG00000020547	Bzw2	ISS, IEA
CRE upregulated	GO:0010556	regulation of macromolecule biosynthetic process	ENSMUSG00000028466	Creb3	IEA
CRE upregulated	GO:0010556	regulation of macromolecule biosynthetic process	ENSMUSG00000037876	Jmjd1c	IBA
CRE upregulated	GO:0010556	regulation of macromolecule biosynthetic process	ENSMUSG00000022526	Zfp251	IBA, IEA
CRE upregulated	GO:0010556	regulation of macromolecule biosynthetic process	ENSMUSG00000071637	Cebpd	IDA, ISO, IBA, IEA
CRE upregulated	GO:0010556	regulation of macromolecule biosynthetic process	ENSMUSG00000025162	ENSMUSG00000025162	IMP
CRE upregulated	GO:0010556	regulation of macromolecule biosynthetic process	ENSMUSG00000015776	Med22	NAS, IEA
CRE upregulated	GO:0010556	regulation of macromolecule biosynthetic process	ENSMUSG00000031668	ENSMUSG00000031668	IEA
CRE upregulated	GO:0010556	regulation of macromolecule biosynthetic process	ENSMUSG00000053175	Bcl3	IDA, IMP, IBA, IEA
CRE upregulated	GO:0010556	regulation of macromolecule biosynthetic process	ENSMUSG00000068739	ENSMUSG00000068739	ISS, IEA
CRE upregulated	GO:0010556	regulation of macromolecule biosynthetic process	ENSMUSG00000059796	Eif4a1	ISS, IEA
CRE upregulated	GO:0010556	regulation of macromolecule biosynthetic process	ENSMUSG00000030199	Etv6	IDA, IBA, IEA
CRE upregulated	GO:0010556	regulation of macromolecule biosynthetic process	ENSMUSG00000003154	Foxj2	IBA, IEA
CRE upregulated	GO:0010556	regulation of macromolecule biosynthetic process	ENSMUSG00000040857	Erf	IEA
CRE upregulated	GO:0010556	regulation of macromolecule biosynthetic process	ENSMUSG00000024517	Grp	ISO, IEA
CRE upregulated	GO:0010556	regulation of macromolecule biosynthetic process	ENSMUSG00000025340	Rabgef1	IMP
CRE upregulated	GO:0010556	regulation of macromolecule biosynthetic process	ENSMUSG00000039108	ENSMUSG00000039108	IMP, IEA
CRE upregulated	GO:0010556	regulation of macromolecule biosynthetic process	ENSMUSG00000028599	Tnfrsf1b	IMP, IGI, IBA
CRE upregulated	GO:0010556	regulation of macromolecule biosynthetic process	ENSMUSG00000027605	Acss2	IEA
CRE upregulated	GO:0010556	regulation of macromolecule biosynthetic process	ENSMUSG00000036180	ENSMUSG00000036180	ISS, IBA, NAS, IEA
CRE upregulated	GO:0010556	regulation of macromolecule biosynthetic process	ENSMUSG00000011877	Git1	IMP
CRE upregulated	GO:0010556	regulation of macromolecule biosynthetic process	ENSMUSG00000039985	Sinhcaf	NAS
CRE upregulated	GO:0010556	regulation of macromolecule biosynthetic process	ENSMUSG00000055491	ENSMUSG00000055491	IBA
CRE upregulated	GO:0010556	regulation of macromolecule biosynthetic process	ENSMUSG00000052837	ENSMUSG00000052837	IDA, IMP, IBA, IEA
CRE upregulated	GO:0010556	regulation of macromolecule biosynthetic process	ENSMUSG00000013483	Card14	ISS
CRE upregulated	GO:0010556	regulation of macromolecule biosynthetic process	ENSMUSG00000028840	Zfp593	IEA
CRE upregulated	GO:0010556	regulation of macromolecule biosynthetic process	ENSMUSG00000047281	ENSMUSG00000047281	IDA
CRE upregulated	GO:0010556	regulation of macromolecule biosynthetic process	ENSMUSG00000021796	Bmpr1a	IDA, IMP, IEA
CRE upregulated	GO:0010556	regulation of macromolecule biosynthetic process	ENSMUSG00000019842	ENSMUSG00000019842	IDA, IMP
CRE upregulated	GO:0010556	regulation of macromolecule biosynthetic process	ENSMUSG00000034543	ENSMUSG00000034543	IMP, ISS
CRE upregulated	GO:0010556	regulation of macromolecule biosynthetic process	ENSMUSG00000029110	ENSMUSG00000029110	IDA, ISS, ISO, IBA, IEA
CRE upregulated	GO:0010556	regulation of macromolecule biosynthetic process	ENSMUSG00000021890	ENSMUSG00000021890	ISO, IEA
CRE upregulated	GO:0010556	regulation of macromolecule biosynthetic process	ENSMUSG00000045763	ENSMUSG00000045763	ISS, IBA, IEA
CRE upregulated	GO:0010556	regulation of macromolecule biosynthetic process	ENSMUSG00000037860	Aim2	IDA, IMP, IGI, ISO, IEA
CRE upregulated	GO:0010556	regulation of macromolecule biosynthetic process	ENSMUSG00000028434	Epb41l4b	IEA
CRE upregulated	GO:0010556	regulation of macromolecule biosynthetic process	ENSMUSG00000109336	ENSMUSG00000109336	IEA
CRE upregulated	GO:0010556	regulation of macromolecule biosynthetic process	ENSMUSG00000039191	Rbpj	IDA, IMP, IGI, ISS, ISO, IEA
CRE upregulated	GO:0010556	regulation of macromolecule biosynthetic process	ENSMUSG00000019256	ENSMUSG00000019256	IEA
CRE upregulated	GO:0010556	regulation of macromolecule biosynthetic process	ENSMUSG00000046962	ENSMUSG00000046962	IBA, IEA
CRE upregulated	GO:0010556	regulation of macromolecule biosynthetic process	ENSMUSG00000019763	ENSMUSG00000019763	ISS, IBA, IEA
CRE upregulated	GO:0010556	regulation of macromolecule biosynthetic process	ENSMUSG00000051316	Taf7	IDA, ISS, ISO, IBA, NAS, IEA
CRE upregulated	GO:0010556	regulation of macromolecule biosynthetic process	ENSMUSG00000001552	ENSMUSG00000001552	IBA
CRE upregulated	GO:0010556	regulation of macromolecule biosynthetic process	ENSMUSG00000040010	Slc7a5	IEA
CRE upregulated	GO:0010556	regulation of macromolecule biosynthetic process	ENSMUSG00000040463	ENSMUSG00000040463	IDA, ISO, NAS, IEA
CRE upregulated	GO:0010556	regulation of macromolecule biosynthetic process	ENSMUSG00000004099	ENSMUSG00000004099	IDA, IMP, IGI, ISO, IBA, IEA
CRE upregulated	GO:0010556	regulation of macromolecule biosynthetic process	ENSMUSG00000022858	ENSMUSG00000022858	IMP, ISS, IBA, IEA
CRE upregulated	GO:0010556	regulation of macromolecule biosynthetic process	ENSMUSG00000053007	Creb5	IEA
CRE upregulated	GO:0010556	regulation of macromolecule biosynthetic process	ENSMUSG00000023952	ENSMUSG00000023952	IMP
CRE upregulated	GO:0010556	regulation of macromolecule biosynthetic process	ENSMUSG00000020594	ENSMUSG00000020594	IMP, ISS, ISO, IBA, IEA
CRE upregulated	GO:0010556	regulation of macromolecule biosynthetic process	ENSMUSG00000011256	ENSMUSG00000011256	ISS
CRE upregulated	GO:0010556	regulation of macromolecule biosynthetic process	ENSMUSG00000000787	ENSMUSG00000000787	IDA, IMP, ISS, IBA, IEA
CRE upregulated	GO:0010556	regulation of macromolecule biosynthetic process	ENSMUSG00000008730	Hipk1	ISS
CRE upregulated	GO:0010556	regulation of macromolecule biosynthetic process	ENSMUSG00000059288	ENSMUSG00000059288	IDA, IEA
CRE upregulated	GO:0010556	regulation of macromolecule biosynthetic process	ENSMUSG00000022948	Setd4	IDA, IBA
CRE upregulated	GO:0010556	regulation of macromolecule biosynthetic process	ENSMUSG00000038676	Ucn	IMP, ISO, IEA
CRE upregulated	GO:0010556	regulation of macromolecule biosynthetic process	ENSMUSG00000042185	ENSMUSG00000042185	ISO, IEA
CRE upregulated	GO:0010556	regulation of macromolecule biosynthetic process	ENSMUSG00000025403	ENSMUSG00000025403	IMP, IEA
CRE upregulated	GO:0010556	regulation of macromolecule biosynthetic process	ENSMUSG00000032508	Myd88	IMP, IGI, ISS, IEA
CRE upregulated	GO:0010556	regulation of macromolecule biosynthetic process	ENSMUSG00000002633	Shh	IDA, IMP, IGI, ISO, IBA, IEA
CRE upregulated	GO:0010556	regulation of macromolecule biosynthetic process	ENSMUSG00000008384	Sertad1	IDA, IGI
CRE upregulated	GO:0010556	regulation of macromolecule biosynthetic process	ENSMUSG00000028680	ENSMUSG00000028680	IEA
CRE upregulated	GO:0010556	regulation of macromolecule biosynthetic process	ENSMUSG00000032462	ENSMUSG00000032462	ISO, IEA
CRE upregulated	GO:0010556	regulation of macromolecule biosynthetic process	ENSMUSG00000027944	Hax1	IEA
CRE upregulated	GO:0010556	regulation of macromolecule biosynthetic process	ENSMUSG00000039671	ENSMUSG00000039671	IEA
CRE upregulated	GO:0010556	regulation of macromolecule biosynthetic process	ENSMUSG00000067586	ENSMUSG00000067586	IMP
CRE upregulated	GO:0010556	regulation of macromolecule biosynthetic process	ENSMUSG00000063952	Brpf3	ISS, IBA
CRE upregulated	GO:0010556	regulation of macromolecule biosynthetic process	ENSMUSG00000048027	ENSMUSG00000048027	IDA
CRE upregulated	GO:0010556	regulation of macromolecule biosynthetic process	ENSMUSG00000028291	ENSMUSG00000028291	IDA, IMP, ISO, IBA, IEA
CRE upregulated	GO:0010556	regulation of macromolecule biosynthetic process	ENSMUSG00000037411	Serpine1	IEA
CRE upregulated	GO:0010556	regulation of macromolecule biosynthetic process	ENSMUSG00000078676	ENSMUSG00000078676	ISS, ISO, IEA
CRE upregulated	GO:0010556	regulation of macromolecule biosynthetic process	ENSMUSG00000028382	ENSMUSG00000028382	IMP, IBA, IEA
CRE upregulated	GO:0010556	regulation of macromolecule biosynthetic process	ENSMUSG00000037465	Klf10	IDA, IMP, IBA, IEA
CRE upregulated	GO:0010556	regulation of macromolecule biosynthetic process	ENSMUSG00000024613	ENSMUSG00000024613	ISS, IEA
CRE upregulated	GO:0010556	regulation of macromolecule biosynthetic process	ENSMUSG00000019843	ENSMUSG00000019843	IMP
CRE upregulated	GO:0010556	regulation of macromolecule biosynthetic process	ENSMUSG00000020755	ENSMUSG00000020755	IEA
CRE upregulated	GO:0010556	regulation of macromolecule biosynthetic process	ENSMUSG00000027646	ENSMUSG00000027646	IGI, ISO, IEA
CRE upregulated	GO:0010556	regulation of macromolecule biosynthetic process	ENSMUSG00000020680	ENSMUSG00000020680	ISO, IEA
CRE upregulated	GO:0010556	regulation of macromolecule biosynthetic process	ENSMUSG00000033991	ENSMUSG00000033991	ISS, IBA, IEA
CRE upregulated	GO:0010556	regulation of macromolecule biosynthetic process	ENSMUSG00000029313	Aff1	IEA
CRE upregulated	GO:0010556	regulation of macromolecule biosynthetic process	ENSMUSG00000004698	ENSMUSG00000004698	IEA
CRE upregulated	GO:0010556	regulation of macromolecule biosynthetic process	ENSMUSG00000032501	Trib1	IDA
CRE upregulated	GO:0010556	regulation of macromolecule biosynthetic process	ENSMUSG00000003119	ENSMUSG00000003119	ISS, ISO, IBA, IEA
CRE upregulated	GO:0010556	regulation of macromolecule biosynthetic process	ENSMUSG00000042197	ENSMUSG00000042197	ISS, IBA, IEA
CRE upregulated	GO:0010556	regulation of macromolecule biosynthetic process	ENSMUSG00000055067	ENSMUSG00000055067	IMP
CRE upregulated	GO:0010556	regulation of macromolecule biosynthetic process	ENSMUSG00000021282	ENSMUSG00000021282	IEA
CRE upregulated	GO:0010556	regulation of macromolecule biosynthetic process	ENSMUSG00000031073	Fgf15	IBA, IEA
CRE upregulated	GO:0010556	regulation of macromolecule biosynthetic process	ENSMUSG00000027433	ENSMUSG00000027433	IBA
CRE upregulated	GO:0010556	regulation of macromolecule biosynthetic process	ENSMUSG00000015839	Nfe2l2	IDA, IMP, IGI, ISO, IBA, IEA
CRE upregulated	GO:0010556	regulation of macromolecule biosynthetic process	ENSMUSG00000022332	ENSMUSG00000022332	IDA, ISO, IBA, IEA
CRE upregulated	GO:0010556	regulation of macromolecule biosynthetic process	ENSMUSG00000024907	Gal	ISS, IEA
CRE upregulated	GO:0010556	regulation of macromolecule biosynthetic process	ENSMUSG00000024026	ENSMUSG00000024026	IDA
CRE upregulated	GO:0010556	regulation of macromolecule biosynthetic process	ENSMUSG00000029475	ENSMUSG00000029475	IDA, IMP, IBA
CRE upregulated	GO:0009056	catabolic process	ENSMUSG00000039328	Rnf122	ISS, IEA
CRE upregulated	GO:0009056	catabolic process	ENSMUSG00000025473	Adam8	IDA, IBA, IEA
CRE upregulated	GO:0009056	catabolic process	ENSMUSG00000037447	Arid5a	ISS, IEA
CRE upregulated	GO:0009056	catabolic process	ENSMUSG00000001054	Rmnd5b	IBA, IEA
CRE upregulated	GO:0009056	catabolic process	ENSMUSG00000020427	Igfbp3	ISO
CRE upregulated	GO:0009056	catabolic process	ENSMUSG00000109901	Chmp1b	ISO, IEA
CRE upregulated	GO:0009056	catabolic process	ENSMUSG00000028226	Mmp16	IDA, IGI, IBA, IEA
CRE upregulated	GO:0009056	catabolic process	ENSMUSG00000028793	Rnf19b	IBA
CRE upregulated	GO:0009056	catabolic process	ENSMUSG00000005087	Cd44	IEA
CRE upregulated	GO:0009056	catabolic process	ENSMUSG00000037458	Azin1	ISS, ISO, IBA, IEA
CRE upregulated	GO:0009056	catabolic process	ENSMUSG00000002250	Ppard	IEP
CRE upregulated	GO:0009056	catabolic process	ENSMUSG00000044734	Serpinb1a	IPI
CRE upregulated	GO:0009056	catabolic process	ENSMUSG00000021501	Caml	ISS, IEA
CRE upregulated	GO:0009056	catabolic process	ENSMUSG00000038894	Irs2	IEA
CRE upregulated	GO:0009056	catabolic process	ENSMUSG00000005069	Pex5	IMP, ISS, IEA
CRE upregulated	GO:0009056	catabolic process	ENSMUSG00000027313	Chac1	IBA, IEA
CRE upregulated	GO:0009056	catabolic process	ENSMUSG00000028789	Azin2	IBA, IEA
CRE upregulated	GO:0009056	catabolic process	ENSMUSG00000027540	Ptpn1	IEA
CRE upregulated	GO:0009056	catabolic process	ENSMUSG00000011179	Odc1	IDA
CRE upregulated	GO:0009056	catabolic process	ENSMUSG00000041548	Hspb8	IEA
CRE upregulated	GO:0009056	catabolic process	ENSMUSG00000027597	Ahcy	IDA, ISO
CRE upregulated	GO:0009056	catabolic process	ENSMUSG00000025809	Itgb1	ISS, IEA
CRE upregulated	GO:0009056	catabolic process	ENSMUSG00000040025	Ythdf2	IMP, IBA, IEA
CRE upregulated	GO:0009056	catabolic process	ENSMUSG00000025139	Tollip	IBA, IEA
CRE upregulated	GO:0009056	catabolic process	ENSMUSG00000032231	Anxa2	IMP, IEA
CRE upregulated	GO:0009056	catabolic process	ENSMUSG00000047368	Abhd17b	IMP
CRE upregulated	GO:0009056	catabolic process	ENSMUSG00000031078	Cttn	IMP
CRE upregulated	GO:0009056	catabolic process	ENSMUSG00000022607	Ptk2	IDA, IMP
CRE upregulated	GO:0009056	catabolic process	ENSMUSG00000055994	Nod2	IDA, IMP, IEA
CRE upregulated	GO:0009056	catabolic process	ENSMUSG00000037062	Sh3glb1	IMP, IEA
CRE upregulated	GO:0009056	catabolic process	ENSMUSG00000034247	Plekhm1	ISS, IEA
CRE upregulated	GO:0009056	catabolic process	ENSMUSG00000069094	Pde7a	IEA
CRE upregulated	GO:0009056	catabolic process	ENSMUSG00000027613	Eif6	IMP
CRE upregulated	GO:0009056	catabolic process	ENSMUSG00000021996	Esd	IEA
CRE upregulated	GO:0009056	catabolic process	ENSMUSG00000020271	Fbxw11	IMP, ISS
CRE upregulated	GO:0009056	catabolic process	ENSMUSG00000031628	Casp3	ISO, IEA
CRE upregulated	GO:0009056	catabolic process	ENSMUSG00000025408	Ddit3	ISS, ISO, IEA
CRE upregulated	GO:0009056	catabolic process	ENSMUSG00000032078	Zpr1	ISS, IEA
CRE upregulated	GO:0009056	catabolic process	ENSMUSG00000018909	Arrb1	IMP, ISS, IEA
CRE upregulated	GO:0009056	catabolic process	ENSMUSG00000024349	Sting1	IDA, IMP, ISS, IBA, IEA
CRE upregulated	GO:0009056	catabolic process	ENSMUSG00000020064	Herc4	IBA
CRE upregulated	GO:0009056	catabolic process	ENSMUSG00000026317	Cln8	IMP
CRE upregulated	GO:0009056	catabolic process	ENSMUSG00000024360	Etf1	IEA
CRE upregulated	GO:0009056	catabolic process	ENSMUSG00000027455	Nsfl1c	IBA
CRE upregulated	GO:0009056	catabolic process	ENSMUSG00000008393	Carhsp1	IMP, IBA, IEA
CRE upregulated	GO:0009056	catabolic process	ENSMUSG00000004768	Rab23	IEA
CRE upregulated	GO:0009056	catabolic process	ENSMUSG00000015837	Sqstm1	IDA, ISS, IBA, IEA
CRE upregulated	GO:0009056	catabolic process	ENSMUSG00000023286	Ube2j2	IBA, IEA
CRE upregulated	GO:0009056	catabolic process	ENSMUSG00000023087	Noct	IMP, IGI
CRE upregulated	GO:0009056	catabolic process	ENSMUSG00000017428	Psmd11	ISS, IBA, IEA
CRE upregulated	GO:0009056	catabolic process	ENSMUSG00000044626	Liph	IBA, IEA
CRE upregulated	GO:0009056	catabolic process	ENSMUSG00000036057	Ptpn23	ISS, IBA, IEA
CRE upregulated	GO:0009056	catabolic process	ENSMUSG00000022433	Csnk1e	IMP, IBA
CRE upregulated	GO:0009056	catabolic process	ENSMUSG00000022346	Myc	ISO
CRE upregulated	GO:0009056	catabolic process	ENSMUSG00000027954	Efna1	IEA
CRE upregulated	GO:0009056	catabolic process	ENSMUSG00000004040	ENSMUSG00000004040	IMP, IEA
CRE upregulated	GO:0009056	catabolic process	ENSMUSG00000020027	Socs2	ISS, IEA
CRE upregulated	GO:0009056	catabolic process	ENSMUSG00000029578	Wipi2	IPI, ISS, IBA, IEA
CRE upregulated	GO:0009056	catabolic process	ENSMUSG00000047554	Tmem41b	ISS, IBA, IEA
CRE upregulated	GO:0009056	catabolic process	ENSMUSG00000029826	Zc3hav1	ISS, ISO, IBA, IEA
CRE upregulated	GO:0009056	catabolic process	ENSMUSG00000020358	Hnrnpab	ISO, IEA
CRE upregulated	GO:0009056	catabolic process	ENSMUSG00000017615	Tnfaip1	ISS, IBA, IEA
CRE upregulated	GO:0009056	catabolic process	ENSMUSG00000033545	Znrf1	IDA, IBA, IEA
CRE upregulated	GO:0009056	catabolic process	ENSMUSG00000059316	Slc27a4	IDA
CRE upregulated	GO:0009056	catabolic process	ENSMUSG00000038733	Wdr26	IBA
CRE upregulated	GO:0009056	catabolic process	ENSMUSG00000021306	Gpr137b	IEA
CRE upregulated	GO:0009056	catabolic process	ENSMUSG00000019188	ENSMUSG00000019188	IEA
CRE upregulated	GO:0009056	catabolic process	ENSMUSG00000024927	Rela	IMP
CRE upregulated	GO:0009056	catabolic process	ENSMUSG00000036206	Sh3bp4	ISS, IEA
CRE upregulated	GO:0009056	catabolic process	ENSMUSG00000003435	ENSMUSG00000003435	IEA
CRE upregulated	GO:0009056	catabolic process	ENSMUSG00000026718	ENSMUSG00000026718	IBA
CRE upregulated	GO:0009056	catabolic process	ENSMUSG00000026078	Pdcl3	ISO, IEA
CRE upregulated	GO:0009056	catabolic process	ENSMUSG00000028893	Sesn2	IMP, IGI, ISS, IBA, IEA
CRE upregulated	GO:0009056	catabolic process	ENSMUSG00000025279	ENSMUSG00000025279	IDA, IBA, IEA
CRE upregulated	GO:0009056	catabolic process	ENSMUSG00000029071	ENSMUSG00000029071	IEA
CRE upregulated	GO:0009056	catabolic process	ENSMUSG00000032902	Slc16a1	IMP
CRE upregulated	GO:0009056	catabolic process	ENSMUSG00000032715	Trib3	ISS, ISO, IBA, TAS, IC, IEA
CRE upregulated	GO:0009056	catabolic process	ENSMUSG00000020694	ENSMUSG00000020694	ISS, IEA
CRE upregulated	GO:0009056	catabolic process	ENSMUSG00000025162	ENSMUSG00000025162	IMP, IBA, IEA
CRE upregulated	GO:0009056	catabolic process	ENSMUSG00000010660	Plcd1	IEA
CRE upregulated	GO:0009056	catabolic process	ENSMUSG00000020349	ENSMUSG00000020349	IMP, ISO
CRE upregulated	GO:0009056	catabolic process	ENSMUSG00000039108	ENSMUSG00000039108	IMP
CRE upregulated	GO:0009056	catabolic process	ENSMUSG00000028599	Tnfrsf1b	IMP, IBA, IEA
CRE upregulated	GO:0009056	catabolic process	ENSMUSG00000011877	Git1	IMP, ISO
CRE upregulated	GO:0009056	catabolic process	ENSMUSG00000019842	ENSMUSG00000019842	IDA, IMP
CRE upregulated	GO:0009056	catabolic process	ENSMUSG00000016534	ENSMUSG00000016534	IMP, IGI, ISS, ISO, IBA, IEA
CRE upregulated	GO:0009056	catabolic process	ENSMUSG00000029110	ENSMUSG00000029110	ISS, IEA
CRE upregulated	GO:0009056	catabolic process	ENSMUSG00000020250	ENSMUSG00000020250	ISO
CRE upregulated	GO:0009056	catabolic process	ENSMUSG00000109336	ENSMUSG00000109336	IEA
CRE upregulated	GO:0009056	catabolic process	ENSMUSG00000000001	ENSMUSG00000000001	IEA
CRE upregulated	GO:0009056	catabolic process	ENSMUSG00000022270	ENSMUSG00000022270	IDA, IMP, IBA, IEA
CRE upregulated	GO:0009056	catabolic process	ENSMUSG00000040010	Slc7a5	ISO, IEA
CRE upregulated	GO:0009056	catabolic process	ENSMUSG00000023952	ENSMUSG00000023952	IMP
CRE upregulated	GO:0009056	catabolic process	ENSMUSG00000020594	ENSMUSG00000020594	ISS, IBA, IEA
CRE upregulated	GO:0009056	catabolic process	ENSMUSG00000020448	Rnf185	ISS, IBA, IEA
CRE upregulated	GO:0009056	catabolic process	ENSMUSG00000029310	Nudt9	IDA
CRE upregulated	GO:0009056	catabolic process	ENSMUSG00000038467	ENSMUSG00000038467	IMP, ISO, IEA
CRE upregulated	GO:0009056	catabolic process	ENSMUSG00000020097	ENSMUSG00000020097	ISS, IBA, IEA
CRE upregulated	GO:0009056	catabolic process	ENSMUSG00000032508	Myd88	IEA
CRE upregulated	GO:0009056	catabolic process	ENSMUSG00000028370	Pappa	ISO, IEA
CRE upregulated	GO:0009056	catabolic process	ENSMUSG00000026864	ENSMUSG00000026864	IDA, IBA
CRE upregulated	GO:0009056	catabolic process	ENSMUSG00000021072	Tmx1	ISS, IEA
CRE upregulated	GO:0009056	catabolic process	ENSMUSG00000002633	Shh	IMP
CRE upregulated	GO:0009056	catabolic process	ENSMUSG00000032540	ENSMUSG00000032540	IDA, IMP, IBA, IEA
CRE upregulated	GO:0009056	catabolic process	ENSMUSG00000028680	ENSMUSG00000028680	IEA
CRE upregulated	GO:0009056	catabolic process	ENSMUSG00000003623	ENSMUSG00000003623	IEA
CRE upregulated	GO:0009056	catabolic process	ENSMUSG00000053581	ENSMUSG00000053581	IMP, IBA
CRE upregulated	GO:0009056	catabolic process	ENSMUSG00000006344	ENSMUSG00000006344	IBA, IEA
CRE upregulated	GO:0009056	catabolic process	ENSMUSG00000015357	ENSMUSG00000015357	ISS, IBA, IEA
CRE upregulated	GO:0009056	catabolic process	ENSMUSG00000032462	ENSMUSG00000032462	IEA
CRE upregulated	GO:0009056	catabolic process	ENSMUSG00000025198	ENSMUSG00000025198	IEA
CRE upregulated	GO:0009056	catabolic process	ENSMUSG00000038250	ENSMUSG00000038250	IEA
CRE upregulated	GO:0009056	catabolic process	ENSMUSG00000020794	Ube2g1	ISO, IBA, IEA
CRE upregulated	GO:0009056	catabolic process	ENSMUSG00000040652	ENSMUSG00000040652	IDA, IBA
CRE upregulated	GO:0009056	catabolic process	ENSMUSG00000028291	ENSMUSG00000028291	ISS, IEA
CRE upregulated	GO:0009056	catabolic process	ENSMUSG00000078676	ENSMUSG00000078676	ISS, ISO, IEA
CRE upregulated	GO:0009056	catabolic process	ENSMUSG00000019843	ENSMUSG00000019843	IMP
CRE upregulated	GO:0009056	catabolic process	ENSMUSG00000027646	ENSMUSG00000027646	IDA
CRE upregulated	GO:0009056	catabolic process	ENSMUSG00000020680	ENSMUSG00000020680	ISO, IEA
CRE upregulated	GO:0009056	catabolic process	ENSMUSG00000021340	ENSMUSG00000021340	IEA
CRE upregulated	GO:0009056	catabolic process	ENSMUSG00000033991	ENSMUSG00000033991	ISS, IBA, IEA
CRE upregulated	GO:0009056	catabolic process	ENSMUSG00000032501	Trib1	IDA, IBA
CRE upregulated	GO:0009056	catabolic process	ENSMUSG00000025027	Xpnpep1	ISS, IEA
CRE upregulated	GO:0009056	catabolic process	ENSMUSG00000027433	ENSMUSG00000027433	IBA
CRE upregulated	GO:0009056	catabolic process	ENSMUSG00000015839	Nfe2l2	ISS, ISO, IEA
CRE upregulated	GO:0009056	catabolic process	ENSMUSG00000025236	ENSMUSG00000025236	IEA
CRE upregulated	GO:0009056	catabolic process	ENSMUSG00000021477	ENSMUSG00000021477	IDA, IMP, ISO, IBA
CRE upregulated	GO:0009056	catabolic process	ENSMUSG00000031751	ENSMUSG00000031751	ISS, IBA, IEA
CRE upregulated	GO:0009056	catabolic process	ENSMUSG00000046707	ENSMUSG00000046707	IEA
CRE upregulated	GO:0009056	catabolic process	ENSMUSG00000003541	ENSMUSG00000003541	IDA, IMP
CRE upregulated	GO:0009056	catabolic process	ENSMUSG00000024026	ENSMUSG00000024026	IC
CRE upregulated	GO:0031344	regulation of cell projection organization	ENSMUSG00000004951	Hspb1	ISO
CRE upregulated	GO:0031344	regulation of cell projection organization	ENSMUSG00000024143	Rhoq	IEA
CRE upregulated	GO:0031344	regulation of cell projection organization	ENSMUSG00000023905	Tnfrsf12a	IDA
CRE upregulated	GO:0031344	regulation of cell projection organization	ENSMUSG00000030102	Itpr1	ISO
CRE upregulated	GO:0031344	regulation of cell projection organization	ENSMUSG00000006304	Arpc2	ISO, IEA
CRE upregulated	GO:0031344	regulation of cell projection organization	ENSMUSG00000030272	Camk1	ISS, IEA
CRE upregulated	GO:0031344	regulation of cell projection organization	ENSMUSG00000005087	Cd44	IEA
CRE upregulated	GO:0031344	regulation of cell projection organization	ENSMUSG00000048482	Bdnf	IDA, IMP, IGI, IEA
CRE upregulated	GO:0031344	regulation of cell projection organization	ENSMUSG00000024256	Adcyap1	ISO, IEA
CRE upregulated	GO:0031344	regulation of cell projection organization	ENSMUSG00000018736	Ndel1	IMP, ISO, IBA
CRE upregulated	GO:0031344	regulation of cell projection organization	ENSMUSG00000018507	Trpv2	IMP
CRE upregulated	GO:0031344	regulation of cell projection organization	ENSMUSG00000045136	Tubb2b	ISS, IEA
CRE upregulated	GO:0031344	regulation of cell projection organization	ENSMUSG00000027540	Ptpn1	IEA
CRE upregulated	GO:0031344	regulation of cell projection organization	ENSMUSG00000029121	Crmp1	IEA
CRE upregulated	GO:0031344	regulation of cell projection organization	ENSMUSG00000025809	Itgb1	ISO
CRE upregulated	GO:0031344	regulation of cell projection organization	ENSMUSG00000022272	Myo10	ISS, IBA, IEA
CRE upregulated	GO:0031344	regulation of cell projection organization	ENSMUSG00000025746	Il6	ISO
CRE upregulated	GO:0031344	regulation of cell projection organization	ENSMUSG00000047368	Abhd17b	IMP
CRE upregulated	GO:0031344	regulation of cell projection organization	ENSMUSG00000031078	Cttn	ISO
CRE upregulated	GO:0031344	regulation of cell projection organization	ENSMUSG00000022607	Ptk2	IMP
CRE upregulated	GO:0031344	regulation of cell projection organization	ENSMUSG00000037062	Sh3glb1	ISO
CRE upregulated	GO:0031344	regulation of cell projection organization	ENSMUSG00000034247	Plekhm1	IMP
CRE upregulated	GO:0031344	regulation of cell projection organization	ENSMUSG00000024772	Ehd1	ISO, IEA
CRE upregulated	GO:0031344	regulation of cell projection organization	ENSMUSG00000001507	Itga3	ISO, IEA
CRE upregulated	GO:0031344	regulation of cell projection organization	ENSMUSG00000055407	Map6	ISO, IBA
CRE upregulated	GO:0031344	regulation of cell projection organization	ENSMUSG00000001847	Rac1	ISO, IEA
CRE upregulated	GO:0031344	regulation of cell projection organization	ENSMUSG00000050271	Prag1	ISS, ISO, IEA
CRE upregulated	GO:0031344	regulation of cell projection organization	ENSMUSG00000057531	Dtnbp1	ISO, IEA
CRE upregulated	GO:0031344	regulation of cell projection organization	ENSMUSG00000030309	Caprin2	IMP
CRE upregulated	GO:0031344	regulation of cell projection organization	ENSMUSG00000001627	Ifrd1	IGI
CRE upregulated	GO:0031344	regulation of cell projection organization	ENSMUSG00000029765	Plxna4	IBA
CRE upregulated	GO:0031344	regulation of cell projection organization	ENSMUSG00000027954	Efna1	IDA
CRE upregulated	GO:0031344	regulation of cell projection organization	ENSMUSG00000022602	Arc	ISO, IEA
CRE upregulated	GO:0031344	regulation of cell projection organization	ENSMUSG00000036882	ENSMUSG00000036882	ISO, IEA
CRE upregulated	GO:0031344	regulation of cell projection organization	ENSMUSG00000024803	Ankrd1	ISO
CRE upregulated	GO:0031344	regulation of cell projection organization	ENSMUSG00000027692	Tnik	ISS, ISO, IEA
CRE upregulated	GO:0031344	regulation of cell projection organization	ENSMUSG00000029071	ENSMUSG00000029071	IMP, ISO, IEA
CRE upregulated	GO:0031344	regulation of cell projection organization	ENSMUSG00000024777	ENSMUSG00000024777	ISO, IEA
CRE upregulated	GO:0031344	regulation of cell projection organization	ENSMUSG00000026074	Map4k4	IEA
CRE upregulated	GO:0031344	regulation of cell projection organization	ENSMUSG00000004530	ENSMUSG00000004530	IGI, IEA
CRE upregulated	GO:0031344	regulation of cell projection organization	ENSMUSG00000044147	Arf6	IMP, ISO, IEA
CRE upregulated	GO:0031344	regulation of cell projection organization	ENSMUSG00000062234	ENSMUSG00000062234	IEA
CRE upregulated	GO:0031344	regulation of cell projection organization	ENSMUSG00000041598	Cdc42ep4	IBA, IEA
CRE upregulated	GO:0031344	regulation of cell projection organization	ENSMUSG00000045664	Cdc42ep2	IBA, IEA
CRE upregulated	GO:0031344	regulation of cell projection organization	ENSMUSG00000039844	ENSMUSG00000039844	ISO, IEA
CRE upregulated	GO:0031344	regulation of cell projection organization	ENSMUSG00000020594	ENSMUSG00000020594	ISO, IEA
CRE upregulated	GO:0031344	regulation of cell projection organization	ENSMUSG00000008859	ENSMUSG00000008859	IEA
CRE upregulated	GO:0031344	regulation of cell projection organization	ENSMUSG00000026864	ENSMUSG00000026864	ISO
CRE upregulated	GO:0031344	regulation of cell projection organization	ENSMUSG00000039671	ENSMUSG00000039671	ISO, IEA
CRE upregulated	GO:0031344	regulation of cell projection organization	ENSMUSG00000023277	ENSMUSG00000023277	IBA, IC, IEA
CRE upregulated	GO:0031344	regulation of cell projection organization	ENSMUSG00000019843	ENSMUSG00000019843	IGI
CRE upregulated	GO:0031344	regulation of cell projection organization	ENSMUSG00000027646	ENSMUSG00000027646	IGI, IEA
CRE upregulated	GO:0031344	regulation of cell projection organization	ENSMUSG00000053825	ENSMUSG00000053825	IEA
CRE upregulated	GO:0031344	regulation of cell projection organization	ENSMUSG00000047261	ENSMUSG00000047261	IEA
CRE upregulated	GO:0031344	regulation of cell projection organization	ENSMUSG00000015839	Nfe2l2	ISO, IEA
CRE upregulated	GO:0031344	regulation of cell projection organization	ENSMUSG00000049550	ENSMUSG00000049550	ISO
CRE upregulated	GO:0031344	regulation of cell projection organization	ENSMUSG00000000627	ENSMUSG00000000627	ISO, IEA
CRE upregulated	GO:0031344	regulation of cell projection organization	ENSMUSG00000054204	ENSMUSG00000054204	ISS, IEA
CRE upregulated	GO:0009889	regulation of biosynthetic process	ENSMUSG00000026628	Atf3	IDA, IMP, IGI, ISO, IBA, IEA
CRE upregulated	GO:0009889	regulation of biosynthetic process	ENSMUSG00000036390	Gadd45a	IEA
CRE upregulated	GO:0009889	regulation of biosynthetic process	ENSMUSG00000052684	Jun	IDA, IMP, IGI, ISS, ISO, IBA, NAS, IEA
CRE upregulated	GO:0009889	regulation of biosynthetic process	ENSMUSG00000063632	Sox11	IDA, IMP, ISO, IBA, IEA
CRE upregulated	GO:0009889	regulation of biosynthetic process	ENSMUSG00000046223	Plaur	NAS
CRE upregulated	GO:0009889	regulation of biosynthetic process	ENSMUSG00000031574	Star	IDA, ISO, IBA, IEA
CRE upregulated	GO:0009889	regulation of biosynthetic process	ENSMUSG00000004951	Hspb1	IDA
CRE upregulated	GO:0009889	regulation of biosynthetic process	ENSMUSG00000025473	Adam8	IMP
CRE upregulated	GO:0009889	regulation of biosynthetic process	ENSMUSG00000056749	Nfil3	IDA, IMP, IBA, IEA
CRE upregulated	GO:0009889	regulation of biosynthetic process	ENSMUSG00000024143	Rhoq	IEA
CRE upregulated	GO:0009889	regulation of biosynthetic process	ENSMUSG00000022895	Ets2	ISO, IBA, IEA
CRE upregulated	GO:0009889	regulation of biosynthetic process	ENSMUSG00000037447	Arid5a	IMP, IGI, ISS, IBA, IEA
CRE upregulated	GO:0009889	regulation of biosynthetic process	ENSMUSG00000033902	Mapkbp1	IEA
CRE upregulated	GO:0009889	regulation of biosynthetic process	ENSMUSG00000030748	Il4ra	IMP
CRE upregulated	GO:0009889	regulation of biosynthetic process	ENSMUSG00000032515	Csrnp1	IDA, IMP, IBA
CRE upregulated	GO:0009889	regulation of biosynthetic process	ENSMUSG00000021765	Fst	IEA
CRE upregulated	GO:0009889	regulation of biosynthetic process	ENSMUSG00000030256	Bhlhe41	IDA, IMP, IBA, TAS, IEA
CRE upregulated	GO:0009889	regulation of biosynthetic process	ENSMUSG00000014599	Csf1	IDA, IEA
CRE upregulated	GO:0009889	regulation of biosynthetic process	ENSMUSG00000025612	Bach1	IDA, ISS, IBA, IEA
CRE upregulated	GO:0009889	regulation of biosynthetic process	ENSMUSG00000023067	Cdkn1a	IMP, IEA
CRE upregulated	GO:0009889	regulation of biosynthetic process	ENSMUSG00000024404	Riok3	IEA
CRE upregulated	GO:0009889	regulation of biosynthetic process	ENSMUSG00000000078	Klf6	IEA
CRE upregulated	GO:0009889	regulation of biosynthetic process	ENSMUSG00000058093	Zfp729b	IBA, IEA
CRE upregulated	GO:0009889	regulation of biosynthetic process	ENSMUSG00000044934	Zfp367	ISO, IBA, IEA
CRE upregulated	GO:0009889	regulation of biosynthetic process	ENSMUSG00000030272	Camk1	IEA
CRE upregulated	GO:0009889	regulation of biosynthetic process	ENSMUSG00000001542	Ell2	ISO, IBA
CRE upregulated	GO:0009889	regulation of biosynthetic process	ENSMUSG00000031681	Smad1	IDA, IMP, IGI, IBA, IEA
CRE upregulated	GO:0009889	regulation of biosynthetic process	ENSMUSG00000035673	Sbno2	IMP, IBA, IEA
CRE upregulated	GO:0009889	regulation of biosynthetic process	ENSMUSG00000033060	Lmo7	IDA, ISS, ISO
CRE upregulated	GO:0009889	regulation of biosynthetic process	ENSMUSG00000003644	Rps6ka1	ISO, IBA, IEA
CRE upregulated	GO:0009889	regulation of biosynthetic process	ENSMUSG00000026836	Acvr1	IMP, IEA
CRE upregulated	GO:0009889	regulation of biosynthetic process	ENSMUSG00000026670	Uap1	IEA
CRE upregulated	GO:0009889	regulation of biosynthetic process	ENSMUSG00000068566	Myadm	IEA
CRE upregulated	GO:0009889	regulation of biosynthetic process	ENSMUSG00000024256	Adcyap1	IDA, ISS, ISO, IEA
CRE upregulated	GO:0009889	regulation of biosynthetic process	ENSMUSG00000034832	Tet3	IMP, ISS, IBA, IEA
CRE upregulated	GO:0009889	regulation of biosynthetic process	ENSMUSG00000056076	Eif3b	IEA
CRE upregulated	GO:0009889	regulation of biosynthetic process	ENSMUSG00000002250	Ppard	IDA, IMP, ISS, ISO, IBA, IEA
CRE upregulated	GO:0009889	regulation of biosynthetic process	ENSMUSG00000044734	Serpinb1a	IMP, IBA
CRE upregulated	GO:0009889	regulation of biosynthetic process	ENSMUSG00000037638	Zbtb42	IDA, IBA
CRE upregulated	GO:0009889	regulation of biosynthetic process	ENSMUSG00000038894	Irs2	IEA
CRE upregulated	GO:0009889	regulation of biosynthetic process	ENSMUSG00000066838	Zfp772	IBA, IEA
CRE upregulated	GO:0009889	regulation of biosynthetic process	ENSMUSG00000007812	Zfp655	IBA, IEA
CRE upregulated	GO:0009889	regulation of biosynthetic process	ENSMUSG00000042507	Mideas	IBA
CRE upregulated	GO:0009889	regulation of biosynthetic process	ENSMUSG00000027313	Chac1	ISS, IEA
CRE upregulated	GO:0009889	regulation of biosynthetic process	ENSMUSG00000026796	Niban2	IEA
CRE upregulated	GO:0009889	regulation of biosynthetic process	ENSMUSG00000022661	Cd200	IEA
CRE upregulated	GO:0009889	regulation of biosynthetic process	ENSMUSG00000027583	Zbtb46	IDA, IBA, IEA
CRE upregulated	GO:0009889	regulation of biosynthetic process	ENSMUSG00000028063	Lmna	IMP, IBA
CRE upregulated	GO:0009889	regulation of biosynthetic process	ENSMUSG00000026254	Eif4e2	ISS, ISO, IEA
CRE upregulated	GO:0009889	regulation of biosynthetic process	ENSMUSG00000030678	Maz	IEA
CRE upregulated	GO:0009889	regulation of biosynthetic process	ENSMUSG00000053436	Mapk14	IDA, IMP, ISO, IEA
CRE upregulated	GO:0009889	regulation of biosynthetic process	ENSMUSG00000040025	Ythdf2	IMP, ISS, IBA, IEA
CRE upregulated	GO:0009889	regulation of biosynthetic process	ENSMUSG00000028156	Eif4e	IDA, IMP, IEP, ISS, IEA
CRE upregulated	GO:0009889	regulation of biosynthetic process	ENSMUSG00000025239	Limd1	ISS, ISO, IBA, IEA
CRE upregulated	GO:0009889	regulation of biosynthetic process	ENSMUSG00000011008	Mcoln2	IMP
CRE upregulated	GO:0009889	regulation of biosynthetic process	ENSMUSG00000048490	Nrip1	IDA, IMP, IBA, IEA
CRE upregulated	GO:0009889	regulation of biosynthetic process	ENSMUSG00000022096	Hr	IDA, IBA
CRE upregulated	GO:0009889	regulation of biosynthetic process	ENSMUSG00000013089	Etv5	IDA, IBA, IEA
CRE upregulated	GO:0009889	regulation of biosynthetic process	ENSMUSG00000025746	Il6	IDA, IMP, IGI, ISO
CRE upregulated	GO:0009889	regulation of biosynthetic process	ENSMUSG00000032231	Anxa2	IDA, ISO, IEA
CRE upregulated	GO:0009889	regulation of biosynthetic process	ENSMUSG00000032280	Tle3	ISO, IEA
CRE upregulated	GO:0009889	regulation of biosynthetic process	ENSMUSG00000055994	Nod2	IDA, IMP, IGI, ISS, ISO, IEA
CRE upregulated	GO:0009889	regulation of biosynthetic process	ENSMUSG00000024014	Pim1	IMP
CRE upregulated	GO:0009889	regulation of biosynthetic process	ENSMUSG00000020580	Rock2	IEA
CRE upregulated	GO:0009889	regulation of biosynthetic process	ENSMUSG00000063889	Crem	IGI, IBA, IEA
CRE upregulated	GO:0009889	regulation of biosynthetic process	ENSMUSG00000027613	Eif6	IMP, ISS, IEA
CRE upregulated	GO:0009889	regulation of biosynthetic process	ENSMUSG00000042406	Atf4	IDA, IMP, IGI, ISS, ISO, IBA, IEA
CRE upregulated	GO:0009889	regulation of biosynthetic process	ENSMUSG00000079049	Serpinb1c	IMP, IBA
CRE upregulated	GO:0009889	regulation of biosynthetic process	ENSMUSG00000023079	Gtf2ird1	IEA
CRE upregulated	GO:0009889	regulation of biosynthetic process	ENSMUSG00000020271	Fbxw11	IMP
CRE upregulated	GO:0009889	regulation of biosynthetic process	ENSMUSG00000020838	Slc6a4	IMP
CRE upregulated	GO:0009889	regulation of biosynthetic process	ENSMUSG00000029641	Rasl11a	IDA
CRE upregulated	GO:0009889	regulation of biosynthetic process	ENSMUSG00000001507	Itga3	ISO, IEA
CRE upregulated	GO:0009889	regulation of biosynthetic process	ENSMUSG00000031628	Casp3	IEA
CRE upregulated	GO:0009889	regulation of biosynthetic process	ENSMUSG00000025408	Ddit3	IDA, IMP, IGI, ISS, ISO, IBA, NAS, IEA
CRE upregulated	GO:0009889	regulation of biosynthetic process	ENSMUSG00000040435	Ppp1r15a	IDA, ISO, IEA
CRE upregulated	GO:0009889	regulation of biosynthetic process	ENSMUSG00000032078	Zpr1	IMP, ISS, IBA, IEA
CRE upregulated	GO:0009889	regulation of biosynthetic process	ENSMUSG00000001847	Rac1	ISO, IEA
CRE upregulated	GO:0009889	regulation of biosynthetic process	ENSMUSG00000018909	Arrb1	ISO, IEA
CRE upregulated	GO:0009889	regulation of biosynthetic process	ENSMUSG00000020248	Nfyb	IDA, ISO, IBA, IEA
CRE upregulated	GO:0009889	regulation of biosynthetic process	ENSMUSG00000050410	Tcf19	IEA
CRE upregulated	GO:0009889	regulation of biosynthetic process	ENSMUSG00000024349	Sting1	IDA, IMP, IGI, ISS, ISO, IBA, IEA
CRE upregulated	GO:0009889	regulation of biosynthetic process	ENSMUSG00000030057	Cnbp	IDA, IBA, IEA
CRE upregulated	GO:0009889	regulation of biosynthetic process	ENSMUSG00000024360	Etf1	IEA
CRE upregulated	GO:0009889	regulation of biosynthetic process	ENSMUSG00000057531	Dtnbp1	IDA
CRE upregulated	GO:0009889	regulation of biosynthetic process	ENSMUSG00000058355	Abce1	IEA
CRE upregulated	GO:0009889	regulation of biosynthetic process	ENSMUSG00000000134	Tfe3	IDA, IMP, IBA, IEA
CRE upregulated	GO:0009889	regulation of biosynthetic process	ENSMUSG00000008393	Carhsp1	IMP, IBA, IEA
CRE upregulated	GO:0009889	regulation of biosynthetic process	ENSMUSG00000015837	Sqstm1	IMP
CRE upregulated	GO:0009889	regulation of biosynthetic process	ENSMUSG00000028901	Gmeb1	IDA, IBA
CRE upregulated	GO:0009889	regulation of biosynthetic process	ENSMUSG00000030309	Caprin2	IEA
CRE upregulated	GO:0009889	regulation of biosynthetic process	ENSMUSG00000029131	Dnajb6	IDA
CRE upregulated	GO:0009889	regulation of biosynthetic process	ENSMUSG00000037580	Gch1	ISO, NAS, IEA
CRE upregulated	GO:0009889	regulation of biosynthetic process	ENSMUSG00000023087	Noct	IMP, IGI
CRE upregulated	GO:0009889	regulation of biosynthetic process	ENSMUSG00000001627	Ifrd1	ISO
CRE upregulated	GO:0009889	regulation of biosynthetic process	ENSMUSG00000015316	Slamf1	IDA, IBA, IEA
CRE upregulated	GO:0009889	regulation of biosynthetic process	ENSMUSG00000022433	Csnk1e	IMP
CRE upregulated	GO:0009889	regulation of biosynthetic process	ENSMUSG00000022346	Myc	IDA, IMP, IGI, ISS, ISO, IBA, IEA
CRE upregulated	GO:0009889	regulation of biosynthetic process	ENSMUSG00000026072	Il1r1	ISS, IEA
CRE upregulated	GO:0009889	regulation of biosynthetic process	ENSMUSG00000027954	Efna1	IMP
CRE upregulated	GO:0009889	regulation of biosynthetic process	ENSMUSG00000024789	Jak2	IDA, IGI, ISS, ISO, NAS, IEA
CRE upregulated	GO:0009889	regulation of biosynthetic process	ENSMUSG00000004040	ENSMUSG00000004040	IDA, IMP, IGI, ISO, IBA, NAS, IEA
CRE upregulated	GO:0009889	regulation of biosynthetic process	ENSMUSG00000042292	Mrtfa	IDA, ISS, ISO, IBA, IEA
CRE upregulated	GO:0009889	regulation of biosynthetic process	ENSMUSG00000061589	Dot1l	ISO, IEA
CRE upregulated	GO:0009889	regulation of biosynthetic process	ENSMUSG00000022555	Dgat1	ISO
CRE upregulated	GO:0009889	regulation of biosynthetic process	ENSMUSG00000109511	Nup62	IEA
CRE upregulated	GO:0009889	regulation of biosynthetic process	ENSMUSG00000029135	Fosl2	IDA, IMP, ISO, IBA, IEA
CRE upregulated	GO:0009889	regulation of biosynthetic process	ENSMUSG00000054136	Adm2	IEA
CRE upregulated	GO:0009889	regulation of biosynthetic process	ENSMUSG00000020395	Itk	IMP
CRE upregulated	GO:0009889	regulation of biosynthetic process	ENSMUSG00000018143	Mafk	IDA, IBA, IEA
CRE upregulated	GO:0009889	regulation of biosynthetic process	ENSMUSG00000029826	Zc3hav1	IDA, ISS, ISO, IBA, IEA
CRE upregulated	GO:0009889	regulation of biosynthetic process	ENSMUSG00000024190	Dusp1	ISO
CRE upregulated	GO:0009889	regulation of biosynthetic process	ENSMUSG00000063919	Srrm4	IDA, IMP, ISS, IBA, IEA
CRE upregulated	GO:0009889	regulation of biosynthetic process	ENSMUSG00000035236	Scai	IEA
CRE upregulated	GO:0009889	regulation of biosynthetic process	ENSMUSG00000031960	Aars1	IMP
CRE upregulated	GO:0009889	regulation of biosynthetic process	ENSMUSG00000020358	Hnrnpab	IDA, IGI, ISO, IBA, IEA
CRE upregulated	GO:0009889	regulation of biosynthetic process	ENSMUSG00000059866	Tnip2	ISS, IBA, IEA
CRE upregulated	GO:0009889	regulation of biosynthetic process	ENSMUSG00000027806	Tsc22d2	IEA
CRE upregulated	GO:0009889	regulation of biosynthetic process	ENSMUSG00000040033	ENSMUSG00000040033	IEA
CRE upregulated	GO:0009889	regulation of biosynthetic process	ENSMUSG00000021360	ENSMUSG00000021360	IMP, IEA
CRE upregulated	GO:0009889	regulation of biosynthetic process	ENSMUSG00000024803	Ankrd1	IDA, ISO, IBA, IEA
CRE upregulated	GO:0009889	regulation of biosynthetic process	ENSMUSG00000031934	ENSMUSG00000031934	IMP, IEA
CRE upregulated	GO:0009889	regulation of biosynthetic process	ENSMUSG00000032497	Lrrfip2	IEA
CRE upregulated	GO:0009889	regulation of biosynthetic process	ENSMUSG00000023915	Tnfrsf21	IMP
CRE upregulated	GO:0009889	regulation of biosynthetic process	ENSMUSG00000024912	Fosl1	ISO, IBA, IEA
CRE upregulated	GO:0009889	regulation of biosynthetic process	ENSMUSG00000024927	Rela	IDA, IMP, ISS, ISO, IBA, TAS, IEA
CRE upregulated	GO:0009889	regulation of biosynthetic process	ENSMUSG00000042608	Stk40	IMP
CRE upregulated	GO:0009889	regulation of biosynthetic process	ENSMUSG00000025793	ENSMUSG00000025793	IEA
CRE upregulated	GO:0009889	regulation of biosynthetic process	ENSMUSG00000003435	ENSMUSG00000003435	ISO, IEA
CRE upregulated	GO:0009889	regulation of biosynthetic process	ENSMUSG00000055044	Pdlim1	IDA, IEA
CRE upregulated	GO:0009889	regulation of biosynthetic process	ENSMUSG00000024238	Zeb1	IDA, IMP, IGI, ISS, ISO, IBA, IEA
CRE upregulated	GO:0009889	regulation of biosynthetic process	ENSMUSG00000026078	Pdcl3	IMP, IBA, IEA
CRE upregulated	GO:0009889	regulation of biosynthetic process	ENSMUSG00000028893	Sesn2	IMP, IEA
CRE upregulated	GO:0009889	regulation of biosynthetic process	ENSMUSG00000024947	Men1	IDA, IMP, IGI, ISO, IBA, IEA
CRE upregulated	GO:0009889	regulation of biosynthetic process	ENSMUSG00000029071	ENSMUSG00000029071	IEA
CRE upregulated	GO:0009889	regulation of biosynthetic process	ENSMUSG00000040433	Zbtb38	ISO, IBA, IEA
CRE upregulated	GO:0009889	regulation of biosynthetic process	ENSMUSG00000044453	Ffar1	IEA
CRE upregulated	GO:0009889	regulation of biosynthetic process	ENSMUSG00000032715	Trib3	IMP, ISS, IEA
CRE upregulated	GO:0009889	regulation of biosynthetic process	ENSMUSG00000024777	ENSMUSG00000024777	ISO, IEA
CRE upregulated	GO:0009889	regulation of biosynthetic process	ENSMUSG00000024335	Brd2	IDA, IMP, ISS, IBA, IEA
CRE upregulated	GO:0009889	regulation of biosynthetic process	ENSMUSG00000048047	Zbtb33	ISS, IBA, IEA
CRE upregulated	GO:0009889	regulation of biosynthetic process	ENSMUSG00000020547	Bzw2	ISS, IEA
CRE upregulated	GO:0009889	regulation of biosynthetic process	ENSMUSG00000028466	Creb3	IEA
CRE upregulated	GO:0009889	regulation of biosynthetic process	ENSMUSG00000037876	Jmjd1c	IBA
CRE upregulated	GO:0009889	regulation of biosynthetic process	ENSMUSG00000022526	Zfp251	IBA, IEA
CRE upregulated	GO:0009889	regulation of biosynthetic process	ENSMUSG00000071637	Cebpd	IDA, ISO, IBA, IEA
CRE upregulated	GO:0009889	regulation of biosynthetic process	ENSMUSG00000025162	ENSMUSG00000025162	IMP
CRE upregulated	GO:0009889	regulation of biosynthetic process	ENSMUSG00000010660	Plcd1	ISO
CRE upregulated	GO:0009889	regulation of biosynthetic process	ENSMUSG00000015776	Med22	NAS, IEA
CRE upregulated	GO:0009889	regulation of biosynthetic process	ENSMUSG00000031668	ENSMUSG00000031668	IEA
CRE upregulated	GO:0009889	regulation of biosynthetic process	ENSMUSG00000053175	Bcl3	IDA, IMP, IBA, IEA
CRE upregulated	GO:0009889	regulation of biosynthetic process	ENSMUSG00000068739	ENSMUSG00000068739	ISS, IEA
CRE upregulated	GO:0009889	regulation of biosynthetic process	ENSMUSG00000059796	Eif4a1	ISS, IEA
CRE upregulated	GO:0009889	regulation of biosynthetic process	ENSMUSG00000030199	Etv6	IDA, IBA, IEA
CRE upregulated	GO:0009889	regulation of biosynthetic process	ENSMUSG00000003154	Foxj2	IBA, IEA
CRE upregulated	GO:0009889	regulation of biosynthetic process	ENSMUSG00000040857	Erf	IEA
CRE upregulated	GO:0009889	regulation of biosynthetic process	ENSMUSG00000024517	Grp	ISO, IEA
CRE upregulated	GO:0009889	regulation of biosynthetic process	ENSMUSG00000025340	Rabgef1	IMP
CRE upregulated	GO:0009889	regulation of biosynthetic process	ENSMUSG00000039108	ENSMUSG00000039108	IMP, IEA
CRE upregulated	GO:0009889	regulation of biosynthetic process	ENSMUSG00000028599	Tnfrsf1b	IMP, IGI, IBA
CRE upregulated	GO:0009889	regulation of biosynthetic process	ENSMUSG00000027605	Acss2	IEA
CRE upregulated	GO:0009889	regulation of biosynthetic process	ENSMUSG00000036180	ENSMUSG00000036180	ISS, IBA, NAS, IEA
CRE upregulated	GO:0009889	regulation of biosynthetic process	ENSMUSG00000011877	Git1	IMP
CRE upregulated	GO:0009889	regulation of biosynthetic process	ENSMUSG00000039985	Sinhcaf	NAS
CRE upregulated	GO:0009889	regulation of biosynthetic process	ENSMUSG00000055491	ENSMUSG00000055491	IBA
CRE upregulated	GO:0009889	regulation of biosynthetic process	ENSMUSG00000052837	ENSMUSG00000052837	IDA, IMP, IBA, IEA
CRE upregulated	GO:0009889	regulation of biosynthetic process	ENSMUSG00000013483	Card14	ISS
CRE upregulated	GO:0009889	regulation of biosynthetic process	ENSMUSG00000028840	Zfp593	IEA
CRE upregulated	GO:0009889	regulation of biosynthetic process	ENSMUSG00000047281	ENSMUSG00000047281	IDA
CRE upregulated	GO:0009889	regulation of biosynthetic process	ENSMUSG00000021796	Bmpr1a	IDA, IMP, IEA
CRE upregulated	GO:0009889	regulation of biosynthetic process	ENSMUSG00000019842	ENSMUSG00000019842	IDA, IMP
CRE upregulated	GO:0009889	regulation of biosynthetic process	ENSMUSG00000034543	ENSMUSG00000034543	IMP, ISS
CRE upregulated	GO:0009889	regulation of biosynthetic process	ENSMUSG00000029110	ENSMUSG00000029110	IDA, ISS, ISO, IBA, IEA
CRE upregulated	GO:0009889	regulation of biosynthetic process	ENSMUSG00000021890	ENSMUSG00000021890	ISO, IEA
CRE upregulated	GO:0009889	regulation of biosynthetic process	ENSMUSG00000045763	ENSMUSG00000045763	ISS, IBA, IEA
CRE upregulated	GO:0009889	regulation of biosynthetic process	ENSMUSG00000037860	Aim2	IDA, IMP, IGI, ISO, IEA
CRE upregulated	GO:0009889	regulation of biosynthetic process	ENSMUSG00000028434	Epb41l4b	IEA
CRE upregulated	GO:0009889	regulation of biosynthetic process	ENSMUSG00000109336	ENSMUSG00000109336	IEA
CRE upregulated	GO:0009889	regulation of biosynthetic process	ENSMUSG00000039191	Rbpj	IDA, IMP, IGI, ISS, ISO, IEA
CRE upregulated	GO:0009889	regulation of biosynthetic process	ENSMUSG00000019256	ENSMUSG00000019256	IEA
CRE upregulated	GO:0009889	regulation of biosynthetic process	ENSMUSG00000046962	ENSMUSG00000046962	IBA, IEA
CRE upregulated	GO:0009889	regulation of biosynthetic process	ENSMUSG00000019763	ENSMUSG00000019763	ISS, IBA, IEA
CRE upregulated	GO:0009889	regulation of biosynthetic process	ENSMUSG00000051316	Taf7	IDA, ISS, ISO, IBA, NAS, IEA
CRE upregulated	GO:0009889	regulation of biosynthetic process	ENSMUSG00000001552	ENSMUSG00000001552	IBA
CRE upregulated	GO:0009889	regulation of biosynthetic process	ENSMUSG00000040010	Slc7a5	IEA
CRE upregulated	GO:0009889	regulation of biosynthetic process	ENSMUSG00000040463	ENSMUSG00000040463	IDA, ISO, NAS, IEA
CRE upregulated	GO:0009889	regulation of biosynthetic process	ENSMUSG00000004099	ENSMUSG00000004099	IDA, IMP, IGI, ISO, IBA, IEA
CRE upregulated	GO:0009889	regulation of biosynthetic process	ENSMUSG00000022858	ENSMUSG00000022858	IMP, ISS, IBA, IEA
CRE upregulated	GO:0009889	regulation of biosynthetic process	ENSMUSG00000053007	Creb5	IEA
CRE upregulated	GO:0009889	regulation of biosynthetic process	ENSMUSG00000023952	ENSMUSG00000023952	IMP
CRE upregulated	GO:0009889	regulation of biosynthetic process	ENSMUSG00000020594	ENSMUSG00000020594	IMP, ISS, ISO, IBA, IEA
CRE upregulated	GO:0009889	regulation of biosynthetic process	ENSMUSG00000011256	ENSMUSG00000011256	ISS
CRE upregulated	GO:0009889	regulation of biosynthetic process	ENSMUSG00000000787	ENSMUSG00000000787	IDA, IMP, ISS, IBA, IEA
CRE upregulated	GO:0009889	regulation of biosynthetic process	ENSMUSG00000008730	Hipk1	ISS
CRE upregulated	GO:0009889	regulation of biosynthetic process	ENSMUSG00000059288	ENSMUSG00000059288	IDA, IEA
CRE upregulated	GO:0009889	regulation of biosynthetic process	ENSMUSG00000022948	Setd4	IDA, IBA
CRE upregulated	GO:0009889	regulation of biosynthetic process	ENSMUSG00000038676	Ucn	IMP, ISO, IEA
CRE upregulated	GO:0009889	regulation of biosynthetic process	ENSMUSG00000059743	ENSMUSG00000059743	ISO
CRE upregulated	GO:0009889	regulation of biosynthetic process	ENSMUSG00000042185	ENSMUSG00000042185	ISO, IEA
CRE upregulated	GO:0009889	regulation of biosynthetic process	ENSMUSG00000025403	ENSMUSG00000025403	IMP, IEA
CRE upregulated	GO:0009889	regulation of biosynthetic process	ENSMUSG00000032508	Myd88	IMP, IGI, ISS, IEA
CRE upregulated	GO:0009889	regulation of biosynthetic process	ENSMUSG00000021072	Tmx1	ISS, IEA
CRE upregulated	GO:0009889	regulation of biosynthetic process	ENSMUSG00000002633	Shh	IDA, IMP, IGI, ISO, IBA, IEA
CRE upregulated	GO:0009889	regulation of biosynthetic process	ENSMUSG00000008384	Sertad1	IDA, IGI
CRE upregulated	GO:0009889	regulation of biosynthetic process	ENSMUSG00000028680	ENSMUSG00000028680	IEA
CRE upregulated	GO:0009889	regulation of biosynthetic process	ENSMUSG00000032462	ENSMUSG00000032462	ISO, IEA
CRE upregulated	GO:0009889	regulation of biosynthetic process	ENSMUSG00000025198	ENSMUSG00000025198	IEA
CRE upregulated	GO:0009889	regulation of biosynthetic process	ENSMUSG00000004270	ENSMUSG00000004270	IMP
CRE upregulated	GO:0009889	regulation of biosynthetic process	ENSMUSG00000027944	Hax1	IEA
CRE upregulated	GO:0009889	regulation of biosynthetic process	ENSMUSG00000039671	ENSMUSG00000039671	IEA
CRE upregulated	GO:0009889	regulation of biosynthetic process	ENSMUSG00000067586	ENSMUSG00000067586	IMP
CRE upregulated	GO:0009889	regulation of biosynthetic process	ENSMUSG00000063952	Brpf3	ISS, IBA
CRE upregulated	GO:0009889	regulation of biosynthetic process	ENSMUSG00000048027	ENSMUSG00000048027	IDA
CRE upregulated	GO:0009889	regulation of biosynthetic process	ENSMUSG00000028291	ENSMUSG00000028291	IDA, IMP, ISO, IBA, IEA
CRE upregulated	GO:0009889	regulation of biosynthetic process	ENSMUSG00000037411	Serpine1	IEA
CRE upregulated	GO:0009889	regulation of biosynthetic process	ENSMUSG00000078676	ENSMUSG00000078676	ISS, ISO, IEA
CRE upregulated	GO:0009889	regulation of biosynthetic process	ENSMUSG00000028382	ENSMUSG00000028382	IMP, IBA, IEA
CRE upregulated	GO:0009889	regulation of biosynthetic process	ENSMUSG00000037465	Klf10	IDA, IMP, IBA, IEA
CRE upregulated	GO:0009889	regulation of biosynthetic process	ENSMUSG00000024613	ENSMUSG00000024613	ISS, IEA
CRE upregulated	GO:0009889	regulation of biosynthetic process	ENSMUSG00000019843	ENSMUSG00000019843	IMP, ISO
CRE upregulated	GO:0009889	regulation of biosynthetic process	ENSMUSG00000020755	ENSMUSG00000020755	IEA
CRE upregulated	GO:0009889	regulation of biosynthetic process	ENSMUSG00000027646	ENSMUSG00000027646	IGI, ISO, IEA
CRE upregulated	GO:0009889	regulation of biosynthetic process	ENSMUSG00000020680	ENSMUSG00000020680	ISO, IEA
CRE upregulated	GO:0009889	regulation of biosynthetic process	ENSMUSG00000033991	ENSMUSG00000033991	ISS, IBA, IEA
CRE upregulated	GO:0009889	regulation of biosynthetic process	ENSMUSG00000029313	Aff1	IEA
CRE upregulated	GO:0009889	regulation of biosynthetic process	ENSMUSG00000004698	ENSMUSG00000004698	IEA
CRE upregulated	GO:0009889	regulation of biosynthetic process	ENSMUSG00000032501	Trib1	IDA
CRE upregulated	GO:0009889	regulation of biosynthetic process	ENSMUSG00000003119	ENSMUSG00000003119	ISS, ISO, IBA, IEA
CRE upregulated	GO:0009889	regulation of biosynthetic process	ENSMUSG00000042197	ENSMUSG00000042197	ISS, IBA, IEA
CRE upregulated	GO:0009889	regulation of biosynthetic process	ENSMUSG00000055067	ENSMUSG00000055067	IMP
CRE upregulated	GO:0009889	regulation of biosynthetic process	ENSMUSG00000021282	ENSMUSG00000021282	IEA
CRE upregulated	GO:0009889	regulation of biosynthetic process	ENSMUSG00000031073	Fgf15	IGI, IBA, IEA
CRE upregulated	GO:0009889	regulation of biosynthetic process	ENSMUSG00000027433	ENSMUSG00000027433	IBA
CRE upregulated	GO:0009889	regulation of biosynthetic process	ENSMUSG00000015839	Nfe2l2	IDA, IMP, IGI, ISO, IBA, IEA
CRE upregulated	GO:0009889	regulation of biosynthetic process	ENSMUSG00000022332	ENSMUSG00000022332	IDA, ISO, IBA, IEA
CRE upregulated	GO:0009889	regulation of biosynthetic process	ENSMUSG00000024907	Gal	ISS, IEA
CRE upregulated	GO:0009889	regulation of biosynthetic process	ENSMUSG00000024026	ENSMUSG00000024026	IDA
CRE upregulated	GO:0009889	regulation of biosynthetic process	ENSMUSG00000029475	ENSMUSG00000029475	IDA, IMP, IBA
CRE upregulated	GO:0031399	regulation of protein modification process	ENSMUSG00000036390	Gadd45a	IMP, IEA
CRE upregulated	GO:0031399	regulation of protein modification process	ENSMUSG00000052684	Jun	IMP
CRE upregulated	GO:0031399	regulation of protein modification process	ENSMUSG00000004951	Hspb1	IDA, IEA
CRE upregulated	GO:0031399	regulation of protein modification process	ENSMUSG00000019876	Pkib	IEA
CRE upregulated	GO:0031399	regulation of protein modification process	ENSMUSG00000037447	Arid5a	IDA
CRE upregulated	GO:0031399	regulation of protein modification process	ENSMUSG00000025089	Gfra1	ISO, IEA
CRE upregulated	GO:0031399	regulation of protein modification process	ENSMUSG00000020427	Igfbp3	ISO, IEA
CRE upregulated	GO:0031399	regulation of protein modification process	ENSMUSG00000023067	Cdkn1a	IMP
CRE upregulated	GO:0031399	regulation of protein modification process	ENSMUSG00000030681	Mvp	IEA
CRE upregulated	GO:0031399	regulation of protein modification process	ENSMUSG00000030272	Camk1	ISS
CRE upregulated	GO:0031399	regulation of protein modification process	ENSMUSG00000029378	Areg	IDA
CRE upregulated	GO:0031399	regulation of protein modification process	ENSMUSG00000005087	Cd44	IEA
CRE upregulated	GO:0031399	regulation of protein modification process	ENSMUSG00000026836	Acvr1	IEA
CRE upregulated	GO:0031399	regulation of protein modification process	ENSMUSG00000048482	Bdnf	IMP, ISO, IEA
CRE upregulated	GO:0031399	regulation of protein modification process	ENSMUSG00000024256	Adcyap1	ISS, ISO, IEA
CRE upregulated	GO:0031399	regulation of protein modification process	ENSMUSG00000021070	Bdkrb2	IMP
CRE upregulated	GO:0031399	regulation of protein modification process	ENSMUSG00000021501	Caml	ISS, IEA
CRE upregulated	GO:0031399	regulation of protein modification process	ENSMUSG00000027540	Ptpn1	IMP, IGI
CRE upregulated	GO:0031399	regulation of protein modification process	ENSMUSG00000043895	S1pr2	IMP, IEA
CRE upregulated	GO:0031399	regulation of protein modification process	ENSMUSG00000025809	Itgb1	ISO
CRE upregulated	GO:0031399	regulation of protein modification process	ENSMUSG00000025139	Tollip	ISO, IEA
CRE upregulated	GO:0031399	regulation of protein modification process	ENSMUSG00000025746	Il6	ISO
CRE upregulated	GO:0031399	regulation of protein modification process	ENSMUSG00000032231	Anxa2	ISO
CRE upregulated	GO:0031399	regulation of protein modification process	ENSMUSG00000022607	Ptk2	ISS
CRE upregulated	GO:0031399	regulation of protein modification process	ENSMUSG00000055994	Nod2	IDA, IMP, IEA
CRE upregulated	GO:0031399	regulation of protein modification process	ENSMUSG00000027293	Ehd4	ISO, IEA
CRE upregulated	GO:0031399	regulation of protein modification process	ENSMUSG00000046854	Pip5kl1	IEA
CRE upregulated	GO:0031399	regulation of protein modification process	ENSMUSG00000040435	Ppp1r15a	IDA, ISO, IEA
CRE upregulated	GO:0031399	regulation of protein modification process	ENSMUSG00000001847	Rac1	ISS
CRE upregulated	GO:0031399	regulation of protein modification process	ENSMUSG00000018909	Arrb1	IMP, ISS, ISO, IEA
CRE upregulated	GO:0031399	regulation of protein modification process	ENSMUSG00000033955	Tnks1bp1	IEA
CRE upregulated	GO:0031399	regulation of protein modification process	ENSMUSG00000057531	Dtnbp1	IMP, ISO
CRE upregulated	GO:0031399	regulation of protein modification process	ENSMUSG00000015837	Sqstm1	IDA, ISS, ISO, IEA
CRE upregulated	GO:0031399	regulation of protein modification process	ENSMUSG00000053113	Socs3	IDA, IEA
CRE upregulated	GO:0031399	regulation of protein modification process	ENSMUSG00000027954	Efna1	IDA, IEA
CRE upregulated	GO:0031399	regulation of protein modification process	ENSMUSG00000024789	Jak2	IDA
CRE upregulated	GO:0031399	regulation of protein modification process	ENSMUSG00000109511	Nup62	IMP
CRE upregulated	GO:0031399	regulation of protein modification process	ENSMUSG00000036990	Otud4	ISS, IBA, IEA
CRE upregulated	GO:0031399	regulation of protein modification process	ENSMUSG00000024190	Dusp1	ISS
CRE upregulated	GO:0031399	regulation of protein modification process	ENSMUSG00000030223	ENSMUSG00000030223	IDA
CRE upregulated	GO:0031399	regulation of protein modification process	ENSMUSG00000040033	ENSMUSG00000040033	IEA
CRE upregulated	GO:0031399	regulation of protein modification process	ENSMUSG00000024927	Rela	IDA
CRE upregulated	GO:0031399	regulation of protein modification process	ENSMUSG00000026078	Pdcl3	ISO, IEA
CRE upregulated	GO:0031399	regulation of protein modification process	ENSMUSG00000028893	Sesn2	IMP, IEA
CRE upregulated	GO:0031399	regulation of protein modification process	ENSMUSG00000024947	Men1	IEA
CRE upregulated	GO:0031399	regulation of protein modification process	ENSMUSG00000029071	ENSMUSG00000029071	IDA, IGI
CRE upregulated	GO:0031399	regulation of protein modification process	ENSMUSG00000036894	Rap2b	IDA, IEA
CRE upregulated	GO:0031399	regulation of protein modification process	ENSMUSG00000032715	Trib3	IDA, ISS
CRE upregulated	GO:0031399	regulation of protein modification process	ENSMUSG00000024777	ENSMUSG00000024777	ISO, IEA
CRE upregulated	GO:0031399	regulation of protein modification process	ENSMUSG00000032599	ENSMUSG00000032599	IMP
CRE upregulated	GO:0031399	regulation of protein modification process	ENSMUSG00000020349	ENSMUSG00000020349	ISO
CRE upregulated	GO:0031399	regulation of protein modification process	ENSMUSG00000025340	Rabgef1	IMP
CRE upregulated	GO:0031399	regulation of protein modification process	ENSMUSG00000033159	ENSMUSG00000033159	IEA
CRE upregulated	GO:0031399	regulation of protein modification process	ENSMUSG00000004530	ENSMUSG00000004530	IEA
CRE upregulated	GO:0031399	regulation of protein modification process	ENSMUSG00000000787	ENSMUSG00000000787	ISS
CRE upregulated	GO:0031399	regulation of protein modification process	ENSMUSG00000059288	ENSMUSG00000059288	IDA, IEA
CRE upregulated	GO:0031399	regulation of protein modification process	ENSMUSG00000038676	Ucn	ISO
CRE upregulated	GO:0031399	regulation of protein modification process	ENSMUSG00000026864	ENSMUSG00000026864	IMP
CRE upregulated	GO:0031399	regulation of protein modification process	ENSMUSG00000027944	Hax1	IEA
CRE upregulated	GO:0031399	regulation of protein modification process	ENSMUSG00000019843	ENSMUSG00000019843	IDA, IMP, IGI
CRE upregulated	GO:0031399	regulation of protein modification process	ENSMUSG00000027646	ENSMUSG00000027646	IGI, ISO, IEA
CRE upregulated	GO:0031399	regulation of protein modification process	ENSMUSG00000032501	Trib1	ISS, IC
CRE upregulated	GO:0031399	regulation of protein modification process	ENSMUSG00000003119	ENSMUSG00000003119	ISS
CRE upregulated	GO:0031399	regulation of protein modification process	ENSMUSG00000055067	ENSMUSG00000055067	IMP
CRE upregulated	GO:0031399	regulation of protein modification process	ENSMUSG00000031073	Fgf15	IEA
CRE upregulated	GO:0120035	regulation of plasma membrane bounded cell projection organization	ENSMUSG00000004951	Hspb1	ISO
CRE upregulated	GO:0120035	regulation of plasma membrane bounded cell projection organization	ENSMUSG00000024143	Rhoq	IEA
CRE upregulated	GO:0120035	regulation of plasma membrane bounded cell projection organization	ENSMUSG00000023905	Tnfrsf12a	IDA
CRE upregulated	GO:0120035	regulation of plasma membrane bounded cell projection organization	ENSMUSG00000030102	Itpr1	ISO
CRE upregulated	GO:0120035	regulation of plasma membrane bounded cell projection organization	ENSMUSG00000006304	Arpc2	ISO, IEA
CRE upregulated	GO:0120035	regulation of plasma membrane bounded cell projection organization	ENSMUSG00000030272	Camk1	ISS, IEA
CRE upregulated	GO:0120035	regulation of plasma membrane bounded cell projection organization	ENSMUSG00000005087	Cd44	IEA
CRE upregulated	GO:0120035	regulation of plasma membrane bounded cell projection organization	ENSMUSG00000048482	Bdnf	IDA, IMP, IGI, IEA
CRE upregulated	GO:0120035	regulation of plasma membrane bounded cell projection organization	ENSMUSG00000024256	Adcyap1	ISO, IEA
CRE upregulated	GO:0120035	regulation of plasma membrane bounded cell projection organization	ENSMUSG00000018736	Ndel1	IMP, ISO, IBA
CRE upregulated	GO:0120035	regulation of plasma membrane bounded cell projection organization	ENSMUSG00000018507	Trpv2	IMP
CRE upregulated	GO:0120035	regulation of plasma membrane bounded cell projection organization	ENSMUSG00000045136	Tubb2b	ISS, IEA
CRE upregulated	GO:0120035	regulation of plasma membrane bounded cell projection organization	ENSMUSG00000027540	Ptpn1	IEA
CRE upregulated	GO:0120035	regulation of plasma membrane bounded cell projection organization	ENSMUSG00000029121	Crmp1	IEA
CRE upregulated	GO:0120035	regulation of plasma membrane bounded cell projection organization	ENSMUSG00000025809	Itgb1	ISO
CRE upregulated	GO:0120035	regulation of plasma membrane bounded cell projection organization	ENSMUSG00000022272	Myo10	ISS, IBA, IEA
CRE upregulated	GO:0120035	regulation of plasma membrane bounded cell projection organization	ENSMUSG00000025746	Il6	ISO
CRE upregulated	GO:0120035	regulation of plasma membrane bounded cell projection organization	ENSMUSG00000047368	Abhd17b	IMP
CRE upregulated	GO:0120035	regulation of plasma membrane bounded cell projection organization	ENSMUSG00000022607	Ptk2	IMP
CRE upregulated	GO:0120035	regulation of plasma membrane bounded cell projection organization	ENSMUSG00000037062	Sh3glb1	ISO
CRE upregulated	GO:0120035	regulation of plasma membrane bounded cell projection organization	ENSMUSG00000034247	Plekhm1	IMP
CRE upregulated	GO:0120035	regulation of plasma membrane bounded cell projection organization	ENSMUSG00000024772	Ehd1	ISO, IEA
CRE upregulated	GO:0120035	regulation of plasma membrane bounded cell projection organization	ENSMUSG00000001507	Itga3	ISO, IEA
CRE upregulated	GO:0120035	regulation of plasma membrane bounded cell projection organization	ENSMUSG00000055407	Map6	ISO, IBA
CRE upregulated	GO:0120035	regulation of plasma membrane bounded cell projection organization	ENSMUSG00000001847	Rac1	ISO, IEA
CRE upregulated	GO:0120035	regulation of plasma membrane bounded cell projection organization	ENSMUSG00000050271	Prag1	ISS, ISO, IEA
CRE upregulated	GO:0120035	regulation of plasma membrane bounded cell projection organization	ENSMUSG00000057531	Dtnbp1	ISO, IEA
CRE upregulated	GO:0120035	regulation of plasma membrane bounded cell projection organization	ENSMUSG00000030309	Caprin2	IMP
CRE upregulated	GO:0120035	regulation of plasma membrane bounded cell projection organization	ENSMUSG00000001627	Ifrd1	IGI
CRE upregulated	GO:0120035	regulation of plasma membrane bounded cell projection organization	ENSMUSG00000029765	Plxna4	IBA
CRE upregulated	GO:0120035	regulation of plasma membrane bounded cell projection organization	ENSMUSG00000027954	Efna1	IDA
CRE upregulated	GO:0120035	regulation of plasma membrane bounded cell projection organization	ENSMUSG00000022602	Arc	ISO, IEA
CRE upregulated	GO:0120035	regulation of plasma membrane bounded cell projection organization	ENSMUSG00000036882	ENSMUSG00000036882	ISO, IEA
CRE upregulated	GO:0120035	regulation of plasma membrane bounded cell projection organization	ENSMUSG00000024803	Ankrd1	ISO
CRE upregulated	GO:0120035	regulation of plasma membrane bounded cell projection organization	ENSMUSG00000027692	Tnik	ISS, ISO, IEA
CRE upregulated	GO:0120035	regulation of plasma membrane bounded cell projection organization	ENSMUSG00000029071	ENSMUSG00000029071	IMP
CRE upregulated	GO:0120035	regulation of plasma membrane bounded cell projection organization	ENSMUSG00000024777	ENSMUSG00000024777	ISO, IEA
CRE upregulated	GO:0120035	regulation of plasma membrane bounded cell projection organization	ENSMUSG00000026074	Map4k4	IEA
CRE upregulated	GO:0120035	regulation of plasma membrane bounded cell projection organization	ENSMUSG00000004530	ENSMUSG00000004530	IGI, IEA
CRE upregulated	GO:0120035	regulation of plasma membrane bounded cell projection organization	ENSMUSG00000044147	Arf6	IMP, ISO, IEA
CRE upregulated	GO:0120035	regulation of plasma membrane bounded cell projection organization	ENSMUSG00000062234	ENSMUSG00000062234	IEA
CRE upregulated	GO:0120035	regulation of plasma membrane bounded cell projection organization	ENSMUSG00000041598	Cdc42ep4	IBA, IEA
CRE upregulated	GO:0120035	regulation of plasma membrane bounded cell projection organization	ENSMUSG00000045664	Cdc42ep2	IBA, IEA
CRE upregulated	GO:0120035	regulation of plasma membrane bounded cell projection organization	ENSMUSG00000039844	ENSMUSG00000039844	ISO, IEA
CRE upregulated	GO:0120035	regulation of plasma membrane bounded cell projection organization	ENSMUSG00000020594	ENSMUSG00000020594	ISO, IEA
CRE upregulated	GO:0120035	regulation of plasma membrane bounded cell projection organization	ENSMUSG00000008859	ENSMUSG00000008859	IEA
CRE upregulated	GO:0120035	regulation of plasma membrane bounded cell projection organization	ENSMUSG00000026864	ENSMUSG00000026864	ISO
CRE upregulated	GO:0120035	regulation of plasma membrane bounded cell projection organization	ENSMUSG00000039671	ENSMUSG00000039671	ISO, IEA
CRE upregulated	GO:0120035	regulation of plasma membrane bounded cell projection organization	ENSMUSG00000023277	ENSMUSG00000023277	IBA, IC, IEA
CRE upregulated	GO:0120035	regulation of plasma membrane bounded cell projection organization	ENSMUSG00000019843	ENSMUSG00000019843	IGI
CRE upregulated	GO:0120035	regulation of plasma membrane bounded cell projection organization	ENSMUSG00000027646	ENSMUSG00000027646	IEA
CRE upregulated	GO:0120035	regulation of plasma membrane bounded cell projection organization	ENSMUSG00000053825	ENSMUSG00000053825	IEA
CRE upregulated	GO:0120035	regulation of plasma membrane bounded cell projection organization	ENSMUSG00000047261	ENSMUSG00000047261	IEA
CRE upregulated	GO:0120035	regulation of plasma membrane bounded cell projection organization	ENSMUSG00000015839	Nfe2l2	ISO, IEA
CRE upregulated	GO:0120035	regulation of plasma membrane bounded cell projection organization	ENSMUSG00000049550	ENSMUSG00000049550	ISO
CRE upregulated	GO:0120035	regulation of plasma membrane bounded cell projection organization	ENSMUSG00000000627	ENSMUSG00000000627	ISO, IEA
CRE upregulated	GO:0120035	regulation of plasma membrane bounded cell projection organization	ENSMUSG00000054204	ENSMUSG00000054204	ISS, IEA
CRE upregulated	GO:0046903	secretion	ENSMUSG00000063632	Sox11	IMP
CRE upregulated	GO:0046903	secretion	ENSMUSG00000037428	Vgf	IGI
CRE upregulated	GO:0046903	secretion	ENSMUSG00000042816	Gpr151	EXP, IDA, IMP
CRE upregulated	GO:0046903	secretion	ENSMUSG00000025473	Adam8	IEA
CRE upregulated	GO:0046903	secretion	ENSMUSG00000030898	Cckbr	IMP, IGI, ISO
CRE upregulated	GO:0046903	secretion	ENSMUSG00000030748	Il4ra	IMP
CRE upregulated	GO:0046903	secretion	ENSMUSG00000030102	Itpr1	IMP, IGI
CRE upregulated	GO:0046903	secretion	ENSMUSG00000020427	Igfbp3	ISO
CRE upregulated	GO:0046903	secretion	ENSMUSG00000041831	Sytl3	IDA, IBA, IEA
CRE upregulated	GO:0046903	secretion	ENSMUSG00000035621	Midn	ISO, IEA
CRE upregulated	GO:0046903	secretion	ENSMUSG00000024261	Syt4	EXP, IDA, IMP, ISO, IBA, TAS, IEA
CRE upregulated	GO:0046903	secretion	ENSMUSG00000048482	Bdnf	IPI
CRE upregulated	GO:0046903	secretion	ENSMUSG00000024256	Adcyap1	IDA, ISS, ISO, IEA
CRE upregulated	GO:0046903	secretion	ENSMUSG00000021070	Bdkrb2	IEA
CRE upregulated	GO:0046903	secretion	ENSMUSG00000002250	Ppard	ISO, NAS
CRE upregulated	GO:0046903	secretion	ENSMUSG00000038894	Irs2	IMP
CRE upregulated	GO:0046903	secretion	ENSMUSG00000035828	Pim3	IMP
CRE upregulated	GO:0046903	secretion	ENSMUSG00000031545	Gpat4	IMP
CRE upregulated	GO:0046903	secretion	ENSMUSG00000026796	Niban2	IEA
CRE upregulated	GO:0046903	secretion	ENSMUSG00000022661	Cd200	IEA
CRE upregulated	GO:0046903	secretion	ENSMUSG00000051343	Rab11fip5	IMP, IBA
CRE upregulated	GO:0046903	secretion	ENSMUSG00000001420	Tmem79	IMP, IBA
CRE upregulated	GO:0046903	secretion	ENSMUSG00000015243	Abca1	IMP, IEA
CRE upregulated	GO:0046903	secretion	ENSMUSG00000020592	Sdc1	IEA
CRE upregulated	GO:0046903	secretion	ENSMUSG00000025746	Il6	IDA, IMP
CRE upregulated	GO:0046903	secretion	ENSMUSG00000032231	Anxa2	ISO, NAS
CRE upregulated	GO:0046903	secretion	ENSMUSG00000049303	Syt12	ISO, IBA, IEA
CRE upregulated	GO:0046903	secretion	ENSMUSG00000007458	M6pr	IDA
CRE upregulated	GO:0046903	secretion	ENSMUSG00000020838	Slc6a4	ISO, IEA
CRE upregulated	GO:0046903	secretion	ENSMUSG00000001847	Rac1	IMP, ISO
CRE upregulated	GO:0046903	secretion	ENSMUSG00000018909	Arrb1	IMP
CRE upregulated	GO:0046903	secretion	ENSMUSG00000057531	Dtnbp1	IDA, IMP, ISO, IBA, IEA
CRE upregulated	GO:0046903	secretion	ENSMUSG00000036057	Ptpn23	IEA
CRE upregulated	GO:0046903	secretion	ENSMUSG00000022346	Myc	ISO
CRE upregulated	GO:0046903	secretion	ENSMUSG00000036437	Npy1r	ISO
CRE upregulated	GO:0046903	secretion	ENSMUSG00000030616	Sytl2	IDA, IMP, IBA, IEA
CRE upregulated	GO:0046903	secretion	ENSMUSG00000023032	Slc4a8	EXP, IDA, IMP, ISO, IEA
CRE upregulated	GO:0046903	secretion	ENSMUSG00000024789	Jak2	ISS, ISO, IEA
CRE upregulated	GO:0046903	secretion	ENSMUSG00000025178	Pi4k2a	ISO
CRE upregulated	GO:0046903	secretion	ENSMUSG00000022555	Dgat1	ISO
CRE upregulated	GO:0046903	secretion	ENSMUSG00000020027	Socs2	IMP, IGI
CRE upregulated	GO:0046903	secretion	ENSMUSG00000029135	Fosl2	IDA
CRE upregulated	GO:0046903	secretion	ENSMUSG00000004347	ENSMUSG00000004347	ISO
CRE upregulated	GO:0046903	secretion	ENSMUSG00000033769	Exoc6b	IBA, NAS, IEA
CRE upregulated	GO:0046903	secretion	ENSMUSG00000024803	Ankrd1	IEA
CRE upregulated	GO:0046903	secretion	ENSMUSG00000025793	ENSMUSG00000025793	IEA
CRE upregulated	GO:0046903	secretion	ENSMUSG00000026718	ENSMUSG00000026718	IEA
CRE upregulated	GO:0046903	secretion	ENSMUSG00000029071	ENSMUSG00000029071	IDA, IMP, IGI
CRE upregulated	GO:0046903	secretion	ENSMUSG00000044453	Ffar1	IDA, IMP, ISO, IBA
CRE upregulated	GO:0046903	secretion	ENSMUSG00000032902	Slc16a1	IMP
CRE upregulated	GO:0046903	secretion	ENSMUSG00000026074	Map4k4	IEA
CRE upregulated	GO:0046903	secretion	ENSMUSG00000010660	Plcd1	ISO
CRE upregulated	GO:0046903	secretion	ENSMUSG00000031278	ENSMUSG00000031278	ISS, ISO
CRE upregulated	GO:0046903	secretion	ENSMUSG00000040640	ENSMUSG00000040640	IDA, IMP
CRE upregulated	GO:0046903	secretion	ENSMUSG00000024517	Grp	IDA, ISS, IEA
CRE upregulated	GO:0046903	secretion	ENSMUSG00000025340	Rabgef1	IMP
CRE upregulated	GO:0046903	secretion	ENSMUSG00000021587	Pcsk1	ISO, IEA
CRE upregulated	GO:0046903	secretion	ENSMUSG00000028599	Tnfrsf1b	IGI
CRE upregulated	GO:0046903	secretion	ENSMUSG00000044147	Arf6	IEA
CRE upregulated	GO:0046903	secretion	ENSMUSG00000011877	Git1	IDA, IMP
CRE upregulated	GO:0046903	secretion	ENSMUSG00000040046	Tph1	IMP
CRE upregulated	GO:0046903	secretion	ENSMUSG00000019842	ENSMUSG00000019842	IMP
CRE upregulated	GO:0046903	secretion	ENSMUSG00000020671	ENSMUSG00000020671	IBA, IEA
CRE upregulated	GO:0046903	secretion	ENSMUSG00000008859	ENSMUSG00000008859	IDA, IBA, IEA
CRE upregulated	GO:0046903	secretion	ENSMUSG00000038676	Ucn	ISO, IEA
CRE upregulated	GO:0046903	secretion	ENSMUSG00000052681	Rap1b	IGI, IBA, IEA
CRE upregulated	GO:0046903	secretion	ENSMUSG00000027978	Prss12	IDA
CRE upregulated	GO:0046903	secretion	ENSMUSG00000061244	ENSMUSG00000061244	IBA, NAS, IEA
CRE upregulated	GO:0046903	secretion	ENSMUSG00000056050	ENSMUSG00000056050	IEA
CRE upregulated	GO:0046903	secretion	ENSMUSG00000051209	ENSMUSG00000051209	IDA
CRE upregulated	GO:0046903	secretion	ENSMUSG00000053825	ENSMUSG00000053825	IEA
CRE upregulated	GO:0046903	secretion	ENSMUSG00000024907	Gal	IEA
CRE upregulated	GO:0031347	regulation of defense response	ENSMUSG00000046688	Tifa	ISS, IBA, IEA
CRE upregulated	GO:0031347	regulation of defense response	ENSMUSG00000025473	Adam8	IDA, IMP
CRE upregulated	GO:0031347	regulation of defense response	ENSMUSG00000030898	Cckbr	ISO
CRE upregulated	GO:0031347	regulation of defense response	ENSMUSG00000033902	Mapkbp1	IEA
CRE upregulated	GO:0031347	regulation of defense response	ENSMUSG00000024404	Riok3	IEA
CRE upregulated	GO:0031347	regulation of defense response	ENSMUSG00000035673	Sbno2	IMP, IBA, IEA
CRE upregulated	GO:0031347	regulation of defense response	ENSMUSG00000024256	Adcyap1	ISO, IEA
CRE upregulated	GO:0031347	regulation of defense response	ENSMUSG00000002250	Ppard	IBA, IEA
CRE upregulated	GO:0031347	regulation of defense response	ENSMUSG00000044734	Serpinb1a	IDA
CRE upregulated	GO:0031347	regulation of defense response	ENSMUSG00000026254	Eif4e2	IEA
CRE upregulated	GO:0031347	regulation of defense response	ENSMUSG00000040025	Ythdf2	ISS, IEA
CRE upregulated	GO:0031347	regulation of defense response	ENSMUSG00000055994	Nod2	IDA, IMP, ISS, ISO, IEA
CRE upregulated	GO:0031347	regulation of defense response	ENSMUSG00000024014	Pim1	ISS, IEA
CRE upregulated	GO:0031347	regulation of defense response	ENSMUSG00000042726	Trafd1	IMP, IBA
CRE upregulated	GO:0031347	regulation of defense response	ENSMUSG00000031628	Casp3	IEA
CRE upregulated	GO:0031347	regulation of defense response	ENSMUSG00000024349	Sting1	IDA, IMP, IGI, ISS, IBA, IEA
CRE upregulated	GO:0031347	regulation of defense response	ENSMUSG00000038552	Fndc4	IDA, IBA, IEA
CRE upregulated	GO:0031347	regulation of defense response	ENSMUSG00000015837	Sqstm1	IEA
CRE upregulated	GO:0031347	regulation of defense response	ENSMUSG00000053113	Socs3	IGI
CRE upregulated	GO:0031347	regulation of defense response	ENSMUSG00000026072	Il1r1	IMP, IBA
CRE upregulated	GO:0031347	regulation of defense response	ENSMUSG00000024789	Jak2	ISS, IEA
CRE upregulated	GO:0031347	regulation of defense response	ENSMUSG00000004040	ENSMUSG00000004040	IDA, IEA
CRE upregulated	GO:0031347	regulation of defense response	ENSMUSG00000036990	Otud4	IDA, IBA, IEA
CRE upregulated	GO:0031347	regulation of defense response	ENSMUSG00000029826	Zc3hav1	ISO, TAS
CRE upregulated	GO:0031347	regulation of defense response	ENSMUSG00000059866	Tnip2	IMP, IBA
CRE upregulated	GO:0031347	regulation of defense response	ENSMUSG00000033545	Znrf1	IEA
CRE upregulated	GO:0031347	regulation of defense response	ENSMUSG00000040033	ENSMUSG00000040033	IEA
CRE upregulated	GO:0031347	regulation of defense response	ENSMUSG00000024912	Fosl1	IMP
CRE upregulated	GO:0031347	regulation of defense response	ENSMUSG00000024927	Rela	IDA, IMP, ISO, IEA
CRE upregulated	GO:0031347	regulation of defense response	ENSMUSG00000025279	ENSMUSG00000025279	IDA
CRE upregulated	GO:0031347	regulation of defense response	ENSMUSG00000040365	Trim41	ISS, IEA
CRE upregulated	GO:0031347	regulation of defense response	ENSMUSG00000020349	ENSMUSG00000020349	IMP
CRE upregulated	GO:0031347	regulation of defense response	ENSMUSG00000024517	Grp	IMP
CRE upregulated	GO:0031347	regulation of defense response	ENSMUSG00000025340	Rabgef1	IMP
CRE upregulated	GO:0031347	regulation of defense response	ENSMUSG00000028599	Tnfrsf1b	IMP, IGI, IBA
CRE upregulated	GO:0031347	regulation of defense response	ENSMUSG00000044147	Arf6	NAS
CRE upregulated	GO:0031347	regulation of defense response	ENSMUSG00000030662	ENSMUSG00000030662	IEA
CRE upregulated	GO:0031347	regulation of defense response	ENSMUSG00000011877	Git1	IMP
CRE upregulated	GO:0031347	regulation of defense response	ENSMUSG00000047281	ENSMUSG00000047281	ISS, IEA
CRE upregulated	GO:0031347	regulation of defense response	ENSMUSG00000019842	ENSMUSG00000019842	IEA
CRE upregulated	GO:0031347	regulation of defense response	ENSMUSG00000070056	ENSMUSG00000070056	IMP, ISS, IEA
CRE upregulated	GO:0031347	regulation of defense response	ENSMUSG00000037860	Aim2	IDA, IMP, IBA, NAS, IEA
CRE upregulated	GO:0031347	regulation of defense response	ENSMUSG00000019256	ENSMUSG00000019256	IEA
CRE upregulated	GO:0031347	regulation of defense response	ENSMUSG00000027997	Casp6	ISS, IEA
CRE upregulated	GO:0031347	regulation of defense response	ENSMUSG00000020594	ENSMUSG00000020594	IEA
CRE upregulated	GO:0031347	regulation of defense response	ENSMUSG00000020448	Rnf185	ISS, IEA
CRE upregulated	GO:0031347	regulation of defense response	ENSMUSG00000000787	ENSMUSG00000000787	IDA, ISS
CRE upregulated	GO:0031347	regulation of defense response	ENSMUSG00000022948	Setd4	IDA
CRE upregulated	GO:0031347	regulation of defense response	ENSMUSG00000038676	Ucn	ISO, IEA
CRE upregulated	GO:0031347	regulation of defense response	ENSMUSG00000037553	ENSMUSG00000037553	ISS, IEA
CRE upregulated	GO:0031347	regulation of defense response	ENSMUSG00000032508	Myd88	IMP, IGI, ISS, IBA, IEA
CRE upregulated	GO:0031347	regulation of defense response	ENSMUSG00000004270	ENSMUSG00000004270	IMP
CRE upregulated	GO:0031347	regulation of defense response	ENSMUSG00000038250	ENSMUSG00000038250	IEA
CRE upregulated	GO:0031347	regulation of defense response	ENSMUSG00000028291	ENSMUSG00000028291	IMP, IBA
CRE upregulated	GO:0031347	regulation of defense response	ENSMUSG00000037411	Serpine1	IEA
CRE upregulated	GO:0031347	regulation of defense response	ENSMUSG00000027646	ENSMUSG00000027646	IEA
CRE upregulated	GO:0031347	regulation of defense response	ENSMUSG00000015839	Nfe2l2	IMP
CRE upregulated	GO:0031347	regulation of defense response	ENSMUSG00000003541	ENSMUSG00000003541	IMP
CRE upregulated	GO:0098657	import into cell	ENSMUSG00000024143	Rhoq	IBA
CRE upregulated	GO:0098657	import into cell	ENSMUSG00000024891	Slc29a2	IGI
CRE upregulated	GO:0098657	import into cell	ENSMUSG00000024261	Syt4	IMP, ISO, IEA
CRE upregulated	GO:0098657	import into cell	ENSMUSG00000041870	Ankrd13a	ISS, IEA
CRE upregulated	GO:0098657	import into cell	ENSMUSG00000038894	Irs2	IEA
CRE upregulated	GO:0098657	import into cell	ENSMUSG00000024883	Rin1	IEA
CRE upregulated	GO:0098657	import into cell	ENSMUSG00000020142	Slc1a4	IDA, IEA
CRE upregulated	GO:0098657	import into cell	ENSMUSG00000027540	Ptpn1	ISS, IEA
CRE upregulated	GO:0098657	import into cell	ENSMUSG00000051343	Rab11fip5	IDA, IMP
CRE upregulated	GO:0098657	import into cell	ENSMUSG00000034226	Rhov	IBA
CRE upregulated	GO:0098657	import into cell	ENSMUSG00000028645	Slc2a1	IEA
CRE upregulated	GO:0098657	import into cell	ENSMUSG00000025809	Itgb1	IDA, IMP, ISO
CRE upregulated	GO:0098657	import into cell	ENSMUSG00000023030	Slc11a2	ISO
CRE upregulated	GO:0098657	import into cell	ENSMUSG00000015243	Abca1	IMP
CRE upregulated	GO:0098657	import into cell	ENSMUSG00000020592	Sdc1	IMP
CRE upregulated	GO:0098657	import into cell	ENSMUSG00000032231	Anxa2	IMP, ISO, IBA, IEA
CRE upregulated	GO:0098657	import into cell	ENSMUSG00000073563	Csnk1g3	IBA
CRE upregulated	GO:0098657	import into cell	ENSMUSG00000031078	Cttn	ISS, ISO, IEA
CRE upregulated	GO:0098657	import into cell	ENSMUSG00000022607	Ptk2	ISO
CRE upregulated	GO:0098657	import into cell	ENSMUSG00000055994	Nod2	IMP
CRE upregulated	GO:0098657	import into cell	ENSMUSG00000024772	Ehd1	IDA, IBA, IEA
CRE upregulated	GO:0098657	import into cell	ENSMUSG00000023169	Slc38a1	ISS, ISO, IEA
CRE upregulated	GO:0098657	import into cell	ENSMUSG00000027293	Ehd4	ISO, IBA, IEA
CRE upregulated	GO:0098657	import into cell	ENSMUSG00000035392	Dennd1a	IDA, ISS, IBA
CRE upregulated	GO:0098657	import into cell	ENSMUSG00000033039	Micall1	ISS, IEA
CRE upregulated	GO:0098657	import into cell	ENSMUSG00000059923	Grb2	IEA
CRE upregulated	GO:0098657	import into cell	ENSMUSG00000020838	Slc6a4	IDA, IMP, ISO, IBA, NAS, IEA
CRE upregulated	GO:0098657	import into cell	ENSMUSG00000035199	Arl6ip5	IDA, ISO
CRE upregulated	GO:0098657	import into cell	ENSMUSG00000001847	Rac1	IDA, IMP, IBA, IEA
CRE upregulated	GO:0098657	import into cell	ENSMUSG00000018909	Arrb1	ISS, ISO, IBA, IEA
CRE upregulated	GO:0098657	import into cell	ENSMUSG00000026317	Cln8	IMP
CRE upregulated	GO:0098657	import into cell	ENSMUSG00000057531	Dtnbp1	ISO, IEA
CRE upregulated	GO:0098657	import into cell	ENSMUSG00000015316	Slamf1	IEA
CRE upregulated	GO:0098657	import into cell	ENSMUSG00000022433	Csnk1e	IBA
CRE upregulated	GO:0098657	import into cell	ENSMUSG00000010095	Slc3a2	ISS, ISO, IBA, IEA
CRE upregulated	GO:0098657	import into cell	ENSMUSG00000022602	Arc	IDA, IMP, IEA
CRE upregulated	GO:0098657	import into cell	ENSMUSG00000050335	Lgals3	IEA
CRE upregulated	GO:0098657	import into cell	ENSMUSG00000059316	Slc27a4	IDA, IMP, IBA, IEA
CRE upregulated	GO:0098657	import into cell	ENSMUSG00000036206	Sh3bp4	IEA
CRE upregulated	GO:0098657	import into cell	ENSMUSG00000025793	ENSMUSG00000025793	IBA
CRE upregulated	GO:0098657	import into cell	ENSMUSG00000038591	Colec10	IEA
CRE upregulated	GO:0098657	import into cell	ENSMUSG00000064210	ENSMUSG00000064210	IMP
CRE upregulated	GO:0098657	import into cell	ENSMUSG00000025162	ENSMUSG00000025162	IBA, IEA
CRE upregulated	GO:0098657	import into cell	ENSMUSG00000025340	Rabgef1	IMP, IEA
CRE upregulated	GO:0098657	import into cell	ENSMUSG00000004530	ENSMUSG00000004530	TAS
CRE upregulated	GO:0098657	import into cell	ENSMUSG00000044147	Arf6	ISO, IEA
CRE upregulated	GO:0098657	import into cell	ENSMUSG00000052298	Cdc42se2	IEA
CRE upregulated	GO:0098657	import into cell	ENSMUSG00000024270	ENSMUSG00000024270	ISS, IBA, IEA
CRE upregulated	GO:0098657	import into cell	ENSMUSG00000062234	ENSMUSG00000062234	IEA
CRE upregulated	GO:0098657	import into cell	ENSMUSG00000025351	Cd63	ISS, ISO, IEA
CRE upregulated	GO:0098657	import into cell	ENSMUSG00000039844	ENSMUSG00000039844	ISO, IEA
CRE upregulated	GO:0098657	import into cell	ENSMUSG00000040010	Slc7a5	ISO, IEA
CRE upregulated	GO:0098657	import into cell	ENSMUSG00000047547	Cltb	IBA, IEA
CRE upregulated	GO:0098657	import into cell	ENSMUSG00000008859	ENSMUSG00000008859	ISO, IEA
CRE upregulated	GO:0098657	import into cell	ENSMUSG00000046722	ENSMUSG00000046722	IEA
CRE upregulated	GO:0098657	import into cell	ENSMUSG00000022094	ENSMUSG00000022094	ISS, IBA, IEA
CRE upregulated	GO:0098657	import into cell	ENSMUSG00000032508	Myd88	IMP, IEA
CRE upregulated	GO:0098657	import into cell	ENSMUSG00000002633	Shh	IDA
CRE upregulated	GO:0098657	import into cell	ENSMUSG00000032462	ENSMUSG00000032462	IEA
CRE upregulated	GO:0098657	import into cell	ENSMUSG00000005089	Slc1a2	IDA, IMP, ISS, IBA, IEA
CRE upregulated	GO:0098657	import into cell	ENSMUSG00000037907	ENSMUSG00000037907	ISS, IEA
CRE upregulated	GO:0098657	import into cell	ENSMUSG00000037411	Serpine1	IEA
CRE upregulated	GO:0098657	import into cell	ENSMUSG00000019843	ENSMUSG00000019843	IGI
CRE upregulated	GO:0098657	import into cell	ENSMUSG00000027646	ENSMUSG00000027646	IEA
CRE upregulated	GO:0002682	regulation of immune system process	ENSMUSG00000052684	Jun	IDA, ISO
CRE upregulated	GO:0002682	regulation of immune system process	ENSMUSG00000063632	Sox11	IEA
CRE upregulated	GO:0002682	regulation of immune system process	ENSMUSG00000004951	Hspb1	ISO
CRE upregulated	GO:0002682	regulation of immune system process	ENSMUSG00000046688	Tifa	ISS, IBA, IEA
CRE upregulated	GO:0002682	regulation of immune system process	ENSMUSG00000025473	Adam8	IDA, IMP, IBA, NAS, IEA
CRE upregulated	GO:0002682	regulation of immune system process	ENSMUSG00000037447	Arid5a	IMP
CRE upregulated	GO:0002682	regulation of immune system process	ENSMUSG00000030748	Il4ra	IMP, IGI
CRE upregulated	GO:0002682	regulation of immune system process	ENSMUSG00000014599	Csf1	IDA, IMP, IGI, ISO, IBA, IEA
CRE upregulated	GO:0002682	regulation of immune system process	ENSMUSG00000023067	Cdkn1a	IGI
CRE upregulated	GO:0002682	regulation of immune system process	ENSMUSG00000024404	Riok3	IEA
CRE upregulated	GO:0002682	regulation of immune system process	ENSMUSG00000027495	Fam210b	ISS, IEA
CRE upregulated	GO:0002682	regulation of immune system process	ENSMUSG00000024256	Adcyap1	ISO, IEA
CRE upregulated	GO:0002682	regulation of immune system process	ENSMUSG00000044734	Serpinb1a	IDA
CRE upregulated	GO:0002682	regulation of immune system process	ENSMUSG00000038894	Irs2	IDA
CRE upregulated	GO:0002682	regulation of immune system process	ENSMUSG00000022661	Cd200	IEA
CRE upregulated	GO:0002682	regulation of immune system process	ENSMUSG00000027583	Zbtb46	IMP
CRE upregulated	GO:0002682	regulation of immune system process	ENSMUSG00000026254	Eif4e2	IEA
CRE upregulated	GO:0002682	regulation of immune system process	ENSMUSG00000053436	Mapk14	IMP, IEA
CRE upregulated	GO:0002682	regulation of immune system process	ENSMUSG00000040025	Ythdf2	ISS, IEA
CRE upregulated	GO:0002682	regulation of immune system process	ENSMUSG00000025746	Il6	IDA, IMP
CRE upregulated	GO:0002682	regulation of immune system process	ENSMUSG00000055994	Nod2	IDA, IMP, IGI, ISS, ISO, IEA
CRE upregulated	GO:0002682	regulation of immune system process	ENSMUSG00000024014	Pim1	ISS, IEA
CRE upregulated	GO:0002682	regulation of immune system process	ENSMUSG00000027613	Eif6	IMP
CRE upregulated	GO:0002682	regulation of immune system process	ENSMUSG00000059923	Grb2	IDA
CRE upregulated	GO:0002682	regulation of immune system process	ENSMUSG00000042726	Trafd1	IMP, IBA
CRE upregulated	GO:0002682	regulation of immune system process	ENSMUSG00000031628	Casp3	IMP
CRE upregulated	GO:0002682	regulation of immune system process	ENSMUSG00000001847	Rac1	IMP, IBA, IEA
CRE upregulated	GO:0002682	regulation of immune system process	ENSMUSG00000024349	Sting1	IDA, IMP, ISS, IBA, IEA
CRE upregulated	GO:0002682	regulation of immune system process	ENSMUSG00000000134	Tfe3	IGI, IEA
CRE upregulated	GO:0002682	regulation of immune system process	ENSMUSG00000015837	Sqstm1	IEA
CRE upregulated	GO:0002682	regulation of immune system process	ENSMUSG00000036737	Oxsr1	IMP, IBA, IEA
CRE upregulated	GO:0002682	regulation of immune system process	ENSMUSG00000031955	Bcar1	ISS, IEA
CRE upregulated	GO:0002682	regulation of immune system process	ENSMUSG00000015316	Slamf1	IDA, IMP
CRE upregulated	GO:0002682	regulation of immune system process	ENSMUSG00000022346	Myc	ISS, IEA
CRE upregulated	GO:0002682	regulation of immune system process	ENSMUSG00000026072	Il1r1	IMP, ISS, IEA
CRE upregulated	GO:0002682	regulation of immune system process	ENSMUSG00000024789	Jak2	IDA, ISO, NAS, IEA
CRE upregulated	GO:0002682	regulation of immune system process	ENSMUSG00000004040	ENSMUSG00000004040	ISS, IEA
CRE upregulated	GO:0002682	regulation of immune system process	ENSMUSG00000029135	Fosl2	IDA, IMP
CRE upregulated	GO:0002682	regulation of immune system process	ENSMUSG00000020395	Itk	IMP, IBA
CRE upregulated	GO:0002682	regulation of immune system process	ENSMUSG00000036990	Otud4	IDA, IBA, IEA
CRE upregulated	GO:0002682	regulation of immune system process	ENSMUSG00000029826	Zc3hav1	TAS
CRE upregulated	GO:0002682	regulation of immune system process	ENSMUSG00000050335	Lgals3	IEA
CRE upregulated	GO:0002682	regulation of immune system process	ENSMUSG00000024190	Dusp1	IEA
CRE upregulated	GO:0002682	regulation of immune system process	ENSMUSG00000059866	Tnip2	IMP, IBA
CRE upregulated	GO:0002682	regulation of immune system process	ENSMUSG00000033545	Znrf1	IEA
CRE upregulated	GO:0002682	regulation of immune system process	ENSMUSG00000040033	ENSMUSG00000040033	IEA
CRE upregulated	GO:0002682	regulation of immune system process	ENSMUSG00000031934	ENSMUSG00000031934	IMP
CRE upregulated	GO:0002682	regulation of immune system process	ENSMUSG00000023915	Tnfrsf21	IMP, IBA
CRE upregulated	GO:0002682	regulation of immune system process	ENSMUSG00000024912	Fosl1	IMP
CRE upregulated	GO:0002682	regulation of immune system process	ENSMUSG00000024927	Rela	ISO, IEA
CRE upregulated	GO:0002682	regulation of immune system process	ENSMUSG00000038591	Colec10	IEA
CRE upregulated	GO:0002682	regulation of immune system process	ENSMUSG00000024238	Zeb1	IMP
CRE upregulated	GO:0002682	regulation of immune system process	ENSMUSG00000025279	ENSMUSG00000025279	IDA
CRE upregulated	GO:0002682	regulation of immune system process	ENSMUSG00000064210	ENSMUSG00000064210	IMP, IEA
CRE upregulated	GO:0002682	regulation of immune system process	ENSMUSG00000024335	Brd2	IDA, IEA
CRE upregulated	GO:0002682	regulation of immune system process	ENSMUSG00000040365	Trim41	ISS, IEA
CRE upregulated	GO:0002682	regulation of immune system process	ENSMUSG00000048047	Zbtb33	IBA
CRE upregulated	GO:0002682	regulation of immune system process	ENSMUSG00000028466	Creb3	IEA
CRE upregulated	GO:0002682	regulation of immune system process	ENSMUSG00000020349	ENSMUSG00000020349	IMP
CRE upregulated	GO:0002682	regulation of immune system process	ENSMUSG00000025340	Rabgef1	IDA, IMP
CRE upregulated	GO:0002682	regulation of immune system process	ENSMUSG00000028599	Tnfrsf1b	IMP, IGI, IBA
CRE upregulated	GO:0002682	regulation of immune system process	ENSMUSG00000033350	Chst2	IMP
CRE upregulated	GO:0002682	regulation of immune system process	ENSMUSG00000044147	Arf6	NAS
CRE upregulated	GO:0002682	regulation of immune system process	ENSMUSG00000030662	ENSMUSG00000030662	IEA
CRE upregulated	GO:0002682	regulation of immune system process	ENSMUSG00000024270	ENSMUSG00000024270	ISS, IEA
CRE upregulated	GO:0002682	regulation of immune system process	ENSMUSG00000047281	ENSMUSG00000047281	ISS, IEA
CRE upregulated	GO:0002682	regulation of immune system process	ENSMUSG00000070056	ENSMUSG00000070056	IMP, ISS, IEA
CRE upregulated	GO:0002682	regulation of immune system process	ENSMUSG00000037860	Aim2	IDA, IBA, NAS, IEA
CRE upregulated	GO:0002682	regulation of immune system process	ENSMUSG00000019256	ENSMUSG00000019256	IEA
CRE upregulated	GO:0002682	regulation of immune system process	ENSMUSG00000039844	ENSMUSG00000039844	ISO, IEA
CRE upregulated	GO:0002682	regulation of immune system process	ENSMUSG00000027997	Casp6	ISS, IEA
CRE upregulated	GO:0002682	regulation of immune system process	ENSMUSG00000020594	ENSMUSG00000020594	IEA
CRE upregulated	GO:0002682	regulation of immune system process	ENSMUSG00000020448	Rnf185	ISS, IEA
CRE upregulated	GO:0002682	regulation of immune system process	ENSMUSG00000000787	ENSMUSG00000000787	IDA, ISS
CRE upregulated	GO:0002682	regulation of immune system process	ENSMUSG00000037553	ENSMUSG00000037553	ISS, IEA
CRE upregulated	GO:0002682	regulation of immune system process	ENSMUSG00000032508	Myd88	IMP, IGI, ISS, IBA, IEA
CRE upregulated	GO:0002682	regulation of immune system process	ENSMUSG00000002633	Shh	IMP
CRE upregulated	GO:0002682	regulation of immune system process	ENSMUSG00000032462	ENSMUSG00000032462	IEA
CRE upregulated	GO:0002682	regulation of immune system process	ENSMUSG00000027944	Hax1	IEA
CRE upregulated	GO:0002682	regulation of immune system process	ENSMUSG00000029145	ENSMUSG00000029145	ISS, IEA
CRE upregulated	GO:0002682	regulation of immune system process	ENSMUSG00000038250	ENSMUSG00000038250	IEA
CRE upregulated	GO:0002682	regulation of immune system process	ENSMUSG00000056050	ENSMUSG00000056050	IEA
CRE upregulated	GO:0002682	regulation of immune system process	ENSMUSG00000063952	Brpf3	NAS
CRE upregulated	GO:0002682	regulation of immune system process	ENSMUSG00000028291	ENSMUSG00000028291	IMP, IBA
CRE upregulated	GO:0002682	regulation of immune system process	ENSMUSG00000037411	Serpine1	IEA
CRE upregulated	GO:0002682	regulation of immune system process	ENSMUSG00000037465	Klf10	IMP
CRE upregulated	GO:0002682	regulation of immune system process	ENSMUSG00000019843	ENSMUSG00000019843	IBA, IEA
CRE upregulated	GO:0002682	regulation of immune system process	ENSMUSG00000027646	ENSMUSG00000027646	IEA
CRE upregulated	GO:0002682	regulation of immune system process	ENSMUSG00000021340	ENSMUSG00000021340	IEA
CRE upregulated	GO:0002682	regulation of immune system process	ENSMUSG00000032501	Trib1	IMP
CRE upregulated	GO:0002682	regulation of immune system process	ENSMUSG00000015839	Nfe2l2	IMP
CRE upregulated	GO:0002682	regulation of immune system process	ENSMUSG00000019998	ENSMUSG00000019998	IEA
CRE upregulated	GO:0002682	regulation of immune system process	ENSMUSG00000024907	Gal	ISO
CRE upregulated	GO:0009607	response to biotic stimulus	ENSMUSG00000052684	Jun	IEP
CRE upregulated	GO:0009607	response to biotic stimulus	ENSMUSG00000037428	Vgf	IEA
CRE upregulated	GO:0009607	response to biotic stimulus	ENSMUSG00000031574	Star	IEA
CRE upregulated	GO:0009607	response to biotic stimulus	ENSMUSG00000004951	Hspb1	ISS, IEA
CRE upregulated	GO:0009607	response to biotic stimulus	ENSMUSG00000046688	Tifa	ISS, IBA, IEA
CRE upregulated	GO:0009607	response to biotic stimulus	ENSMUSG00000025473	Adam8	IDA
CRE upregulated	GO:0009607	response to biotic stimulus	ENSMUSG00000037447	Arid5a	IMP, IEA
CRE upregulated	GO:0009607	response to biotic stimulus	ENSMUSG00000033902	Mapkbp1	IEA
CRE upregulated	GO:0009607	response to biotic stimulus	ENSMUSG00000030748	Il4ra	IMP
CRE upregulated	GO:0009607	response to biotic stimulus	ENSMUSG00000014599	Csf1	IEA
CRE upregulated	GO:0009607	response to biotic stimulus	ENSMUSG00000024404	Riok3	IEA
CRE upregulated	GO:0009607	response to biotic stimulus	ENSMUSG00000035673	Sbno2	IDA
CRE upregulated	GO:0009607	response to biotic stimulus	ENSMUSG00000030095	Tmem43	IEA
CRE upregulated	GO:0009607	response to biotic stimulus	ENSMUSG00000028793	Rnf19b	IMP
CRE upregulated	GO:0009607	response to biotic stimulus	ENSMUSG00000026670	Uap1	IEA
CRE upregulated	GO:0009607	response to biotic stimulus	ENSMUSG00000021400	Wrnip1	IEA
CRE upregulated	GO:0009607	response to biotic stimulus	ENSMUSG00000002250	Ppard	ISO
CRE upregulated	GO:0009607	response to biotic stimulus	ENSMUSG00000044734	Serpinb1a	IDA
CRE upregulated	GO:0009607	response to biotic stimulus	ENSMUSG00000019461	Plscr3	IEP
CRE upregulated	GO:0009607	response to biotic stimulus	ENSMUSG00000011179	Odc1	IEA
CRE upregulated	GO:0009607	response to biotic stimulus	ENSMUSG00000051343	Rab11fip5	IDA
CRE upregulated	GO:0009607	response to biotic stimulus	ENSMUSG00000026254	Eif4e2	IEA
CRE upregulated	GO:0009607	response to biotic stimulus	ENSMUSG00000053436	Mapk14	IDA, ISO, IEA
CRE upregulated	GO:0009607	response to biotic stimulus	ENSMUSG00000040025	Ythdf2	ISS, IEA
CRE upregulated	GO:0009607	response to biotic stimulus	ENSMUSG00000022043	Trim35	IEA
CRE upregulated	GO:0009607	response to biotic stimulus	ENSMUSG00000011008	Mcoln2	IEA
CRE upregulated	GO:0009607	response to biotic stimulus	ENSMUSG00000015243	Abca1	IDA
CRE upregulated	GO:0009607	response to biotic stimulus	ENSMUSG00000025139	Tollip	IEA
CRE upregulated	GO:0009607	response to biotic stimulus	ENSMUSG00000025746	Il6	IDA, IMP, ISO
CRE upregulated	GO:0009607	response to biotic stimulus	ENSMUSG00000055994	Nod2	IDA, IMP, IGI, ISS, ISO, IBA, TAS, IEA
CRE upregulated	GO:0009607	response to biotic stimulus	ENSMUSG00000024014	Pim1	ISS, IEA
CRE upregulated	GO:0009607	response to biotic stimulus	ENSMUSG00000059923	Grb2	IEA
CRE upregulated	GO:0009607	response to biotic stimulus	ENSMUSG00000042726	Trafd1	IMP, IBA
CRE upregulated	GO:0009607	response to biotic stimulus	ENSMUSG00000031628	Casp3	IEA
CRE upregulated	GO:0009607	response to biotic stimulus	ENSMUSG00000025408	Ddit3	IMP, ISO, IBA
CRE upregulated	GO:0009607	response to biotic stimulus	ENSMUSG00000001847	Rac1	IDA
CRE upregulated	GO:0009607	response to biotic stimulus	ENSMUSG00000024349	Sting1	IDA, IMP, ISS, ISO, IBA, IEA
CRE upregulated	GO:0009607	response to biotic stimulus	ENSMUSG00000074115	Saa1	IEP
CRE upregulated	GO:0009607	response to biotic stimulus	ENSMUSG00000015837	Sqstm1	IEA
CRE upregulated	GO:0009607	response to biotic stimulus	ENSMUSG00000034783	Cd207	IEA
CRE upregulated	GO:0009607	response to biotic stimulus	ENSMUSG00000037580	Gch1	TAS, IEA
CRE upregulated	GO:0009607	response to biotic stimulus	ENSMUSG00000023087	Noct	IDA
CRE upregulated	GO:0009607	response to biotic stimulus	ENSMUSG00000015316	Slamf1	IEA
CRE upregulated	GO:0009607	response to biotic stimulus	ENSMUSG00000024789	Jak2	IDA, ISS, ISO, IEA
CRE upregulated	GO:0009607	response to biotic stimulus	ENSMUSG00000029578	Wipi2	IPI
CRE upregulated	GO:0009607	response to biotic stimulus	ENSMUSG00000029135	Fosl2	IDA, IMP
CRE upregulated	GO:0009607	response to biotic stimulus	ENSMUSG00000036990	Otud4	IDA, IBA, IEA
CRE upregulated	GO:0009607	response to biotic stimulus	ENSMUSG00000029860	Zyx	IDA
CRE upregulated	GO:0009607	response to biotic stimulus	ENSMUSG00000029826	Zc3hav1	ISS, ISO, IBA, TAS, IEA
CRE upregulated	GO:0009607	response to biotic stimulus	ENSMUSG00000027797	Dclk1	IEA
CRE upregulated	GO:0009607	response to biotic stimulus	ENSMUSG00000059866	Tnip2	IMP, IBA
CRE upregulated	GO:0009607	response to biotic stimulus	ENSMUSG00000033545	Znrf1	IEA
CRE upregulated	GO:0009607	response to biotic stimulus	ENSMUSG00000040033	ENSMUSG00000040033	IEA
CRE upregulated	GO:0009607	response to biotic stimulus	ENSMUSG00000024803	Ankrd1	IDA, IEA
CRE upregulated	GO:0009607	response to biotic stimulus	ENSMUSG00000024912	Fosl1	IMP
CRE upregulated	GO:0009607	response to biotic stimulus	ENSMUSG00000024927	Rela	IDA, IEP, ISO, IBA, IEA
CRE upregulated	GO:0009607	response to biotic stimulus	ENSMUSG00000038591	Colec10	IEA
CRE upregulated	GO:0009607	response to biotic stimulus	ENSMUSG00000040365	Trim41	ISS, IEA
CRE upregulated	GO:0009607	response to biotic stimulus	ENSMUSG00000031668	ENSMUSG00000031668	IEA
CRE upregulated	GO:0009607	response to biotic stimulus	ENSMUSG00000053175	Bcl3	IMP, IEA
CRE upregulated	GO:0009607	response to biotic stimulus	ENSMUSG00000020349	ENSMUSG00000020349	IMP
CRE upregulated	GO:0009607	response to biotic stimulus	ENSMUSG00000024517	Grp	IMP
CRE upregulated	GO:0009607	response to biotic stimulus	ENSMUSG00000021587	Pcsk1	IEA
CRE upregulated	GO:0009607	response to biotic stimulus	ENSMUSG00000028599	Tnfrsf1b	IEA
CRE upregulated	GO:0009607	response to biotic stimulus	ENSMUSG00000044147	Arf6	NAS
CRE upregulated	GO:0009607	response to biotic stimulus	ENSMUSG00000030662	ENSMUSG00000030662	IEA
CRE upregulated	GO:0009607	response to biotic stimulus	ENSMUSG00000011877	Git1	IMP
CRE upregulated	GO:0009607	response to biotic stimulus	ENSMUSG00000025060	ENSMUSG00000025060	ISO
CRE upregulated	GO:0009607	response to biotic stimulus	ENSMUSG00000047281	ENSMUSG00000047281	ISS, IEA
CRE upregulated	GO:0009607	response to biotic stimulus	ENSMUSG00000019842	ENSMUSG00000019842	IEA
CRE upregulated	GO:0009607	response to biotic stimulus	ENSMUSG00000070056	ENSMUSG00000070056	IMP, ISS, IEA
CRE upregulated	GO:0009607	response to biotic stimulus	ENSMUSG00000041598	Cdc42ep4	IDA
CRE upregulated	GO:0009607	response to biotic stimulus	ENSMUSG00000045664	Cdc42ep2	IDA
CRE upregulated	GO:0009607	response to biotic stimulus	ENSMUSG00000037860	Aim2	IDA, IMP, IBA, NAS, IEA
CRE upregulated	GO:0009607	response to biotic stimulus	ENSMUSG00000039191	Rbpj	IMP
CRE upregulated	GO:0009607	response to biotic stimulus	ENSMUSG00000019256	ENSMUSG00000019256	IEA
CRE upregulated	GO:0009607	response to biotic stimulus	ENSMUSG00000040010	Slc7a5	IEA
CRE upregulated	GO:0009607	response to biotic stimulus	ENSMUSG00000076434	ENSMUSG00000076434	IBA
CRE upregulated	GO:0009607	response to biotic stimulus	ENSMUSG00000027997	Casp6	ISS, IEA
CRE upregulated	GO:0009607	response to biotic stimulus	ENSMUSG00000058354	Krt6a	IMP
CRE upregulated	GO:0009607	response to biotic stimulus	ENSMUSG00000020594	ENSMUSG00000020594	IEA
CRE upregulated	GO:0009607	response to biotic stimulus	ENSMUSG00000020448	Rnf185	ISS, IEA
CRE upregulated	GO:0009607	response to biotic stimulus	ENSMUSG00000000787	ENSMUSG00000000787	IDA, ISS, IEA
CRE upregulated	GO:0009607	response to biotic stimulus	ENSMUSG00000037553	ENSMUSG00000037553	ISS, IEA
CRE upregulated	GO:0009607	response to biotic stimulus	ENSMUSG00000025403	ENSMUSG00000025403	IEA
CRE upregulated	GO:0009607	response to biotic stimulus	ENSMUSG00000032508	Myd88	IMP, IGI, ISS, IBA, IEA
CRE upregulated	GO:0009607	response to biotic stimulus	ENSMUSG00000026864	ENSMUSG00000026864	IDA
CRE upregulated	GO:0009607	response to biotic stimulus	ENSMUSG00000038250	ENSMUSG00000038250	IEA
CRE upregulated	GO:0009607	response to biotic stimulus	ENSMUSG00000028291	ENSMUSG00000028291	IMP, IBA, IEA
CRE upregulated	GO:0009607	response to biotic stimulus	ENSMUSG00000050108	Bpifc	IEA
CRE upregulated	GO:0009607	response to biotic stimulus	ENSMUSG00000037411	Serpine1	IEA
CRE upregulated	GO:0009607	response to biotic stimulus	ENSMUSG00000019843	ENSMUSG00000019843	IBA
CRE upregulated	GO:0009607	response to biotic stimulus	ENSMUSG00000020755	ENSMUSG00000020755	IEA
CRE upregulated	GO:0009607	response to biotic stimulus	ENSMUSG00000027646	ENSMUSG00000027646	IBA, IEA
CRE upregulated	GO:0009607	response to biotic stimulus	ENSMUSG00000052316	ENSMUSG00000052316	IEA
CRE upregulated	GO:0009607	response to biotic stimulus	ENSMUSG00000032501	Trib1	IMP, IEA
CRE upregulated	GO:0009607	response to biotic stimulus	ENSMUSG00000019726	ENSMUSG00000019726	IEA
CRE upregulated	GO:0009607	response to biotic stimulus	ENSMUSG00000031073	Fgf15	IEP
CRE upregulated	GO:0009607	response to biotic stimulus	ENSMUSG00000015839	Nfe2l2	IMP
CRE upregulated	GO:0009607	response to biotic stimulus	ENSMUSG00000053797	ENSMUSG00000053797	IMP, IEA
CRE upregulated	GO:0009607	response to biotic stimulus	ENSMUSG00000003541	ENSMUSG00000003541	IMP
CRE upregulated	GO:0033365	protein localization to organelle	ENSMUSG00000023067	Cdkn1a	IMP
CRE upregulated	GO:0033365	protein localization to organelle	ENSMUSG00000034300	Fam53c	IBA
CRE upregulated	GO:0033365	protein localization to organelle	ENSMUSG00000032939	Nup93	IBA
CRE upregulated	GO:0033365	protein localization to organelle	ENSMUSG00000021501	Caml	ISS, ISO, IBA, IEA
CRE upregulated	GO:0033365	protein localization to organelle	ENSMUSG00000041870	Ankrd13a	ISS, IEA
CRE upregulated	GO:0033365	protein localization to organelle	ENSMUSG00000005069	Pex5	IMP, ISS, IBA, TAS, IEA
CRE upregulated	GO:0033365	protein localization to organelle	ENSMUSG00000029518	Rab35	ISS, ISO, IEA
CRE upregulated	GO:0033365	protein localization to organelle	ENSMUSG00000028063	Lmna	IMP, IBA
CRE upregulated	GO:0033365	protein localization to organelle	ENSMUSG00000053436	Mapk14	IMP
CRE upregulated	GO:0033365	protein localization to organelle	ENSMUSG00000018362	Kpna2	IDA, ISS, IBA, IEA
CRE upregulated	GO:0033365	protein localization to organelle	ENSMUSG00000025139	Tollip	IEA
CRE upregulated	GO:0033365	protein localization to organelle	ENSMUSG00000025746	Il6	ISO
CRE upregulated	GO:0033365	protein localization to organelle	ENSMUSG00000047368	Abhd17b	IMP
CRE upregulated	GO:0033365	protein localization to organelle	ENSMUSG00000037062	Sh3glb1	IMP, IEA
CRE upregulated	GO:0033365	protein localization to organelle	ENSMUSG00000024772	Ehd1	ISS, IEA
CRE upregulated	GO:0033365	protein localization to organelle	ENSMUSG00000020580	Rock2	IEA
CRE upregulated	GO:0033365	protein localization to organelle	ENSMUSG00000033039	Micall1	ISS, ISO, IEA
CRE upregulated	GO:0033365	protein localization to organelle	ENSMUSG00000007458	M6pr	IBA, IEA
CRE upregulated	GO:0033365	protein localization to organelle	ENSMUSG00000025408	Ddit3	IDA
CRE upregulated	GO:0033365	protein localization to organelle	ENSMUSG00000032078	Zpr1	IMP, ISS, IBA, IEA
CRE upregulated	GO:0033365	protein localization to organelle	ENSMUSG00000024349	Sting1	IEA
CRE upregulated	GO:0033365	protein localization to organelle	ENSMUSG00000024521	Pmaip1	IMP
CRE upregulated	GO:0033365	protein localization to organelle	ENSMUSG00000027455	Nsfl1c	IEA
CRE upregulated	GO:0033365	protein localization to organelle	ENSMUSG00000004768	Rab23	IEA
CRE upregulated	GO:0033365	protein localization to organelle	ENSMUSG00000015837	Sqstm1	IDA, IMP, ISS, IEA
CRE upregulated	GO:0033365	protein localization to organelle	ENSMUSG00000029131	Dnajb6	IMP
CRE upregulated	GO:0033365	protein localization to organelle	ENSMUSG00000036057	Ptpn23	IBA
CRE upregulated	GO:0033365	protein localization to organelle	ENSMUSG00000024789	Jak2	ISO, IEA
CRE upregulated	GO:0033365	protein localization to organelle	ENSMUSG00000004040	ENSMUSG00000004040	ISS, IEA
CRE upregulated	GO:0033365	protein localization to organelle	ENSMUSG00000109511	Nup62	ISO, IBA, IEA
CRE upregulated	GO:0033365	protein localization to organelle	ENSMUSG00000027797	Dclk1	IDA
CRE upregulated	GO:0033365	protein localization to organelle	ENSMUSG00000021306	Gpr137b	IEA
CRE upregulated	GO:0033365	protein localization to organelle	ENSMUSG00000036206	Sh3bp4	ISS, IEA
CRE upregulated	GO:0033365	protein localization to organelle	ENSMUSG00000025793	ENSMUSG00000025793	IEA
CRE upregulated	GO:0033365	protein localization to organelle	ENSMUSG00000027692	Tnik	IDA, IMP
CRE upregulated	GO:0033365	protein localization to organelle	ENSMUSG00000026718	ENSMUSG00000026718	IBA
CRE upregulated	GO:0033365	protein localization to organelle	ENSMUSG00000028893	Sesn2	ISS, IEA
CRE upregulated	GO:0033365	protein localization to organelle	ENSMUSG00000029071	ENSMUSG00000029071	IGI, IEA
CRE upregulated	GO:0033365	protein localization to organelle	ENSMUSG00000042743	Sgtb	IBA
CRE upregulated	GO:0033365	protein localization to organelle	ENSMUSG00000024335	Brd2	IDA, IEA
CRE upregulated	GO:0033365	protein localization to organelle	ENSMUSG00000025162	ENSMUSG00000025162	IEA
CRE upregulated	GO:0033365	protein localization to organelle	ENSMUSG00000053175	Bcl3	IEA
CRE upregulated	GO:0033365	protein localization to organelle	ENSMUSG00000037815	Ctnna1	IMP
CRE upregulated	GO:0033365	protein localization to organelle	ENSMUSG00000023307	Marchf5	IEA
CRE upregulated	GO:0033365	protein localization to organelle	ENSMUSG00000044147	Arf6	IMP, ISS, IBA, IEA
CRE upregulated	GO:0033365	protein localization to organelle	ENSMUSG00000030662	ENSMUSG00000030662	IDA, IMP, IBA, IEA
CRE upregulated	GO:0033365	protein localization to organelle	ENSMUSG00000011877	Git1	ISO
CRE upregulated	GO:0033365	protein localization to organelle	ENSMUSG00000059991	ENSMUSG00000059991	ISO
CRE upregulated	GO:0033365	protein localization to organelle	ENSMUSG00000062234	ENSMUSG00000062234	IEA
CRE upregulated	GO:0033365	protein localization to organelle	ENSMUSG00000007411	ENSMUSG00000007411	ISS, IEA
CRE upregulated	GO:0033365	protein localization to organelle	ENSMUSG00000019842	ENSMUSG00000019842	IDA
CRE upregulated	GO:0033365	protein localization to organelle	ENSMUSG00000016534	ENSMUSG00000016534	IMP, ISO, IBA, IEA
CRE upregulated	GO:0033365	protein localization to organelle	ENSMUSG00000070056	ENSMUSG00000070056	ISS, IEA
CRE upregulated	GO:0033365	protein localization to organelle	ENSMUSG00000029110	ENSMUSG00000029110	IEA
CRE upregulated	GO:0033365	protein localization to organelle	ENSMUSG00000048668	Rhno1	IEA
CRE upregulated	GO:0033365	protein localization to organelle	ENSMUSG00000001552	ENSMUSG00000001552	IEA
CRE upregulated	GO:0033365	protein localization to organelle	ENSMUSG00000020671	ENSMUSG00000020671	ISS, IEA
CRE upregulated	GO:0033365	protein localization to organelle	ENSMUSG00000008859	ENSMUSG00000008859	ISS, IEA
CRE upregulated	GO:0033365	protein localization to organelle	ENSMUSG00000038467	ENSMUSG00000038467	IEA
CRE upregulated	GO:0033365	protein localization to organelle	ENSMUSG00000026864	ENSMUSG00000026864	ISS, IEA
CRE upregulated	GO:0033365	protein localization to organelle	ENSMUSG00000002633	Shh	IDA, IGI, IEA
CRE upregulated	GO:0033365	protein localization to organelle	ENSMUSG00000053581	ENSMUSG00000053581	IBA
CRE upregulated	GO:0033365	protein localization to organelle	ENSMUSG00000039671	ENSMUSG00000039671	IEA
CRE upregulated	GO:0033365	protein localization to organelle	ENSMUSG00000056050	ENSMUSG00000056050	IEA
CRE upregulated	GO:0033365	protein localization to organelle	ENSMUSG00000028291	ENSMUSG00000028291	ISS, IEA
CRE upregulated	GO:0033365	protein localization to organelle	ENSMUSG00000019843	ENSMUSG00000019843	IDA, IMP
CRE upregulated	GO:0033365	protein localization to organelle	ENSMUSG00000027646	ENSMUSG00000027646	IGI
CRE upregulated	GO:0033365	protein localization to organelle	ENSMUSG00000046761	ENSMUSG00000046761	ISS, IBA, IEA
CRE upregulated	GO:1901698	response to nitrogen compound	ENSMUSG00000052684	Jun	IEP
CRE upregulated	GO:1901698	response to nitrogen compound	ENSMUSG00000037428	Vgf	IMP, IEA
CRE upregulated	GO:1901698	response to nitrogen compound	ENSMUSG00000031574	Star	IEA
CRE upregulated	GO:1901698	response to nitrogen compound	ENSMUSG00000024143	Rhoq	IMP, IEA
CRE upregulated	GO:1901698	response to nitrogen compound	ENSMUSG00000030102	Itpr1	IGI, ISO
CRE upregulated	GO:1901698	response to nitrogen compound	ENSMUSG00000024404	Riok3	IEA
CRE upregulated	GO:1901698	response to nitrogen compound	ENSMUSG00000006304	Arpc2	ISO
CRE upregulated	GO:1901698	response to nitrogen compound	ENSMUSG00000050989	Selenon	IMP
CRE upregulated	GO:1901698	response to nitrogen compound	ENSMUSG00000029378	Areg	IEA
CRE upregulated	GO:1901698	response to nitrogen compound	ENSMUSG00000048482	Bdnf	ISO
CRE upregulated	GO:1901698	response to nitrogen compound	ENSMUSG00000018736	Ndel1	IDA
CRE upregulated	GO:1901698	response to nitrogen compound	ENSMUSG00000038894	Irs2	IDA, IMP, ISO, IBA, IEA
CRE upregulated	GO:1901698	response to nitrogen compound	ENSMUSG00000027540	Ptpn1	IMP, ISO, IEA
CRE upregulated	GO:1901698	response to nitrogen compound	ENSMUSG00000028645	Slc2a1	IBA, IEA
CRE upregulated	GO:1901698	response to nitrogen compound	ENSMUSG00000053436	Mapk14	IDA, IMP
CRE upregulated	GO:1901698	response to nitrogen compound	ENSMUSG00000025809	Itgb1	IDA
CRE upregulated	GO:1901698	response to nitrogen compound	ENSMUSG00000020592	Sdc1	IEA
CRE upregulated	GO:1901698	response to nitrogen compound	ENSMUSG00000055994	Nod2	IDA, IMP, ISS, ISO, IBA, IEA
CRE upregulated	GO:1901698	response to nitrogen compound	ENSMUSG00000027613	Eif6	IMP
CRE upregulated	GO:1901698	response to nitrogen compound	ENSMUSG00000059923	Grb2	IDA, IEA
CRE upregulated	GO:1901698	response to nitrogen compound	ENSMUSG00000005950	P2rx5	IEA
CRE upregulated	GO:1901698	response to nitrogen compound	ENSMUSG00000020838	Slc6a4	ISO, IEA
CRE upregulated	GO:1901698	response to nitrogen compound	ENSMUSG00000031628	Casp3	IEA
CRE upregulated	GO:1901698	response to nitrogen compound	ENSMUSG00000001847	Rac1	IDA
CRE upregulated	GO:1901698	response to nitrogen compound	ENSMUSG00000042121	Ssh1	ISO, IEA
CRE upregulated	GO:1901698	response to nitrogen compound	ENSMUSG00000024349	Sting1	IEA
CRE upregulated	GO:1901698	response to nitrogen compound	ENSMUSG00000057531	Dtnbp1	ISS, ISO, IEA
CRE upregulated	GO:1901698	response to nitrogen compound	ENSMUSG00000023286	Ube2j2	IBA, IEA
CRE upregulated	GO:1901698	response to nitrogen compound	ENSMUSG00000031955	Bcar1	ISS, ISO
CRE upregulated	GO:1901698	response to nitrogen compound	ENSMUSG00000022346	Myc	IMP
CRE upregulated	GO:1901698	response to nitrogen compound	ENSMUSG00000036478	Btg1	IEA
CRE upregulated	GO:1901698	response to nitrogen compound	ENSMUSG00000053113	Socs3	IDA
CRE upregulated	GO:1901698	response to nitrogen compound	ENSMUSG00000024789	Jak2	IDA, IMP, ISS, ISO, IBA, IEA
CRE upregulated	GO:1901698	response to nitrogen compound	ENSMUSG00000010095	Slc3a2	ISO, IEA
CRE upregulated	GO:1901698	response to nitrogen compound	ENSMUSG00000004040	ENSMUSG00000004040	IDA, IBA, IEA
CRE upregulated	GO:1901698	response to nitrogen compound	ENSMUSG00000022602	Arc	IEA
CRE upregulated	GO:1901698	response to nitrogen compound	ENSMUSG00000020027	Socs2	IMP, IEA
CRE upregulated	GO:1901698	response to nitrogen compound	ENSMUSG00000029135	Fosl2	IDA
CRE upregulated	GO:1901698	response to nitrogen compound	ENSMUSG00000029826	Zc3hav1	IDA
CRE upregulated	GO:1901698	response to nitrogen compound	ENSMUSG00000059316	Slc27a4	IMP, IEA
CRE upregulated	GO:1901698	response to nitrogen compound	ENSMUSG00000031934	ENSMUSG00000031934	IMP
CRE upregulated	GO:1901698	response to nitrogen compound	ENSMUSG00000019188	ENSMUSG00000019188	IEA
CRE upregulated	GO:1901698	response to nitrogen compound	ENSMUSG00000024912	Fosl1	IEA
CRE upregulated	GO:1901698	response to nitrogen compound	ENSMUSG00000024927	Rela	IDA, ISO, IEA
CRE upregulated	GO:1901698	response to nitrogen compound	ENSMUSG00000028893	Sesn2	IMP, IGI, IBA, IEA
CRE upregulated	GO:1901698	response to nitrogen compound	ENSMUSG00000032715	Trib3	IDA
CRE upregulated	GO:1901698	response to nitrogen compound	ENSMUSG00000035594	Chrna5	IBA
CRE upregulated	GO:1901698	response to nitrogen compound	ENSMUSG00000040365	Trim41	ISS, IEA
CRE upregulated	GO:1901698	response to nitrogen compound	ENSMUSG00000010660	Plcd1	ISO
CRE upregulated	GO:1901698	response to nitrogen compound	ENSMUSG00000037815	Ctnna1	IEA
CRE upregulated	GO:1901698	response to nitrogen compound	ENSMUSG00000040118	ENSMUSG00000040118	IEA
CRE upregulated	GO:1901698	response to nitrogen compound	ENSMUSG00000021587	Pcsk1	IEA
CRE upregulated	GO:1901698	response to nitrogen compound	ENSMUSG00000029110	ENSMUSG00000029110	ISO
CRE upregulated	GO:1901698	response to nitrogen compound	ENSMUSG00000000001	ENSMUSG00000000001	IBA
CRE upregulated	GO:1901698	response to nitrogen compound	ENSMUSG00000019256	ENSMUSG00000019256	IEA
CRE upregulated	GO:1901698	response to nitrogen compound	ENSMUSG00000001552	ENSMUSG00000001552	IEA
CRE upregulated	GO:1901698	response to nitrogen compound	ENSMUSG00000040010	Slc7a5	IEA
CRE upregulated	GO:1901698	response to nitrogen compound	ENSMUSG00000020671	ENSMUSG00000020671	IMP, IEA
CRE upregulated	GO:1901698	response to nitrogen compound	ENSMUSG00000027997	Casp6	IEA
CRE upregulated	GO:1901698	response to nitrogen compound	ENSMUSG00000020448	Rnf185	ISS, IBA, IEA
CRE upregulated	GO:1901698	response to nitrogen compound	ENSMUSG00000022094	ENSMUSG00000022094	IMP
CRE upregulated	GO:1901698	response to nitrogen compound	ENSMUSG00000052681	Rap1b	ISS, IBA, IEA
CRE upregulated	GO:1901698	response to nitrogen compound	ENSMUSG00000032508	Myd88	IMP, IEA
CRE upregulated	GO:1901698	response to nitrogen compound	ENSMUSG00000026864	ENSMUSG00000026864	IBA
CRE upregulated	GO:1901698	response to nitrogen compound	ENSMUSG00000021072	Tmx1	ISS, IEA
CRE upregulated	GO:1901698	response to nitrogen compound	ENSMUSG00000025198	ENSMUSG00000025198	IEA
CRE upregulated	GO:1901698	response to nitrogen compound	ENSMUSG00000005089	Slc1a2	IDA
CRE upregulated	GO:1901698	response to nitrogen compound	ENSMUSG00000029145	ENSMUSG00000029145	ISO
CRE upregulated	GO:1901698	response to nitrogen compound	ENSMUSG00000056050	ENSMUSG00000056050	IEA
CRE upregulated	GO:1901698	response to nitrogen compound	ENSMUSG00000019843	ENSMUSG00000019843	IGI, ISO, IEA
CRE upregulated	GO:1901698	response to nitrogen compound	ENSMUSG00000024493	ENSMUSG00000024493	IEA
CRE upregulated	GO:1901698	response to nitrogen compound	ENSMUSG00000027646	ENSMUSG00000027646	IGI, ISO, IEA
CRE upregulated	GO:1901698	response to nitrogen compound	ENSMUSG00000021340	ENSMUSG00000021340	IEA
CRE upregulated	GO:1901698	response to nitrogen compound	ENSMUSG00000004698	ENSMUSG00000004698	IEA
CRE upregulated	GO:1901698	response to nitrogen compound	ENSMUSG00000015839	Nfe2l2	ISO, IEA
CRE upregulated	GO:1901698	response to nitrogen compound	ENSMUSG00000031751	ENSMUSG00000031751	ISS, IEA
CRE upregulated	GO:0008283	cell population proliferation	ENSMUSG00000026628	Atf3	ISO, IEA
CRE upregulated	GO:0008283	cell population proliferation	ENSMUSG00000052684	Jun	IDA, IMP, IGI, ISO, IBA, IEA
CRE upregulated	GO:0008283	cell population proliferation	ENSMUSG00000063632	Sox11	IMP, ISS, IEA
CRE upregulated	GO:0008283	cell population proliferation	ENSMUSG00000030898	Cckbr	ISS, ISO, IEA
CRE upregulated	GO:0008283	cell population proliferation	ENSMUSG00000046731	Kctd11	IDA
CRE upregulated	GO:0008283	cell population proliferation	ENSMUSG00000030748	Il4ra	ISO
CRE upregulated	GO:0008283	cell population proliferation	ENSMUSG00000030102	Itpr1	ISO
CRE upregulated	GO:0008283	cell population proliferation	ENSMUSG00000021765	Fst	IMP
CRE upregulated	GO:0008283	cell population proliferation	ENSMUSG00000014599	Csf1	IDA, IGI, ISO, IEA
CRE upregulated	GO:0008283	cell population proliferation	ENSMUSG00000020427	Igfbp3	IGI, ISO, IEA
CRE upregulated	GO:0008283	cell population proliferation	ENSMUSG00000023067	Cdkn1a	IMP, IGI, IEA
CRE upregulated	GO:0008283	cell population proliferation	ENSMUSG00000030681	Mvp	IMP
CRE upregulated	GO:0008283	cell population proliferation	ENSMUSG00000028226	Mmp16	IGI
CRE upregulated	GO:0008283	cell population proliferation	ENSMUSG00000031074	Fgf3	IEA
CRE upregulated	GO:0008283	cell population proliferation	ENSMUSG00000031681	Smad1	IMP, IGI
CRE upregulated	GO:0008283	cell population proliferation	ENSMUSG00000050989	Selenon	IDA
CRE upregulated	GO:0008283	cell population proliferation	ENSMUSG00000003644	Rps6ka1	IDA
CRE upregulated	GO:0008283	cell population proliferation	ENSMUSG00000029378	Areg	IDA, IMP, ISO, IBA, IEA
CRE upregulated	GO:0008283	cell population proliferation	ENSMUSG00000038943	Prc1	ISS, IEA
CRE upregulated	GO:0008283	cell population proliferation	ENSMUSG00000048482	Bdnf	IDA
CRE upregulated	GO:0008283	cell population proliferation	ENSMUSG00000024256	Adcyap1	ISO, IEA
CRE upregulated	GO:0008283	cell population proliferation	ENSMUSG00000037458	Azin1	ISO
CRE upregulated	GO:0008283	cell population proliferation	ENSMUSG00000021070	Bdkrb2	ISO
CRE upregulated	GO:0008283	cell population proliferation	ENSMUSG00000018736	Ndel1	IMP
CRE upregulated	GO:0008283	cell population proliferation	ENSMUSG00000002250	Ppard	IMP, IGI, ISO
CRE upregulated	GO:0008283	cell population proliferation	ENSMUSG00000044734	Serpinb1a	IDA
CRE upregulated	GO:0008283	cell population proliferation	ENSMUSG00000018507	Trpv2	ISO
CRE upregulated	GO:0008283	cell population proliferation	ENSMUSG00000038894	Irs2	IDA, IMP, IGI
CRE upregulated	GO:0008283	cell population proliferation	ENSMUSG00000037568	Vash2	ISO, IEA
CRE upregulated	GO:0008283	cell population proliferation	ENSMUSG00000025337	Sbds	IMP
CRE upregulated	GO:0008283	cell population proliferation	ENSMUSG00000026796	Niban2	IEA
CRE upregulated	GO:0008283	cell population proliferation	ENSMUSG00000027540	Ptpn1	IEA
CRE upregulated	GO:0008283	cell population proliferation	ENSMUSG00000043895	S1pr2	ISO
CRE upregulated	GO:0008283	cell population proliferation	ENSMUSG00000011179	Odc1	IMP
CRE upregulated	GO:0008283	cell population proliferation	ENSMUSG00000028063	Lmna	IMP, IEA
CRE upregulated	GO:0008283	cell population proliferation	ENSMUSG00000030678	Maz	IEA
CRE upregulated	GO:0008283	cell population proliferation	ENSMUSG00000053436	Mapk14	IGI
CRE upregulated	GO:0008283	cell population proliferation	ENSMUSG00000025809	Itgb1	IMP, ISO
CRE upregulated	GO:0008283	cell population proliferation	ENSMUSG00000040025	Ythdf2	IMP
CRE upregulated	GO:0008283	cell population proliferation	ENSMUSG00000013089	Etv5	ISO, IEA
CRE upregulated	GO:0008283	cell population proliferation	ENSMUSG00000025746	Il6	IDA, IMP, IGI, ISO, IBA
CRE upregulated	GO:0008283	cell population proliferation	ENSMUSG00000032231	Anxa2	ISO
CRE upregulated	GO:0008283	cell population proliferation	ENSMUSG00000022607	Ptk2	IMP, ISS, ISO, IEA
CRE upregulated	GO:0008283	cell population proliferation	ENSMUSG00000055994	Nod2	IMP, ISO, IEA
CRE upregulated	GO:0008283	cell population proliferation	ENSMUSG00000024014	Pim1	IDA, IEA
CRE upregulated	GO:0008283	cell population proliferation	ENSMUSG00000020838	Slc6a4	ISO, IEA
CRE upregulated	GO:0008283	cell population proliferation	ENSMUSG00000031628	Casp3	IMP
CRE upregulated	GO:0008283	cell population proliferation	ENSMUSG00000025408	Ddit3	IMP
CRE upregulated	GO:0008283	cell population proliferation	ENSMUSG00000040435	Ppp1r15a	ISO
CRE upregulated	GO:0008283	cell population proliferation	ENSMUSG00000032078	Zpr1	IMP
CRE upregulated	GO:0008283	cell population proliferation	ENSMUSG00000018909	Arrb1	ISO
CRE upregulated	GO:0008283	cell population proliferation	ENSMUSG00000030057	Cnbp	IDA
CRE upregulated	GO:0008283	cell population proliferation	ENSMUSG00000024521	Pmaip1	IMP
CRE upregulated	GO:0008283	cell population proliferation	ENSMUSG00000054008	Ndst1	IMP
CRE upregulated	GO:0008283	cell population proliferation	ENSMUSG00000015837	Sqstm1	IMP
CRE upregulated	GO:0008283	cell population proliferation	ENSMUSG00000015316	Slamf1	IDA, IMP
CRE upregulated	GO:0008283	cell population proliferation	ENSMUSG00000022346	Myc	IDA, IMP, IGI, ISS, ISO, IBA, IEA
CRE upregulated	GO:0008283	cell population proliferation	ENSMUSG00000036478	Btg1	IDA, ISS, ISO, IBA, IEA
CRE upregulated	GO:0008283	cell population proliferation	ENSMUSG00000024789	Jak2	IDA, IMP, ISS, ISO, NAS, IEA
CRE upregulated	GO:0008283	cell population proliferation	ENSMUSG00000004040	ENSMUSG00000004040	IDA, IGI, ISO, IBA, IEA
CRE upregulated	GO:0008283	cell population proliferation	ENSMUSG00000061589	Dot1l	ISO
CRE upregulated	GO:0008283	cell population proliferation	ENSMUSG00000109511	Nup62	IMP, ISS, IEA
CRE upregulated	GO:0008283	cell population proliferation	ENSMUSG00000029135	Fosl2	IDA, IMP
CRE upregulated	GO:0008283	cell population proliferation	ENSMUSG00000039770	Ypel5	ISS
CRE upregulated	GO:0008283	cell population proliferation	ENSMUSG00000050335	Lgals3	IEA
CRE upregulated	GO:0008283	cell population proliferation	ENSMUSG00000024190	Dusp1	IMP
CRE upregulated	GO:0008283	cell population proliferation	ENSMUSG00000021360	ENSMUSG00000021360	IMP
CRE upregulated	GO:0008283	cell population proliferation	ENSMUSG00000023915	Tnfrsf21	IMP, IBA
CRE upregulated	GO:0008283	cell population proliferation	ENSMUSG00000024912	Fosl1	ISO, IEA
CRE upregulated	GO:0008283	cell population proliferation	ENSMUSG00000024927	Rela	ISS, ISO, IEA
CRE upregulated	GO:0008283	cell population proliferation	ENSMUSG00000036206	Sh3bp4	ISS, IEA
CRE upregulated	GO:0008283	cell population proliferation	ENSMUSG00000024238	Zeb1	IMP
CRE upregulated	GO:0008283	cell population proliferation	ENSMUSG00000026078	Pdcl3	ISO, IEA
CRE upregulated	GO:0008283	cell population proliferation	ENSMUSG00000024947	Men1	IDA, IMP, IGI, ISO, IBA, IEA
CRE upregulated	GO:0008283	cell population proliferation	ENSMUSG00000067006	ENSMUSG00000067006	IMP
CRE upregulated	GO:0008283	cell population proliferation	ENSMUSG00000029175	Slc35f6	ISS, IEA
CRE upregulated	GO:0008283	cell population proliferation	ENSMUSG00000010660	Plcd1	IGI
CRE upregulated	GO:0008283	cell population proliferation	ENSMUSG00000030199	Etv6	ISS, IEA
CRE upregulated	GO:0008283	cell population proliferation	ENSMUSG00000037815	Ctnna1	IMP, IGI
CRE upregulated	GO:0008283	cell population proliferation	ENSMUSG00000003154	Foxj2	IEA
CRE upregulated	GO:0008283	cell population proliferation	ENSMUSG00000028599	Tnfrsf1b	IMP, IBA
CRE upregulated	GO:0008283	cell population proliferation	ENSMUSG00000039985	Sinhcaf	IMP
CRE upregulated	GO:0008283	cell population proliferation	ENSMUSG00000052837	ENSMUSG00000052837	IMP, IBA, IEA
CRE upregulated	GO:0008283	cell population proliferation	ENSMUSG00000047281	ENSMUSG00000047281	IGI
CRE upregulated	GO:0008283	cell population proliferation	ENSMUSG00000021796	Bmpr1a	IMP, IEA
CRE upregulated	GO:0008283	cell population proliferation	ENSMUSG00000020250	ENSMUSG00000020250	IMP
CRE upregulated	GO:0008283	cell population proliferation	ENSMUSG00000039191	Rbpj	IMP, IGI
CRE upregulated	GO:0008283	cell population proliferation	ENSMUSG00000000001	ENSMUSG00000000001	ISO
CRE upregulated	GO:0008283	cell population proliferation	ENSMUSG00000019256	ENSMUSG00000019256	IEA
CRE upregulated	GO:0008283	cell population proliferation	ENSMUSG00000039844	ENSMUSG00000039844	IMP
CRE upregulated	GO:0008283	cell population proliferation	ENSMUSG00000035725	ENSMUSG00000035725	IMP, IEA
CRE upregulated	GO:0008283	cell population proliferation	ENSMUSG00000001552	ENSMUSG00000001552	IEA
CRE upregulated	GO:0008283	cell population proliferation	ENSMUSG00000040010	Slc7a5	ISO, IEA
CRE upregulated	GO:0008283	cell population proliferation	ENSMUSG00000020671	ENSMUSG00000020671	ISS, ISO
CRE upregulated	GO:0008283	cell population proliferation	ENSMUSG00000004099	ENSMUSG00000004099	IGI, IEA
CRE upregulated	GO:0008283	cell population proliferation	ENSMUSG00000008730	Hipk1	IGI
CRE upregulated	GO:0008283	cell population proliferation	ENSMUSG00000022948	Setd4	IMP
CRE upregulated	GO:0008283	cell population proliferation	ENSMUSG00000052681	Rap1b	IPI
CRE upregulated	GO:0008283	cell population proliferation	ENSMUSG00000025403	ENSMUSG00000025403	ISO, IEA
CRE upregulated	GO:0008283	cell population proliferation	ENSMUSG00000032508	Myd88	IMP, IGI, ISO, IEA
CRE upregulated	GO:0008283	cell population proliferation	ENSMUSG00000002633	Shh	IDA, IMP, IGI, ISO, IEA
CRE upregulated	GO:0008283	cell population proliferation	ENSMUSG00000032462	ENSMUSG00000032462	IMP
CRE upregulated	GO:0008283	cell population proliferation	ENSMUSG00000044835	ENSMUSG00000044835	ISS, IEA
CRE upregulated	GO:0008283	cell population proliferation	ENSMUSG00000028291	ENSMUSG00000028291	ISO, IEA
CRE upregulated	GO:0008283	cell population proliferation	ENSMUSG00000019843	ENSMUSG00000019843	IMP
CRE upregulated	GO:0008283	cell population proliferation	ENSMUSG00000027646	ENSMUSG00000027646	ISO, IEA
CRE upregulated	GO:0008283	cell population proliferation	ENSMUSG00000021340	ENSMUSG00000021340	IEA
CRE upregulated	GO:0008283	cell population proliferation	ENSMUSG00000032501	Trib1	IEA
CRE upregulated	GO:0008283	cell population proliferation	ENSMUSG00000031073	Fgf15	ISO, IBA, IEA
CRE upregulated	GO:0008283	cell population proliferation	ENSMUSG00000021477	ENSMUSG00000021477	IMP
CRE upregulated	GO:0008283	cell population proliferation	ENSMUSG00000074656	Eif2s2	IMP
CRE upregulated	GO:0008283	cell population proliferation	ENSMUSG00000024907	Gal	ISO
CRE upregulated	GO:0008283	cell population proliferation	ENSMUSG00000029475	ENSMUSG00000029475	IMP
CRE upregulated	GO:0051240	positive regulation of multicellular organismal process	ENSMUSG00000051379	Flrt3	IDA
CRE upregulated	GO:0051240	positive regulation of multicellular organismal process	ENSMUSG00000052684	Jun	IDA, ISO
CRE upregulated	GO:0051240	positive regulation of multicellular organismal process	ENSMUSG00000063632	Sox11	IDA, IMP, IEA
CRE upregulated	GO:0051240	positive regulation of multicellular organismal process	ENSMUSG00000031574	Star	ISO, IEA
CRE upregulated	GO:0051240	positive regulation of multicellular organismal process	ENSMUSG00000004951	Hspb1	IDA, IEA
CRE upregulated	GO:0051240	positive regulation of multicellular organismal process	ENSMUSG00000025473	Adam8	IDA, IMP
CRE upregulated	GO:0051240	positive regulation of multicellular organismal process	ENSMUSG00000030898	Cckbr	ISO
CRE upregulated	GO:0051240	positive regulation of multicellular organismal process	ENSMUSG00000037447	Arid5a	IMP
CRE upregulated	GO:0051240	positive regulation of multicellular organismal process	ENSMUSG00000030748	Il4ra	IMP, IGI
CRE upregulated	GO:0051240	positive regulation of multicellular organismal process	ENSMUSG00000023905	Tnfrsf12a	IDA
CRE upregulated	GO:0051240	positive regulation of multicellular organismal process	ENSMUSG00000021765	Fst	ISO, IEA
CRE upregulated	GO:0051240	positive regulation of multicellular organismal process	ENSMUSG00000014599	Csf1	IDA, IMP, IGI, IBA, IEA
CRE upregulated	GO:0051240	positive regulation of multicellular organismal process	ENSMUSG00000023067	Cdkn1a	IGI
CRE upregulated	GO:0051240	positive regulation of multicellular organismal process	ENSMUSG00000024404	Riok3	IEA
CRE upregulated	GO:0051240	positive regulation of multicellular organismal process	ENSMUSG00000031681	Smad1	IDA, IEA
CRE upregulated	GO:0051240	positive regulation of multicellular organismal process	ENSMUSG00000003644	Rps6ka1	ISS, IEA
CRE upregulated	GO:0051240	positive regulation of multicellular organismal process	ENSMUSG00000026836	Acvr1	IMP, IEA
CRE upregulated	GO:0051240	positive regulation of multicellular organismal process	ENSMUSG00000026670	Uap1	IEA
CRE upregulated	GO:0051240	positive regulation of multicellular organismal process	ENSMUSG00000048482	Bdnf	IDA, IMP, ISO, IEA
CRE upregulated	GO:0051240	positive regulation of multicellular organismal process	ENSMUSG00000024256	Adcyap1	IMP, ISO, IEA
CRE upregulated	GO:0051240	positive regulation of multicellular organismal process	ENSMUSG00000018736	Ndel1	ISO
CRE upregulated	GO:0051240	positive regulation of multicellular organismal process	ENSMUSG00000018507	Trpv2	IMP
CRE upregulated	GO:0051240	positive regulation of multicellular organismal process	ENSMUSG00000038894	Irs2	IDA
CRE upregulated	GO:0051240	positive regulation of multicellular organismal process	ENSMUSG00000037568	Vash2	IMP, ISO, IEA
CRE upregulated	GO:0051240	positive regulation of multicellular organismal process	ENSMUSG00000005069	Pex5	IMP
CRE upregulated	GO:0051240	positive regulation of multicellular organismal process	ENSMUSG00000027540	Ptpn1	IEA
CRE upregulated	GO:0051240	positive regulation of multicellular organismal process	ENSMUSG00000022661	Cd200	IEA
CRE upregulated	GO:0051240	positive regulation of multicellular organismal process	ENSMUSG00000027583	Zbtb46	IMP
CRE upregulated	GO:0051240	positive regulation of multicellular organismal process	ENSMUSG00000053436	Mapk14	IGI, IEA
CRE upregulated	GO:0051240	positive regulation of multicellular organismal process	ENSMUSG00000025809	Itgb1	IMP, IEA
CRE upregulated	GO:0051240	positive regulation of multicellular organismal process	ENSMUSG00000011008	Mcoln2	IMP
CRE upregulated	GO:0051240	positive regulation of multicellular organismal process	ENSMUSG00000015243	Abca1	IMP
CRE upregulated	GO:0051240	positive regulation of multicellular organismal process	ENSMUSG00000013089	Etv5	ISO, IEA
CRE upregulated	GO:0051240	positive regulation of multicellular organismal process	ENSMUSG00000025746	Il6	IDA, IMP, ISO, IEA
CRE upregulated	GO:0051240	positive regulation of multicellular organismal process	ENSMUSG00000032231	Anxa2	IMP, IEA
CRE upregulated	GO:0051240	positive regulation of multicellular organismal process	ENSMUSG00000031078	Cttn	IEA
CRE upregulated	GO:0051240	positive regulation of multicellular organismal process	ENSMUSG00000022607	Ptk2	IDA, ISO
CRE upregulated	GO:0051240	positive regulation of multicellular organismal process	ENSMUSG00000055994	Nod2	IDA, IMP, IGI, ISS, ISO, IEA
CRE upregulated	GO:0051240	positive regulation of multicellular organismal process	ENSMUSG00000024014	Pim1	IEA
CRE upregulated	GO:0051240	positive regulation of multicellular organismal process	ENSMUSG00000037062	Sh3glb1	ISO
CRE upregulated	GO:0051240	positive regulation of multicellular organismal process	ENSMUSG00000034247	Plekhm1	IMP
CRE upregulated	GO:0051240	positive regulation of multicellular organismal process	ENSMUSG00000042406	Atf4	IEA
CRE upregulated	GO:0051240	positive regulation of multicellular organismal process	ENSMUSG00000017929	B4galt5	IMP
CRE upregulated	GO:0051240	positive regulation of multicellular organismal process	ENSMUSG00000025408	Ddit3	IEA
CRE upregulated	GO:0051240	positive regulation of multicellular organismal process	ENSMUSG00000055407	Map6	ISO, IBA
CRE upregulated	GO:0051240	positive regulation of multicellular organismal process	ENSMUSG00000024349	Sting1	IDA, IMP, ISS, ISO, IBA, IEA
CRE upregulated	GO:0051240	positive regulation of multicellular organismal process	ENSMUSG00000030309	Caprin2	IMP
CRE upregulated	GO:0051240	positive regulation of multicellular organismal process	ENSMUSG00000037580	Gch1	IMP
CRE upregulated	GO:0051240	positive regulation of multicellular organismal process	ENSMUSG00000015316	Slamf1	IDA, IBA
CRE upregulated	GO:0051240	positive regulation of multicellular organismal process	ENSMUSG00000029765	Plxna4	IBA
CRE upregulated	GO:0051240	positive regulation of multicellular organismal process	ENSMUSG00000022346	Myc	IMP, ISO
CRE upregulated	GO:0051240	positive regulation of multicellular organismal process	ENSMUSG00000036478	Btg1	ISS, IEA
CRE upregulated	GO:0051240	positive regulation of multicellular organismal process	ENSMUSG00000036437	Npy1r	ISO
CRE upregulated	GO:0051240	positive regulation of multicellular organismal process	ENSMUSG00000030616	Sytl2	IMP
CRE upregulated	GO:0051240	positive regulation of multicellular organismal process	ENSMUSG00000026072	Il1r1	ISS, IEA
CRE upregulated	GO:0051240	positive regulation of multicellular organismal process	ENSMUSG00000024789	Jak2	IDA, IMP, IGI, ISS, ISO, NAS, IEA
CRE upregulated	GO:0051240	positive regulation of multicellular organismal process	ENSMUSG00000004040	ENSMUSG00000004040	IDA, ISO, IEA
CRE upregulated	GO:0051240	positive regulation of multicellular organismal process	ENSMUSG00000022555	Dgat1	ISO
CRE upregulated	GO:0051240	positive regulation of multicellular organismal process	ENSMUSG00000054136	Adm2	ISO, IBA, IEA
CRE upregulated	GO:0051240	positive regulation of multicellular organismal process	ENSMUSG00000020395	Itk	IMP
CRE upregulated	GO:0051240	positive regulation of multicellular organismal process	ENSMUSG00000029826	Zc3hav1	IDA, IBA
CRE upregulated	GO:0051240	positive regulation of multicellular organismal process	ENSMUSG00000059866	Tnip2	IMP
CRE upregulated	GO:0051240	positive regulation of multicellular organismal process	ENSMUSG00000021360	ENSMUSG00000021360	IMP, IEA
CRE upregulated	GO:0051240	positive regulation of multicellular organismal process	ENSMUSG00000031934	ENSMUSG00000031934	IMP, IEA
CRE upregulated	GO:0051240	positive regulation of multicellular organismal process	ENSMUSG00000024927	Rela	IDA, ISO, IEA
CRE upregulated	GO:0051240	positive regulation of multicellular organismal process	ENSMUSG00000027692	Tnik	ISO
CRE upregulated	GO:0051240	positive regulation of multicellular organismal process	ENSMUSG00000026078	Pdcl3	ISO, IEA
CRE upregulated	GO:0051240	positive regulation of multicellular organismal process	ENSMUSG00000064210	ENSMUSG00000064210	IMP, IEA
CRE upregulated	GO:0051240	positive regulation of multicellular organismal process	ENSMUSG00000024335	Brd2	IDA, IEA
CRE upregulated	GO:0051240	positive regulation of multicellular organismal process	ENSMUSG00000031668	ENSMUSG00000031668	IEA
CRE upregulated	GO:0051240	positive regulation of multicellular organismal process	ENSMUSG00000053175	Bcl3	IMP
CRE upregulated	GO:0051240	positive regulation of multicellular organismal process	ENSMUSG00000024517	Grp	IDA, IMP
CRE upregulated	GO:0051240	positive regulation of multicellular organismal process	ENSMUSG00000028599	Tnfrsf1b	IMP, IBA
CRE upregulated	GO:0051240	positive regulation of multicellular organismal process	ENSMUSG00000039985	Sinhcaf	NAS
CRE upregulated	GO:0051240	positive regulation of multicellular organismal process	ENSMUSG00000031937	ENSMUSG00000031937	IMP, IBA
CRE upregulated	GO:0051240	positive regulation of multicellular organismal process	ENSMUSG00000021796	Bmpr1a	IMP, IEA
CRE upregulated	GO:0051240	positive regulation of multicellular organismal process	ENSMUSG00000049649	Gpr3	IMP
CRE upregulated	GO:0051240	positive regulation of multicellular organismal process	ENSMUSG00000037860	Aim2	IDA, IMP, IGI, ISO, IEA
CRE upregulated	GO:0051240	positive regulation of multicellular organismal process	ENSMUSG00000039191	Rbpj	IMP, TAS
CRE upregulated	GO:0051240	positive regulation of multicellular organismal process	ENSMUSG00000001552	ENSMUSG00000001552	IEA
CRE upregulated	GO:0051240	positive regulation of multicellular organismal process	ENSMUSG00000040010	Slc7a5	ISO, IEA
CRE upregulated	GO:0051240	positive regulation of multicellular organismal process	ENSMUSG00000000787	ENSMUSG00000000787	ISS
CRE upregulated	GO:0051240	positive regulation of multicellular organismal process	ENSMUSG00000022948	Setd4	IDA
CRE upregulated	GO:0051240	positive regulation of multicellular organismal process	ENSMUSG00000038676	Ucn	ISO, IEA
CRE upregulated	GO:0051240	positive regulation of multicellular organismal process	ENSMUSG00000059743	ENSMUSG00000059743	ISO
CRE upregulated	GO:0051240	positive regulation of multicellular organismal process	ENSMUSG00000032508	Myd88	IMP, IGI, ISS, IEA
CRE upregulated	GO:0051240	positive regulation of multicellular organismal process	ENSMUSG00000026864	ENSMUSG00000026864	TAS
CRE upregulated	GO:0051240	positive regulation of multicellular organismal process	ENSMUSG00000002633	Shh	IDA, IMP, ISO
CRE upregulated	GO:0051240	positive regulation of multicellular organismal process	ENSMUSG00000004270	ENSMUSG00000004270	IMP
CRE upregulated	GO:0051240	positive regulation of multicellular organismal process	ENSMUSG00000027944	Hax1	IEA
CRE upregulated	GO:0051240	positive regulation of multicellular organismal process	ENSMUSG00000028291	ENSMUSG00000028291	IDA, IMP
CRE upregulated	GO:0051240	positive regulation of multicellular organismal process	ENSMUSG00000037411	Serpine1	IEA
CRE upregulated	GO:0051240	positive regulation of multicellular organismal process	ENSMUSG00000037465	Klf10	IMP
CRE upregulated	GO:0051240	positive regulation of multicellular organismal process	ENSMUSG00000023277	ENSMUSG00000023277	IEA
CRE upregulated	GO:0051240	positive regulation of multicellular organismal process	ENSMUSG00000027646	ENSMUSG00000027646	ISO, IEA
CRE upregulated	GO:0051240	positive regulation of multicellular organismal process	ENSMUSG00000032501	Trib1	IMP
CRE upregulated	GO:0051240	positive regulation of multicellular organismal process	ENSMUSG00000038205	ENSMUSG00000038205	IGI
CRE upregulated	GO:0051240	positive regulation of multicellular organismal process	ENSMUSG00000015839	Nfe2l2	IMP, ISO, IEA
CRE upregulated	GO:0051240	positive regulation of multicellular organismal process	ENSMUSG00000024907	Gal	IEA
CRE upregulated	GO:0051240	positive regulation of multicellular organismal process	ENSMUSG00000029475	ENSMUSG00000029475	IDA
CRE upregulated	GO:1902532	negative regulation of intracellular signal transduction	ENSMUSG00000026628	Atf3	IMP
CRE upregulated	GO:1902532	negative regulation of intracellular signal transduction	ENSMUSG00000019647	Sema6a	IEA
CRE upregulated	GO:1902532	negative regulation of intracellular signal transduction	ENSMUSG00000046223	Plaur	IEA
CRE upregulated	GO:1902532	negative regulation of intracellular signal transduction	ENSMUSG00000004951	Hspb1	IDA
CRE upregulated	GO:1902532	negative regulation of intracellular signal transduction	ENSMUSG00000033902	Mapkbp1	IEA
CRE upregulated	GO:1902532	negative regulation of intracellular signal transduction	ENSMUSG00000030102	Itpr1	IEA
CRE upregulated	GO:1902532	negative regulation of intracellular signal transduction	ENSMUSG00000024404	Riok3	IEA
CRE upregulated	GO:1902532	negative regulation of intracellular signal transduction	ENSMUSG00000003644	Rps6ka1	IEA
CRE upregulated	GO:1902532	negative regulation of intracellular signal transduction	ENSMUSG00000005087	Cd44	IEA
CRE upregulated	GO:1902532	negative regulation of intracellular signal transduction	ENSMUSG00000021070	Bdkrb2	IMP, IGI
CRE upregulated	GO:1902532	negative regulation of intracellular signal transduction	ENSMUSG00000027540	Ptpn1	IMP, IGI, IBA, IEA
CRE upregulated	GO:1902532	negative regulation of intracellular signal transduction	ENSMUSG00000053436	Mapk14	IEA
CRE upregulated	GO:1902532	negative regulation of intracellular signal transduction	ENSMUSG00000025809	Itgb1	IGI
CRE upregulated	GO:1902532	negative regulation of intracellular signal transduction	ENSMUSG00000025239	Limd1	ISS, IBA, IEA
CRE upregulated	GO:1902532	negative regulation of intracellular signal transduction	ENSMUSG00000037062	Sh3glb1	IMP
CRE upregulated	GO:1902532	negative regulation of intracellular signal transduction	ENSMUSG00000042406	Atf4	ISO, IEA
CRE upregulated	GO:1902532	negative regulation of intracellular signal transduction	ENSMUSG00000020271	Fbxw11	IMP
CRE upregulated	GO:1902532	negative regulation of intracellular signal transduction	ENSMUSG00000001507	Itga3	IGI
CRE upregulated	GO:1902532	negative regulation of intracellular signal transduction	ENSMUSG00000025408	Ddit3	IEA
CRE upregulated	GO:1902532	negative regulation of intracellular signal transduction	ENSMUSG00000018909	Arrb1	ISO
CRE upregulated	GO:1902532	negative regulation of intracellular signal transduction	ENSMUSG00000028145	Them4	ISS, IEA
CRE upregulated	GO:1902532	negative regulation of intracellular signal transduction	ENSMUSG00000022951	Rcan1	ISS, IEA
CRE upregulated	GO:1902532	negative regulation of intracellular signal transduction	ENSMUSG00000027954	Efna1	IDA
CRE upregulated	GO:1902532	negative regulation of intracellular signal transduction	ENSMUSG00000109511	Nup62	IMP
CRE upregulated	GO:1902532	negative regulation of intracellular signal transduction	ENSMUSG00000024190	Dusp1	IMP, ISS, ISO, IBA, IEA
CRE upregulated	GO:1902532	negative regulation of intracellular signal transduction	ENSMUSG00000035236	Scai	IDA
CRE upregulated	GO:1902532	negative regulation of intracellular signal transduction	ENSMUSG00000031960	Aars1	ISS, IEA
CRE upregulated	GO:1902532	negative regulation of intracellular signal transduction	ENSMUSG00000059866	Tnip2	IDA
CRE upregulated	GO:1902532	negative regulation of intracellular signal transduction	ENSMUSG00000017615	Tnfaip1	ISS, IBA, IEA
CRE upregulated	GO:1902532	negative regulation of intracellular signal transduction	ENSMUSG00000024927	Rela	IEA
CRE upregulated	GO:1902532	negative regulation of intracellular signal transduction	ENSMUSG00000053716	Dusp7	IBA
CRE upregulated	GO:1902532	negative regulation of intracellular signal transduction	ENSMUSG00000036206	Sh3bp4	ISS, IEA
CRE upregulated	GO:1902532	negative regulation of intracellular signal transduction	ENSMUSG00000050730	Arhgap42	IMP
CRE upregulated	GO:1902532	negative regulation of intracellular signal transduction	ENSMUSG00000028893	Sesn2	IMP, IBA, IEA
CRE upregulated	GO:1902532	negative regulation of intracellular signal transduction	ENSMUSG00000024947	Men1	IEA
CRE upregulated	GO:1902532	negative regulation of intracellular signal transduction	ENSMUSG00000028466	Creb3	IEA
CRE upregulated	GO:1902532	negative regulation of intracellular signal transduction	ENSMUSG00000020349	ENSMUSG00000020349	IMP, ISS, IEA
CRE upregulated	GO:1902532	negative regulation of intracellular signal transduction	ENSMUSG00000025340	Rabgef1	IMP
CRE upregulated	GO:1902532	negative regulation of intracellular signal transduction	ENSMUSG00000011877	Git1	ISO
CRE upregulated	GO:1902532	negative regulation of intracellular signal transduction	ENSMUSG00000007411	ENSMUSG00000007411	ISS, IEA
CRE upregulated	GO:1902532	negative regulation of intracellular signal transduction	ENSMUSG00000031383	Dusp9	IDA, IBA
CRE upregulated	GO:1902532	negative regulation of intracellular signal transduction	ENSMUSG00000037860	Aim2	IDA
CRE upregulated	GO:1902532	negative regulation of intracellular signal transduction	ENSMUSG00000039844	ENSMUSG00000039844	IMP, IGI
CRE upregulated	GO:1902532	negative regulation of intracellular signal transduction	ENSMUSG00000000787	ENSMUSG00000000787	ISS
CRE upregulated	GO:1902532	negative regulation of intracellular signal transduction	ENSMUSG00000046722	ENSMUSG00000046722	ISS
CRE upregulated	GO:1902532	negative regulation of intracellular signal transduction	ENSMUSG00000037553	ENSMUSG00000037553	IEA
CRE upregulated	GO:1902532	negative regulation of intracellular signal transduction	ENSMUSG00000026864	ENSMUSG00000026864	ISS
CRE upregulated	GO:1902532	negative regulation of intracellular signal transduction	ENSMUSG00000032462	ENSMUSG00000032462	IMP, IEA
CRE upregulated	GO:1902532	negative regulation of intracellular signal transduction	ENSMUSG00000019843	ENSMUSG00000019843	ISO
CRE upregulated	GO:1902532	negative regulation of intracellular signal transduction	ENSMUSG00000027646	ENSMUSG00000027646	IBA, IEA
CRE upregulated	GO:1902532	negative regulation of intracellular signal transduction	ENSMUSG00000015839	Nfe2l2	IEA
CRE upregulated	GO:0140352	export from cell	ENSMUSG00000063632	Sox11	IMP
CRE upregulated	GO:0140352	export from cell	ENSMUSG00000037428	Vgf	IGI
CRE upregulated	GO:0140352	export from cell	ENSMUSG00000042816	Gpr151	EXP, IDA, IMP
CRE upregulated	GO:0140352	export from cell	ENSMUSG00000025473	Adam8	IEA
CRE upregulated	GO:0140352	export from cell	ENSMUSG00000030898	Cckbr	ISO
CRE upregulated	GO:0140352	export from cell	ENSMUSG00000030748	Il4ra	IMP
CRE upregulated	GO:0140352	export from cell	ENSMUSG00000030102	Itpr1	IMP, IGI
CRE upregulated	GO:0140352	export from cell	ENSMUSG00000020427	Igfbp3	ISO
CRE upregulated	GO:0140352	export from cell	ENSMUSG00000041831	Sytl3	IDA, IBA, IEA
CRE upregulated	GO:0140352	export from cell	ENSMUSG00000035621	Midn	ISO, IEA
CRE upregulated	GO:0140352	export from cell	ENSMUSG00000024261	Syt4	EXP, IDA, IMP, ISO, IBA, TAS, IEA
CRE upregulated	GO:0140352	export from cell	ENSMUSG00000048482	Bdnf	IPI
CRE upregulated	GO:0140352	export from cell	ENSMUSG00000024256	Adcyap1	IDA, ISS, ISO, IEA
CRE upregulated	GO:0140352	export from cell	ENSMUSG00000002250	Ppard	ISO, NAS
CRE upregulated	GO:0140352	export from cell	ENSMUSG00000038894	Irs2	IMP
CRE upregulated	GO:0140352	export from cell	ENSMUSG00000035828	Pim3	IMP
CRE upregulated	GO:0140352	export from cell	ENSMUSG00000026796	Niban2	IEA
CRE upregulated	GO:0140352	export from cell	ENSMUSG00000022661	Cd200	IEA
CRE upregulated	GO:0140352	export from cell	ENSMUSG00000051343	Rab11fip5	IMP, IBA
CRE upregulated	GO:0140352	export from cell	ENSMUSG00000001420	Tmem79	IMP, IBA
CRE upregulated	GO:0140352	export from cell	ENSMUSG00000015243	Abca1	IMP, IEA
CRE upregulated	GO:0140352	export from cell	ENSMUSG00000020592	Sdc1	IEA
CRE upregulated	GO:0140352	export from cell	ENSMUSG00000025746	Il6	IDA, IMP
CRE upregulated	GO:0140352	export from cell	ENSMUSG00000032231	Anxa2	NAS
CRE upregulated	GO:0140352	export from cell	ENSMUSG00000049303	Syt12	ISO, IBA, IEA
CRE upregulated	GO:0140352	export from cell	ENSMUSG00000007458	M6pr	IDA
CRE upregulated	GO:0140352	export from cell	ENSMUSG00000020838	Slc6a4	ISO, IEA
CRE upregulated	GO:0140352	export from cell	ENSMUSG00000001847	Rac1	IMP, ISO
CRE upregulated	GO:0140352	export from cell	ENSMUSG00000018909	Arrb1	IMP
CRE upregulated	GO:0140352	export from cell	ENSMUSG00000057531	Dtnbp1	IDA, IMP, ISO, IBA, IEA
CRE upregulated	GO:0140352	export from cell	ENSMUSG00000036057	Ptpn23	IEA
CRE upregulated	GO:0140352	export from cell	ENSMUSG00000036437	Npy1r	ISO
CRE upregulated	GO:0140352	export from cell	ENSMUSG00000030616	Sytl2	IDA, IBA, IEA
CRE upregulated	GO:0140352	export from cell	ENSMUSG00000023032	Slc4a8	EXP, IDA, IMP, ISO, IEA
CRE upregulated	GO:0140352	export from cell	ENSMUSG00000024789	Jak2	ISS, ISO, IEA
CRE upregulated	GO:0140352	export from cell	ENSMUSG00000025178	Pi4k2a	ISO
CRE upregulated	GO:0140352	export from cell	ENSMUSG00000022555	Dgat1	ISO
CRE upregulated	GO:0140352	export from cell	ENSMUSG00000004347	ENSMUSG00000004347	ISO
CRE upregulated	GO:0140352	export from cell	ENSMUSG00000033769	Exoc6b	IBA, NAS, IEA
CRE upregulated	GO:0140352	export from cell	ENSMUSG00000024803	Ankrd1	IEA
CRE upregulated	GO:0140352	export from cell	ENSMUSG00000025793	ENSMUSG00000025793	IEA
CRE upregulated	GO:0140352	export from cell	ENSMUSG00000026718	ENSMUSG00000026718	IEA
CRE upregulated	GO:0140352	export from cell	ENSMUSG00000029071	ENSMUSG00000029071	IDA, IMP, IGI
CRE upregulated	GO:0140352	export from cell	ENSMUSG00000044453	Ffar1	IDA, IMP, ISO, IBA
CRE upregulated	GO:0140352	export from cell	ENSMUSG00000064210	ENSMUSG00000064210	ISS, ISO, IEA
CRE upregulated	GO:0140352	export from cell	ENSMUSG00000032902	Slc16a1	IMP
CRE upregulated	GO:0140352	export from cell	ENSMUSG00000026074	Map4k4	IEA
CRE upregulated	GO:0140352	export from cell	ENSMUSG00000010660	Plcd1	ISO
CRE upregulated	GO:0140352	export from cell	ENSMUSG00000031278	ENSMUSG00000031278	ISS, ISO
CRE upregulated	GO:0140352	export from cell	ENSMUSG00000040640	ENSMUSG00000040640	IDA, IMP
CRE upregulated	GO:0140352	export from cell	ENSMUSG00000024517	Grp	IDA, ISS, IEA
CRE upregulated	GO:0140352	export from cell	ENSMUSG00000025340	Rabgef1	IMP
CRE upregulated	GO:0140352	export from cell	ENSMUSG00000021587	Pcsk1	ISO, IEA
CRE upregulated	GO:0140352	export from cell	ENSMUSG00000028599	Tnfrsf1b	IGI
CRE upregulated	GO:0140352	export from cell	ENSMUSG00000044147	Arf6	IEA
CRE upregulated	GO:0140352	export from cell	ENSMUSG00000011877	Git1	IDA, IMP
CRE upregulated	GO:0140352	export from cell	ENSMUSG00000040046	Tph1	IMP
CRE upregulated	GO:0140352	export from cell	ENSMUSG00000020671	ENSMUSG00000020671	IBA, IEA
CRE upregulated	GO:0140352	export from cell	ENSMUSG00000008859	ENSMUSG00000008859	IDA, IBA, IEA
CRE upregulated	GO:0140352	export from cell	ENSMUSG00000038676	Ucn	ISO, IEA
CRE upregulated	GO:0140352	export from cell	ENSMUSG00000052681	Rap1b	IGI, IBA, IEA
CRE upregulated	GO:0140352	export from cell	ENSMUSG00000027978	Prss12	IDA
CRE upregulated	GO:0140352	export from cell	ENSMUSG00000061244	ENSMUSG00000061244	IBA, NAS, IEA
CRE upregulated	GO:0140352	export from cell	ENSMUSG00000056050	ENSMUSG00000056050	IEA
CRE upregulated	GO:0140352	export from cell	ENSMUSG00000051209	ENSMUSG00000051209	IDA
CRE upregulated	GO:0140352	export from cell	ENSMUSG00000053825	ENSMUSG00000053825	IEA
CRE upregulated	GO:0140352	export from cell	ENSMUSG00000024907	Gal	IEA
CRE upregulated	GO:0009888	tissue development	ENSMUSG00000026628	Atf3	IMP
CRE upregulated	GO:0009888	tissue development	ENSMUSG00000051379	Flrt3	IMP
CRE upregulated	GO:0009888	tissue development	ENSMUSG00000052684	Jun	IMP
CRE upregulated	GO:0009888	tissue development	ENSMUSG00000063632	Sox11	IMP
CRE upregulated	GO:0009888	tissue development	ENSMUSG00000019647	Sema6a	IBA
CRE upregulated	GO:0009888	tissue development	ENSMUSG00000046223	Plaur	ISO
CRE upregulated	GO:0009888	tissue development	ENSMUSG00000025473	Adam8	IMP, TAS
CRE upregulated	GO:0009888	tissue development	ENSMUSG00000022895	Ets2	IMP, IGI
CRE upregulated	GO:0009888	tissue development	ENSMUSG00000037447	Arid5a	IDA
CRE upregulated	GO:0009888	tissue development	ENSMUSG00000021765	Fst	IMP, IGI, ISO, IEA
CRE upregulated	GO:0009888	tissue development	ENSMUSG00000025348	Itga7	IEA
CRE upregulated	GO:0009888	tissue development	ENSMUSG00000040151	Hs2st1	IMP
CRE upregulated	GO:0009888	tissue development	ENSMUSG00000037705	Tecta	IGI
CRE upregulated	GO:0009888	tissue development	ENSMUSG00000014599	Csf1	IMP
CRE upregulated	GO:0009888	tissue development	ENSMUSG00000023067	Cdkn1a	IGI
CRE upregulated	GO:0009888	tissue development	ENSMUSG00000031074	Fgf3	IEA
CRE upregulated	GO:0009888	tissue development	ENSMUSG00000004846	Plod3	IMP
CRE upregulated	GO:0009888	tissue development	ENSMUSG00000031681	Smad1	IDA, IMP, IGI, IEP, IEA
CRE upregulated	GO:0009888	tissue development	ENSMUSG00000050989	Selenon	IMP, IBA
CRE upregulated	GO:0009888	tissue development	ENSMUSG00000035673	Sbno2	IMP
CRE upregulated	GO:0009888	tissue development	ENSMUSG00000029378	Areg	IMP
CRE upregulated	GO:0009888	tissue development	ENSMUSG00000005087	Cd44	IEA
CRE upregulated	GO:0009888	tissue development	ENSMUSG00000026836	Acvr1	IMP, IEA
CRE upregulated	GO:0009888	tissue development	ENSMUSG00000068566	Myadm	IEA
CRE upregulated	GO:0009888	tissue development	ENSMUSG00000048482	Bdnf	IDA, ISO
CRE upregulated	GO:0009888	tissue development	ENSMUSG00000002250	Ppard	IMP, ISO, TAS
CRE upregulated	GO:0009888	tissue development	ENSMUSG00000027198	Ext2	IMP
CRE upregulated	GO:0009888	tissue development	ENSMUSG00000039473	Ubn1	TAS
CRE upregulated	GO:0009888	tissue development	ENSMUSG00000025337	Sbds	IEA
CRE upregulated	GO:0009888	tissue development	ENSMUSG00000031545	Gpat4	IMP
CRE upregulated	GO:0009888	tissue development	ENSMUSG00000043895	S1pr2	IEA
CRE upregulated	GO:0009888	tissue development	ENSMUSG00000028063	Lmna	IMP, ISO
CRE upregulated	GO:0009888	tissue development	ENSMUSG00000050359	Sprr1a	IEA
CRE upregulated	GO:0009888	tissue development	ENSMUSG00000001420	Tmem79	IMP
CRE upregulated	GO:0009888	tissue development	ENSMUSG00000053436	Mapk14	IDA, IMP, IGI
CRE upregulated	GO:0009888	tissue development	ENSMUSG00000025809	Itgb1	IMP, IEA
CRE upregulated	GO:0009888	tissue development	ENSMUSG00000013089	Etv5	IDA
CRE upregulated	GO:0009888	tissue development	ENSMUSG00000025139	Tollip	IEA
CRE upregulated	GO:0009888	tissue development	ENSMUSG00000020592	Sdc1	IEA
CRE upregulated	GO:0009888	tissue development	ENSMUSG00000025746	Il6	IDA, IMP
CRE upregulated	GO:0009888	tissue development	ENSMUSG00000002233	Rhoc	ISS
CRE upregulated	GO:0009888	tissue development	ENSMUSG00000024014	Pim1	IEA
CRE upregulated	GO:0009888	tissue development	ENSMUSG00000020580	Rock2	IEA
CRE upregulated	GO:0009888	tissue development	ENSMUSG00000059923	Grb2	IMP
CRE upregulated	GO:0009888	tissue development	ENSMUSG00000042406	Atf4	IMP
CRE upregulated	GO:0009888	tissue development	ENSMUSG00000001507	Itga3	IEA
CRE upregulated	GO:0009888	tissue development	ENSMUSG00000031628	Casp3	IMP, IBA
CRE upregulated	GO:0009888	tissue development	ENSMUSG00000001847	Rac1	IMP
CRE upregulated	GO:0009888	tissue development	ENSMUSG00000022951	Rcan1	IDA
CRE upregulated	GO:0009888	tissue development	ENSMUSG00000001627	Ifrd1	IMP
CRE upregulated	GO:0009888	tissue development	ENSMUSG00000029765	Plxna4	IMP, IGI
CRE upregulated	GO:0009888	tissue development	ENSMUSG00000022346	Myc	IMP
CRE upregulated	GO:0009888	tissue development	ENSMUSG00000036478	Btg1	ISS, IEA
CRE upregulated	GO:0009888	tissue development	ENSMUSG00000053113	Socs3	IMP
CRE upregulated	GO:0009888	tissue development	ENSMUSG00000027954	Efna1	IMP
CRE upregulated	GO:0009888	tissue development	ENSMUSG00000024789	Jak2	IMP
CRE upregulated	GO:0009888	tissue development	ENSMUSG00000022602	Arc	IMP
CRE upregulated	GO:0009888	tissue development	ENSMUSG00000103523	2210017I01Rik	IEA
CRE upregulated	GO:0009888	tissue development	ENSMUSG00000029135	Fosl2	IDA, IMP
CRE upregulated	GO:0009888	tissue development	ENSMUSG00000050335	Lgals3	IEA
CRE upregulated	GO:0009888	tissue development	ENSMUSG00000024190	Dusp1	IBA, IEA
CRE upregulated	GO:0009888	tissue development	ENSMUSG00000030223	ENSMUSG00000030223	IMP, IBA
CRE upregulated	GO:0009888	tissue development	ENSMUSG00000020358	Hnrnpab	IDA
CRE upregulated	GO:0009888	tissue development	ENSMUSG00000021360	ENSMUSG00000021360	IMP, IEA
CRE upregulated	GO:0009888	tissue development	ENSMUSG00000024803	Ankrd1	IMP, IEA
CRE upregulated	GO:0009888	tissue development	ENSMUSG00000024927	Rela	IMP, ISO
CRE upregulated	GO:0009888	tissue development	ENSMUSG00000024238	Zeb1	IMP, IEA
CRE upregulated	GO:0009888	tissue development	ENSMUSG00000024947	Men1	ISO
CRE upregulated	GO:0009888	tissue development	ENSMUSG00000067006	ENSMUSG00000067006	IMP
CRE upregulated	GO:0009888	tissue development	ENSMUSG00000029071	ENSMUSG00000029071	IMP, IGI, IEA
CRE upregulated	GO:0009888	tissue development	ENSMUSG00000064210	ENSMUSG00000064210	IMP, IEA
CRE upregulated	GO:0009888	tissue development	ENSMUSG00000024335	Brd2	IMP
CRE upregulated	GO:0009888	tissue development	ENSMUSG00000027919	Lce1g	IEA
CRE upregulated	GO:0009888	tissue development	ENSMUSG00000037876	Jmjd1c	IMP
CRE upregulated	GO:0009888	tissue development	ENSMUSG00000003154	Foxj2	IEA
CRE upregulated	GO:0009888	tissue development	ENSMUSG00000020349	ENSMUSG00000020349	IMP, IEA
CRE upregulated	GO:0009888	tissue development	ENSMUSG00000085007	ENSMUSG00000085007	IMP
CRE upregulated	GO:0009888	tissue development	ENSMUSG00000004530	ENSMUSG00000004530	IBA, IEA
CRE upregulated	GO:0009888	tissue development	ENSMUSG00000036180	ENSMUSG00000036180	IMP
CRE upregulated	GO:0009888	tissue development	ENSMUSG00000024270	ENSMUSG00000024270	IDA, IEA
CRE upregulated	GO:0009888	tissue development	ENSMUSG00000052837	ENSMUSG00000052837	IMP
CRE upregulated	GO:0009888	tissue development	ENSMUSG00000047281	ENSMUSG00000047281	IMP, IGI
CRE upregulated	GO:0009888	tissue development	ENSMUSG00000025351	Cd63	ISO
CRE upregulated	GO:0009888	tissue development	ENSMUSG00000021796	Bmpr1a	IDA, IMP, IGI, IEA
CRE upregulated	GO:0009888	tissue development	ENSMUSG00000024750	ENSMUSG00000024750	IMP
CRE upregulated	GO:0009888	tissue development	ENSMUSG00000027465	Tbc1d20	IMP
CRE upregulated	GO:0009888	tissue development	ENSMUSG00000045763	ENSMUSG00000045763	IDA
CRE upregulated	GO:0009888	tissue development	ENSMUSG00000020250	ENSMUSG00000020250	IMP
CRE upregulated	GO:0009888	tissue development	ENSMUSG00000039191	Rbpj	IMP, IGI, TAS
CRE upregulated	GO:0009888	tissue development	ENSMUSG00000035725	ENSMUSG00000035725	ISS, IEA
CRE upregulated	GO:0009888	tissue development	ENSMUSG00000020671	ENSMUSG00000020671	ISS
CRE upregulated	GO:0009888	tissue development	ENSMUSG00000027997	Casp6	IEA
CRE upregulated	GO:0009888	tissue development	ENSMUSG00000058354	Krt6a	IMP, IGI, IBA
CRE upregulated	GO:0009888	tissue development	ENSMUSG00000020594	ENSMUSG00000020594	IDA
CRE upregulated	GO:0009888	tissue development	ENSMUSG00000008859	ENSMUSG00000008859	IMP
CRE upregulated	GO:0009888	tissue development	ENSMUSG00000022094	ENSMUSG00000022094	IMP
CRE upregulated	GO:0009888	tissue development	ENSMUSG00000059743	ENSMUSG00000059743	ISO
CRE upregulated	GO:0009888	tissue development	ENSMUSG00000052681	Rap1b	ISS, IEA
CRE upregulated	GO:0009888	tissue development	ENSMUSG00000032508	Myd88	IMP
CRE upregulated	GO:0009888	tissue development	ENSMUSG00000002633	Shh	IDA, IMP, IGI, ISO, IEA
CRE upregulated	GO:0009888	tissue development	ENSMUSG00000061244	ENSMUSG00000061244	IMP
CRE upregulated	GO:0009888	tissue development	ENSMUSG00000067586	ENSMUSG00000067586	IEA
CRE upregulated	GO:0009888	tissue development	ENSMUSG00000037411	Serpine1	IEA
CRE upregulated	GO:0009888	tissue development	ENSMUSG00000037465	Klf10	IMP
CRE upregulated	GO:0009888	tissue development	ENSMUSG00000024613	ENSMUSG00000024613	ISS, IEA
CRE upregulated	GO:0009888	tissue development	ENSMUSG00000027646	ENSMUSG00000027646	IDA, IMP, IEA
CRE upregulated	GO:0009888	tissue development	ENSMUSG00000046761	ENSMUSG00000046761	IEA
CRE upregulated	GO:0009888	tissue development	ENSMUSG00000031073	Fgf15	IMP
CRE upregulated	GO:0009888	tissue development	ENSMUSG00000021477	ENSMUSG00000021477	IMP, IGI, ISS
CRE upregulated	GO:0009888	tissue development	ENSMUSG00000000627	ENSMUSG00000000627	IBA
CRE upregulated	GO:0009888	tissue development	ENSMUSG00000024907	Gal	IEA
CRE upregulated	GO:0009888	tissue development	ENSMUSG00000053797	ENSMUSG00000053797	IDA, IMP, IBA
CRE upregulated	GO:0009888	tissue development	ENSMUSG00000029475	ENSMUSG00000029475	IMP
CRE upregulated	GO:0051130	positive regulation of cellular component organization	ENSMUSG00000051379	Flrt3	IDA
CRE upregulated	GO:0051130	positive regulation of cellular component organization	ENSMUSG00000046223	Plaur	IEA
CRE upregulated	GO:0051130	positive regulation of cellular component organization	ENSMUSG00000004951	Hspb1	ISO
CRE upregulated	GO:0051130	positive regulation of cellular component organization	ENSMUSG00000024143	Rhoq	IEA
CRE upregulated	GO:0051130	positive regulation of cellular component organization	ENSMUSG00000019876	Pkib	IEA
CRE upregulated	GO:0051130	positive regulation of cellular component organization	ENSMUSG00000030748	Il4ra	IMP
CRE upregulated	GO:0051130	positive regulation of cellular component organization	ENSMUSG00000023905	Tnfrsf12a	IDA
CRE upregulated	GO:0051130	positive regulation of cellular component organization	ENSMUSG00000030102	Itpr1	ISO
CRE upregulated	GO:0051130	positive regulation of cellular component organization	ENSMUSG00000006304	Arpc2	IDA, ISO, IEA
CRE upregulated	GO:0051130	positive regulation of cellular component organization	ENSMUSG00000030272	Camk1	ISS, IEA
CRE upregulated	GO:0051130	positive regulation of cellular component organization	ENSMUSG00000048482	Bdnf	IDA, IMP, IGI, IEA
CRE upregulated	GO:0051130	positive regulation of cellular component organization	ENSMUSG00000024256	Adcyap1	ISO, IEA
CRE upregulated	GO:0051130	positive regulation of cellular component organization	ENSMUSG00000018736	Ndel1	IMP, ISO
CRE upregulated	GO:0051130	positive regulation of cellular component organization	ENSMUSG00000018507	Trpv2	IMP
CRE upregulated	GO:0051130	positive regulation of cellular component organization	ENSMUSG00000045136	Tubb2b	ISS, IEA
CRE upregulated	GO:0051130	positive regulation of cellular component organization	ENSMUSG00000053436	Mapk14	IMP
CRE upregulated	GO:0051130	positive regulation of cellular component organization	ENSMUSG00000025809	Itgb1	ISO
CRE upregulated	GO:0051130	positive regulation of cellular component organization	ENSMUSG00000015243	Abca1	IMP
CRE upregulated	GO:0051130	positive regulation of cellular component organization	ENSMUSG00000020592	Sdc1	IEA
CRE upregulated	GO:0051130	positive regulation of cellular component organization	ENSMUSG00000025746	Il6	ISO
CRE upregulated	GO:0051130	positive regulation of cellular component organization	ENSMUSG00000002233	Rhoc	IMP, IEA
CRE upregulated	GO:0051130	positive regulation of cellular component organization	ENSMUSG00000032231	Anxa2	IMP, IBA, NAS, IEA
CRE upregulated	GO:0051130	positive regulation of cellular component organization	ENSMUSG00000031078	Cttn	ISS, ISO, IEA
CRE upregulated	GO:0051130	positive regulation of cellular component organization	ENSMUSG00000022607	Ptk2	ISO
CRE upregulated	GO:0051130	positive regulation of cellular component organization	ENSMUSG00000055994	Nod2	IMP
CRE upregulated	GO:0051130	positive regulation of cellular component organization	ENSMUSG00000037062	Sh3glb1	IMP, ISO, IEA
CRE upregulated	GO:0051130	positive regulation of cellular component organization	ENSMUSG00000034247	Plekhm1	IMP
CRE upregulated	GO:0051130	positive regulation of cellular component organization	ENSMUSG00000024772	Ehd1	IMP, ISO, IEA
CRE upregulated	GO:0051130	positive regulation of cellular component organization	ENSMUSG00000020580	Rock2	IEA
CRE upregulated	GO:0051130	positive regulation of cellular component organization	ENSMUSG00000059923	Grb2	IGI
CRE upregulated	GO:0051130	positive regulation of cellular component organization	ENSMUSG00000001507	Itga3	ISO, IEA
CRE upregulated	GO:0051130	positive regulation of cellular component organization	ENSMUSG00000055407	Map6	ISO, IBA
CRE upregulated	GO:0051130	positive regulation of cellular component organization	ENSMUSG00000001847	Rac1	IDA, ISO, IEA
CRE upregulated	GO:0051130	positive regulation of cellular component organization	ENSMUSG00000042121	Ssh1	ISO, IEA
CRE upregulated	GO:0051130	positive regulation of cellular component organization	ENSMUSG00000018909	Arrb1	ISS, IEA
CRE upregulated	GO:0051130	positive regulation of cellular component organization	ENSMUSG00000057531	Dtnbp1	ISO, IEA
CRE upregulated	GO:0051130	positive regulation of cellular component organization	ENSMUSG00000030309	Caprin2	IMP
CRE upregulated	GO:0051130	positive regulation of cellular component organization	ENSMUSG00000037580	Gch1	ISO, IEA
CRE upregulated	GO:0051130	positive regulation of cellular component organization	ENSMUSG00000036057	Ptpn23	IEA
CRE upregulated	GO:0051130	positive regulation of cellular component organization	ENSMUSG00000029765	Plxna4	IBA
CRE upregulated	GO:0051130	positive regulation of cellular component organization	ENSMUSG00000022346	Myc	IMP
CRE upregulated	GO:0051130	positive regulation of cellular component organization	ENSMUSG00000109511	Nup62	IEA
CRE upregulated	GO:0051130	positive regulation of cellular component organization	ENSMUSG00000050335	Lgals3	IEA
CRE upregulated	GO:0051130	positive regulation of cellular component organization	ENSMUSG00000033545	Znrf1	IEA
CRE upregulated	GO:0051130	positive regulation of cellular component organization	ENSMUSG00000024803	Ankrd1	ISO
CRE upregulated	GO:0051130	positive regulation of cellular component organization	ENSMUSG00000038591	Colec10	IEA
CRE upregulated	GO:0051130	positive regulation of cellular component organization	ENSMUSG00000027692	Tnik	ISO
CRE upregulated	GO:0051130	positive regulation of cellular component organization	ENSMUSG00000029071	ENSMUSG00000029071	IMP, ISO, IEA
CRE upregulated	GO:0051130	positive regulation of cellular component organization	ENSMUSG00000064210	ENSMUSG00000064210	IMP
CRE upregulated	GO:0051130	positive regulation of cellular component organization	ENSMUSG00000024777	ENSMUSG00000024777	ISO, IEA
CRE upregulated	GO:0051130	positive regulation of cellular component organization	ENSMUSG00000052921	Arhgef15	ISS, ISO
CRE upregulated	GO:0051130	positive regulation of cellular component organization	ENSMUSG00000040640	ENSMUSG00000040640	IDA, IMP
CRE upregulated	GO:0051130	positive regulation of cellular component organization	ENSMUSG00000020349	ENSMUSG00000020349	IMP
CRE upregulated	GO:0051130	positive regulation of cellular component organization	ENSMUSG00000023307	Marchf5	IEA
CRE upregulated	GO:0051130	positive regulation of cellular component organization	ENSMUSG00000004530	ENSMUSG00000004530	IEA
CRE upregulated	GO:0051130	positive regulation of cellular component organization	ENSMUSG00000044147	Arf6	IMP, IEA
CRE upregulated	GO:0051130	positive regulation of cellular component organization	ENSMUSG00000011877	Git1	ISS, IEA
CRE upregulated	GO:0051130	positive regulation of cellular component organization	ENSMUSG00000031937	ENSMUSG00000031937	IMP, IBA
CRE upregulated	GO:0051130	positive regulation of cellular component organization	ENSMUSG00000025351	Cd63	ISS, ISO, IEA
CRE upregulated	GO:0051130	positive regulation of cellular component organization	ENSMUSG00000041598	Cdc42ep4	IBA, IEA
CRE upregulated	GO:0051130	positive regulation of cellular component organization	ENSMUSG00000045664	Cdc42ep2	IBA, IEA
CRE upregulated	GO:0051130	positive regulation of cellular component organization	ENSMUSG00000039844	ENSMUSG00000039844	ISO, IEA
CRE upregulated	GO:0051130	positive regulation of cellular component organization	ENSMUSG00000020594	ENSMUSG00000020594	ISO, IEA
CRE upregulated	GO:0051130	positive regulation of cellular component organization	ENSMUSG00000000787	ENSMUSG00000000787	IDA
CRE upregulated	GO:0051130	positive regulation of cellular component organization	ENSMUSG00000008859	ENSMUSG00000008859	ISS, IEA
CRE upregulated	GO:0051130	positive regulation of cellular component organization	ENSMUSG00000052681	Rap1b	IEA
CRE upregulated	GO:0051130	positive regulation of cellular component organization	ENSMUSG00000042185	ENSMUSG00000042185	IMP
CRE upregulated	GO:0051130	positive regulation of cellular component organization	ENSMUSG00000032508	Myd88	ISS, IEA
CRE upregulated	GO:0051130	positive regulation of cellular component organization	ENSMUSG00000026864	ENSMUSG00000026864	ISO
CRE upregulated	GO:0051130	positive regulation of cellular component organization	ENSMUSG00000039671	ENSMUSG00000039671	ISO, IEA
CRE upregulated	GO:0051130	positive regulation of cellular component organization	ENSMUSG00000037411	Serpine1	IEA
CRE upregulated	GO:0051130	positive regulation of cellular component organization	ENSMUSG00000023277	ENSMUSG00000023277	IBA, IEA
CRE upregulated	GO:0051130	positive regulation of cellular component organization	ENSMUSG00000019843	ENSMUSG00000019843	IGI
CRE upregulated	GO:0051130	positive regulation of cellular component organization	ENSMUSG00000027646	ENSMUSG00000027646	IDA, IGI, IEA
CRE upregulated	GO:0051130	positive regulation of cellular component organization	ENSMUSG00000015839	Nfe2l2	ISO, IEA
CRE upregulated	GO:0051130	positive regulation of cellular component organization	ENSMUSG00000049550	ENSMUSG00000049550	ISS, ISO, IBA, IEA
CRE upregulated	GO:0051130	positive regulation of cellular component organization	ENSMUSG00000054204	ENSMUSG00000054204	ISS, IEA
CRE upregulated	GO:0043068	positive regulation of programmed cell death	ENSMUSG00000026628	Atf3	IEA
CRE upregulated	GO:0043068	positive regulation of programmed cell death	ENSMUSG00000036390	Gadd45a	IEA
CRE upregulated	GO:0043068	positive regulation of programmed cell death	ENSMUSG00000052684	Jun	IMP, ISO
CRE upregulated	GO:0043068	positive regulation of programmed cell death	ENSMUSG00000039328	Rnf122	ISS, IEA
CRE upregulated	GO:0043068	positive regulation of programmed cell death	ENSMUSG00000025473	Adam8	IMP
CRE upregulated	GO:0043068	positive regulation of programmed cell death	ENSMUSG00000023905	Tnfrsf12a	IBA, IEA
CRE upregulated	GO:0043068	positive regulation of programmed cell death	ENSMUSG00000030102	Itpr1	ISO, IEA
CRE upregulated	GO:0043068	positive regulation of programmed cell death	ENSMUSG00000020427	Igfbp3	ISS, ISO, IEA
CRE upregulated	GO:0043068	positive regulation of programmed cell death	ENSMUSG00000023067	Cdkn1a	IMP
CRE upregulated	GO:0043068	positive regulation of programmed cell death	ENSMUSG00000020205	Phlda1	ISO, IBA, IEA
CRE upregulated	GO:0043068	positive regulation of programmed cell death	ENSMUSG00000021453	Gadd45g	IEA
CRE upregulated	GO:0043068	positive regulation of programmed cell death	ENSMUSG00000048482	Bdnf	ISO
CRE upregulated	GO:0043068	positive regulation of programmed cell death	ENSMUSG00000027540	Ptpn1	IEA
CRE upregulated	GO:0043068	positive regulation of programmed cell death	ENSMUSG00000027035	Cers6	ISO, IEA
CRE upregulated	GO:0043068	positive regulation of programmed cell death	ENSMUSG00000025809	Itgb1	ISO, IEA
CRE upregulated	GO:0043068	positive regulation of programmed cell death	ENSMUSG00000022043	Trim35	IEA
CRE upregulated	GO:0043068	positive regulation of programmed cell death	ENSMUSG00000037062	Sh3glb1	IDA
CRE upregulated	GO:0043068	positive regulation of programmed cell death	ENSMUSG00000042406	Atf4	IMP
CRE upregulated	GO:0043068	positive regulation of programmed cell death	ENSMUSG00000046854	Pip5kl1	ISS, IEA
CRE upregulated	GO:0043068	positive regulation of programmed cell death	ENSMUSG00000031628	Casp3	IDA, ISO, IBA, IEA
CRE upregulated	GO:0043068	positive regulation of programmed cell death	ENSMUSG00000025408	Ddit3	IMP, ISS, ISO, IEA
CRE upregulated	GO:0043068	positive regulation of programmed cell death	ENSMUSG00000040435	Ppp1r15a	ISO
CRE upregulated	GO:0043068	positive regulation of programmed cell death	ENSMUSG00000035199	Arl6ip5	IEA
CRE upregulated	GO:0043068	positive regulation of programmed cell death	ENSMUSG00000018909	Arrb1	ISO
CRE upregulated	GO:0043068	positive regulation of programmed cell death	ENSMUSG00000024521	Pmaip1	IMP, ISO
CRE upregulated	GO:0043068	positive regulation of programmed cell death	ENSMUSG00000037580	Gch1	ISO, IEA
CRE upregulated	GO:0043068	positive regulation of programmed cell death	ENSMUSG00000022346	Myc	IDA, IMP, IGI, IEA
CRE upregulated	GO:0043068	positive regulation of programmed cell death	ENSMUSG00000036478	Btg1	ISS, IEA
CRE upregulated	GO:0043068	positive regulation of programmed cell death	ENSMUSG00000024789	Jak2	IMP, ISO, IEA
CRE upregulated	GO:0043068	positive regulation of programmed cell death	ENSMUSG00000024190	Dusp1	ISO
CRE upregulated	GO:0043068	positive regulation of programmed cell death	ENSMUSG00000059316	Slc27a4	IEA
CRE upregulated	GO:0043068	positive regulation of programmed cell death	ENSMUSG00000024803	Ankrd1	IEA
CRE upregulated	GO:0043068	positive regulation of programmed cell death	ENSMUSG00000024912	Fosl1	ISO, IEA
CRE upregulated	GO:0043068	positive regulation of programmed cell death	ENSMUSG00000024947	Men1	IDA, IGI
CRE upregulated	GO:0043068	positive regulation of programmed cell death	ENSMUSG00000064210	ENSMUSG00000064210	IMP, IEA
CRE upregulated	GO:0043068	positive regulation of programmed cell death	ENSMUSG00000032599	ENSMUSG00000032599	IEA
CRE upregulated	GO:0043068	positive regulation of programmed cell death	ENSMUSG00000037815	Ctnna1	IMP
CRE upregulated	GO:0043068	positive regulation of programmed cell death	ENSMUSG00000024517	Grp	ISO, IEA
CRE upregulated	GO:0043068	positive regulation of programmed cell death	ENSMUSG00000028599	Tnfrsf1b	IGI
CRE upregulated	GO:0043068	positive regulation of programmed cell death	ENSMUSG00000025060	ENSMUSG00000025060	ISO
CRE upregulated	GO:0043068	positive regulation of programmed cell death	ENSMUSG00000020250	ENSMUSG00000020250	ISO
CRE upregulated	GO:0043068	positive regulation of programmed cell death	ENSMUSG00000040463	ENSMUSG00000040463	IEA
CRE upregulated	GO:0043068	positive regulation of programmed cell death	ENSMUSG00000027997	Casp6	ISS, ISO, IBA, IEA
CRE upregulated	GO:0043068	positive regulation of programmed cell death	ENSMUSG00000000787	ENSMUSG00000000787	ISS
CRE upregulated	GO:0043068	positive regulation of programmed cell death	ENSMUSG00000032462	ENSMUSG00000032462	IEA
CRE upregulated	GO:0043068	positive regulation of programmed cell death	ENSMUSG00000027646	ENSMUSG00000027646	ISO, IEA
CRE upregulated	GO:0043068	positive regulation of programmed cell death	ENSMUSG00000021340	ENSMUSG00000021340	IEA
CRE upregulated	GO:0043068	positive regulation of programmed cell death	ENSMUSG00000021477	ENSMUSG00000021477	IBA
CRE upregulated	GO:0043068	positive regulation of programmed cell death	ENSMUSG00000054499	ENSMUSG00000054499	IEA
CRE upregulated	GO:0043068	positive regulation of programmed cell death	ENSMUSG00000024907	Gal	ISO
CRE upregulated	GO:0043207	response to external biotic stimulus	ENSMUSG00000052684	Jun	IEP
CRE upregulated	GO:0043207	response to external biotic stimulus	ENSMUSG00000037428	Vgf	IEA
CRE upregulated	GO:0043207	response to external biotic stimulus	ENSMUSG00000031574	Star	IEA
CRE upregulated	GO:0043207	response to external biotic stimulus	ENSMUSG00000004951	Hspb1	ISS, IEA
CRE upregulated	GO:0043207	response to external biotic stimulus	ENSMUSG00000046688	Tifa	ISS, IBA, IEA
CRE upregulated	GO:0043207	response to external biotic stimulus	ENSMUSG00000025473	Adam8	IDA
CRE upregulated	GO:0043207	response to external biotic stimulus	ENSMUSG00000037447	Arid5a	IMP, IEA
CRE upregulated	GO:0043207	response to external biotic stimulus	ENSMUSG00000033902	Mapkbp1	IEA
CRE upregulated	GO:0043207	response to external biotic stimulus	ENSMUSG00000030748	Il4ra	IMP
CRE upregulated	GO:0043207	response to external biotic stimulus	ENSMUSG00000014599	Csf1	IEA
CRE upregulated	GO:0043207	response to external biotic stimulus	ENSMUSG00000024404	Riok3	IEA
CRE upregulated	GO:0043207	response to external biotic stimulus	ENSMUSG00000035673	Sbno2	IDA
CRE upregulated	GO:0043207	response to external biotic stimulus	ENSMUSG00000030095	Tmem43	IEA
CRE upregulated	GO:0043207	response to external biotic stimulus	ENSMUSG00000028793	Rnf19b	IMP
CRE upregulated	GO:0043207	response to external biotic stimulus	ENSMUSG00000026670	Uap1	IEA
CRE upregulated	GO:0043207	response to external biotic stimulus	ENSMUSG00000021400	Wrnip1	IEA
CRE upregulated	GO:0043207	response to external biotic stimulus	ENSMUSG00000002250	Ppard	ISO
CRE upregulated	GO:0043207	response to external biotic stimulus	ENSMUSG00000044734	Serpinb1a	IDA
CRE upregulated	GO:0043207	response to external biotic stimulus	ENSMUSG00000019461	Plscr3	IEP
CRE upregulated	GO:0043207	response to external biotic stimulus	ENSMUSG00000011179	Odc1	IEA
CRE upregulated	GO:0043207	response to external biotic stimulus	ENSMUSG00000051343	Rab11fip5	IDA
CRE upregulated	GO:0043207	response to external biotic stimulus	ENSMUSG00000026254	Eif4e2	IEA
CRE upregulated	GO:0043207	response to external biotic stimulus	ENSMUSG00000053436	Mapk14	IDA, ISO, IEA
CRE upregulated	GO:0043207	response to external biotic stimulus	ENSMUSG00000040025	Ythdf2	ISS, IEA
CRE upregulated	GO:0043207	response to external biotic stimulus	ENSMUSG00000022043	Trim35	IEA
CRE upregulated	GO:0043207	response to external biotic stimulus	ENSMUSG00000011008	Mcoln2	IEA
CRE upregulated	GO:0043207	response to external biotic stimulus	ENSMUSG00000015243	Abca1	IDA
CRE upregulated	GO:0043207	response to external biotic stimulus	ENSMUSG00000025139	Tollip	IEA
CRE upregulated	GO:0043207	response to external biotic stimulus	ENSMUSG00000025746	Il6	IDA, IMP, ISO
CRE upregulated	GO:0043207	response to external biotic stimulus	ENSMUSG00000055994	Nod2	IDA, IMP, IGI, ISS, ISO, IBA, IEA
CRE upregulated	GO:0043207	response to external biotic stimulus	ENSMUSG00000024014	Pim1	ISS, IEA
CRE upregulated	GO:0043207	response to external biotic stimulus	ENSMUSG00000059923	Grb2	IEA
CRE upregulated	GO:0043207	response to external biotic stimulus	ENSMUSG00000042726	Trafd1	IMP, IBA
CRE upregulated	GO:0043207	response to external biotic stimulus	ENSMUSG00000031628	Casp3	IEA
CRE upregulated	GO:0043207	response to external biotic stimulus	ENSMUSG00000001847	Rac1	IDA
CRE upregulated	GO:0043207	response to external biotic stimulus	ENSMUSG00000024349	Sting1	IDA, IMP, ISS, ISO, IBA, IEA
CRE upregulated	GO:0043207	response to external biotic stimulus	ENSMUSG00000074115	Saa1	IEP
CRE upregulated	GO:0043207	response to external biotic stimulus	ENSMUSG00000015837	Sqstm1	IEA
CRE upregulated	GO:0043207	response to external biotic stimulus	ENSMUSG00000034783	Cd207	IEA
CRE upregulated	GO:0043207	response to external biotic stimulus	ENSMUSG00000037580	Gch1	TAS, IEA
CRE upregulated	GO:0043207	response to external biotic stimulus	ENSMUSG00000023087	Noct	IDA
CRE upregulated	GO:0043207	response to external biotic stimulus	ENSMUSG00000015316	Slamf1	IEA
CRE upregulated	GO:0043207	response to external biotic stimulus	ENSMUSG00000024789	Jak2	IDA, ISS, ISO, IEA
CRE upregulated	GO:0043207	response to external biotic stimulus	ENSMUSG00000029578	Wipi2	IPI
CRE upregulated	GO:0043207	response to external biotic stimulus	ENSMUSG00000029135	Fosl2	IDA, IMP
CRE upregulated	GO:0043207	response to external biotic stimulus	ENSMUSG00000036990	Otud4	IDA, IBA, IEA
CRE upregulated	GO:0043207	response to external biotic stimulus	ENSMUSG00000029860	Zyx	IDA
CRE upregulated	GO:0043207	response to external biotic stimulus	ENSMUSG00000029826	Zc3hav1	ISS, ISO, IBA, TAS, IEA
CRE upregulated	GO:0043207	response to external biotic stimulus	ENSMUSG00000027797	Dclk1	IEA
CRE upregulated	GO:0043207	response to external biotic stimulus	ENSMUSG00000059866	Tnip2	IMP, IBA
CRE upregulated	GO:0043207	response to external biotic stimulus	ENSMUSG00000033545	Znrf1	IEA
CRE upregulated	GO:0043207	response to external biotic stimulus	ENSMUSG00000040033	ENSMUSG00000040033	IEA
CRE upregulated	GO:0043207	response to external biotic stimulus	ENSMUSG00000024803	Ankrd1	IDA, IEA
CRE upregulated	GO:0043207	response to external biotic stimulus	ENSMUSG00000024912	Fosl1	IMP
CRE upregulated	GO:0043207	response to external biotic stimulus	ENSMUSG00000024927	Rela	IDA, IEP, ISO, IBA, IEA
CRE upregulated	GO:0043207	response to external biotic stimulus	ENSMUSG00000038591	Colec10	IEA
CRE upregulated	GO:0043207	response to external biotic stimulus	ENSMUSG00000040365	Trim41	ISS, IEA
CRE upregulated	GO:0043207	response to external biotic stimulus	ENSMUSG00000053175	Bcl3	IMP, IEA
CRE upregulated	GO:0043207	response to external biotic stimulus	ENSMUSG00000020349	ENSMUSG00000020349	IMP
CRE upregulated	GO:0043207	response to external biotic stimulus	ENSMUSG00000024517	Grp	IMP
CRE upregulated	GO:0043207	response to external biotic stimulus	ENSMUSG00000021587	Pcsk1	IEA
CRE upregulated	GO:0043207	response to external biotic stimulus	ENSMUSG00000028599	Tnfrsf1b	IEA
CRE upregulated	GO:0043207	response to external biotic stimulus	ENSMUSG00000044147	Arf6	NAS
CRE upregulated	GO:0043207	response to external biotic stimulus	ENSMUSG00000030662	ENSMUSG00000030662	IEA
CRE upregulated	GO:0043207	response to external biotic stimulus	ENSMUSG00000011877	Git1	IMP
CRE upregulated	GO:0043207	response to external biotic stimulus	ENSMUSG00000025060	ENSMUSG00000025060	ISO
CRE upregulated	GO:0043207	response to external biotic stimulus	ENSMUSG00000047281	ENSMUSG00000047281	ISS, IEA
CRE upregulated	GO:0043207	response to external biotic stimulus	ENSMUSG00000019842	ENSMUSG00000019842	IEA
CRE upregulated	GO:0043207	response to external biotic stimulus	ENSMUSG00000070056	ENSMUSG00000070056	IMP, ISS, IEA
CRE upregulated	GO:0043207	response to external biotic stimulus	ENSMUSG00000041598	Cdc42ep4	IDA
CRE upregulated	GO:0043207	response to external biotic stimulus	ENSMUSG00000045664	Cdc42ep2	IDA
CRE upregulated	GO:0043207	response to external biotic stimulus	ENSMUSG00000037860	Aim2	IDA, IMP, IBA, NAS, IEA
CRE upregulated	GO:0043207	response to external biotic stimulus	ENSMUSG00000039191	Rbpj	IMP
CRE upregulated	GO:0043207	response to external biotic stimulus	ENSMUSG00000019256	ENSMUSG00000019256	IEA
CRE upregulated	GO:0043207	response to external biotic stimulus	ENSMUSG00000040010	Slc7a5	IEA
CRE upregulated	GO:0043207	response to external biotic stimulus	ENSMUSG00000076434	ENSMUSG00000076434	IBA
CRE upregulated	GO:0043207	response to external biotic stimulus	ENSMUSG00000027997	Casp6	ISS, IEA
CRE upregulated	GO:0043207	response to external biotic stimulus	ENSMUSG00000058354	Krt6a	IMP
CRE upregulated	GO:0043207	response to external biotic stimulus	ENSMUSG00000020594	ENSMUSG00000020594	IEA
CRE upregulated	GO:0043207	response to external biotic stimulus	ENSMUSG00000020448	Rnf185	ISS, IEA
CRE upregulated	GO:0043207	response to external biotic stimulus	ENSMUSG00000000787	ENSMUSG00000000787	IDA, ISS, IEA
CRE upregulated	GO:0043207	response to external biotic stimulus	ENSMUSG00000037553	ENSMUSG00000037553	ISS, IEA
CRE upregulated	GO:0043207	response to external biotic stimulus	ENSMUSG00000025403	ENSMUSG00000025403	IEA
CRE upregulated	GO:0043207	response to external biotic stimulus	ENSMUSG00000032508	Myd88	IMP, IGI, ISS, IBA, IEA
CRE upregulated	GO:0043207	response to external biotic stimulus	ENSMUSG00000038250	ENSMUSG00000038250	IEA
CRE upregulated	GO:0043207	response to external biotic stimulus	ENSMUSG00000028291	ENSMUSG00000028291	IMP, IBA, IEA
CRE upregulated	GO:0043207	response to external biotic stimulus	ENSMUSG00000050108	Bpifc	IEA
CRE upregulated	GO:0043207	response to external biotic stimulus	ENSMUSG00000037411	Serpine1	IEA
CRE upregulated	GO:0043207	response to external biotic stimulus	ENSMUSG00000019843	ENSMUSG00000019843	IBA
CRE upregulated	GO:0043207	response to external biotic stimulus	ENSMUSG00000020755	ENSMUSG00000020755	IEA
CRE upregulated	GO:0043207	response to external biotic stimulus	ENSMUSG00000027646	ENSMUSG00000027646	IBA, IEA
CRE upregulated	GO:0043207	response to external biotic stimulus	ENSMUSG00000052316	ENSMUSG00000052316	IEA
CRE upregulated	GO:0043207	response to external biotic stimulus	ENSMUSG00000032501	Trib1	IMP, IEA
CRE upregulated	GO:0043207	response to external biotic stimulus	ENSMUSG00000019726	ENSMUSG00000019726	IEA
CRE upregulated	GO:0043207	response to external biotic stimulus	ENSMUSG00000031073	Fgf15	IEP
CRE upregulated	GO:0043207	response to external biotic stimulus	ENSMUSG00000015839	Nfe2l2	IMP
CRE upregulated	GO:0043207	response to external biotic stimulus	ENSMUSG00000053797	ENSMUSG00000053797	IMP, IEA
CRE upregulated	GO:0043207	response to external biotic stimulus	ENSMUSG00000003541	ENSMUSG00000003541	IMP
CRE upregulated	GO:0043065	positive regulation of apoptotic process	ENSMUSG00000026628	Atf3	IEA
CRE upregulated	GO:0043065	positive regulation of apoptotic process	ENSMUSG00000036390	Gadd45a	IEA
CRE upregulated	GO:0043065	positive regulation of apoptotic process	ENSMUSG00000052684	Jun	IMP, ISO
CRE upregulated	GO:0043065	positive regulation of apoptotic process	ENSMUSG00000039328	Rnf122	ISS, IEA
CRE upregulated	GO:0043065	positive regulation of apoptotic process	ENSMUSG00000025473	Adam8	IMP
CRE upregulated	GO:0043065	positive regulation of apoptotic process	ENSMUSG00000023905	Tnfrsf12a	IBA, IEA
CRE upregulated	GO:0043065	positive regulation of apoptotic process	ENSMUSG00000030102	Itpr1	ISO, IEA
CRE upregulated	GO:0043065	positive regulation of apoptotic process	ENSMUSG00000020427	Igfbp3	ISS, ISO, IEA
CRE upregulated	GO:0043065	positive regulation of apoptotic process	ENSMUSG00000020205	Phlda1	ISO, IBA, IEA
CRE upregulated	GO:0043065	positive regulation of apoptotic process	ENSMUSG00000021453	Gadd45g	IEA
CRE upregulated	GO:0043065	positive regulation of apoptotic process	ENSMUSG00000048482	Bdnf	ISO
CRE upregulated	GO:0043065	positive regulation of apoptotic process	ENSMUSG00000027540	Ptpn1	IEA
CRE upregulated	GO:0043065	positive regulation of apoptotic process	ENSMUSG00000027035	Cers6	ISO, IEA
CRE upregulated	GO:0043065	positive regulation of apoptotic process	ENSMUSG00000025809	Itgb1	ISO, IEA
CRE upregulated	GO:0043065	positive regulation of apoptotic process	ENSMUSG00000022043	Trim35	IEA
CRE upregulated	GO:0043065	positive regulation of apoptotic process	ENSMUSG00000037062	Sh3glb1	IDA
CRE upregulated	GO:0043065	positive regulation of apoptotic process	ENSMUSG00000042406	Atf4	IMP
CRE upregulated	GO:0043065	positive regulation of apoptotic process	ENSMUSG00000046854	Pip5kl1	ISS, IEA
CRE upregulated	GO:0043065	positive regulation of apoptotic process	ENSMUSG00000031628	Casp3	IDA, ISO, IBA, IEA
CRE upregulated	GO:0043065	positive regulation of apoptotic process	ENSMUSG00000025408	Ddit3	IMP, ISS, ISO, IEA
CRE upregulated	GO:0043065	positive regulation of apoptotic process	ENSMUSG00000040435	Ppp1r15a	ISO
CRE upregulated	GO:0043065	positive regulation of apoptotic process	ENSMUSG00000035199	Arl6ip5	IEA
CRE upregulated	GO:0043065	positive regulation of apoptotic process	ENSMUSG00000018909	Arrb1	ISO
CRE upregulated	GO:0043065	positive regulation of apoptotic process	ENSMUSG00000024521	Pmaip1	IMP, ISO
CRE upregulated	GO:0043065	positive regulation of apoptotic process	ENSMUSG00000037580	Gch1	ISO, IEA
CRE upregulated	GO:0043065	positive regulation of apoptotic process	ENSMUSG00000022346	Myc	IDA, IMP, IGI, IEA
CRE upregulated	GO:0043065	positive regulation of apoptotic process	ENSMUSG00000036478	Btg1	ISS, IEA
CRE upregulated	GO:0043065	positive regulation of apoptotic process	ENSMUSG00000024789	Jak2	IMP, ISO, IEA
CRE upregulated	GO:0043065	positive regulation of apoptotic process	ENSMUSG00000024190	Dusp1	ISO
CRE upregulated	GO:0043065	positive regulation of apoptotic process	ENSMUSG00000059316	Slc27a4	IEA
CRE upregulated	GO:0043065	positive regulation of apoptotic process	ENSMUSG00000024803	Ankrd1	IEA
CRE upregulated	GO:0043065	positive regulation of apoptotic process	ENSMUSG00000024912	Fosl1	ISO, IEA
CRE upregulated	GO:0043065	positive regulation of apoptotic process	ENSMUSG00000024947	Men1	IDA, IGI
CRE upregulated	GO:0043065	positive regulation of apoptotic process	ENSMUSG00000064210	ENSMUSG00000064210	IMP, IEA
CRE upregulated	GO:0043065	positive regulation of apoptotic process	ENSMUSG00000032599	ENSMUSG00000032599	IEA
CRE upregulated	GO:0043065	positive regulation of apoptotic process	ENSMUSG00000037815	Ctnna1	IMP
CRE upregulated	GO:0043065	positive regulation of apoptotic process	ENSMUSG00000024517	Grp	ISO, IEA
CRE upregulated	GO:0043065	positive regulation of apoptotic process	ENSMUSG00000028599	Tnfrsf1b	IGI
CRE upregulated	GO:0043065	positive regulation of apoptotic process	ENSMUSG00000025060	ENSMUSG00000025060	ISO
CRE upregulated	GO:0043065	positive regulation of apoptotic process	ENSMUSG00000020250	ENSMUSG00000020250	ISO
CRE upregulated	GO:0043065	positive regulation of apoptotic process	ENSMUSG00000040463	ENSMUSG00000040463	IEA
CRE upregulated	GO:0043065	positive regulation of apoptotic process	ENSMUSG00000027997	Casp6	ISS, ISO, IBA, IEA
CRE upregulated	GO:0043065	positive regulation of apoptotic process	ENSMUSG00000000787	ENSMUSG00000000787	ISS
CRE upregulated	GO:0043065	positive regulation of apoptotic process	ENSMUSG00000032462	ENSMUSG00000032462	IEA
CRE upregulated	GO:0043065	positive regulation of apoptotic process	ENSMUSG00000027646	ENSMUSG00000027646	ISO, IEA
CRE upregulated	GO:0043065	positive regulation of apoptotic process	ENSMUSG00000021340	ENSMUSG00000021340	IEA
CRE upregulated	GO:0043065	positive regulation of apoptotic process	ENSMUSG00000021477	ENSMUSG00000021477	IBA
CRE upregulated	GO:0043065	positive regulation of apoptotic process	ENSMUSG00000054499	ENSMUSG00000054499	IEA
CRE upregulated	GO:0043065	positive regulation of apoptotic process	ENSMUSG00000024907	Gal	ISO
CRE upregulated	GO:0051668	localization within membrane	ENSMUSG00000024143	Rhoq	IDA, IEA
CRE upregulated	GO:0051668	localization within membrane	ENSMUSG00000006304	Arpc2	ISO
CRE upregulated	GO:0051668	localization within membrane	ENSMUSG00000068566	Myadm	IEA
CRE upregulated	GO:0051668	localization within membrane	ENSMUSG00000021501	Caml	ISS, ISO, IBA, IEA
CRE upregulated	GO:0051668	localization within membrane	ENSMUSG00000005069	Pex5	IEA
CRE upregulated	GO:0051668	localization within membrane	ENSMUSG00000029518	Rab35	IBA, IEA
CRE upregulated	GO:0051668	localization within membrane	ENSMUSG00000028063	Lmna	IBA
CRE upregulated	GO:0051668	localization within membrane	ENSMUSG00000015341	Golga7	ISS, ISO, IBA, IEA
CRE upregulated	GO:0051668	localization within membrane	ENSMUSG00000025809	Itgb1	ISS, ISO, IEA
CRE upregulated	GO:0051668	localization within membrane	ENSMUSG00000013089	Etv5	IMP
CRE upregulated	GO:0051668	localization within membrane	ENSMUSG00000032231	Anxa2	ISO
CRE upregulated	GO:0051668	localization within membrane	ENSMUSG00000037062	Sh3glb1	IMP, IEA
CRE upregulated	GO:0051668	localization within membrane	ENSMUSG00000024772	Ehd1	IMP, ISS, IBA, IEA
CRE upregulated	GO:0051668	localization within membrane	ENSMUSG00000027293	Ehd4	ISS, IBA, IEA
CRE upregulated	GO:0051668	localization within membrane	ENSMUSG00000035392	Dennd1a	IDA, IBA
CRE upregulated	GO:0051668	localization within membrane	ENSMUSG00000020580	Rock2	IEA
CRE upregulated	GO:0051668	localization within membrane	ENSMUSG00000033039	Micall1	ISS, IEA
CRE upregulated	GO:0051668	localization within membrane	ENSMUSG00000001507	Itga3	ISS, IEA
CRE upregulated	GO:0051668	localization within membrane	ENSMUSG00000035199	Arl6ip5	IMP
CRE upregulated	GO:0051668	localization within membrane	ENSMUSG00000001847	Rac1	IDA, IGI, IEA
CRE upregulated	GO:0051668	localization within membrane	ENSMUSG00000042121	Ssh1	ISO, IEA
CRE upregulated	GO:0051668	localization within membrane	ENSMUSG00000015837	Sqstm1	IMP
CRE upregulated	GO:0051668	localization within membrane	ENSMUSG00000036057	Ptpn23	IBA, IEA
CRE upregulated	GO:0051668	localization within membrane	ENSMUSG00000032502	Stac	IMP, IBA
CRE upregulated	GO:0051668	localization within membrane	ENSMUSG00000030616	Sytl2	IDA
CRE upregulated	GO:0051668	localization within membrane	ENSMUSG00000038949	Cnst	ISS, IBA, IEA
CRE upregulated	GO:0051668	localization within membrane	ENSMUSG00000033769	Exoc6b	IBA
CRE upregulated	GO:0051668	localization within membrane	ENSMUSG00000050335	Lgals3	IEA
CRE upregulated	GO:0051668	localization within membrane	ENSMUSG00000025793	ENSMUSG00000025793	IBA, IEA
CRE upregulated	GO:0051668	localization within membrane	ENSMUSG00000027692	Tnik	IDA, IMP, IEA
CRE upregulated	GO:0051668	localization within membrane	ENSMUSG00000028893	Sesn2	ISO
CRE upregulated	GO:0051668	localization within membrane	ENSMUSG00000029071	ENSMUSG00000029071	IMP, IGI
CRE upregulated	GO:0051668	localization within membrane	ENSMUSG00000042743	Sgtb	IBA
CRE upregulated	GO:0051668	localization within membrane	ENSMUSG00000049866	Arl4c	ISS, IBA, IEA
CRE upregulated	GO:0051668	localization within membrane	ENSMUSG00000025340	Rabgef1	IEA
CRE upregulated	GO:0051668	localization within membrane	ENSMUSG00000044147	Arf6	IDA, ISO, IEA
CRE upregulated	GO:0051668	localization within membrane	ENSMUSG00000011877	Git1	ISO
CRE upregulated	GO:0051668	localization within membrane	ENSMUSG00000059991	ENSMUSG00000059991	ISO
CRE upregulated	GO:0051668	localization within membrane	ENSMUSG00000062234	ENSMUSG00000062234	IEA
CRE upregulated	GO:0051668	localization within membrane	ENSMUSG00000047281	ENSMUSG00000047281	ISS, IEA
CRE upregulated	GO:0051668	localization within membrane	ENSMUSG00000022656	ENSMUSG00000022656	IMP
CRE upregulated	GO:0051668	localization within membrane	ENSMUSG00000001552	ENSMUSG00000001552	IEA
CRE upregulated	GO:0051668	localization within membrane	ENSMUSG00000020671	ENSMUSG00000020671	IMP, ISS, ISO, IEA
CRE upregulated	GO:0051668	localization within membrane	ENSMUSG00000008859	ENSMUSG00000008859	IDA, IEA
CRE upregulated	GO:0051668	localization within membrane	ENSMUSG00000038467	ENSMUSG00000038467	IEA
CRE upregulated	GO:0051668	localization within membrane	ENSMUSG00000037553	ENSMUSG00000037553	IBA
CRE upregulated	GO:0051668	localization within membrane	ENSMUSG00000026864	ENSMUSG00000026864	ISS, IEA
CRE upregulated	GO:0051668	localization within membrane	ENSMUSG00000039671	ENSMUSG00000039671	ISO, IEA
CRE upregulated	GO:0051668	localization within membrane	ENSMUSG00000061244	ENSMUSG00000061244	IMP, IBA
CRE upregulated	GO:0051668	localization within membrane	ENSMUSG00000019843	ENSMUSG00000019843	IGI
CRE upregulated	GO:0051668	localization within membrane	ENSMUSG00000042532	ENSMUSG00000042532	IBA
CRE upregulated	GO:0051668	localization within membrane	ENSMUSG00000052316	ENSMUSG00000052316	IEA
CRE upregulated	GO:0051668	localization within membrane	ENSMUSG00000036667	ENSMUSG00000036667	IBA, IEA
CRE upregulated	GO:0051668	localization within membrane	ENSMUSG00000049550	ENSMUSG00000049550	IMP
CRE upregulated	GO:0051668	localization within membrane	ENSMUSG00000019998	ENSMUSG00000019998	IEA
CRE upregulated	GO:0006357	regulation of transcription by RNA polymerase II	ENSMUSG00000026628	Atf3	IDA, IGI, ISO, IBA, IEA
CRE upregulated	GO:0006357	regulation of transcription by RNA polymerase II	ENSMUSG00000036390	Gadd45a	IEA
CRE upregulated	GO:0006357	regulation of transcription by RNA polymerase II	ENSMUSG00000052684	Jun	IDA, IGI, ISS, ISO, IBA, NAS, IEA
CRE upregulated	GO:0006357	regulation of transcription by RNA polymerase II	ENSMUSG00000063632	Sox11	IDA, ISO, IBA, IEA
CRE upregulated	GO:0006357	regulation of transcription by RNA polymerase II	ENSMUSG00000056749	Nfil3	IEA
CRE upregulated	GO:0006357	regulation of transcription by RNA polymerase II	ENSMUSG00000024143	Rhoq	IEA
CRE upregulated	GO:0006357	regulation of transcription by RNA polymerase II	ENSMUSG00000022895	Ets2	ISO, IBA, IEA
CRE upregulated	GO:0006357	regulation of transcription by RNA polymerase II	ENSMUSG00000037447	Arid5a	IGI, IBA, IEA
CRE upregulated	GO:0006357	regulation of transcription by RNA polymerase II	ENSMUSG00000032515	Csrnp1	IDA, IBA
CRE upregulated	GO:0006357	regulation of transcription by RNA polymerase II	ENSMUSG00000021765	Fst	IEA
CRE upregulated	GO:0006357	regulation of transcription by RNA polymerase II	ENSMUSG00000030256	Bhlhe41	IDA, IBA, TAS, IEA
CRE upregulated	GO:0006357	regulation of transcription by RNA polymerase II	ENSMUSG00000025612	Bach1	IDA, ISS, IBA, IEA
CRE upregulated	GO:0006357	regulation of transcription by RNA polymerase II	ENSMUSG00000000078	Klf6	IEA
CRE upregulated	GO:0006357	regulation of transcription by RNA polymerase II	ENSMUSG00000058093	Zfp729b	IBA
CRE upregulated	GO:0006357	regulation of transcription by RNA polymerase II	ENSMUSG00000044934	Zfp367	ISO, IBA, IEA
CRE upregulated	GO:0006357	regulation of transcription by RNA polymerase II	ENSMUSG00000030272	Camk1	IEA
CRE upregulated	GO:0006357	regulation of transcription by RNA polymerase II	ENSMUSG00000001542	Ell2	ISO, IBA
CRE upregulated	GO:0006357	regulation of transcription by RNA polymerase II	ENSMUSG00000031681	Smad1	IDA, IMP, IGI, IBA, IEA
CRE upregulated	GO:0006357	regulation of transcription by RNA polymerase II	ENSMUSG00000035673	Sbno2	IMP, IBA
CRE upregulated	GO:0006357	regulation of transcription by RNA polymerase II	ENSMUSG00000033060	Lmo7	IDA, ISS, ISO
CRE upregulated	GO:0006357	regulation of transcription by RNA polymerase II	ENSMUSG00000003644	Rps6ka1	IEA
CRE upregulated	GO:0006357	regulation of transcription by RNA polymerase II	ENSMUSG00000026836	Acvr1	IMP, IEA
CRE upregulated	GO:0006357	regulation of transcription by RNA polymerase II	ENSMUSG00000024256	Adcyap1	ISS, ISO, IEA
CRE upregulated	GO:0006357	regulation of transcription by RNA polymerase II	ENSMUSG00000034832	Tet3	ISS, IBA, IEA
CRE upregulated	GO:0006357	regulation of transcription by RNA polymerase II	ENSMUSG00000002250	Ppard	IDA, IBA, IEA
CRE upregulated	GO:0006357	regulation of transcription by RNA polymerase II	ENSMUSG00000037638	Zbtb42	IDA, IBA
CRE upregulated	GO:0006357	regulation of transcription by RNA polymerase II	ENSMUSG00000066838	Zfp772	IBA
CRE upregulated	GO:0006357	regulation of transcription by RNA polymerase II	ENSMUSG00000007812	Zfp655	IBA
CRE upregulated	GO:0006357	regulation of transcription by RNA polymerase II	ENSMUSG00000042507	Mideas	IBA
CRE upregulated	GO:0006357	regulation of transcription by RNA polymerase II	ENSMUSG00000027583	Zbtb46	IDA, IBA, IEA
CRE upregulated	GO:0006357	regulation of transcription by RNA polymerase II	ENSMUSG00000030678	Maz	IEA
CRE upregulated	GO:0006357	regulation of transcription by RNA polymerase II	ENSMUSG00000053436	Mapk14	IMP, ISO
CRE upregulated	GO:0006357	regulation of transcription by RNA polymerase II	ENSMUSG00000048490	Nrip1	IDA, IBA, IEA
CRE upregulated	GO:0006357	regulation of transcription by RNA polymerase II	ENSMUSG00000022096	Hr	IBA
CRE upregulated	GO:0006357	regulation of transcription by RNA polymerase II	ENSMUSG00000013089	Etv5	IBA, IEA
CRE upregulated	GO:0006357	regulation of transcription by RNA polymerase II	ENSMUSG00000025746	Il6	IDA, IGI, ISO
CRE upregulated	GO:0006357	regulation of transcription by RNA polymerase II	ENSMUSG00000032231	Anxa2	IDA
CRE upregulated	GO:0006357	regulation of transcription by RNA polymerase II	ENSMUSG00000055994	Nod2	ISS, IEA
CRE upregulated	GO:0006357	regulation of transcription by RNA polymerase II	ENSMUSG00000063889	Crem	IGI, IBA, IEA
CRE upregulated	GO:0006357	regulation of transcription by RNA polymerase II	ENSMUSG00000042406	Atf4	IDA, IMP, IGI, ISO, IBA, IEA
CRE upregulated	GO:0006357	regulation of transcription by RNA polymerase II	ENSMUSG00000023079	Gtf2ird1	IEA
CRE upregulated	GO:0006357	regulation of transcription by RNA polymerase II	ENSMUSG00000025408	Ddit3	IDA, IMP, IGI, ISS, ISO, IBA, NAS, IEA
CRE upregulated	GO:0006357	regulation of transcription by RNA polymerase II	ENSMUSG00000040435	Ppp1r15a	IDA
CRE upregulated	GO:0006357	regulation of transcription by RNA polymerase II	ENSMUSG00000018909	Arrb1	ISO, IEA
CRE upregulated	GO:0006357	regulation of transcription by RNA polymerase II	ENSMUSG00000020248	Nfyb	ISO, IBA, IEA
CRE upregulated	GO:0006357	regulation of transcription by RNA polymerase II	ENSMUSG00000024349	Sting1	IDA, IEA
CRE upregulated	GO:0006357	regulation of transcription by RNA polymerase II	ENSMUSG00000030057	Cnbp	IDA, IEA
CRE upregulated	GO:0006357	regulation of transcription by RNA polymerase II	ENSMUSG00000000134	Tfe3	IDA, IBA, IEA
CRE upregulated	GO:0006357	regulation of transcription by RNA polymerase II	ENSMUSG00000015837	Sqstm1	IMP
CRE upregulated	GO:0006357	regulation of transcription by RNA polymerase II	ENSMUSG00000028901	Gmeb1	IDA, IBA
CRE upregulated	GO:0006357	regulation of transcription by RNA polymerase II	ENSMUSG00000001627	Ifrd1	ISO
CRE upregulated	GO:0006357	regulation of transcription by RNA polymerase II	ENSMUSG00000022346	Myc	IDA, IMP, ISO, IBA, IEA
CRE upregulated	GO:0006357	regulation of transcription by RNA polymerase II	ENSMUSG00000027954	Efna1	IMP
CRE upregulated	GO:0006357	regulation of transcription by RNA polymerase II	ENSMUSG00000024789	Jak2	IGI
CRE upregulated	GO:0006357	regulation of transcription by RNA polymerase II	ENSMUSG00000004040	ENSMUSG00000004040	IDA, IMP, IGI, ISO, IBA, IEA
CRE upregulated	GO:0006357	regulation of transcription by RNA polymerase II	ENSMUSG00000042292	Mrtfa	IDA, ISS, ISO, IBA, IEA
CRE upregulated	GO:0006357	regulation of transcription by RNA polymerase II	ENSMUSG00000061589	Dot1l	ISO, IEA
CRE upregulated	GO:0006357	regulation of transcription by RNA polymerase II	ENSMUSG00000029135	Fosl2	IDA, IMP, IBA, IEA
CRE upregulated	GO:0006357	regulation of transcription by RNA polymerase II	ENSMUSG00000018143	Mafk	IBA, IEA
CRE upregulated	GO:0006357	regulation of transcription by RNA polymerase II	ENSMUSG00000020358	Hnrnpab	IGI
CRE upregulated	GO:0006357	regulation of transcription by RNA polymerase II	ENSMUSG00000059866	Tnip2	ISS, IBA, IEA
CRE upregulated	GO:0006357	regulation of transcription by RNA polymerase II	ENSMUSG00000027806	Tsc22d2	IEA
CRE upregulated	GO:0006357	regulation of transcription by RNA polymerase II	ENSMUSG00000040033	ENSMUSG00000040033	IEA
CRE upregulated	GO:0006357	regulation of transcription by RNA polymerase II	ENSMUSG00000024803	Ankrd1	IDA, ISO, IBA
CRE upregulated	GO:0006357	regulation of transcription by RNA polymerase II	ENSMUSG00000024912	Fosl1	ISO, IBA, IEA
CRE upregulated	GO:0006357	regulation of transcription by RNA polymerase II	ENSMUSG00000024927	Rela	IDA, ISS, IBA, IEA
CRE upregulated	GO:0006357	regulation of transcription by RNA polymerase II	ENSMUSG00000003435	ENSMUSG00000003435	ISO, IEA
CRE upregulated	GO:0006357	regulation of transcription by RNA polymerase II	ENSMUSG00000055044	Pdlim1	IDA
CRE upregulated	GO:0006357	regulation of transcription by RNA polymerase II	ENSMUSG00000024238	Zeb1	IDA, IMP, IGI, ISO, IBA, IEA
CRE upregulated	GO:0006357	regulation of transcription by RNA polymerase II	ENSMUSG00000024947	Men1	IDA, IMP, IGI, ISO, IBA, IEA
CRE upregulated	GO:0006357	regulation of transcription by RNA polymerase II	ENSMUSG00000029071	ENSMUSG00000029071	IEA
CRE upregulated	GO:0006357	regulation of transcription by RNA polymerase II	ENSMUSG00000040433	Zbtb38	ISO
CRE upregulated	GO:0006357	regulation of transcription by RNA polymerase II	ENSMUSG00000032715	Trib3	IEA
CRE upregulated	GO:0006357	regulation of transcription by RNA polymerase II	ENSMUSG00000024777	ENSMUSG00000024777	ISO, IEA
CRE upregulated	GO:0006357	regulation of transcription by RNA polymerase II	ENSMUSG00000024335	Brd2	IDA, ISS, IEA
CRE upregulated	GO:0006357	regulation of transcription by RNA polymerase II	ENSMUSG00000048047	Zbtb33	IBA
CRE upregulated	GO:0006357	regulation of transcription by RNA polymerase II	ENSMUSG00000028466	Creb3	IEA
CRE upregulated	GO:0006357	regulation of transcription by RNA polymerase II	ENSMUSG00000037876	Jmjd1c	IBA
CRE upregulated	GO:0006357	regulation of transcription by RNA polymerase II	ENSMUSG00000022526	Zfp251	IBA
CRE upregulated	GO:0006357	regulation of transcription by RNA polymerase II	ENSMUSG00000071637	Cebpd	IDA, ISO, IBA, IEA
CRE upregulated	GO:0006357	regulation of transcription by RNA polymerase II	ENSMUSG00000015776	Med22	NAS, IEA
CRE upregulated	GO:0006357	regulation of transcription by RNA polymerase II	ENSMUSG00000053175	Bcl3	IDA, IBA
CRE upregulated	GO:0006357	regulation of transcription by RNA polymerase II	ENSMUSG00000068739	ENSMUSG00000068739	ISS, IEA
CRE upregulated	GO:0006357	regulation of transcription by RNA polymerase II	ENSMUSG00000059796	Eif4a1	ISS, IEA
CRE upregulated	GO:0006357	regulation of transcription by RNA polymerase II	ENSMUSG00000030199	Etv6	IDA, IBA, IEA
CRE upregulated	GO:0006357	regulation of transcription by RNA polymerase II	ENSMUSG00000003154	Foxj2	IBA, IEA
CRE upregulated	GO:0006357	regulation of transcription by RNA polymerase II	ENSMUSG00000040857	Erf	IEA
CRE upregulated	GO:0006357	regulation of transcription by RNA polymerase II	ENSMUSG00000036180	ENSMUSG00000036180	IBA, IEA
CRE upregulated	GO:0006357	regulation of transcription by RNA polymerase II	ENSMUSG00000039985	Sinhcaf	NAS
CRE upregulated	GO:0006357	regulation of transcription by RNA polymerase II	ENSMUSG00000055491	ENSMUSG00000055491	IBA
CRE upregulated	GO:0006357	regulation of transcription by RNA polymerase II	ENSMUSG00000052837	ENSMUSG00000052837	IMP, IBA, IEA
CRE upregulated	GO:0006357	regulation of transcription by RNA polymerase II	ENSMUSG00000028840	Zfp593	IEA
CRE upregulated	GO:0006357	regulation of transcription by RNA polymerase II	ENSMUSG00000047281	ENSMUSG00000047281	IDA
CRE upregulated	GO:0006357	regulation of transcription by RNA polymerase II	ENSMUSG00000021796	Bmpr1a	IDA, IMP, IEA
CRE upregulated	GO:0006357	regulation of transcription by RNA polymerase II	ENSMUSG00000029110	ENSMUSG00000029110	IDA, ISS, ISO, IBA, IEA
CRE upregulated	GO:0006357	regulation of transcription by RNA polymerase II	ENSMUSG00000021890	ENSMUSG00000021890	ISO
CRE upregulated	GO:0006357	regulation of transcription by RNA polymerase II	ENSMUSG00000039191	Rbpj	IDA, IMP, IGI, ISS, IEA
CRE upregulated	GO:0006357	regulation of transcription by RNA polymerase II	ENSMUSG00000019256	ENSMUSG00000019256	IEA
CRE upregulated	GO:0006357	regulation of transcription by RNA polymerase II	ENSMUSG00000046962	ENSMUSG00000046962	IBA, IEA
CRE upregulated	GO:0006357	regulation of transcription by RNA polymerase II	ENSMUSG00000051316	Taf7	IDA, ISS, ISO, IBA, IEA
CRE upregulated	GO:0006357	regulation of transcription by RNA polymerase II	ENSMUSG00000001552	ENSMUSG00000001552	IBA
CRE upregulated	GO:0006357	regulation of transcription by RNA polymerase II	ENSMUSG00000040463	ENSMUSG00000040463	NAS
CRE upregulated	GO:0006357	regulation of transcription by RNA polymerase II	ENSMUSG00000004099	ENSMUSG00000004099	IDA, IMP
CRE upregulated	GO:0006357	regulation of transcription by RNA polymerase II	ENSMUSG00000000787	ENSMUSG00000000787	ISS
CRE upregulated	GO:0006357	regulation of transcription by RNA polymerase II	ENSMUSG00000008730	Hipk1	ISS
CRE upregulated	GO:0006357	regulation of transcription by RNA polymerase II	ENSMUSG00000022948	Setd4	IBA
CRE upregulated	GO:0006357	regulation of transcription by RNA polymerase II	ENSMUSG00000038676	Ucn	IMP
CRE upregulated	GO:0006357	regulation of transcription by RNA polymerase II	ENSMUSG00000032508	Myd88	IMP
CRE upregulated	GO:0006357	regulation of transcription by RNA polymerase II	ENSMUSG00000002633	Shh	IDA, IMP, IGI
CRE upregulated	GO:0006357	regulation of transcription by RNA polymerase II	ENSMUSG00000008384	Sertad1	IGI
CRE upregulated	GO:0006357	regulation of transcription by RNA polymerase II	ENSMUSG00000028680	ENSMUSG00000028680	IEA
CRE upregulated	GO:0006357	regulation of transcription by RNA polymerase II	ENSMUSG00000027944	Hax1	IEA
CRE upregulated	GO:0006357	regulation of transcription by RNA polymerase II	ENSMUSG00000039671	ENSMUSG00000039671	IEA
CRE upregulated	GO:0006357	regulation of transcription by RNA polymerase II	ENSMUSG00000063952	Brpf3	IBA
CRE upregulated	GO:0006357	regulation of transcription by RNA polymerase II	ENSMUSG00000028291	ENSMUSG00000028291	IDA, IMP, ISO, IBA, IEA
CRE upregulated	GO:0006357	regulation of transcription by RNA polymerase II	ENSMUSG00000037465	Klf10	IBA, IEA
CRE upregulated	GO:0006357	regulation of transcription by RNA polymerase II	ENSMUSG00000027646	ENSMUSG00000027646	IEA
CRE upregulated	GO:0006357	regulation of transcription by RNA polymerase II	ENSMUSG00000004698	ENSMUSG00000004698	IEA
CRE upregulated	GO:0006357	regulation of transcription by RNA polymerase II	ENSMUSG00000003119	ENSMUSG00000003119	ISS, ISO, IBA, IEA
CRE upregulated	GO:0006357	regulation of transcription by RNA polymerase II	ENSMUSG00000042197	ENSMUSG00000042197	ISS, IBA, IEA
CRE upregulated	GO:0006357	regulation of transcription by RNA polymerase II	ENSMUSG00000055067	ENSMUSG00000055067	IMP
CRE upregulated	GO:0006357	regulation of transcription by RNA polymerase II	ENSMUSG00000015839	Nfe2l2	IDA, IMP, ISO, IBA, IEA
CRE upregulated	GO:0006357	regulation of transcription by RNA polymerase II	ENSMUSG00000024907	Gal	ISS, IEA
CRE upregulated	GO:0006357	regulation of transcription by RNA polymerase II	ENSMUSG00000024026	ENSMUSG00000024026	IDA
CRE upregulated	GO:0006357	regulation of transcription by RNA polymerase II	ENSMUSG00000029475	ENSMUSG00000029475	IDA, IMP, IBA
CRE upregulated	GO:0019219	regulation of nucleobase-containing compound metabolic process	ENSMUSG00000026628	Atf3	IDA, IGI, ISO, IBA, IEA
CRE upregulated	GO:0019219	regulation of nucleobase-containing compound metabolic process	ENSMUSG00000036390	Gadd45a	IEA
CRE upregulated	GO:0019219	regulation of nucleobase-containing compound metabolic process	ENSMUSG00000052684	Jun	IDA, IMP, IGI, ISS, ISO, IBA, NAS, IEA
CRE upregulated	GO:0019219	regulation of nucleobase-containing compound metabolic process	ENSMUSG00000063632	Sox11	IDA, IMP, ISO, IBA, IEA
CRE upregulated	GO:0019219	regulation of nucleobase-containing compound metabolic process	ENSMUSG00000056749	Nfil3	IDA, IMP, IBA, IEA
CRE upregulated	GO:0019219	regulation of nucleobase-containing compound metabolic process	ENSMUSG00000024143	Rhoq	IEA
CRE upregulated	GO:0019219	regulation of nucleobase-containing compound metabolic process	ENSMUSG00000022895	Ets2	ISO, IBA, IEA
CRE upregulated	GO:0019219	regulation of nucleobase-containing compound metabolic process	ENSMUSG00000019876	Pkib	IEA
CRE upregulated	GO:0019219	regulation of nucleobase-containing compound metabolic process	ENSMUSG00000037447	Arid5a	IGI, ISS, IBA, IEA
CRE upregulated	GO:0019219	regulation of nucleobase-containing compound metabolic process	ENSMUSG00000032515	Csrnp1	IDA, IMP, IBA
CRE upregulated	GO:0019219	regulation of nucleobase-containing compound metabolic process	ENSMUSG00000021765	Fst	IEA
CRE upregulated	GO:0019219	regulation of nucleobase-containing compound metabolic process	ENSMUSG00000030256	Bhlhe41	IDA, IBA, TAS, IEA
CRE upregulated	GO:0019219	regulation of nucleobase-containing compound metabolic process	ENSMUSG00000025612	Bach1	IDA, ISS, IBA, IEA
CRE upregulated	GO:0019219	regulation of nucleobase-containing compound metabolic process	ENSMUSG00000020427	Igfbp3	ISO
CRE upregulated	GO:0019219	regulation of nucleobase-containing compound metabolic process	ENSMUSG00000023067	Cdkn1a	IMP, IEA
CRE upregulated	GO:0019219	regulation of nucleobase-containing compound metabolic process	ENSMUSG00000000078	Klf6	IEA
CRE upregulated	GO:0019219	regulation of nucleobase-containing compound metabolic process	ENSMUSG00000058093	Zfp729b	IBA, IEA
CRE upregulated	GO:0019219	regulation of nucleobase-containing compound metabolic process	ENSMUSG00000044934	Zfp367	ISO, IBA, IEA
CRE upregulated	GO:0019219	regulation of nucleobase-containing compound metabolic process	ENSMUSG00000030272	Camk1	IEA
CRE upregulated	GO:0019219	regulation of nucleobase-containing compound metabolic process	ENSMUSG00000001542	Ell2	ISO, IBA
CRE upregulated	GO:0019219	regulation of nucleobase-containing compound metabolic process	ENSMUSG00000031681	Smad1	IDA, IMP, IGI, IBA, IEA
CRE upregulated	GO:0019219	regulation of nucleobase-containing compound metabolic process	ENSMUSG00000035673	Sbno2	IMP, IBA, IEA
CRE upregulated	GO:0019219	regulation of nucleobase-containing compound metabolic process	ENSMUSG00000033060	Lmo7	IDA, ISS, ISO
CRE upregulated	GO:0019219	regulation of nucleobase-containing compound metabolic process	ENSMUSG00000003644	Rps6ka1	ISO, IBA, IEA
CRE upregulated	GO:0019219	regulation of nucleobase-containing compound metabolic process	ENSMUSG00000026836	Acvr1	IMP, IEA
CRE upregulated	GO:0019219	regulation of nucleobase-containing compound metabolic process	ENSMUSG00000021400	Wrnip1	ISS, IEA
CRE upregulated	GO:0019219	regulation of nucleobase-containing compound metabolic process	ENSMUSG00000024256	Adcyap1	ISS, ISO, IEA
CRE upregulated	GO:0019219	regulation of nucleobase-containing compound metabolic process	ENSMUSG00000034832	Tet3	ISS, IBA, IEA
CRE upregulated	GO:0019219	regulation of nucleobase-containing compound metabolic process	ENSMUSG00000002250	Ppard	IDA, ISS, IBA, IEA
CRE upregulated	GO:0019219	regulation of nucleobase-containing compound metabolic process	ENSMUSG00000037638	Zbtb42	IDA, IBA
CRE upregulated	GO:0019219	regulation of nucleobase-containing compound metabolic process	ENSMUSG00000066838	Zfp772	IBA, IEA
CRE upregulated	GO:0019219	regulation of nucleobase-containing compound metabolic process	ENSMUSG00000007812	Zfp655	IBA, IEA
CRE upregulated	GO:0019219	regulation of nucleobase-containing compound metabolic process	ENSMUSG00000042507	Mideas	IBA
CRE upregulated	GO:0019219	regulation of nucleobase-containing compound metabolic process	ENSMUSG00000026796	Niban2	IEA
CRE upregulated	GO:0019219	regulation of nucleobase-containing compound metabolic process	ENSMUSG00000027583	Zbtb46	IDA, IBA, IEA
CRE upregulated	GO:0019219	regulation of nucleobase-containing compound metabolic process	ENSMUSG00000030678	Maz	IEA
CRE upregulated	GO:0019219	regulation of nucleobase-containing compound metabolic process	ENSMUSG00000053436	Mapk14	IDA, IMP, ISO
CRE upregulated	GO:0019219	regulation of nucleobase-containing compound metabolic process	ENSMUSG00000040025	Ythdf2	IMP, ISS, IBA, IEA
CRE upregulated	GO:0019219	regulation of nucleobase-containing compound metabolic process	ENSMUSG00000025239	Limd1	ISS, IBA, IEA
CRE upregulated	GO:0019219	regulation of nucleobase-containing compound metabolic process	ENSMUSG00000005370	Msh6	IMP, IEA
CRE upregulated	GO:0019219	regulation of nucleobase-containing compound metabolic process	ENSMUSG00000048490	Nrip1	IDA, IBA, IEA
CRE upregulated	GO:0019219	regulation of nucleobase-containing compound metabolic process	ENSMUSG00000022096	Hr	IDA, IBA
CRE upregulated	GO:0019219	regulation of nucleobase-containing compound metabolic process	ENSMUSG00000013089	Etv5	IDA, IBA, IEA
CRE upregulated	GO:0019219	regulation of nucleobase-containing compound metabolic process	ENSMUSG00000025746	Il6	IDA, IGI, ISO
CRE upregulated	GO:0019219	regulation of nucleobase-containing compound metabolic process	ENSMUSG00000032231	Anxa2	IDA
CRE upregulated	GO:0019219	regulation of nucleobase-containing compound metabolic process	ENSMUSG00000032280	Tle3	ISO, IEA
CRE upregulated	GO:0019219	regulation of nucleobase-containing compound metabolic process	ENSMUSG00000055994	Nod2	ISS, IEA
CRE upregulated	GO:0019219	regulation of nucleobase-containing compound metabolic process	ENSMUSG00000024014	Pim1	IMP
CRE upregulated	GO:0019219	regulation of nucleobase-containing compound metabolic process	ENSMUSG00000063889	Crem	IGI, IBA, IEA
CRE upregulated	GO:0019219	regulation of nucleobase-containing compound metabolic process	ENSMUSG00000027613	Eif6	IMP
CRE upregulated	GO:0019219	regulation of nucleobase-containing compound metabolic process	ENSMUSG00000042406	Atf4	IDA, IMP, IGI, ISS, ISO, IBA, IEA
CRE upregulated	GO:0019219	regulation of nucleobase-containing compound metabolic process	ENSMUSG00000023079	Gtf2ird1	IEA
CRE upregulated	GO:0019219	regulation of nucleobase-containing compound metabolic process	ENSMUSG00000020271	Fbxw11	IMP
CRE upregulated	GO:0019219	regulation of nucleobase-containing compound metabolic process	ENSMUSG00000029641	Rasl11a	IDA
CRE upregulated	GO:0019219	regulation of nucleobase-containing compound metabolic process	ENSMUSG00000025408	Ddit3	IDA, IMP, IGI, ISS, ISO, IBA, NAS, IEA
CRE upregulated	GO:0019219	regulation of nucleobase-containing compound metabolic process	ENSMUSG00000040435	Ppp1r15a	IDA
CRE upregulated	GO:0019219	regulation of nucleobase-containing compound metabolic process	ENSMUSG00000001847	Rac1	ISO
CRE upregulated	GO:0019219	regulation of nucleobase-containing compound metabolic process	ENSMUSG00000018909	Arrb1	ISO, IEA
CRE upregulated	GO:0019219	regulation of nucleobase-containing compound metabolic process	ENSMUSG00000020248	Nfyb	IDA, ISO, IBA, IEA
CRE upregulated	GO:0019219	regulation of nucleobase-containing compound metabolic process	ENSMUSG00000024349	Sting1	IDA, IEA
CRE upregulated	GO:0019219	regulation of nucleobase-containing compound metabolic process	ENSMUSG00000030057	Cnbp	IDA, IEA
CRE upregulated	GO:0019219	regulation of nucleobase-containing compound metabolic process	ENSMUSG00000000134	Tfe3	IDA, IMP, IBA, IEA
CRE upregulated	GO:0019219	regulation of nucleobase-containing compound metabolic process	ENSMUSG00000008393	Carhsp1	IMP, IBA, IEA
CRE upregulated	GO:0019219	regulation of nucleobase-containing compound metabolic process	ENSMUSG00000015837	Sqstm1	IMP
CRE upregulated	GO:0019219	regulation of nucleobase-containing compound metabolic process	ENSMUSG00000028901	Gmeb1	IDA, IBA
CRE upregulated	GO:0019219	regulation of nucleobase-containing compound metabolic process	ENSMUSG00000029131	Dnajb6	IDA
CRE upregulated	GO:0019219	regulation of nucleobase-containing compound metabolic process	ENSMUSG00000037580	Gch1	ISO, IEA
CRE upregulated	GO:0019219	regulation of nucleobase-containing compound metabolic process	ENSMUSG00000023087	Noct	IMP, IGI
CRE upregulated	GO:0019219	regulation of nucleobase-containing compound metabolic process	ENSMUSG00000001627	Ifrd1	ISO
CRE upregulated	GO:0019219	regulation of nucleobase-containing compound metabolic process	ENSMUSG00000022346	Myc	IDA, IMP, IGI, ISS, ISO, IBA, IEA
CRE upregulated	GO:0019219	regulation of nucleobase-containing compound metabolic process	ENSMUSG00000027954	Efna1	IMP
CRE upregulated	GO:0019219	regulation of nucleobase-containing compound metabolic process	ENSMUSG00000024789	Jak2	IGI, ISS
CRE upregulated	GO:0019219	regulation of nucleobase-containing compound metabolic process	ENSMUSG00000004040	ENSMUSG00000004040	IDA, IMP, IGI, ISO, IBA, NAS, IEA
CRE upregulated	GO:0019219	regulation of nucleobase-containing compound metabolic process	ENSMUSG00000042292	Mrtfa	IDA, ISS, ISO, IBA, IEA
CRE upregulated	GO:0019219	regulation of nucleobase-containing compound metabolic process	ENSMUSG00000061589	Dot1l	ISO, IEA
CRE upregulated	GO:0019219	regulation of nucleobase-containing compound metabolic process	ENSMUSG00000109511	Nup62	IEA
CRE upregulated	GO:0019219	regulation of nucleobase-containing compound metabolic process	ENSMUSG00000029135	Fosl2	IDA, IMP, ISO, IBA, IEA
CRE upregulated	GO:0019219	regulation of nucleobase-containing compound metabolic process	ENSMUSG00000018143	Mafk	IDA, IBA, IEA
CRE upregulated	GO:0019219	regulation of nucleobase-containing compound metabolic process	ENSMUSG00000029826	Zc3hav1	ISS, ISO, IBA, IEA
CRE upregulated	GO:0019219	regulation of nucleobase-containing compound metabolic process	ENSMUSG00000024190	Dusp1	ISO
CRE upregulated	GO:0019219	regulation of nucleobase-containing compound metabolic process	ENSMUSG00000063919	Srrm4	IMP, ISS, IEA
CRE upregulated	GO:0019219	regulation of nucleobase-containing compound metabolic process	ENSMUSG00000035236	Scai	IEA
CRE upregulated	GO:0019219	regulation of nucleobase-containing compound metabolic process	ENSMUSG00000020358	Hnrnpab	IDA, IGI, ISO, IEA
CRE upregulated	GO:0019219	regulation of nucleobase-containing compound metabolic process	ENSMUSG00000059866	Tnip2	ISS, IBA, IEA
CRE upregulated	GO:0019219	regulation of nucleobase-containing compound metabolic process	ENSMUSG00000004865	ENSMUSG00000004865	IDA, IBA, IEA
CRE upregulated	GO:0019219	regulation of nucleobase-containing compound metabolic process	ENSMUSG00000027806	Tsc22d2	IEA
CRE upregulated	GO:0019219	regulation of nucleobase-containing compound metabolic process	ENSMUSG00000017615	Tnfaip1	ISO, IEA
CRE upregulated	GO:0019219	regulation of nucleobase-containing compound metabolic process	ENSMUSG00000040033	ENSMUSG00000040033	IEA
CRE upregulated	GO:0019219	regulation of nucleobase-containing compound metabolic process	ENSMUSG00000024803	Ankrd1	IDA, ISO, IBA, IEA
CRE upregulated	GO:0019219	regulation of nucleobase-containing compound metabolic process	ENSMUSG00000032497	Lrrfip2	IEA
CRE upregulated	GO:0019219	regulation of nucleobase-containing compound metabolic process	ENSMUSG00000024912	Fosl1	ISO, IBA, IEA
CRE upregulated	GO:0019219	regulation of nucleobase-containing compound metabolic process	ENSMUSG00000024927	Rela	IDA, IMP, ISS, ISO, IBA, TAS, IEA
CRE upregulated	GO:0019219	regulation of nucleobase-containing compound metabolic process	ENSMUSG00000003435	ENSMUSG00000003435	ISO, IEA
CRE upregulated	GO:0019219	regulation of nucleobase-containing compound metabolic process	ENSMUSG00000055044	Pdlim1	IDA, IEA
CRE upregulated	GO:0019219	regulation of nucleobase-containing compound metabolic process	ENSMUSG00000024238	Zeb1	IDA, IMP, IGI, ISS, ISO, IBA, IEA
CRE upregulated	GO:0019219	regulation of nucleobase-containing compound metabolic process	ENSMUSG00000024947	Men1	IDA, IMP, IGI, ISO, IBA, IEA
CRE upregulated	GO:0019219	regulation of nucleobase-containing compound metabolic process	ENSMUSG00000029071	ENSMUSG00000029071	IEA
CRE upregulated	GO:0019219	regulation of nucleobase-containing compound metabolic process	ENSMUSG00000040433	Zbtb38	ISO, IBA, IEA
CRE upregulated	GO:0019219	regulation of nucleobase-containing compound metabolic process	ENSMUSG00000032715	Trib3	ISS, IEA
CRE upregulated	GO:0019219	regulation of nucleobase-containing compound metabolic process	ENSMUSG00000024777	ENSMUSG00000024777	ISO, IEA
CRE upregulated	GO:0019219	regulation of nucleobase-containing compound metabolic process	ENSMUSG00000024335	Brd2	IDA, ISS, IBA, IEA
CRE upregulated	GO:0019219	regulation of nucleobase-containing compound metabolic process	ENSMUSG00000048047	Zbtb33	ISS, IBA, IEA
CRE upregulated	GO:0019219	regulation of nucleobase-containing compound metabolic process	ENSMUSG00000028466	Creb3	IEA
CRE upregulated	GO:0019219	regulation of nucleobase-containing compound metabolic process	ENSMUSG00000037876	Jmjd1c	IBA
CRE upregulated	GO:0019219	regulation of nucleobase-containing compound metabolic process	ENSMUSG00000022526	Zfp251	IBA, IEA
CRE upregulated	GO:0019219	regulation of nucleobase-containing compound metabolic process	ENSMUSG00000071637	Cebpd	IDA, ISO, IBA, IEA
CRE upregulated	GO:0019219	regulation of nucleobase-containing compound metabolic process	ENSMUSG00000015776	Med22	NAS, IEA
CRE upregulated	GO:0019219	regulation of nucleobase-containing compound metabolic process	ENSMUSG00000031668	ENSMUSG00000031668	IEA
CRE upregulated	GO:0019219	regulation of nucleobase-containing compound metabolic process	ENSMUSG00000053175	Bcl3	IDA, IBA, IEA
CRE upregulated	GO:0019219	regulation of nucleobase-containing compound metabolic process	ENSMUSG00000068739	ENSMUSG00000068739	ISS, IEA
CRE upregulated	GO:0019219	regulation of nucleobase-containing compound metabolic process	ENSMUSG00000059796	Eif4a1	ISS, IEA
CRE upregulated	GO:0019219	regulation of nucleobase-containing compound metabolic process	ENSMUSG00000030199	Etv6	IDA, IBA, IEA
CRE upregulated	GO:0019219	regulation of nucleobase-containing compound metabolic process	ENSMUSG00000003154	Foxj2	IBA, IEA
CRE upregulated	GO:0019219	regulation of nucleobase-containing compound metabolic process	ENSMUSG00000040857	Erf	IEA
CRE upregulated	GO:0019219	regulation of nucleobase-containing compound metabolic process	ENSMUSG00000020349	ENSMUSG00000020349	IMP, ISO
CRE upregulated	GO:0019219	regulation of nucleobase-containing compound metabolic process	ENSMUSG00000028599	Tnfrsf1b	IMP
CRE upregulated	GO:0019219	regulation of nucleobase-containing compound metabolic process	ENSMUSG00000027605	Acss2	IEA
CRE upregulated	GO:0019219	regulation of nucleobase-containing compound metabolic process	ENSMUSG00000036180	ENSMUSG00000036180	ISS, IBA, NAS, IEA
CRE upregulated	GO:0019219	regulation of nucleobase-containing compound metabolic process	ENSMUSG00000011877	Git1	IMP
CRE upregulated	GO:0019219	regulation of nucleobase-containing compound metabolic process	ENSMUSG00000039985	Sinhcaf	NAS
CRE upregulated	GO:0019219	regulation of nucleobase-containing compound metabolic process	ENSMUSG00000055491	ENSMUSG00000055491	IBA
CRE upregulated	GO:0019219	regulation of nucleobase-containing compound metabolic process	ENSMUSG00000052837	ENSMUSG00000052837	IDA, IMP, IBA, IEA
CRE upregulated	GO:0019219	regulation of nucleobase-containing compound metabolic process	ENSMUSG00000013483	Card14	ISS
CRE upregulated	GO:0019219	regulation of nucleobase-containing compound metabolic process	ENSMUSG00000028840	Zfp593	IEA
CRE upregulated	GO:0019219	regulation of nucleobase-containing compound metabolic process	ENSMUSG00000047281	ENSMUSG00000047281	IDA
CRE upregulated	GO:0019219	regulation of nucleobase-containing compound metabolic process	ENSMUSG00000021796	Bmpr1a	IDA, IMP, IEA
CRE upregulated	GO:0019219	regulation of nucleobase-containing compound metabolic process	ENSMUSG00000019842	ENSMUSG00000019842	IDA, IMP
CRE upregulated	GO:0019219	regulation of nucleobase-containing compound metabolic process	ENSMUSG00000034543	ENSMUSG00000034543	IMP, ISS
CRE upregulated	GO:0019219	regulation of nucleobase-containing compound metabolic process	ENSMUSG00000029110	ENSMUSG00000029110	IDA, ISS, ISO, IBA, IEA
CRE upregulated	GO:0019219	regulation of nucleobase-containing compound metabolic process	ENSMUSG00000021890	ENSMUSG00000021890	ISO, IEA
CRE upregulated	GO:0019219	regulation of nucleobase-containing compound metabolic process	ENSMUSG00000045763	ENSMUSG00000045763	ISS, IBA, IEA
CRE upregulated	GO:0019219	regulation of nucleobase-containing compound metabolic process	ENSMUSG00000109336	ENSMUSG00000109336	IEA
CRE upregulated	GO:0019219	regulation of nucleobase-containing compound metabolic process	ENSMUSG00000039191	Rbpj	IDA, IMP, IGI, ISS, ISO, IEA
CRE upregulated	GO:0019219	regulation of nucleobase-containing compound metabolic process	ENSMUSG00000019256	ENSMUSG00000019256	IEA
CRE upregulated	GO:0019219	regulation of nucleobase-containing compound metabolic process	ENSMUSG00000046962	ENSMUSG00000046962	IBA, IEA
CRE upregulated	GO:0019219	regulation of nucleobase-containing compound metabolic process	ENSMUSG00000051316	Taf7	IDA, ISS, ISO, IBA, NAS, IEA
CRE upregulated	GO:0019219	regulation of nucleobase-containing compound metabolic process	ENSMUSG00000001552	ENSMUSG00000001552	IBA
CRE upregulated	GO:0019219	regulation of nucleobase-containing compound metabolic process	ENSMUSG00000040463	ENSMUSG00000040463	IDA, ISO, NAS, IEA
CRE upregulated	GO:0019219	regulation of nucleobase-containing compound metabolic process	ENSMUSG00000004099	ENSMUSG00000004099	IDA, IMP
CRE upregulated	GO:0019219	regulation of nucleobase-containing compound metabolic process	ENSMUSG00000022858	ENSMUSG00000022858	IMP, ISS, IBA, IEA
CRE upregulated	GO:0019219	regulation of nucleobase-containing compound metabolic process	ENSMUSG00000053007	Creb5	IEA
CRE upregulated	GO:0019219	regulation of nucleobase-containing compound metabolic process	ENSMUSG00000020594	ENSMUSG00000020594	ISS, IBA, IEA
CRE upregulated	GO:0019219	regulation of nucleobase-containing compound metabolic process	ENSMUSG00000000787	ENSMUSG00000000787	ISS
CRE upregulated	GO:0019219	regulation of nucleobase-containing compound metabolic process	ENSMUSG00000008730	Hipk1	ISS
CRE upregulated	GO:0019219	regulation of nucleobase-containing compound metabolic process	ENSMUSG00000059288	ENSMUSG00000059288	IEA
CRE upregulated	GO:0019219	regulation of nucleobase-containing compound metabolic process	ENSMUSG00000022948	Setd4	IBA
CRE upregulated	GO:0019219	regulation of nucleobase-containing compound metabolic process	ENSMUSG00000038676	Ucn	IMP, ISO, IEA
CRE upregulated	GO:0019219	regulation of nucleobase-containing compound metabolic process	ENSMUSG00000042185	ENSMUSG00000042185	IDA, IMP, ISO, IEA
CRE upregulated	GO:0019219	regulation of nucleobase-containing compound metabolic process	ENSMUSG00000032508	Myd88	IMP, IEA
CRE upregulated	GO:0019219	regulation of nucleobase-containing compound metabolic process	ENSMUSG00000002633	Shh	IDA, IMP, IGI, IEA
CRE upregulated	GO:0019219	regulation of nucleobase-containing compound metabolic process	ENSMUSG00000008384	Sertad1	IDA, IGI
CRE upregulated	GO:0019219	regulation of nucleobase-containing compound metabolic process	ENSMUSG00000028680	ENSMUSG00000028680	IEA
CRE upregulated	GO:0019219	regulation of nucleobase-containing compound metabolic process	ENSMUSG00000027944	Hax1	IEA
CRE upregulated	GO:0019219	regulation of nucleobase-containing compound metabolic process	ENSMUSG00000039671	ENSMUSG00000039671	IEA
CRE upregulated	GO:0019219	regulation of nucleobase-containing compound metabolic process	ENSMUSG00000063952	Brpf3	ISS, IBA, IEA
CRE upregulated	GO:0019219	regulation of nucleobase-containing compound metabolic process	ENSMUSG00000048027	ENSMUSG00000048027	IDA
CRE upregulated	GO:0019219	regulation of nucleobase-containing compound metabolic process	ENSMUSG00000028291	ENSMUSG00000028291	IDA, IMP, ISO, IBA, IEA
CRE upregulated	GO:0019219	regulation of nucleobase-containing compound metabolic process	ENSMUSG00000078676	ENSMUSG00000078676	ISS, ISO, IEA
CRE upregulated	GO:0019219	regulation of nucleobase-containing compound metabolic process	ENSMUSG00000028382	ENSMUSG00000028382	IMP
CRE upregulated	GO:0019219	regulation of nucleobase-containing compound metabolic process	ENSMUSG00000037465	Klf10	IDA, IMP, IBA, IEA
CRE upregulated	GO:0019219	regulation of nucleobase-containing compound metabolic process	ENSMUSG00000020755	ENSMUSG00000020755	IEA
CRE upregulated	GO:0019219	regulation of nucleobase-containing compound metabolic process	ENSMUSG00000027646	ENSMUSG00000027646	IDA, IEA
CRE upregulated	GO:0019219	regulation of nucleobase-containing compound metabolic process	ENSMUSG00000020680	ENSMUSG00000020680	ISO, IEA
CRE upregulated	GO:0019219	regulation of nucleobase-containing compound metabolic process	ENSMUSG00000004698	ENSMUSG00000004698	IEA
CRE upregulated	GO:0019219	regulation of nucleobase-containing compound metabolic process	ENSMUSG00000032501	Trib1	IDA
CRE upregulated	GO:0019219	regulation of nucleobase-containing compound metabolic process	ENSMUSG00000003119	ENSMUSG00000003119	ISS, ISO, IBA, IEA
CRE upregulated	GO:0019219	regulation of nucleobase-containing compound metabolic process	ENSMUSG00000042197	ENSMUSG00000042197	ISS, IBA, IEA
CRE upregulated	GO:0019219	regulation of nucleobase-containing compound metabolic process	ENSMUSG00000055067	ENSMUSG00000055067	IMP
CRE upregulated	GO:0019219	regulation of nucleobase-containing compound metabolic process	ENSMUSG00000015839	Nfe2l2	IDA, IMP, IGI, ISO, IBA, IEA
CRE upregulated	GO:0019219	regulation of nucleobase-containing compound metabolic process	ENSMUSG00000022332	ENSMUSG00000022332	IDA, ISO, IBA, IEA
CRE upregulated	GO:0019219	regulation of nucleobase-containing compound metabolic process	ENSMUSG00000024907	Gal	ISS, IEA
CRE upregulated	GO:0019219	regulation of nucleobase-containing compound metabolic process	ENSMUSG00000003541	ENSMUSG00000003541	IMP
CRE upregulated	GO:0019219	regulation of nucleobase-containing compound metabolic process	ENSMUSG00000024026	ENSMUSG00000024026	IDA
CRE upregulated	GO:0019219	regulation of nucleobase-containing compound metabolic process	ENSMUSG00000029475	ENSMUSG00000029475	IDA, IMP, IBA
CRE upregulated	GO:0031346	positive regulation of cell projection organization	ENSMUSG00000004951	Hspb1	ISO
CRE upregulated	GO:0031346	positive regulation of cell projection organization	ENSMUSG00000024143	Rhoq	IEA
CRE upregulated	GO:0031346	positive regulation of cell projection organization	ENSMUSG00000023905	Tnfrsf12a	IDA
CRE upregulated	GO:0031346	positive regulation of cell projection organization	ENSMUSG00000030102	Itpr1	ISO
CRE upregulated	GO:0031346	positive regulation of cell projection organization	ENSMUSG00000006304	Arpc2	ISO, IEA
CRE upregulated	GO:0031346	positive regulation of cell projection organization	ENSMUSG00000030272	Camk1	ISS, IEA
CRE upregulated	GO:0031346	positive regulation of cell projection organization	ENSMUSG00000048482	Bdnf	IDA, IMP, IGI, IEA
CRE upregulated	GO:0031346	positive regulation of cell projection organization	ENSMUSG00000024256	Adcyap1	ISO, IEA
CRE upregulated	GO:0031346	positive regulation of cell projection organization	ENSMUSG00000018736	Ndel1	IMP, ISO
CRE upregulated	GO:0031346	positive regulation of cell projection organization	ENSMUSG00000018507	Trpv2	IMP
CRE upregulated	GO:0031346	positive regulation of cell projection organization	ENSMUSG00000045136	Tubb2b	ISS, IEA
CRE upregulated	GO:0031346	positive regulation of cell projection organization	ENSMUSG00000025809	Itgb1	ISO
CRE upregulated	GO:0031346	positive regulation of cell projection organization	ENSMUSG00000025746	Il6	ISO
CRE upregulated	GO:0031346	positive regulation of cell projection organization	ENSMUSG00000037062	Sh3glb1	ISO
CRE upregulated	GO:0031346	positive regulation of cell projection organization	ENSMUSG00000034247	Plekhm1	IMP
CRE upregulated	GO:0031346	positive regulation of cell projection organization	ENSMUSG00000024772	Ehd1	ISO, IEA
CRE upregulated	GO:0031346	positive regulation of cell projection organization	ENSMUSG00000001507	Itga3	ISO, IEA
CRE upregulated	GO:0031346	positive regulation of cell projection organization	ENSMUSG00000055407	Map6	ISO, IBA
CRE upregulated	GO:0031346	positive regulation of cell projection organization	ENSMUSG00000001847	Rac1	ISO, IEA
CRE upregulated	GO:0031346	positive regulation of cell projection organization	ENSMUSG00000030309	Caprin2	IMP
CRE upregulated	GO:0031346	positive regulation of cell projection organization	ENSMUSG00000029765	Plxna4	IBA
CRE upregulated	GO:0031346	positive regulation of cell projection organization	ENSMUSG00000024803	Ankrd1	ISO
CRE upregulated	GO:0031346	positive regulation of cell projection organization	ENSMUSG00000027692	Tnik	ISO
CRE upregulated	GO:0031346	positive regulation of cell projection organization	ENSMUSG00000029071	ENSMUSG00000029071	IMP, ISO, IEA
CRE upregulated	GO:0031346	positive regulation of cell projection organization	ENSMUSG00000024777	ENSMUSG00000024777	ISO, IEA
CRE upregulated	GO:0031346	positive regulation of cell projection organization	ENSMUSG00000004530	ENSMUSG00000004530	IEA
CRE upregulated	GO:0031346	positive regulation of cell projection organization	ENSMUSG00000044147	Arf6	IEA
CRE upregulated	GO:0031346	positive regulation of cell projection organization	ENSMUSG00000041598	Cdc42ep4	IBA, IEA
CRE upregulated	GO:0031346	positive regulation of cell projection organization	ENSMUSG00000045664	Cdc42ep2	IBA, IEA
CRE upregulated	GO:0031346	positive regulation of cell projection organization	ENSMUSG00000039844	ENSMUSG00000039844	ISO, IEA
CRE upregulated	GO:0031346	positive regulation of cell projection organization	ENSMUSG00000020594	ENSMUSG00000020594	ISO, IEA
CRE upregulated	GO:0031346	positive regulation of cell projection organization	ENSMUSG00000008859	ENSMUSG00000008859	IEA
CRE upregulated	GO:0031346	positive regulation of cell projection organization	ENSMUSG00000026864	ENSMUSG00000026864	ISO
CRE upregulated	GO:0031346	positive regulation of cell projection organization	ENSMUSG00000039671	ENSMUSG00000039671	ISO, IEA
CRE upregulated	GO:0031346	positive regulation of cell projection organization	ENSMUSG00000023277	ENSMUSG00000023277	IBA, IEA
CRE upregulated	GO:0031346	positive regulation of cell projection organization	ENSMUSG00000019843	ENSMUSG00000019843	IGI
CRE upregulated	GO:0031346	positive regulation of cell projection organization	ENSMUSG00000027646	ENSMUSG00000027646	IEA
CRE upregulated	GO:0031346	positive regulation of cell projection organization	ENSMUSG00000015839	Nfe2l2	ISO, IEA
CRE upregulated	GO:0031346	positive regulation of cell projection organization	ENSMUSG00000049550	ENSMUSG00000049550	ISO
CRE upregulated	GO:0031346	positive regulation of cell projection organization	ENSMUSG00000054204	ENSMUSG00000054204	ISS, IEA
CRE upregulated	GO:0009894	regulation of catabolic process	ENSMUSG00000025473	Adam8	IDA, IBA, IEA
CRE upregulated	GO:0009894	regulation of catabolic process	ENSMUSG00000037447	Arid5a	ISS, IEA
CRE upregulated	GO:0009894	regulation of catabolic process	ENSMUSG00000020427	Igfbp3	ISO
CRE upregulated	GO:0009894	regulation of catabolic process	ENSMUSG00000037458	Azin1	ISS, ISO, IBA, IEA
CRE upregulated	GO:0009894	regulation of catabolic process	ENSMUSG00000044734	Serpinb1a	IPI
CRE upregulated	GO:0009894	regulation of catabolic process	ENSMUSG00000021501	Caml	ISS, IEA
CRE upregulated	GO:0009894	regulation of catabolic process	ENSMUSG00000038894	Irs2	IEA
CRE upregulated	GO:0009894	regulation of catabolic process	ENSMUSG00000028789	Azin2	IBA, IEA
CRE upregulated	GO:0009894	regulation of catabolic process	ENSMUSG00000027540	Ptpn1	IEA
CRE upregulated	GO:0009894	regulation of catabolic process	ENSMUSG00000011179	Odc1	IDA
CRE upregulated	GO:0009894	regulation of catabolic process	ENSMUSG00000041548	Hspb8	IEA
CRE upregulated	GO:0009894	regulation of catabolic process	ENSMUSG00000025809	Itgb1	ISS, IEA
CRE upregulated	GO:0009894	regulation of catabolic process	ENSMUSG00000040025	Ythdf2	IMP, IBA, IEA
CRE upregulated	GO:0009894	regulation of catabolic process	ENSMUSG00000032231	Anxa2	IMP, IEA
CRE upregulated	GO:0009894	regulation of catabolic process	ENSMUSG00000031078	Cttn	IMP
CRE upregulated	GO:0009894	regulation of catabolic process	ENSMUSG00000022607	Ptk2	IDA, IMP
CRE upregulated	GO:0009894	regulation of catabolic process	ENSMUSG00000055994	Nod2	IDA, IMP
CRE upregulated	GO:0009894	regulation of catabolic process	ENSMUSG00000037062	Sh3glb1	IMP, IEA
CRE upregulated	GO:0009894	regulation of catabolic process	ENSMUSG00000027613	Eif6	IMP
CRE upregulated	GO:0009894	regulation of catabolic process	ENSMUSG00000025408	Ddit3	ISS, ISO
CRE upregulated	GO:0009894	regulation of catabolic process	ENSMUSG00000024349	Sting1	IMP, IBA, IEA
CRE upregulated	GO:0009894	regulation of catabolic process	ENSMUSG00000008393	Carhsp1	IMP, IBA, IEA
CRE upregulated	GO:0009894	regulation of catabolic process	ENSMUSG00000015837	Sqstm1	IEA
CRE upregulated	GO:0009894	regulation of catabolic process	ENSMUSG00000023087	Noct	IMP, IGI
CRE upregulated	GO:0009894	regulation of catabolic process	ENSMUSG00000022433	Csnk1e	IMP, IBA
CRE upregulated	GO:0009894	regulation of catabolic process	ENSMUSG00000022346	Myc	ISO
CRE upregulated	GO:0009894	regulation of catabolic process	ENSMUSG00000004040	ENSMUSG00000004040	IMP, IEA
CRE upregulated	GO:0009894	regulation of catabolic process	ENSMUSG00000029826	Zc3hav1	ISS, ISO, IBA, IEA
CRE upregulated	GO:0009894	regulation of catabolic process	ENSMUSG00000020358	Hnrnpab	ISO, IEA
CRE upregulated	GO:0009894	regulation of catabolic process	ENSMUSG00000021306	Gpr137b	IEA
CRE upregulated	GO:0009894	regulation of catabolic process	ENSMUSG00000024927	Rela	IMP
CRE upregulated	GO:0009894	regulation of catabolic process	ENSMUSG00000036206	Sh3bp4	ISS, IEA
CRE upregulated	GO:0009894	regulation of catabolic process	ENSMUSG00000003435	ENSMUSG00000003435	IEA
CRE upregulated	GO:0009894	regulation of catabolic process	ENSMUSG00000026078	Pdcl3	ISO, IEA
CRE upregulated	GO:0009894	regulation of catabolic process	ENSMUSG00000028893	Sesn2	IMP, ISS, IBA, IEA
CRE upregulated	GO:0009894	regulation of catabolic process	ENSMUSG00000029071	ENSMUSG00000029071	IEA
CRE upregulated	GO:0009894	regulation of catabolic process	ENSMUSG00000032715	Trib3	ISS, ISO, IBA, TAS, IC, IEA
CRE upregulated	GO:0009894	regulation of catabolic process	ENSMUSG00000020694	ENSMUSG00000020694	ISS, IEA
CRE upregulated	GO:0009894	regulation of catabolic process	ENSMUSG00000025162	ENSMUSG00000025162	IMP, IBA, IEA
CRE upregulated	GO:0009894	regulation of catabolic process	ENSMUSG00000020349	ENSMUSG00000020349	IMP, ISO
CRE upregulated	GO:0009894	regulation of catabolic process	ENSMUSG00000028599	Tnfrsf1b	IMP, IBA, IEA
CRE upregulated	GO:0009894	regulation of catabolic process	ENSMUSG00000011877	Git1	IMP, ISO
CRE upregulated	GO:0009894	regulation of catabolic process	ENSMUSG00000019842	ENSMUSG00000019842	IDA, IMP
CRE upregulated	GO:0009894	regulation of catabolic process	ENSMUSG00000109336	ENSMUSG00000109336	IEA
CRE upregulated	GO:0009894	regulation of catabolic process	ENSMUSG00000000001	ENSMUSG00000000001	IEA
CRE upregulated	GO:0009894	regulation of catabolic process	ENSMUSG00000040010	Slc7a5	ISO, IEA
CRE upregulated	GO:0009894	regulation of catabolic process	ENSMUSG00000020594	ENSMUSG00000020594	ISS, IBA, IEA
CRE upregulated	GO:0009894	regulation of catabolic process	ENSMUSG00000020448	Rnf185	ISS, IEA
CRE upregulated	GO:0009894	regulation of catabolic process	ENSMUSG00000038467	ENSMUSG00000038467	IMP
CRE upregulated	GO:0009894	regulation of catabolic process	ENSMUSG00000032508	Myd88	IEA
CRE upregulated	GO:0009894	regulation of catabolic process	ENSMUSG00000021072	Tmx1	ISS, IEA
CRE upregulated	GO:0009894	regulation of catabolic process	ENSMUSG00000002633	Shh	IMP
CRE upregulated	GO:0009894	regulation of catabolic process	ENSMUSG00000032540	ENSMUSG00000032540	IDA, IMP, IBA, IEA
CRE upregulated	GO:0009894	regulation of catabolic process	ENSMUSG00000028680	ENSMUSG00000028680	IEA
CRE upregulated	GO:0009894	regulation of catabolic process	ENSMUSG00000053581	ENSMUSG00000053581	IMP
CRE upregulated	GO:0009894	regulation of catabolic process	ENSMUSG00000038250	ENSMUSG00000038250	IEA
CRE upregulated	GO:0009894	regulation of catabolic process	ENSMUSG00000040652	ENSMUSG00000040652	IDA, IBA
CRE upregulated	GO:0009894	regulation of catabolic process	ENSMUSG00000078676	ENSMUSG00000078676	ISS, ISO, IEA
CRE upregulated	GO:0009894	regulation of catabolic process	ENSMUSG00000019843	ENSMUSG00000019843	IMP
CRE upregulated	GO:0009894	regulation of catabolic process	ENSMUSG00000027646	ENSMUSG00000027646	IDA
CRE upregulated	GO:0009894	regulation of catabolic process	ENSMUSG00000020680	ENSMUSG00000020680	ISO, IEA
CRE upregulated	GO:0009894	regulation of catabolic process	ENSMUSG00000021340	ENSMUSG00000021340	IEA
CRE upregulated	GO:0009894	regulation of catabolic process	ENSMUSG00000032501	Trib1	IDA, IBA
CRE upregulated	GO:0009894	regulation of catabolic process	ENSMUSG00000046707	ENSMUSG00000046707	IEA
CRE upregulated	GO:0009894	regulation of catabolic process	ENSMUSG00000003541	ENSMUSG00000003541	IDA, IMP
CRE upregulated	GO:1901700	response to oxygen-containing compound	ENSMUSG00000052684	Jun	IMP, IEP
CRE upregulated	GO:1901700	response to oxygen-containing compound	ENSMUSG00000037428	Vgf	IMP, IEA
CRE upregulated	GO:1901700	response to oxygen-containing compound	ENSMUSG00000031574	Star	IEA
CRE upregulated	GO:1901700	response to oxygen-containing compound	ENSMUSG00000024143	Rhoq	IMP, IEA
CRE upregulated	GO:1901700	response to oxygen-containing compound	ENSMUSG00000037447	Arid5a	IMP
CRE upregulated	GO:1901700	response to oxygen-containing compound	ENSMUSG00000030102	Itpr1	IGI, ISO
CRE upregulated	GO:1901700	response to oxygen-containing compound	ENSMUSG00000006304	Arpc2	ISO
CRE upregulated	GO:1901700	response to oxygen-containing compound	ENSMUSG00000027495	Fam210b	ISS, IEA
CRE upregulated	GO:1901700	response to oxygen-containing compound	ENSMUSG00000035673	Sbno2	IDA
CRE upregulated	GO:1901700	response to oxygen-containing compound	ENSMUSG00000029378	Areg	IDA, IEA
CRE upregulated	GO:1901700	response to oxygen-containing compound	ENSMUSG00000048482	Bdnf	ISO
CRE upregulated	GO:1901700	response to oxygen-containing compound	ENSMUSG00000024256	Adcyap1	IEA
CRE upregulated	GO:1901700	response to oxygen-containing compound	ENSMUSG00000018736	Ndel1	IDA
CRE upregulated	GO:1901700	response to oxygen-containing compound	ENSMUSG00000002250	Ppard	ISO
CRE upregulated	GO:1901700	response to oxygen-containing compound	ENSMUSG00000038894	Irs2	IDA, IMP, ISO, IBA, IEA
CRE upregulated	GO:1901700	response to oxygen-containing compound	ENSMUSG00000035828	Pim3	IMP
CRE upregulated	GO:1901700	response to oxygen-containing compound	ENSMUSG00000005069	Pex5	IEA
CRE upregulated	GO:1901700	response to oxygen-containing compound	ENSMUSG00000027540	Ptpn1	IMP, ISO, IEA
CRE upregulated	GO:1901700	response to oxygen-containing compound	ENSMUSG00000019461	Plscr3	IEP
CRE upregulated	GO:1901700	response to oxygen-containing compound	ENSMUSG00000051343	Rab11fip5	IMP
CRE upregulated	GO:1901700	response to oxygen-containing compound	ENSMUSG00000028645	Slc2a1	IBA, IEA
CRE upregulated	GO:1901700	response to oxygen-containing compound	ENSMUSG00000053436	Mapk14	IDA, IMP, ISO, IEA
CRE upregulated	GO:1901700	response to oxygen-containing compound	ENSMUSG00000028156	Eif4e	IDA
CRE upregulated	GO:1901700	response to oxygen-containing compound	ENSMUSG00000048490	Nrip1	IBA, IEA
CRE upregulated	GO:1901700	response to oxygen-containing compound	ENSMUSG00000015243	Abca1	IDA, IEA
CRE upregulated	GO:1901700	response to oxygen-containing compound	ENSMUSG00000020592	Sdc1	IEA
CRE upregulated	GO:1901700	response to oxygen-containing compound	ENSMUSG00000025746	Il6	IDA, ISO
CRE upregulated	GO:1901700	response to oxygen-containing compound	ENSMUSG00000055994	Nod2	IDA, IMP, ISS, ISO, IBA, IEA
CRE upregulated	GO:1901700	response to oxygen-containing compound	ENSMUSG00000024014	Pim1	IEA
CRE upregulated	GO:1901700	response to oxygen-containing compound	ENSMUSG00000020580	Rock2	IEA
CRE upregulated	GO:1901700	response to oxygen-containing compound	ENSMUSG00000027613	Eif6	IMP
CRE upregulated	GO:1901700	response to oxygen-containing compound	ENSMUSG00000059923	Grb2	IDA, IEA
CRE upregulated	GO:1901700	response to oxygen-containing compound	ENSMUSG00000021996	Esd	IEA
CRE upregulated	GO:1901700	response to oxygen-containing compound	ENSMUSG00000005950	P2rx5	IEA
CRE upregulated	GO:1901700	response to oxygen-containing compound	ENSMUSG00000020838	Slc6a4	ISO, IEA
CRE upregulated	GO:1901700	response to oxygen-containing compound	ENSMUSG00000031628	Casp3	ISO, IEA
CRE upregulated	GO:1901700	response to oxygen-containing compound	ENSMUSG00000001847	Rac1	IDA, IMP, ISO
CRE upregulated	GO:1901700	response to oxygen-containing compound	ENSMUSG00000042121	Ssh1	ISO, IEA
CRE upregulated	GO:1901700	response to oxygen-containing compound	ENSMUSG00000018909	Arrb1	IMP
CRE upregulated	GO:1901700	response to oxygen-containing compound	ENSMUSG00000057531	Dtnbp1	ISS, ISO, IEA
CRE upregulated	GO:1901700	response to oxygen-containing compound	ENSMUSG00000037580	Gch1	TAS, IEA
CRE upregulated	GO:1901700	response to oxygen-containing compound	ENSMUSG00000023087	Noct	IDA
CRE upregulated	GO:1901700	response to oxygen-containing compound	ENSMUSG00000031955	Bcar1	ISS, ISO
CRE upregulated	GO:1901700	response to oxygen-containing compound	ENSMUSG00000036478	Btg1	IEA
CRE upregulated	GO:1901700	response to oxygen-containing compound	ENSMUSG00000053113	Socs3	IDA
CRE upregulated	GO:1901700	response to oxygen-containing compound	ENSMUSG00000024789	Jak2	IDA, IMP, ISS, ISO, IBA, IEA
CRE upregulated	GO:1901700	response to oxygen-containing compound	ENSMUSG00000004040	ENSMUSG00000004040	IDA, IBA, IEA
CRE upregulated	GO:1901700	response to oxygen-containing compound	ENSMUSG00000022602	Arc	IEA
CRE upregulated	GO:1901700	response to oxygen-containing compound	ENSMUSG00000020027	Socs2	IMP, IEA
CRE upregulated	GO:1901700	response to oxygen-containing compound	ENSMUSG00000029135	Fosl2	IDA, IMP, ISO
CRE upregulated	GO:1901700	response to oxygen-containing compound	ENSMUSG00000004347	ENSMUSG00000004347	ISO
CRE upregulated	GO:1901700	response to oxygen-containing compound	ENSMUSG00000059866	Tnip2	IMP, IBA
CRE upregulated	GO:1901700	response to oxygen-containing compound	ENSMUSG00000059316	Slc27a4	IMP, IEA
CRE upregulated	GO:1901700	response to oxygen-containing compound	ENSMUSG00000024803	Ankrd1	IDA, IEA
CRE upregulated	GO:1901700	response to oxygen-containing compound	ENSMUSG00000031934	ENSMUSG00000031934	IMP
CRE upregulated	GO:1901700	response to oxygen-containing compound	ENSMUSG00000024912	Fosl1	IEA
CRE upregulated	GO:1901700	response to oxygen-containing compound	ENSMUSG00000024927	Rela	IDA, IEP, ISS, ISO, IBA, IEA
CRE upregulated	GO:1901700	response to oxygen-containing compound	ENSMUSG00000027952	Pmvk	IEA
CRE upregulated	GO:1901700	response to oxygen-containing compound	ENSMUSG00000028893	Sesn2	IMP, IGI, IBA, IEA
CRE upregulated	GO:1901700	response to oxygen-containing compound	ENSMUSG00000044453	Ffar1	IDA, IBA, IEA
CRE upregulated	GO:1901700	response to oxygen-containing compound	ENSMUSG00000032715	Trib3	IDA
CRE upregulated	GO:1901700	response to oxygen-containing compound	ENSMUSG00000035594	Chrna5	IBA
CRE upregulated	GO:1901700	response to oxygen-containing compound	ENSMUSG00000026074	Map4k4	IEA
CRE upregulated	GO:1901700	response to oxygen-containing compound	ENSMUSG00000040365	Trim41	ISS, IEA
CRE upregulated	GO:1901700	response to oxygen-containing compound	ENSMUSG00000066441	ENSMUSG00000066441	IDA, IEA
CRE upregulated	GO:1901700	response to oxygen-containing compound	ENSMUSG00000010660	Plcd1	ISO
CRE upregulated	GO:1901700	response to oxygen-containing compound	ENSMUSG00000032599	ENSMUSG00000032599	ISS, IEA
CRE upregulated	GO:1901700	response to oxygen-containing compound	ENSMUSG00000037815	Ctnna1	IEA
CRE upregulated	GO:1901700	response to oxygen-containing compound	ENSMUSG00000040118	ENSMUSG00000040118	IEA
CRE upregulated	GO:1901700	response to oxygen-containing compound	ENSMUSG00000029752	ENSMUSG00000029752	IEA
CRE upregulated	GO:1901700	response to oxygen-containing compound	ENSMUSG00000021587	Pcsk1	IEA
CRE upregulated	GO:1901700	response to oxygen-containing compound	ENSMUSG00000028599	Tnfrsf1b	IEA
CRE upregulated	GO:1901700	response to oxygen-containing compound	ENSMUSG00000011877	Git1	IMP
CRE upregulated	GO:1901700	response to oxygen-containing compound	ENSMUSG00000029110	ENSMUSG00000029110	ISO
CRE upregulated	GO:1901700	response to oxygen-containing compound	ENSMUSG00000000001	ENSMUSG00000000001	IBA
CRE upregulated	GO:1901700	response to oxygen-containing compound	ENSMUSG00000019256	ENSMUSG00000019256	IEA
CRE upregulated	GO:1901700	response to oxygen-containing compound	ENSMUSG00000001552	ENSMUSG00000001552	IEA
CRE upregulated	GO:1901700	response to oxygen-containing compound	ENSMUSG00000040010	Slc7a5	IEA
CRE upregulated	GO:1901700	response to oxygen-containing compound	ENSMUSG00000020671	ENSMUSG00000020671	IMP, IEA
CRE upregulated	GO:1901700	response to oxygen-containing compound	ENSMUSG00000004099	ENSMUSG00000004099	IDA
CRE upregulated	GO:1901700	response to oxygen-containing compound	ENSMUSG00000022858	ENSMUSG00000022858	IEA
CRE upregulated	GO:1901700	response to oxygen-containing compound	ENSMUSG00000027997	Casp6	ISO
CRE upregulated	GO:1901700	response to oxygen-containing compound	ENSMUSG00000022094	ENSMUSG00000022094	IDA, IMP
CRE upregulated	GO:1901700	response to oxygen-containing compound	ENSMUSG00000038676	Ucn	IEA
CRE upregulated	GO:1901700	response to oxygen-containing compound	ENSMUSG00000052681	Rap1b	ISS, IBA, IEA
CRE upregulated	GO:1901700	response to oxygen-containing compound	ENSMUSG00000032508	Myd88	IMP, IGI, IEA
CRE upregulated	GO:1901700	response to oxygen-containing compound	ENSMUSG00000028370	Pappa	ISO, IEA
CRE upregulated	GO:1901700	response to oxygen-containing compound	ENSMUSG00000002633	Shh	ISO
CRE upregulated	GO:1901700	response to oxygen-containing compound	ENSMUSG00000028680	ENSMUSG00000028680	IEA
CRE upregulated	GO:1901700	response to oxygen-containing compound	ENSMUSG00000005089	Slc1a2	IDA
CRE upregulated	GO:1901700	response to oxygen-containing compound	ENSMUSG00000029145	ENSMUSG00000029145	ISO
CRE upregulated	GO:1901700	response to oxygen-containing compound	ENSMUSG00000028291	ENSMUSG00000028291	IMP
CRE upregulated	GO:1901700	response to oxygen-containing compound	ENSMUSG00000037411	Serpine1	IEA
CRE upregulated	GO:1901700	response to oxygen-containing compound	ENSMUSG00000032786	ENSMUSG00000032786	ISS, IEA
CRE upregulated	GO:1901700	response to oxygen-containing compound	ENSMUSG00000023277	ENSMUSG00000023277	IEA
CRE upregulated	GO:1901700	response to oxygen-containing compound	ENSMUSG00000019843	ENSMUSG00000019843	IGI, ISO, IEA
CRE upregulated	GO:1901700	response to oxygen-containing compound	ENSMUSG00000024493	ENSMUSG00000024493	IEA
CRE upregulated	GO:1901700	response to oxygen-containing compound	ENSMUSG00000027646	ENSMUSG00000027646	IDA, IMP, IGI, ISO, IEA
CRE upregulated	GO:1901700	response to oxygen-containing compound	ENSMUSG00000021340	ENSMUSG00000021340	IEA
CRE upregulated	GO:1901700	response to oxygen-containing compound	ENSMUSG00000004698	ENSMUSG00000004698	IEA
CRE upregulated	GO:1901700	response to oxygen-containing compound	ENSMUSG00000032501	Trib1	IMP, IEA
CRE upregulated	GO:1901700	response to oxygen-containing compound	ENSMUSG00000031642	Sh3rf1	IEA
CRE upregulated	GO:1901700	response to oxygen-containing compound	ENSMUSG00000055067	ENSMUSG00000055067	IDA
CRE upregulated	GO:1901700	response to oxygen-containing compound	ENSMUSG00000031073	Fgf15	IEA
CRE upregulated	GO:1901700	response to oxygen-containing compound	ENSMUSG00000015839	Nfe2l2	IMP, ISO, IEA
CRE upregulated	GO:1901700	response to oxygen-containing compound	ENSMUSG00000021477	ENSMUSG00000021477	ISS
CRE upregulated	GO:0051707	response to other organism	ENSMUSG00000052684	Jun	IEP
CRE upregulated	GO:0051707	response to other organism	ENSMUSG00000037428	Vgf	IEA
CRE upregulated	GO:0051707	response to other organism	ENSMUSG00000031574	Star	IEA
CRE upregulated	GO:0051707	response to other organism	ENSMUSG00000004951	Hspb1	ISS, IEA
CRE upregulated	GO:0051707	response to other organism	ENSMUSG00000046688	Tifa	ISS, IBA, IEA
CRE upregulated	GO:0051707	response to other organism	ENSMUSG00000025473	Adam8	IDA
CRE upregulated	GO:0051707	response to other organism	ENSMUSG00000037447	Arid5a	IMP, IEA
CRE upregulated	GO:0051707	response to other organism	ENSMUSG00000033902	Mapkbp1	IEA
CRE upregulated	GO:0051707	response to other organism	ENSMUSG00000030748	Il4ra	IMP
CRE upregulated	GO:0051707	response to other organism	ENSMUSG00000014599	Csf1	IEA
CRE upregulated	GO:0051707	response to other organism	ENSMUSG00000024404	Riok3	IEA
CRE upregulated	GO:0051707	response to other organism	ENSMUSG00000035673	Sbno2	IDA
CRE upregulated	GO:0051707	response to other organism	ENSMUSG00000030095	Tmem43	IEA
CRE upregulated	GO:0051707	response to other organism	ENSMUSG00000028793	Rnf19b	IMP
CRE upregulated	GO:0051707	response to other organism	ENSMUSG00000026670	Uap1	IEA
CRE upregulated	GO:0051707	response to other organism	ENSMUSG00000021400	Wrnip1	IEA
CRE upregulated	GO:0051707	response to other organism	ENSMUSG00000002250	Ppard	ISO
CRE upregulated	GO:0051707	response to other organism	ENSMUSG00000044734	Serpinb1a	IDA
CRE upregulated	GO:0051707	response to other organism	ENSMUSG00000019461	Plscr3	IEP
CRE upregulated	GO:0051707	response to other organism	ENSMUSG00000011179	Odc1	IEA
CRE upregulated	GO:0051707	response to other organism	ENSMUSG00000051343	Rab11fip5	IDA
CRE upregulated	GO:0051707	response to other organism	ENSMUSG00000026254	Eif4e2	IEA
CRE upregulated	GO:0051707	response to other organism	ENSMUSG00000053436	Mapk14	IDA, ISO, IEA
CRE upregulated	GO:0051707	response to other organism	ENSMUSG00000040025	Ythdf2	ISS, IEA
CRE upregulated	GO:0051707	response to other organism	ENSMUSG00000022043	Trim35	IEA
CRE upregulated	GO:0051707	response to other organism	ENSMUSG00000011008	Mcoln2	IEA
CRE upregulated	GO:0051707	response to other organism	ENSMUSG00000015243	Abca1	IDA
CRE upregulated	GO:0051707	response to other organism	ENSMUSG00000025139	Tollip	IEA
CRE upregulated	GO:0051707	response to other organism	ENSMUSG00000025746	Il6	IDA, IMP, ISO
CRE upregulated	GO:0051707	response to other organism	ENSMUSG00000055994	Nod2	IDA, IMP, IGI, ISS, ISO, IBA, IEA
CRE upregulated	GO:0051707	response to other organism	ENSMUSG00000024014	Pim1	ISS, IEA
CRE upregulated	GO:0051707	response to other organism	ENSMUSG00000059923	Grb2	IEA
CRE upregulated	GO:0051707	response to other organism	ENSMUSG00000042726	Trafd1	IMP, IBA
CRE upregulated	GO:0051707	response to other organism	ENSMUSG00000031628	Casp3	IEA
CRE upregulated	GO:0051707	response to other organism	ENSMUSG00000001847	Rac1	IDA
CRE upregulated	GO:0051707	response to other organism	ENSMUSG00000024349	Sting1	IDA, IMP, ISS, ISO, IBA, IEA
CRE upregulated	GO:0051707	response to other organism	ENSMUSG00000074115	Saa1	IEP
CRE upregulated	GO:0051707	response to other organism	ENSMUSG00000015837	Sqstm1	IEA
CRE upregulated	GO:0051707	response to other organism	ENSMUSG00000034783	Cd207	IEA
CRE upregulated	GO:0051707	response to other organism	ENSMUSG00000037580	Gch1	TAS, IEA
CRE upregulated	GO:0051707	response to other organism	ENSMUSG00000023087	Noct	IDA
CRE upregulated	GO:0051707	response to other organism	ENSMUSG00000015316	Slamf1	IEA
CRE upregulated	GO:0051707	response to other organism	ENSMUSG00000024789	Jak2	IDA, ISS, ISO, IEA
CRE upregulated	GO:0051707	response to other organism	ENSMUSG00000029578	Wipi2	IPI
CRE upregulated	GO:0051707	response to other organism	ENSMUSG00000029135	Fosl2	IDA, IMP
CRE upregulated	GO:0051707	response to other organism	ENSMUSG00000036990	Otud4	IDA, IBA, IEA
CRE upregulated	GO:0051707	response to other organism	ENSMUSG00000029860	Zyx	IDA
CRE upregulated	GO:0051707	response to other organism	ENSMUSG00000029826	Zc3hav1	ISS, ISO, IBA, TAS, IEA
CRE upregulated	GO:0051707	response to other organism	ENSMUSG00000027797	Dclk1	IEA
CRE upregulated	GO:0051707	response to other organism	ENSMUSG00000059866	Tnip2	IMP, IBA
CRE upregulated	GO:0051707	response to other organism	ENSMUSG00000033545	Znrf1	IEA
CRE upregulated	GO:0051707	response to other organism	ENSMUSG00000040033	ENSMUSG00000040033	IEA
CRE upregulated	GO:0051707	response to other organism	ENSMUSG00000024803	Ankrd1	IDA, IEA
CRE upregulated	GO:0051707	response to other organism	ENSMUSG00000024912	Fosl1	IMP
CRE upregulated	GO:0051707	response to other organism	ENSMUSG00000024927	Rela	IDA, IEP, ISO, IBA, IEA
CRE upregulated	GO:0051707	response to other organism	ENSMUSG00000038591	Colec10	IEA
CRE upregulated	GO:0051707	response to other organism	ENSMUSG00000040365	Trim41	ISS, IEA
CRE upregulated	GO:0051707	response to other organism	ENSMUSG00000053175	Bcl3	IMP, IEA
CRE upregulated	GO:0051707	response to other organism	ENSMUSG00000020349	ENSMUSG00000020349	IMP
CRE upregulated	GO:0051707	response to other organism	ENSMUSG00000021587	Pcsk1	IEA
CRE upregulated	GO:0051707	response to other organism	ENSMUSG00000028599	Tnfrsf1b	IEA
CRE upregulated	GO:0051707	response to other organism	ENSMUSG00000044147	Arf6	NAS
CRE upregulated	GO:0051707	response to other organism	ENSMUSG00000030662	ENSMUSG00000030662	IEA
CRE upregulated	GO:0051707	response to other organism	ENSMUSG00000011877	Git1	IMP
CRE upregulated	GO:0051707	response to other organism	ENSMUSG00000025060	ENSMUSG00000025060	ISO
CRE upregulated	GO:0051707	response to other organism	ENSMUSG00000047281	ENSMUSG00000047281	ISS, IEA
CRE upregulated	GO:0051707	response to other organism	ENSMUSG00000019842	ENSMUSG00000019842	IEA
CRE upregulated	GO:0051707	response to other organism	ENSMUSG00000070056	ENSMUSG00000070056	IMP, ISS, IEA
CRE upregulated	GO:0051707	response to other organism	ENSMUSG00000041598	Cdc42ep4	IDA
CRE upregulated	GO:0051707	response to other organism	ENSMUSG00000045664	Cdc42ep2	IDA
CRE upregulated	GO:0051707	response to other organism	ENSMUSG00000037860	Aim2	IDA, IMP, IBA, NAS, IEA
CRE upregulated	GO:0051707	response to other organism	ENSMUSG00000039191	Rbpj	IMP
CRE upregulated	GO:0051707	response to other organism	ENSMUSG00000019256	ENSMUSG00000019256	IEA
CRE upregulated	GO:0051707	response to other organism	ENSMUSG00000040010	Slc7a5	IEA
CRE upregulated	GO:0051707	response to other organism	ENSMUSG00000076434	ENSMUSG00000076434	IBA
CRE upregulated	GO:0051707	response to other organism	ENSMUSG00000027997	Casp6	ISS, IEA
CRE upregulated	GO:0051707	response to other organism	ENSMUSG00000058354	Krt6a	IMP
CRE upregulated	GO:0051707	response to other organism	ENSMUSG00000020594	ENSMUSG00000020594	IEA
CRE upregulated	GO:0051707	response to other organism	ENSMUSG00000020448	Rnf185	ISS, IEA
CRE upregulated	GO:0051707	response to other organism	ENSMUSG00000000787	ENSMUSG00000000787	IDA, ISS, IEA
CRE upregulated	GO:0051707	response to other organism	ENSMUSG00000037553	ENSMUSG00000037553	ISS, IEA
CRE upregulated	GO:0051707	response to other organism	ENSMUSG00000025403	ENSMUSG00000025403	IEA
CRE upregulated	GO:0051707	response to other organism	ENSMUSG00000032508	Myd88	IMP, IGI, ISS, IBA, IEA
CRE upregulated	GO:0051707	response to other organism	ENSMUSG00000038250	ENSMUSG00000038250	IEA
CRE upregulated	GO:0051707	response to other organism	ENSMUSG00000028291	ENSMUSG00000028291	IMP, IBA, IEA
CRE upregulated	GO:0051707	response to other organism	ENSMUSG00000050108	Bpifc	IEA
CRE upregulated	GO:0051707	response to other organism	ENSMUSG00000037411	Serpine1	IEA
CRE upregulated	GO:0051707	response to other organism	ENSMUSG00000019843	ENSMUSG00000019843	IBA
CRE upregulated	GO:0051707	response to other organism	ENSMUSG00000020755	ENSMUSG00000020755	IEA
CRE upregulated	GO:0051707	response to other organism	ENSMUSG00000027646	ENSMUSG00000027646	IBA, IEA
CRE upregulated	GO:0051707	response to other organism	ENSMUSG00000052316	ENSMUSG00000052316	IEA
CRE upregulated	GO:0051707	response to other organism	ENSMUSG00000032501	Trib1	IMP, IEA
CRE upregulated	GO:0051707	response to other organism	ENSMUSG00000019726	ENSMUSG00000019726	IEA
CRE upregulated	GO:0051707	response to other organism	ENSMUSG00000031073	Fgf15	IEP
CRE upregulated	GO:0051707	response to other organism	ENSMUSG00000015839	Nfe2l2	IMP
CRE upregulated	GO:0051707	response to other organism	ENSMUSG00000053797	ENSMUSG00000053797	IMP, IEA
CRE upregulated	GO:0051707	response to other organism	ENSMUSG00000003541	ENSMUSG00000003541	IMP
CRE upregulated	GO:0070887	cellular response to chemical stimulus	ENSMUSG00000052684	Jun	IDA, IMP, IEP
CRE upregulated	GO:0070887	cellular response to chemical stimulus	ENSMUSG00000031574	Star	IEA
CRE upregulated	GO:0070887	cellular response to chemical stimulus	ENSMUSG00000004951	Hspb1	ISO, IEA
CRE upregulated	GO:0070887	cellular response to chemical stimulus	ENSMUSG00000003752	Itpkc	ISS, IEA
CRE upregulated	GO:0070887	cellular response to chemical stimulus	ENSMUSG00000025473	Adam8	IDA, ISS, IEA
CRE upregulated	GO:0070887	cellular response to chemical stimulus	ENSMUSG00000024143	Rhoq	IMP, IEA
CRE upregulated	GO:0070887	cellular response to chemical stimulus	ENSMUSG00000037447	Arid5a	IMP, IEA
CRE upregulated	GO:0070887	cellular response to chemical stimulus	ENSMUSG00000030102	Itpr1	IGI, ISO
CRE upregulated	GO:0070887	cellular response to chemical stimulus	ENSMUSG00000032802	Srxn1	IEA
CRE upregulated	GO:0070887	cellular response to chemical stimulus	ENSMUSG00000014599	Csf1	IEA
CRE upregulated	GO:0070887	cellular response to chemical stimulus	ENSMUSG00000024404	Riok3	IEA
CRE upregulated	GO:0070887	cellular response to chemical stimulus	ENSMUSG00000006304	Arpc2	ISO
CRE upregulated	GO:0070887	cellular response to chemical stimulus	ENSMUSG00000027495	Fam210b	ISS, IEA
CRE upregulated	GO:0070887	cellular response to chemical stimulus	ENSMUSG00000050989	Selenon	IMP, IGI
CRE upregulated	GO:0070887	cellular response to chemical stimulus	ENSMUSG00000035673	Sbno2	IDA
CRE upregulated	GO:0070887	cellular response to chemical stimulus	ENSMUSG00000048482	Bdnf	ISO
CRE upregulated	GO:0070887	cellular response to chemical stimulus	ENSMUSG00000024256	Adcyap1	IEA
CRE upregulated	GO:0070887	cellular response to chemical stimulus	ENSMUSG00000021070	Bdkrb2	IMP, IGI
CRE upregulated	GO:0070887	cellular response to chemical stimulus	ENSMUSG00000018736	Ndel1	IDA
CRE upregulated	GO:0070887	cellular response to chemical stimulus	ENSMUSG00000002250	Ppard	IGI, ISO, IBA, IEA
CRE upregulated	GO:0070887	cellular response to chemical stimulus	ENSMUSG00000038894	Irs2	IDA, IMP, ISO, IBA, IEA
CRE upregulated	GO:0070887	cellular response to chemical stimulus	ENSMUSG00000025337	Sbds	IEA
CRE upregulated	GO:0070887	cellular response to chemical stimulus	ENSMUSG00000035828	Pim3	IMP
CRE upregulated	GO:0070887	cellular response to chemical stimulus	ENSMUSG00000005069	Pex5	IEA
CRE upregulated	GO:0070887	cellular response to chemical stimulus	ENSMUSG00000027540	Ptpn1	IMP, ISO, IEA
CRE upregulated	GO:0070887	cellular response to chemical stimulus	ENSMUSG00000038023	Atp6v0a2	ISS, IEA
CRE upregulated	GO:0070887	cellular response to chemical stimulus	ENSMUSG00000019461	Plscr3	IEP
CRE upregulated	GO:0070887	cellular response to chemical stimulus	ENSMUSG00000028063	Lmna	ISS, IEA
CRE upregulated	GO:0070887	cellular response to chemical stimulus	ENSMUSG00000051343	Rab11fip5	IMP
CRE upregulated	GO:0070887	cellular response to chemical stimulus	ENSMUSG00000028645	Slc2a1	IEA
CRE upregulated	GO:0070887	cellular response to chemical stimulus	ENSMUSG00000053436	Mapk14	IDA, ISO, IEA
CRE upregulated	GO:0070887	cellular response to chemical stimulus	ENSMUSG00000028156	Eif4e	IDA
CRE upregulated	GO:0070887	cellular response to chemical stimulus	ENSMUSG00000048490	Nrip1	IBA, IEA
CRE upregulated	GO:0070887	cellular response to chemical stimulus	ENSMUSG00000015243	Abca1	IDA, IEA
CRE upregulated	GO:0070887	cellular response to chemical stimulus	ENSMUSG00000013089	Etv5	ISS, IEA
CRE upregulated	GO:0070887	cellular response to chemical stimulus	ENSMUSG00000025746	Il6	IDA, ISO
CRE upregulated	GO:0070887	cellular response to chemical stimulus	ENSMUSG00000055994	Nod2	IMP, ISS, IEA
CRE upregulated	GO:0070887	cellular response to chemical stimulus	ENSMUSG00000024014	Pim1	ISS, IEA
CRE upregulated	GO:0070887	cellular response to chemical stimulus	ENSMUSG00000020580	Rock2	IEA
CRE upregulated	GO:0070887	cellular response to chemical stimulus	ENSMUSG00000059923	Grb2	IDA, IEA
CRE upregulated	GO:0070887	cellular response to chemical stimulus	ENSMUSG00000021996	Esd	IEA
CRE upregulated	GO:0070887	cellular response to chemical stimulus	ENSMUSG00000042406	Atf4	IMP, ISO, IEA
CRE upregulated	GO:0070887	cellular response to chemical stimulus	ENSMUSG00000040322	Slc25a24	ISS, IEA
CRE upregulated	GO:0070887	cellular response to chemical stimulus	ENSMUSG00000020838	Slc6a4	ISO, IEA
CRE upregulated	GO:0070887	cellular response to chemical stimulus	ENSMUSG00000031628	Casp3	IDA, IEA
CRE upregulated	GO:0070887	cellular response to chemical stimulus	ENSMUSG00000025408	Ddit3	IDA
CRE upregulated	GO:0070887	cellular response to chemical stimulus	ENSMUSG00000035199	Arl6ip5	IMP
CRE upregulated	GO:0070887	cellular response to chemical stimulus	ENSMUSG00000001847	Rac1	IDA, IMP, ISO, IBA, IEA
CRE upregulated	GO:0070887	cellular response to chemical stimulus	ENSMUSG00000042121	Ssh1	ISO, IEA
CRE upregulated	GO:0070887	cellular response to chemical stimulus	ENSMUSG00000018909	Arrb1	IMP
CRE upregulated	GO:0070887	cellular response to chemical stimulus	ENSMUSG00000024349	Sting1	IEA
CRE upregulated	GO:0070887	cellular response to chemical stimulus	ENSMUSG00000057531	Dtnbp1	ISS, ISO, IEA
CRE upregulated	GO:0070887	cellular response to chemical stimulus	ENSMUSG00000036737	Oxsr1	IMP, IGI, IBA, IEA
CRE upregulated	GO:0070887	cellular response to chemical stimulus	ENSMUSG00000037580	Gch1	TAS, IEA
CRE upregulated	GO:0070887	cellular response to chemical stimulus	ENSMUSG00000031955	Bcar1	ISS, ISO, IEA
CRE upregulated	GO:0070887	cellular response to chemical stimulus	ENSMUSG00000015316	Slamf1	IMP
CRE upregulated	GO:0070887	cellular response to chemical stimulus	ENSMUSG00000029765	Plxna4	IMP
CRE upregulated	GO:0070887	cellular response to chemical stimulus	ENSMUSG00000000811	Txnrd3	IEA
CRE upregulated	GO:0070887	cellular response to chemical stimulus	ENSMUSG00000022346	Myc	IDA, IEA
CRE upregulated	GO:0070887	cellular response to chemical stimulus	ENSMUSG00000053113	Socs3	IDA
CRE upregulated	GO:0070887	cellular response to chemical stimulus	ENSMUSG00000024789	Jak2	IDA, IMP, ISS, ISO, IBA, IEA
CRE upregulated	GO:0070887	cellular response to chemical stimulus	ENSMUSG00000004040	ENSMUSG00000004040	IDA, IMP, ISS, ISO, IBA, IEA
CRE upregulated	GO:0070887	cellular response to chemical stimulus	ENSMUSG00000020027	Socs2	IMP, IEA
CRE upregulated	GO:0070887	cellular response to chemical stimulus	ENSMUSG00000004347	ENSMUSG00000004347	ISO
CRE upregulated	GO:0070887	cellular response to chemical stimulus	ENSMUSG00000029826	Zc3hav1	IDA
CRE upregulated	GO:0070887	cellular response to chemical stimulus	ENSMUSG00000050335	Lgals3	IEA
CRE upregulated	GO:0070887	cellular response to chemical stimulus	ENSMUSG00000028255	Clca1	IEA
CRE upregulated	GO:0070887	cellular response to chemical stimulus	ENSMUSG00000024190	Dusp1	IEA
CRE upregulated	GO:0070887	cellular response to chemical stimulus	ENSMUSG00000030223	ENSMUSG00000030223	ISS, IEA
CRE upregulated	GO:0070887	cellular response to chemical stimulus	ENSMUSG00000059866	Tnip2	IMP, IBA
CRE upregulated	GO:0070887	cellular response to chemical stimulus	ENSMUSG00000059316	Slc27a4	IMP, IEA
CRE upregulated	GO:0070887	cellular response to chemical stimulus	ENSMUSG00000024803	Ankrd1	IDA, IEA
CRE upregulated	GO:0070887	cellular response to chemical stimulus	ENSMUSG00000024927	Rela	IEP, ISS, ISO, IBA, IEA
CRE upregulated	GO:0070887	cellular response to chemical stimulus	ENSMUSG00000036206	Sh3bp4	ISS, IEA
CRE upregulated	GO:0070887	cellular response to chemical stimulus	ENSMUSG00000024238	Zeb1	IDA
CRE upregulated	GO:0070887	cellular response to chemical stimulus	ENSMUSG00000028893	Sesn2	IMP, ISS, IBA, IEA
CRE upregulated	GO:0070887	cellular response to chemical stimulus	ENSMUSG00000064210	ENSMUSG00000064210	IMP, IEA
CRE upregulated	GO:0070887	cellular response to chemical stimulus	ENSMUSG00000032715	Trib3	IDA
CRE upregulated	GO:0070887	cellular response to chemical stimulus	ENSMUSG00000035594	Chrna5	ISO, IBA
CRE upregulated	GO:0070887	cellular response to chemical stimulus	ENSMUSG00000026074	Map4k4	IEA
CRE upregulated	GO:0070887	cellular response to chemical stimulus	ENSMUSG00000040365	Trim41	ISS, IEA
CRE upregulated	GO:0070887	cellular response to chemical stimulus	ENSMUSG00000028466	Creb3	IEA
CRE upregulated	GO:0070887	cellular response to chemical stimulus	ENSMUSG00000066441	ENSMUSG00000066441	IDA, IEA
CRE upregulated	GO:0070887	cellular response to chemical stimulus	ENSMUSG00000031668	ENSMUSG00000031668	IEA
CRE upregulated	GO:0070887	cellular response to chemical stimulus	ENSMUSG00000032599	ENSMUSG00000032599	ISS, IEA
CRE upregulated	GO:0070887	cellular response to chemical stimulus	ENSMUSG00000037815	Ctnna1	IEA
CRE upregulated	GO:0070887	cellular response to chemical stimulus	ENSMUSG00000024517	Grp	IEA
CRE upregulated	GO:0070887	cellular response to chemical stimulus	ENSMUSG00000040118	ENSMUSG00000040118	IEA
CRE upregulated	GO:0070887	cellular response to chemical stimulus	ENSMUSG00000029752	ENSMUSG00000029752	IEA
CRE upregulated	GO:0070887	cellular response to chemical stimulus	ENSMUSG00000028599	Tnfrsf1b	IEA
CRE upregulated	GO:0070887	cellular response to chemical stimulus	ENSMUSG00000030662	ENSMUSG00000030662	IDA
CRE upregulated	GO:0070887	cellular response to chemical stimulus	ENSMUSG00000011877	Git1	IMP
CRE upregulated	GO:0070887	cellular response to chemical stimulus	ENSMUSG00000052837	ENSMUSG00000052837	IDA
CRE upregulated	GO:0070887	cellular response to chemical stimulus	ENSMUSG00000029110	ENSMUSG00000029110	ISO
CRE upregulated	GO:0070887	cellular response to chemical stimulus	ENSMUSG00000037860	Aim2	ISO, IEA
CRE upregulated	GO:0070887	cellular response to chemical stimulus	ENSMUSG00000020250	ENSMUSG00000020250	IEA
CRE upregulated	GO:0070887	cellular response to chemical stimulus	ENSMUSG00000000001	ENSMUSG00000000001	IBA
CRE upregulated	GO:0070887	cellular response to chemical stimulus	ENSMUSG00000019256	ENSMUSG00000019256	IEA
CRE upregulated	GO:0070887	cellular response to chemical stimulus	ENSMUSG00000051316	Taf7	IDA
CRE upregulated	GO:0070887	cellular response to chemical stimulus	ENSMUSG00000001552	ENSMUSG00000001552	IEA
CRE upregulated	GO:0070887	cellular response to chemical stimulus	ENSMUSG00000040010	Slc7a5	IEA
CRE upregulated	GO:0070887	cellular response to chemical stimulus	ENSMUSG00000020671	ENSMUSG00000020671	IMP, IEA
CRE upregulated	GO:0070887	cellular response to chemical stimulus	ENSMUSG00000004099	ENSMUSG00000004099	IDA
CRE upregulated	GO:0070887	cellular response to chemical stimulus	ENSMUSG00000022858	ENSMUSG00000022858	IEA
CRE upregulated	GO:0070887	cellular response to chemical stimulus	ENSMUSG00000027997	Casp6	IEA
CRE upregulated	GO:0070887	cellular response to chemical stimulus	ENSMUSG00000000787	ENSMUSG00000000787	ISS
CRE upregulated	GO:0070887	cellular response to chemical stimulus	ENSMUSG00000022094	ENSMUSG00000022094	IDA, IMP
CRE upregulated	GO:0070887	cellular response to chemical stimulus	ENSMUSG00000052681	Rap1b	ISS, ISO, IBA, IEA
CRE upregulated	GO:0070887	cellular response to chemical stimulus	ENSMUSG00000032508	Myd88	IMP
CRE upregulated	GO:0070887	cellular response to chemical stimulus	ENSMUSG00000002633	Shh	IDA, ISO
CRE upregulated	GO:0070887	cellular response to chemical stimulus	ENSMUSG00000053581	ENSMUSG00000053581	IMP
CRE upregulated	GO:0070887	cellular response to chemical stimulus	ENSMUSG00000032462	ENSMUSG00000032462	IMP
CRE upregulated	GO:0070887	cellular response to chemical stimulus	ENSMUSG00000005089	Slc1a2	IDA
CRE upregulated	GO:0070887	cellular response to chemical stimulus	ENSMUSG00000037411	Serpine1	IEA
CRE upregulated	GO:0070887	cellular response to chemical stimulus	ENSMUSG00000023277	ENSMUSG00000023277	IEA
CRE upregulated	GO:0070887	cellular response to chemical stimulus	ENSMUSG00000019843	ENSMUSG00000019843	ISO, IEA
CRE upregulated	GO:0070887	cellular response to chemical stimulus	ENSMUSG00000024493	ENSMUSG00000024493	IEA
CRE upregulated	GO:0070887	cellular response to chemical stimulus	ENSMUSG00000027646	ENSMUSG00000027646	IDA, IMP, IGI, ISO, IBA, IEA
CRE upregulated	GO:0070887	cellular response to chemical stimulus	ENSMUSG00000021340	ENSMUSG00000021340	IEA
CRE upregulated	GO:0070887	cellular response to chemical stimulus	ENSMUSG00000004698	ENSMUSG00000004698	IEA
CRE upregulated	GO:0070887	cellular response to chemical stimulus	ENSMUSG00000032501	Trib1	IEA
CRE upregulated	GO:0070887	cellular response to chemical stimulus	ENSMUSG00000055067	ENSMUSG00000055067	IDA
CRE upregulated	GO:0070887	cellular response to chemical stimulus	ENSMUSG00000015839	Nfe2l2	IDA, IMP, ISO, IBA, IEA
CRE upregulated	GO:0097193	intrinsic apoptotic signaling pathway	ENSMUSG00000046223	Plaur	IEA
CRE upregulated	GO:0097193	intrinsic apoptotic signaling pathway	ENSMUSG00000004951	Hspb1	IDA
CRE upregulated	GO:0097193	intrinsic apoptotic signaling pathway	ENSMUSG00000030102	Itpr1	IMP
CRE upregulated	GO:0097193	intrinsic apoptotic signaling pathway	ENSMUSG00000023067	Cdkn1a	IMP
CRE upregulated	GO:0097193	intrinsic apoptotic signaling pathway	ENSMUSG00000005087	Cd44	IEA
CRE upregulated	GO:0097193	intrinsic apoptotic signaling pathway	ENSMUSG00000021070	Bdkrb2	IMP, IGI
CRE upregulated	GO:0097193	intrinsic apoptotic signaling pathway	ENSMUSG00000027313	Chac1	ISS, IEA
CRE upregulated	GO:0097193	intrinsic apoptotic signaling pathway	ENSMUSG00000027540	Ptpn1	IMP
CRE upregulated	GO:0097193	intrinsic apoptotic signaling pathway	ENSMUSG00000005370	Msh6	IMP
CRE upregulated	GO:0097193	intrinsic apoptotic signaling pathway	ENSMUSG00000037062	Sh3glb1	IDA, IMP
CRE upregulated	GO:0097193	intrinsic apoptotic signaling pathway	ENSMUSG00000042406	Atf4	IDA, IMP, ISO, IEA
CRE upregulated	GO:0097193	intrinsic apoptotic signaling pathway	ENSMUSG00000031628	Casp3	IDA, NAS, IEA
CRE upregulated	GO:0097193	intrinsic apoptotic signaling pathway	ENSMUSG00000025408	Ddit3	IDA, IMP, ISS, IBA, IEA
CRE upregulated	GO:0097193	intrinsic apoptotic signaling pathway	ENSMUSG00000035199	Arl6ip5	IEA
CRE upregulated	GO:0097193	intrinsic apoptotic signaling pathway	ENSMUSG00000024521	Pmaip1	IDA, IMP
CRE upregulated	GO:0097193	intrinsic apoptotic signaling pathway	ENSMUSG00000022346	Myc	IDA, IMP, IEA
CRE upregulated	GO:0097193	intrinsic apoptotic signaling pathway	ENSMUSG00000024789	Jak2	ISS, ISO, IEA
CRE upregulated	GO:0097193	intrinsic apoptotic signaling pathway	ENSMUSG00000032715	Trib3	ISS, IEA
CRE upregulated	GO:0097193	intrinsic apoptotic signaling pathway	ENSMUSG00000028466	Creb3	IEA
CRE upregulated	GO:0097193	intrinsic apoptotic signaling pathway	ENSMUSG00000031668	ENSMUSG00000031668	IEA
CRE upregulated	GO:0097193	intrinsic apoptotic signaling pathway	ENSMUSG00000053175	Bcl3	ISO, IEA
CRE upregulated	GO:0097193	intrinsic apoptotic signaling pathway	ENSMUSG00000028599	Tnfrsf1b	IMP, IBA
CRE upregulated	GO:0097193	intrinsic apoptotic signaling pathway	ENSMUSG00000047281	ENSMUSG00000047281	IEA
CRE upregulated	GO:0097193	intrinsic apoptotic signaling pathway	ENSMUSG00000040463	ENSMUSG00000040463	IEA
CRE upregulated	GO:0097193	intrinsic apoptotic signaling pathway	ENSMUSG00000027997	Casp6	ISS, IEA
CRE upregulated	GO:0097193	intrinsic apoptotic signaling pathway	ENSMUSG00000000787	ENSMUSG00000000787	ISS
CRE upregulated	GO:0097193	intrinsic apoptotic signaling pathway	ENSMUSG00000008730	Hipk1	IGI, IBA
CRE upregulated	GO:0097193	intrinsic apoptotic signaling pathway	ENSMUSG00000032462	ENSMUSG00000032462	IMP
CRE upregulated	GO:0097193	intrinsic apoptotic signaling pathway	ENSMUSG00000019843	ENSMUSG00000019843	ISO
CRE upregulated	GO:0097193	intrinsic apoptotic signaling pathway	ENSMUSG00000027646	ENSMUSG00000027646	IBA, IEA
CRE upregulated	GO:0097193	intrinsic apoptotic signaling pathway	ENSMUSG00000015839	Nfe2l2	IEA
CRE upregulated	GO:0097193	intrinsic apoptotic signaling pathway	ENSMUSG00000003541	ENSMUSG00000003541	IDA
CRE upregulated	GO:0009967	positive regulation of signal transduction	ENSMUSG00000026628	Atf3	IEA
CRE upregulated	GO:0009967	positive regulation of signal transduction	ENSMUSG00000036390	Gadd45a	IEA
CRE upregulated	GO:0009967	positive regulation of signal transduction	ENSMUSG00000052684	Jun	IMP
CRE upregulated	GO:0009967	positive regulation of signal transduction	ENSMUSG00000063632	Sox11	IMP
CRE upregulated	GO:0009967	positive regulation of signal transduction	ENSMUSG00000046223	Plaur	IEA
CRE upregulated	GO:0009967	positive regulation of signal transduction	ENSMUSG00000046688	Tifa	IDA, ISS, IBA, IEA
CRE upregulated	GO:0009967	positive regulation of signal transduction	ENSMUSG00000025473	Adam8	IDA
CRE upregulated	GO:0009967	positive regulation of signal transduction	ENSMUSG00000023905	Tnfrsf12a	IBA
CRE upregulated	GO:0009967	positive regulation of signal transduction	ENSMUSG00000014599	Csf1	IDA, IEA
CRE upregulated	GO:0009967	positive regulation of signal transduction	ENSMUSG00000020427	Igfbp3	IGI
CRE upregulated	GO:0009967	positive regulation of signal transduction	ENSMUSG00000032939	Nup93	IDA, IEA
CRE upregulated	GO:0009967	positive regulation of signal transduction	ENSMUSG00000005087	Cd44	IEA
CRE upregulated	GO:0009967	positive regulation of signal transduction	ENSMUSG00000026836	Acvr1	IMP, IEA
CRE upregulated	GO:0009967	positive regulation of signal transduction	ENSMUSG00000021453	Gadd45g	IEA
CRE upregulated	GO:0009967	positive regulation of signal transduction	ENSMUSG00000048482	Bdnf	ISO
CRE upregulated	GO:0009967	positive regulation of signal transduction	ENSMUSG00000024256	Adcyap1	ISS, ISO, IBA, IEA
CRE upregulated	GO:0009967	positive regulation of signal transduction	ENSMUSG00000002250	Ppard	IDA
CRE upregulated	GO:0009967	positive regulation of signal transduction	ENSMUSG00000038894	Irs2	IMP
CRE upregulated	GO:0009967	positive regulation of signal transduction	ENSMUSG00000027540	Ptpn1	IMP
CRE upregulated	GO:0009967	positive regulation of signal transduction	ENSMUSG00000030678	Maz	IEA
CRE upregulated	GO:0009967	positive regulation of signal transduction	ENSMUSG00000025809	Itgb1	IEA
CRE upregulated	GO:0009967	positive regulation of signal transduction	ENSMUSG00000025746	Il6	IMP, ISO, IBA
CRE upregulated	GO:0009967	positive regulation of signal transduction	ENSMUSG00000073563	Csnk1g3	IBA
CRE upregulated	GO:0009967	positive regulation of signal transduction	ENSMUSG00000022607	Ptk2	ISS
CRE upregulated	GO:0009967	positive regulation of signal transduction	ENSMUSG00000055994	Nod2	IDA, IMP, ISS, ISO, IBA, IEA
CRE upregulated	GO:0009967	positive regulation of signal transduction	ENSMUSG00000024014	Pim1	ISS, IEA
CRE upregulated	GO:0009967	positive regulation of signal transduction	ENSMUSG00000037062	Sh3glb1	IDA, ISO
CRE upregulated	GO:0009967	positive regulation of signal transduction	ENSMUSG00000027560	Dok5	IDA, IBA
CRE upregulated	GO:0009967	positive regulation of signal transduction	ENSMUSG00000025408	Ddit3	ISS, IEA
CRE upregulated	GO:0009967	positive regulation of signal transduction	ENSMUSG00000035199	Arl6ip5	IEA
CRE upregulated	GO:0009967	positive regulation of signal transduction	ENSMUSG00000001847	Rac1	IMP
CRE upregulated	GO:0009967	positive regulation of signal transduction	ENSMUSG00000042121	Ssh1	ISO, IEA
CRE upregulated	GO:0009967	positive regulation of signal transduction	ENSMUSG00000050271	Prag1	ISS, ISO, IEA
CRE upregulated	GO:0009967	positive regulation of signal transduction	ENSMUSG00000018909	Arrb1	IMP, ISO, IBA, IEA
CRE upregulated	GO:0009967	positive regulation of signal transduction	ENSMUSG00000024349	Sting1	IDA, IEA
CRE upregulated	GO:0009967	positive regulation of signal transduction	ENSMUSG00000024521	Pmaip1	IMP
CRE upregulated	GO:0009967	positive regulation of signal transduction	ENSMUSG00000054008	Ndst1	IMP, IGI
CRE upregulated	GO:0009967	positive regulation of signal transduction	ENSMUSG00000030309	Caprin2	IBA
CRE upregulated	GO:0009967	positive regulation of signal transduction	ENSMUSG00000015316	Slamf1	IEA
CRE upregulated	GO:0009967	positive regulation of signal transduction	ENSMUSG00000022433	Csnk1e	IGI, IBA
CRE upregulated	GO:0009967	positive regulation of signal transduction	ENSMUSG00000022346	Myc	IDA, IMP, IEA
CRE upregulated	GO:0009967	positive regulation of signal transduction	ENSMUSG00000026072	Il1r1	IMP
CRE upregulated	GO:0009967	positive regulation of signal transduction	ENSMUSG00000027954	Efna1	IDA
CRE upregulated	GO:0009967	positive regulation of signal transduction	ENSMUSG00000024789	Jak2	IDA, IMP, ISO, IEA
CRE upregulated	GO:0009967	positive regulation of signal transduction	ENSMUSG00000004040	ENSMUSG00000004040	IMP
CRE upregulated	GO:0009967	positive regulation of signal transduction	ENSMUSG00000109511	Nup62	ISS, IEA
CRE upregulated	GO:0009967	positive regulation of signal transduction	ENSMUSG00000029826	Zc3hav1	ISO, TAS
CRE upregulated	GO:0009967	positive regulation of signal transduction	ENSMUSG00000031960	Aars1	ISS, IEA
CRE upregulated	GO:0009967	positive regulation of signal transduction	ENSMUSG00000059866	Tnip2	ISS, IBA, IEA
CRE upregulated	GO:0009967	positive regulation of signal transduction	ENSMUSG00000033545	Znrf1	IEA
CRE upregulated	GO:0009967	positive regulation of signal transduction	ENSMUSG00000021360	ENSMUSG00000021360	IMP, IEA
CRE upregulated	GO:0009967	positive regulation of signal transduction	ENSMUSG00000024803	Ankrd1	IEA
CRE upregulated	GO:0009967	positive regulation of signal transduction	ENSMUSG00000021306	Gpr137b	IEA
CRE upregulated	GO:0009967	positive regulation of signal transduction	ENSMUSG00000024927	Rela	IDA, IEA
CRE upregulated	GO:0009967	positive regulation of signal transduction	ENSMUSG00000027692	Tnik	ISS, IEA
CRE upregulated	GO:0009967	positive regulation of signal transduction	ENSMUSG00000028893	Sesn2	IMP, IEA
CRE upregulated	GO:0009967	positive regulation of signal transduction	ENSMUSG00000024947	Men1	IEA
CRE upregulated	GO:0009967	positive regulation of signal transduction	ENSMUSG00000029071	ENSMUSG00000029071	ISO, IEA
CRE upregulated	GO:0009967	positive regulation of signal transduction	ENSMUSG00000024777	ENSMUSG00000024777	ISO, IEA
CRE upregulated	GO:0009967	positive regulation of signal transduction	ENSMUSG00000040365	Trim41	ISS, IEA
CRE upregulated	GO:0009967	positive regulation of signal transduction	ENSMUSG00000025162	ENSMUSG00000025162	IGI, IBA, IEA
CRE upregulated	GO:0009967	positive regulation of signal transduction	ENSMUSG00000037815	Ctnna1	IMP, IGI
CRE upregulated	GO:0009967	positive regulation of signal transduction	ENSMUSG00000020349	ENSMUSG00000020349	IMP
CRE upregulated	GO:0009967	positive regulation of signal transduction	ENSMUSG00000024517	Grp	IMP
CRE upregulated	GO:0009967	positive regulation of signal transduction	ENSMUSG00000025351	Cd63	ISS, IEA
CRE upregulated	GO:0009967	positive regulation of signal transduction	ENSMUSG00000021796	Bmpr1a	IEA
CRE upregulated	GO:0009967	positive regulation of signal transduction	ENSMUSG00000049649	Gpr3	ISO, IEA
CRE upregulated	GO:0009967	positive regulation of signal transduction	ENSMUSG00000019842	ENSMUSG00000019842	IBA, IEA
CRE upregulated	GO:0009967	positive regulation of signal transduction	ENSMUSG00000070056	ENSMUSG00000070056	IMP, ISS, IEA
CRE upregulated	GO:0009967	positive regulation of signal transduction	ENSMUSG00000039191	Rbpj	IMP
CRE upregulated	GO:0009967	positive regulation of signal transduction	ENSMUSG00000039844	ENSMUSG00000039844	ISO, IEA
CRE upregulated	GO:0009967	positive regulation of signal transduction	ENSMUSG00000020594	ENSMUSG00000020594	IEA
CRE upregulated	GO:0009967	positive regulation of signal transduction	ENSMUSG00000020448	Rnf185	ISS, IEA
CRE upregulated	GO:0009967	positive regulation of signal transduction	ENSMUSG00000000787	ENSMUSG00000000787	IDA, ISS
CRE upregulated	GO:0009967	positive regulation of signal transduction	ENSMUSG00000008859	ENSMUSG00000008859	IEA
CRE upregulated	GO:0009967	positive regulation of signal transduction	ENSMUSG00000022094	ENSMUSG00000022094	IMP
CRE upregulated	GO:0009967	positive regulation of signal transduction	ENSMUSG00000038676	Ucn	ISO, IEA
CRE upregulated	GO:0009967	positive regulation of signal transduction	ENSMUSG00000052681	Rap1b	IGI
CRE upregulated	GO:0009967	positive regulation of signal transduction	ENSMUSG00000032508	Myd88	IMP, IGI, ISS, IEA
CRE upregulated	GO:0009967	positive regulation of signal transduction	ENSMUSG00000002633	Shh	IMP, ISS, IEA
CRE upregulated	GO:0009967	positive regulation of signal transduction	ENSMUSG00000032462	ENSMUSG00000032462	IGI, IEA
CRE upregulated	GO:0009967	positive regulation of signal transduction	ENSMUSG00000027944	Hax1	IEA
CRE upregulated	GO:0009967	positive regulation of signal transduction	ENSMUSG00000020340	ENSMUSG00000020340	IMP
CRE upregulated	GO:0009967	positive regulation of signal transduction	ENSMUSG00000019843	ENSMUSG00000019843	ISO
CRE upregulated	GO:0009967	positive regulation of signal transduction	ENSMUSG00000024493	ENSMUSG00000024493	IEA
CRE upregulated	GO:0009967	positive regulation of signal transduction	ENSMUSG00000027646	ENSMUSG00000027646	IDA, IMP, IGI, ISO, IEA
CRE upregulated	GO:0009967	positive regulation of signal transduction	ENSMUSG00000031073	Fgf15	IBA
CRE upregulated	GO:0009967	positive regulation of signal transduction	ENSMUSG00000021477	ENSMUSG00000021477	IBA
CRE upregulated	GO:0009967	positive regulation of signal transduction	ENSMUSG00000054499	ENSMUSG00000054499	IEA
CRE upregulated	GO:0009967	positive regulation of signal transduction	ENSMUSG00000054204	ENSMUSG00000054204	IBA, IEA
CRE upregulated	GO:0045595	regulation of cell differentiation	ENSMUSG00000052684	Jun	IDA, ISO
CRE upregulated	GO:0045595	regulation of cell differentiation	ENSMUSG00000063632	Sox11	IDA, IMP, ISS, IEA
CRE upregulated	GO:0045595	regulation of cell differentiation	ENSMUSG00000031574	Star	ISO, IEA
CRE upregulated	GO:0045595	regulation of cell differentiation	ENSMUSG00000004951	Hspb1	ISO
CRE upregulated	GO:0045595	regulation of cell differentiation	ENSMUSG00000025473	Adam8	IDA, IMP, NAS
CRE upregulated	GO:0045595	regulation of cell differentiation	ENSMUSG00000046731	Kctd11	IDA, IBA
CRE upregulated	GO:0045595	regulation of cell differentiation	ENSMUSG00000030748	Il4ra	IGI
CRE upregulated	GO:0045595	regulation of cell differentiation	ENSMUSG00000023905	Tnfrsf12a	IDA
CRE upregulated	GO:0045595	regulation of cell differentiation	ENSMUSG00000021765	Fst	IMP, IGI
CRE upregulated	GO:0045595	regulation of cell differentiation	ENSMUSG00000030256	Bhlhe41	IDA, IBA
CRE upregulated	GO:0045595	regulation of cell differentiation	ENSMUSG00000014599	Csf1	IDA, IMP, IGI, IBA, IEA
CRE upregulated	GO:0045595	regulation of cell differentiation	ENSMUSG00000020427	Igfbp3	ISS, IEA
CRE upregulated	GO:0045595	regulation of cell differentiation	ENSMUSG00000027495	Fam210b	ISS, IEA
CRE upregulated	GO:0045595	regulation of cell differentiation	ENSMUSG00000030272	Camk1	ISS, IEA
CRE upregulated	GO:0045595	regulation of cell differentiation	ENSMUSG00000031681	Smad1	IDA, IGI, ISO
CRE upregulated	GO:0045595	regulation of cell differentiation	ENSMUSG00000024261	Syt4	IMP
CRE upregulated	GO:0045595	regulation of cell differentiation	ENSMUSG00000029378	Areg	ISO, IEA
CRE upregulated	GO:0045595	regulation of cell differentiation	ENSMUSG00000026836	Acvr1	IMP, IEA
CRE upregulated	GO:0045595	regulation of cell differentiation	ENSMUSG00000048482	Bdnf	IDA, IMP, ISO, IEA
CRE upregulated	GO:0045595	regulation of cell differentiation	ENSMUSG00000024256	Adcyap1	ISO, IEA
CRE upregulated	GO:0045595	regulation of cell differentiation	ENSMUSG00000018736	Ndel1	ISO
CRE upregulated	GO:0045595	regulation of cell differentiation	ENSMUSG00000002250	Ppard	IMP
CRE upregulated	GO:0045595	regulation of cell differentiation	ENSMUSG00000018507	Trpv2	IMP
CRE upregulated	GO:0045595	regulation of cell differentiation	ENSMUSG00000007041	Clic1	IDA
CRE upregulated	GO:0045595	regulation of cell differentiation	ENSMUSG00000043895	S1pr2	IEA
CRE upregulated	GO:0045595	regulation of cell differentiation	ENSMUSG00000027583	Zbtb46	IMP
CRE upregulated	GO:0045595	regulation of cell differentiation	ENSMUSG00000028063	Lmna	ISO
CRE upregulated	GO:0045595	regulation of cell differentiation	ENSMUSG00000053436	Mapk14	IMP, IEA
CRE upregulated	GO:0045595	regulation of cell differentiation	ENSMUSG00000025809	Itgb1	IMP, ISO
CRE upregulated	GO:0045595	regulation of cell differentiation	ENSMUSG00000040025	Ythdf2	IMP, ISS, IEA
CRE upregulated	GO:0045595	regulation of cell differentiation	ENSMUSG00000028156	Eif4e	IMP
CRE upregulated	GO:0045595	regulation of cell differentiation	ENSMUSG00000025239	Limd1	IMP
CRE upregulated	GO:0045595	regulation of cell differentiation	ENSMUSG00000013089	Etv5	ISO, IEA
CRE upregulated	GO:0045595	regulation of cell differentiation	ENSMUSG00000025746	Il6	IDA, IMP, ISO
CRE upregulated	GO:0045595	regulation of cell differentiation	ENSMUSG00000032231	Anxa2	IDA
CRE upregulated	GO:0045595	regulation of cell differentiation	ENSMUSG00000022607	Ptk2	IMP, ISS, ISO
CRE upregulated	GO:0045595	regulation of cell differentiation	ENSMUSG00000024014	Pim1	IMP
CRE upregulated	GO:0045595	regulation of cell differentiation	ENSMUSG00000037062	Sh3glb1	ISO
CRE upregulated	GO:0045595	regulation of cell differentiation	ENSMUSG00000020580	Rock2	IEA
CRE upregulated	GO:0045595	regulation of cell differentiation	ENSMUSG00000027613	Eif6	IMP
CRE upregulated	GO:0045595	regulation of cell differentiation	ENSMUSG00000042406	Atf4	IMP, IEA
CRE upregulated	GO:0045595	regulation of cell differentiation	ENSMUSG00000020838	Slc6a4	ISO, IEA
CRE upregulated	GO:0045595	regulation of cell differentiation	ENSMUSG00000025408	Ddit3	IMP, IGI
CRE upregulated	GO:0045595	regulation of cell differentiation	ENSMUSG00000055407	Map6	ISO, IBA
CRE upregulated	GO:0045595	regulation of cell differentiation	ENSMUSG00000001847	Rac1	IGI
CRE upregulated	GO:0045595	regulation of cell differentiation	ENSMUSG00000000134	Tfe3	IMP, IGI, IEA
CRE upregulated	GO:0045595	regulation of cell differentiation	ENSMUSG00000022951	Rcan1	ISO
CRE upregulated	GO:0045595	regulation of cell differentiation	ENSMUSG00000030309	Caprin2	IMP
CRE upregulated	GO:0045595	regulation of cell differentiation	ENSMUSG00000023087	Noct	IMP
CRE upregulated	GO:0045595	regulation of cell differentiation	ENSMUSG00000001627	Ifrd1	IGI
CRE upregulated	GO:0045595	regulation of cell differentiation	ENSMUSG00000029765	Plxna4	IBA
CRE upregulated	GO:0045595	regulation of cell differentiation	ENSMUSG00000022346	Myc	ISS, ISO, IEA
CRE upregulated	GO:0045595	regulation of cell differentiation	ENSMUSG00000036478	Btg1	ISS, ISO, IEA
CRE upregulated	GO:0045595	regulation of cell differentiation	ENSMUSG00000053113	Socs3	IDA, IGI
CRE upregulated	GO:0045595	regulation of cell differentiation	ENSMUSG00000027954	Efna1	IMP
CRE upregulated	GO:0045595	regulation of cell differentiation	ENSMUSG00000024789	Jak2	ISS, ISO, IEA
CRE upregulated	GO:0045595	regulation of cell differentiation	ENSMUSG00000004040	ENSMUSG00000004040	IMP, ISS, IEA
CRE upregulated	GO:0045595	regulation of cell differentiation	ENSMUSG00000020027	Socs2	IDA
CRE upregulated	GO:0045595	regulation of cell differentiation	ENSMUSG00000029135	Fosl2	IDA, IMP
CRE upregulated	GO:0045595	regulation of cell differentiation	ENSMUSG00000021360	ENSMUSG00000021360	IMP, IEA
CRE upregulated	GO:0045595	regulation of cell differentiation	ENSMUSG00000023915	Tnfrsf21	IMP
CRE upregulated	GO:0045595	regulation of cell differentiation	ENSMUSG00000024927	Rela	ISO, IEA
CRE upregulated	GO:0045595	regulation of cell differentiation	ENSMUSG00000027692	Tnik	ISO
CRE upregulated	GO:0045595	regulation of cell differentiation	ENSMUSG00000024238	Zeb1	IDA, IMP, IEA
CRE upregulated	GO:0045595	regulation of cell differentiation	ENSMUSG00000024947	Men1	IDA, IMP, IGI, ISO, IEA
CRE upregulated	GO:0045595	regulation of cell differentiation	ENSMUSG00000032715	Trib3	IMP
CRE upregulated	GO:0045595	regulation of cell differentiation	ENSMUSG00000024335	Brd2	IDA, IEA
CRE upregulated	GO:0045595	regulation of cell differentiation	ENSMUSG00000071637	Cebpd	IDA, IBA, IEA
CRE upregulated	GO:0045595	regulation of cell differentiation	ENSMUSG00000037815	Ctnna1	IMP, IGI
CRE upregulated	GO:0045595	regulation of cell differentiation	ENSMUSG00000003154	Foxj2	IEA
CRE upregulated	GO:0045595	regulation of cell differentiation	ENSMUSG00000020349	ENSMUSG00000020349	IEA
CRE upregulated	GO:0045595	regulation of cell differentiation	ENSMUSG00000028599	Tnfrsf1b	IMP, IBA
CRE upregulated	GO:0045595	regulation of cell differentiation	ENSMUSG00000036180	ENSMUSG00000036180	NAS
CRE upregulated	GO:0045595	regulation of cell differentiation	ENSMUSG00000040046	Tph1	IMP
CRE upregulated	GO:0045595	regulation of cell differentiation	ENSMUSG00000039985	Sinhcaf	IMP
CRE upregulated	GO:0045595	regulation of cell differentiation	ENSMUSG00000052837	ENSMUSG00000052837	IDA
CRE upregulated	GO:0045595	regulation of cell differentiation	ENSMUSG00000047281	ENSMUSG00000047281	IMP
CRE upregulated	GO:0045595	regulation of cell differentiation	ENSMUSG00000021796	Bmpr1a	IMP, IGI, IEA
CRE upregulated	GO:0045595	regulation of cell differentiation	ENSMUSG00000039191	Rbpj	IMP
CRE upregulated	GO:0045595	regulation of cell differentiation	ENSMUSG00000035725	ENSMUSG00000035725	ISS, IEA
CRE upregulated	GO:0045595	regulation of cell differentiation	ENSMUSG00000040010	Slc7a5	ISO, IEA
CRE upregulated	GO:0045595	regulation of cell differentiation	ENSMUSG00000004099	ENSMUSG00000004099	IEA
CRE upregulated	GO:0045595	regulation of cell differentiation	ENSMUSG00000059743	ENSMUSG00000059743	ISO
CRE upregulated	GO:0045595	regulation of cell differentiation	ENSMUSG00000002633	Shh	IDA, IMP, ISO
CRE upregulated	GO:0045595	regulation of cell differentiation	ENSMUSG00000027944	Hax1	IEA
CRE upregulated	GO:0045595	regulation of cell differentiation	ENSMUSG00000067586	ENSMUSG00000067586	IEA
CRE upregulated	GO:0045595	regulation of cell differentiation	ENSMUSG00000063952	Brpf3	NAS
CRE upregulated	GO:0045595	regulation of cell differentiation	ENSMUSG00000028291	ENSMUSG00000028291	IMP
CRE upregulated	GO:0045595	regulation of cell differentiation	ENSMUSG00000037411	Serpine1	IEA
CRE upregulated	GO:0045595	regulation of cell differentiation	ENSMUSG00000028382	ENSMUSG00000028382	ISO
CRE upregulated	GO:0045595	regulation of cell differentiation	ENSMUSG00000037465	Klf10	IMP
CRE upregulated	GO:0045595	regulation of cell differentiation	ENSMUSG00000023277	ENSMUSG00000023277	IEA
CRE upregulated	GO:0045595	regulation of cell differentiation	ENSMUSG00000032501	Trib1	IMP
CRE upregulated	GO:0045595	regulation of cell differentiation	ENSMUSG00000003119	ENSMUSG00000003119	IMP
CRE upregulated	GO:0045595	regulation of cell differentiation	ENSMUSG00000015839	Nfe2l2	IMP
CRE upregulated	GO:0045595	regulation of cell differentiation	ENSMUSG00000000627	ENSMUSG00000000627	ISO, IEA
CRE upregulated	GO:0006366	transcription by RNA polymerase II	ENSMUSG00000026628	Atf3	IDA, IGI, ISO, IBA, IEA
CRE upregulated	GO:0006366	transcription by RNA polymerase II	ENSMUSG00000036390	Gadd45a	IEA
CRE upregulated	GO:0006366	transcription by RNA polymerase II	ENSMUSG00000052684	Jun	IDA, IMP, IGI, ISS, ISO, IBA, NAS, IEA
CRE upregulated	GO:0006366	transcription by RNA polymerase II	ENSMUSG00000063632	Sox11	IDA, ISO, IBA, IEA
CRE upregulated	GO:0006366	transcription by RNA polymerase II	ENSMUSG00000056749	Nfil3	IEA
CRE upregulated	GO:0006366	transcription by RNA polymerase II	ENSMUSG00000024143	Rhoq	IEA
CRE upregulated	GO:0006366	transcription by RNA polymerase II	ENSMUSG00000022895	Ets2	ISO, IBA, IEA
CRE upregulated	GO:0006366	transcription by RNA polymerase II	ENSMUSG00000037447	Arid5a	IGI, IBA, IEA
CRE upregulated	GO:0006366	transcription by RNA polymerase II	ENSMUSG00000032515	Csrnp1	IDA, IBA
CRE upregulated	GO:0006366	transcription by RNA polymerase II	ENSMUSG00000021765	Fst	IEA
CRE upregulated	GO:0006366	transcription by RNA polymerase II	ENSMUSG00000030256	Bhlhe41	IDA, IBA, TAS, IEA
CRE upregulated	GO:0006366	transcription by RNA polymerase II	ENSMUSG00000025612	Bach1	IDA, ISS, IBA, IEA
CRE upregulated	GO:0006366	transcription by RNA polymerase II	ENSMUSG00000000078	Klf6	IEA
CRE upregulated	GO:0006366	transcription by RNA polymerase II	ENSMUSG00000058093	Zfp729b	IBA
CRE upregulated	GO:0006366	transcription by RNA polymerase II	ENSMUSG00000044934	Zfp367	ISO, IBA, IEA
CRE upregulated	GO:0006366	transcription by RNA polymerase II	ENSMUSG00000030272	Camk1	IEA
CRE upregulated	GO:0006366	transcription by RNA polymerase II	ENSMUSG00000001542	Ell2	ISS, ISO, IBA, IEA
CRE upregulated	GO:0006366	transcription by RNA polymerase II	ENSMUSG00000031681	Smad1	IDA, IMP, IGI, IBA, IEA
CRE upregulated	GO:0006366	transcription by RNA polymerase II	ENSMUSG00000035673	Sbno2	IMP, IBA
CRE upregulated	GO:0006366	transcription by RNA polymerase II	ENSMUSG00000033060	Lmo7	IDA, ISS, ISO
CRE upregulated	GO:0006366	transcription by RNA polymerase II	ENSMUSG00000003644	Rps6ka1	IEA
CRE upregulated	GO:0006366	transcription by RNA polymerase II	ENSMUSG00000026836	Acvr1	IMP, IEA
CRE upregulated	GO:0006366	transcription by RNA polymerase II	ENSMUSG00000024256	Adcyap1	ISS, ISO, IEA
CRE upregulated	GO:0006366	transcription by RNA polymerase II	ENSMUSG00000034832	Tet3	ISS, IBA, IEA
CRE upregulated	GO:0006366	transcription by RNA polymerase II	ENSMUSG00000002250	Ppard	IDA, IBA, IEA
CRE upregulated	GO:0006366	transcription by RNA polymerase II	ENSMUSG00000037638	Zbtb42	IDA, IBA
CRE upregulated	GO:0006366	transcription by RNA polymerase II	ENSMUSG00000066838	Zfp772	IBA
CRE upregulated	GO:0006366	transcription by RNA polymerase II	ENSMUSG00000007812	Zfp655	IBA
CRE upregulated	GO:0006366	transcription by RNA polymerase II	ENSMUSG00000042507	Mideas	IBA
CRE upregulated	GO:0006366	transcription by RNA polymerase II	ENSMUSG00000027583	Zbtb46	IDA, IBA, IEA
CRE upregulated	GO:0006366	transcription by RNA polymerase II	ENSMUSG00000030678	Maz	IEA
CRE upregulated	GO:0006366	transcription by RNA polymerase II	ENSMUSG00000053436	Mapk14	IMP, ISO
CRE upregulated	GO:0006366	transcription by RNA polymerase II	ENSMUSG00000048490	Nrip1	IDA, IBA, IEA
CRE upregulated	GO:0006366	transcription by RNA polymerase II	ENSMUSG00000022096	Hr	IBA
CRE upregulated	GO:0006366	transcription by RNA polymerase II	ENSMUSG00000013089	Etv5	IBA, IEA
CRE upregulated	GO:0006366	transcription by RNA polymerase II	ENSMUSG00000025746	Il6	IDA, IGI, ISO
CRE upregulated	GO:0006366	transcription by RNA polymerase II	ENSMUSG00000032231	Anxa2	IDA
CRE upregulated	GO:0006366	transcription by RNA polymerase II	ENSMUSG00000055994	Nod2	ISS, IEA
CRE upregulated	GO:0006366	transcription by RNA polymerase II	ENSMUSG00000063889	Crem	IGI, IBA, IEA
CRE upregulated	GO:0006366	transcription by RNA polymerase II	ENSMUSG00000042406	Atf4	IDA, IMP, IGI, ISO, IBA, IEA
CRE upregulated	GO:0006366	transcription by RNA polymerase II	ENSMUSG00000023079	Gtf2ird1	IEA
CRE upregulated	GO:0006366	transcription by RNA polymerase II	ENSMUSG00000025408	Ddit3	IDA, IMP, IGI, ISS, ISO, IBA, NAS, IEA
CRE upregulated	GO:0006366	transcription by RNA polymerase II	ENSMUSG00000040435	Ppp1r15a	IDA
CRE upregulated	GO:0006366	transcription by RNA polymerase II	ENSMUSG00000018909	Arrb1	ISO, IEA
CRE upregulated	GO:0006366	transcription by RNA polymerase II	ENSMUSG00000020248	Nfyb	ISO, IBA, IEA
CRE upregulated	GO:0006366	transcription by RNA polymerase II	ENSMUSG00000024349	Sting1	IDA, IEA
CRE upregulated	GO:0006366	transcription by RNA polymerase II	ENSMUSG00000030057	Cnbp	IDA, IEA
CRE upregulated	GO:0006366	transcription by RNA polymerase II	ENSMUSG00000000134	Tfe3	IDA, IBA, IEA
CRE upregulated	GO:0006366	transcription by RNA polymerase II	ENSMUSG00000015837	Sqstm1	IMP
CRE upregulated	GO:0006366	transcription by RNA polymerase II	ENSMUSG00000028901	Gmeb1	IDA, IBA
CRE upregulated	GO:0006366	transcription by RNA polymerase II	ENSMUSG00000001627	Ifrd1	ISO
CRE upregulated	GO:0006366	transcription by RNA polymerase II	ENSMUSG00000022346	Myc	IDA, IMP, ISO, IBA, IEA
CRE upregulated	GO:0006366	transcription by RNA polymerase II	ENSMUSG00000027954	Efna1	IMP
CRE upregulated	GO:0006366	transcription by RNA polymerase II	ENSMUSG00000024789	Jak2	IGI
CRE upregulated	GO:0006366	transcription by RNA polymerase II	ENSMUSG00000004040	ENSMUSG00000004040	IDA, IMP, IGI, ISO, IBA, IEA
CRE upregulated	GO:0006366	transcription by RNA polymerase II	ENSMUSG00000042292	Mrtfa	IDA, ISS, ISO, IBA, IEA
CRE upregulated	GO:0006366	transcription by RNA polymerase II	ENSMUSG00000061589	Dot1l	ISO, IEA
CRE upregulated	GO:0006366	transcription by RNA polymerase II	ENSMUSG00000029135	Fosl2	IDA, IMP, ISO, IBA, IEA
CRE upregulated	GO:0006366	transcription by RNA polymerase II	ENSMUSG00000018143	Mafk	IBA, IEA
CRE upregulated	GO:0006366	transcription by RNA polymerase II	ENSMUSG00000020358	Hnrnpab	IGI
CRE upregulated	GO:0006366	transcription by RNA polymerase II	ENSMUSG00000059866	Tnip2	ISS, IBA, IEA
CRE upregulated	GO:0006366	transcription by RNA polymerase II	ENSMUSG00000027806	Tsc22d2	IEA
CRE upregulated	GO:0006366	transcription by RNA polymerase II	ENSMUSG00000040033	ENSMUSG00000040033	IEA
CRE upregulated	GO:0006366	transcription by RNA polymerase II	ENSMUSG00000024803	Ankrd1	IDA, ISO, IBA
CRE upregulated	GO:0006366	transcription by RNA polymerase II	ENSMUSG00000024912	Fosl1	ISO, IBA, IEA
CRE upregulated	GO:0006366	transcription by RNA polymerase II	ENSMUSG00000024927	Rela	IDA, ISS, IBA, IEA
CRE upregulated	GO:0006366	transcription by RNA polymerase II	ENSMUSG00000003435	ENSMUSG00000003435	ISO, IBA, IEA
CRE upregulated	GO:0006366	transcription by RNA polymerase II	ENSMUSG00000055044	Pdlim1	IDA
CRE upregulated	GO:0006366	transcription by RNA polymerase II	ENSMUSG00000024238	Zeb1	IDA, IMP, IGI, ISO, IBA, IEA
CRE upregulated	GO:0006366	transcription by RNA polymerase II	ENSMUSG00000024947	Men1	IDA, IMP, IGI, ISO, IBA, IEA
CRE upregulated	GO:0006366	transcription by RNA polymerase II	ENSMUSG00000029071	ENSMUSG00000029071	IEA
CRE upregulated	GO:0006366	transcription by RNA polymerase II	ENSMUSG00000040433	Zbtb38	ISO
CRE upregulated	GO:0006366	transcription by RNA polymerase II	ENSMUSG00000032715	Trib3	IEA
CRE upregulated	GO:0006366	transcription by RNA polymerase II	ENSMUSG00000024777	ENSMUSG00000024777	ISO, IEA
CRE upregulated	GO:0006366	transcription by RNA polymerase II	ENSMUSG00000024335	Brd2	IDA, ISS, IEA
CRE upregulated	GO:0006366	transcription by RNA polymerase II	ENSMUSG00000048047	Zbtb33	IBA
CRE upregulated	GO:0006366	transcription by RNA polymerase II	ENSMUSG00000028466	Creb3	IEA
CRE upregulated	GO:0006366	transcription by RNA polymerase II	ENSMUSG00000037876	Jmjd1c	IBA
CRE upregulated	GO:0006366	transcription by RNA polymerase II	ENSMUSG00000022526	Zfp251	IBA
CRE upregulated	GO:0006366	transcription by RNA polymerase II	ENSMUSG00000071637	Cebpd	IDA, ISO, IBA, IEA
CRE upregulated	GO:0006366	transcription by RNA polymerase II	ENSMUSG00000015776	Med22	NAS, IEA
CRE upregulated	GO:0006366	transcription by RNA polymerase II	ENSMUSG00000053175	Bcl3	IDA, IBA
CRE upregulated	GO:0006366	transcription by RNA polymerase II	ENSMUSG00000068739	ENSMUSG00000068739	ISS, IEA
CRE upregulated	GO:0006366	transcription by RNA polymerase II	ENSMUSG00000059796	Eif4a1	ISS, IEA
CRE upregulated	GO:0006366	transcription by RNA polymerase II	ENSMUSG00000030199	Etv6	IDA, IBA, IEA
CRE upregulated	GO:0006366	transcription by RNA polymerase II	ENSMUSG00000003154	Foxj2	IBA, IEA
CRE upregulated	GO:0006366	transcription by RNA polymerase II	ENSMUSG00000040857	Erf	IEA
CRE upregulated	GO:0006366	transcription by RNA polymerase II	ENSMUSG00000036180	ENSMUSG00000036180	IBA, IEA
CRE upregulated	GO:0006366	transcription by RNA polymerase II	ENSMUSG00000039985	Sinhcaf	NAS
CRE upregulated	GO:0006366	transcription by RNA polymerase II	ENSMUSG00000055491	ENSMUSG00000055491	IBA
CRE upregulated	GO:0006366	transcription by RNA polymerase II	ENSMUSG00000052837	ENSMUSG00000052837	IMP, ISO, IBA, IEA
CRE upregulated	GO:0006366	transcription by RNA polymerase II	ENSMUSG00000028840	Zfp593	IEA
CRE upregulated	GO:0006366	transcription by RNA polymerase II	ENSMUSG00000047281	ENSMUSG00000047281	IDA
CRE upregulated	GO:0006366	transcription by RNA polymerase II	ENSMUSG00000021796	Bmpr1a	IDA, IMP, IEA
CRE upregulated	GO:0006366	transcription by RNA polymerase II	ENSMUSG00000029110	ENSMUSG00000029110	IDA, ISS, ISO, IBA, IEA
CRE upregulated	GO:0006366	transcription by RNA polymerase II	ENSMUSG00000021890	ENSMUSG00000021890	ISO, IBA, IEA
CRE upregulated	GO:0006366	transcription by RNA polymerase II	ENSMUSG00000039191	Rbpj	IDA, IMP, IGI, ISS, IEA
CRE upregulated	GO:0006366	transcription by RNA polymerase II	ENSMUSG00000019256	ENSMUSG00000019256	IEA
CRE upregulated	GO:0006366	transcription by RNA polymerase II	ENSMUSG00000046962	ENSMUSG00000046962	IBA, IEA
CRE upregulated	GO:0006366	transcription by RNA polymerase II	ENSMUSG00000051316	Taf7	IDA, ISS, ISO, IBA, IEA
CRE upregulated	GO:0006366	transcription by RNA polymerase II	ENSMUSG00000001552	ENSMUSG00000001552	IBA
CRE upregulated	GO:0006366	transcription by RNA polymerase II	ENSMUSG00000040463	ENSMUSG00000040463	NAS
CRE upregulated	GO:0006366	transcription by RNA polymerase II	ENSMUSG00000004099	ENSMUSG00000004099	IDA, IMP
CRE upregulated	GO:0006366	transcription by RNA polymerase II	ENSMUSG00000000787	ENSMUSG00000000787	ISS
CRE upregulated	GO:0006366	transcription by RNA polymerase II	ENSMUSG00000008730	Hipk1	ISS
CRE upregulated	GO:0006366	transcription by RNA polymerase II	ENSMUSG00000022948	Setd4	IBA
CRE upregulated	GO:0006366	transcription by RNA polymerase II	ENSMUSG00000038676	Ucn	IMP
CRE upregulated	GO:0006366	transcription by RNA polymerase II	ENSMUSG00000032508	Myd88	IMP
CRE upregulated	GO:0006366	transcription by RNA polymerase II	ENSMUSG00000002633	Shh	IDA, IMP, IGI
CRE upregulated	GO:0006366	transcription by RNA polymerase II	ENSMUSG00000008384	Sertad1	IGI
CRE upregulated	GO:0006366	transcription by RNA polymerase II	ENSMUSG00000028680	ENSMUSG00000028680	IEA
CRE upregulated	GO:0006366	transcription by RNA polymerase II	ENSMUSG00000027944	Hax1	IEA
CRE upregulated	GO:0006366	transcription by RNA polymerase II	ENSMUSG00000039671	ENSMUSG00000039671	IEA
CRE upregulated	GO:0006366	transcription by RNA polymerase II	ENSMUSG00000063952	Brpf3	IBA
CRE upregulated	GO:0006366	transcription by RNA polymerase II	ENSMUSG00000028291	ENSMUSG00000028291	IDA, IMP, ISO, IBA, IEA
CRE upregulated	GO:0006366	transcription by RNA polymerase II	ENSMUSG00000037465	Klf10	IBA, IEA
CRE upregulated	GO:0006366	transcription by RNA polymerase II	ENSMUSG00000027646	ENSMUSG00000027646	IEA
CRE upregulated	GO:0006366	transcription by RNA polymerase II	ENSMUSG00000004698	ENSMUSG00000004698	IEA
CRE upregulated	GO:0006366	transcription by RNA polymerase II	ENSMUSG00000003119	ENSMUSG00000003119	ISS, ISO, IBA, IEA
CRE upregulated	GO:0006366	transcription by RNA polymerase II	ENSMUSG00000042197	ENSMUSG00000042197	ISS, IBA, IEA
CRE upregulated	GO:0006366	transcription by RNA polymerase II	ENSMUSG00000055067	ENSMUSG00000055067	IMP
CRE upregulated	GO:0006366	transcription by RNA polymerase II	ENSMUSG00000027433	ENSMUSG00000027433	ISS, IEA
CRE upregulated	GO:0006366	transcription by RNA polymerase II	ENSMUSG00000015839	Nfe2l2	IDA, IMP, ISO, IBA, IEA
CRE upregulated	GO:0006366	transcription by RNA polymerase II	ENSMUSG00000024907	Gal	ISS, IEA
CRE upregulated	GO:0006366	transcription by RNA polymerase II	ENSMUSG00000024026	ENSMUSG00000024026	IDA
CRE upregulated	GO:0006366	transcription by RNA polymerase II	ENSMUSG00000029475	ENSMUSG00000029475	IDA, IMP, IBA
CRE upregulated	GO:0051252	regulation of RNA metabolic process	ENSMUSG00000026628	Atf3	IDA, IGI, ISO, IBA, IEA
CRE upregulated	GO:0051252	regulation of RNA metabolic process	ENSMUSG00000036390	Gadd45a	IEA
CRE upregulated	GO:0051252	regulation of RNA metabolic process	ENSMUSG00000052684	Jun	IDA, IMP, IGI, ISS, ISO, IBA, NAS, IEA
CRE upregulated	GO:0051252	regulation of RNA metabolic process	ENSMUSG00000063632	Sox11	IDA, IMP, ISO, IBA, IEA
CRE upregulated	GO:0051252	regulation of RNA metabolic process	ENSMUSG00000056749	Nfil3	IDA, IMP, IBA, IEA
CRE upregulated	GO:0051252	regulation of RNA metabolic process	ENSMUSG00000024143	Rhoq	IEA
CRE upregulated	GO:0051252	regulation of RNA metabolic process	ENSMUSG00000022895	Ets2	ISO, IBA, IEA
CRE upregulated	GO:0051252	regulation of RNA metabolic process	ENSMUSG00000037447	Arid5a	IGI, ISS, IBA, IEA
CRE upregulated	GO:0051252	regulation of RNA metabolic process	ENSMUSG00000032515	Csrnp1	IDA, IMP, IBA
CRE upregulated	GO:0051252	regulation of RNA metabolic process	ENSMUSG00000021765	Fst	IEA
CRE upregulated	GO:0051252	regulation of RNA metabolic process	ENSMUSG00000030256	Bhlhe41	IDA, IBA, TAS, IEA
CRE upregulated	GO:0051252	regulation of RNA metabolic process	ENSMUSG00000025612	Bach1	IDA, ISS, IBA, IEA
CRE upregulated	GO:0051252	regulation of RNA metabolic process	ENSMUSG00000000078	Klf6	IEA
CRE upregulated	GO:0051252	regulation of RNA metabolic process	ENSMUSG00000058093	Zfp729b	IBA, IEA
CRE upregulated	GO:0051252	regulation of RNA metabolic process	ENSMUSG00000044934	Zfp367	ISO, IBA, IEA
CRE upregulated	GO:0051252	regulation of RNA metabolic process	ENSMUSG00000030272	Camk1	IEA
CRE upregulated	GO:0051252	regulation of RNA metabolic process	ENSMUSG00000001542	Ell2	ISO, IBA
CRE upregulated	GO:0051252	regulation of RNA metabolic process	ENSMUSG00000031681	Smad1	IDA, IMP, IGI, IBA, IEA
CRE upregulated	GO:0051252	regulation of RNA metabolic process	ENSMUSG00000035673	Sbno2	IMP, IBA, IEA
CRE upregulated	GO:0051252	regulation of RNA metabolic process	ENSMUSG00000033060	Lmo7	IDA, ISS, ISO
CRE upregulated	GO:0051252	regulation of RNA metabolic process	ENSMUSG00000003644	Rps6ka1	ISO, IBA, IEA
CRE upregulated	GO:0051252	regulation of RNA metabolic process	ENSMUSG00000026836	Acvr1	IMP, IEA
CRE upregulated	GO:0051252	regulation of RNA metabolic process	ENSMUSG00000024256	Adcyap1	ISS, ISO, IEA
CRE upregulated	GO:0051252	regulation of RNA metabolic process	ENSMUSG00000034832	Tet3	ISS, IBA, IEA
CRE upregulated	GO:0051252	regulation of RNA metabolic process	ENSMUSG00000002250	Ppard	IDA, ISS, IBA, IEA
CRE upregulated	GO:0051252	regulation of RNA metabolic process	ENSMUSG00000037638	Zbtb42	IDA, IBA
CRE upregulated	GO:0051252	regulation of RNA metabolic process	ENSMUSG00000066838	Zfp772	IBA, IEA
CRE upregulated	GO:0051252	regulation of RNA metabolic process	ENSMUSG00000007812	Zfp655	IBA, IEA
CRE upregulated	GO:0051252	regulation of RNA metabolic process	ENSMUSG00000042507	Mideas	IBA
CRE upregulated	GO:0051252	regulation of RNA metabolic process	ENSMUSG00000026796	Niban2	IEA
CRE upregulated	GO:0051252	regulation of RNA metabolic process	ENSMUSG00000027583	Zbtb46	IDA, IBA, IEA
CRE upregulated	GO:0051252	regulation of RNA metabolic process	ENSMUSG00000030678	Maz	IEA
CRE upregulated	GO:0051252	regulation of RNA metabolic process	ENSMUSG00000053436	Mapk14	IDA, IMP, ISO
CRE upregulated	GO:0051252	regulation of RNA metabolic process	ENSMUSG00000040025	Ythdf2	IMP, ISS, IBA, IEA
CRE upregulated	GO:0051252	regulation of RNA metabolic process	ENSMUSG00000025239	Limd1	ISS, IBA, IEA
CRE upregulated	GO:0051252	regulation of RNA metabolic process	ENSMUSG00000048490	Nrip1	IDA, IBA, IEA
CRE upregulated	GO:0051252	regulation of RNA metabolic process	ENSMUSG00000022096	Hr	IDA, IBA
CRE upregulated	GO:0051252	regulation of RNA metabolic process	ENSMUSG00000013089	Etv5	IDA, IBA, IEA
CRE upregulated	GO:0051252	regulation of RNA metabolic process	ENSMUSG00000025746	Il6	IDA, IGI, ISO
CRE upregulated	GO:0051252	regulation of RNA metabolic process	ENSMUSG00000032231	Anxa2	IDA
CRE upregulated	GO:0051252	regulation of RNA metabolic process	ENSMUSG00000032280	Tle3	ISO, IEA
CRE upregulated	GO:0051252	regulation of RNA metabolic process	ENSMUSG00000055994	Nod2	ISS, IEA
CRE upregulated	GO:0051252	regulation of RNA metabolic process	ENSMUSG00000024014	Pim1	IMP
CRE upregulated	GO:0051252	regulation of RNA metabolic process	ENSMUSG00000063889	Crem	IGI, IBA, IEA
CRE upregulated	GO:0051252	regulation of RNA metabolic process	ENSMUSG00000042406	Atf4	IDA, IMP, IGI, ISS, ISO, IBA, IEA
CRE upregulated	GO:0051252	regulation of RNA metabolic process	ENSMUSG00000023079	Gtf2ird1	IEA
CRE upregulated	GO:0051252	regulation of RNA metabolic process	ENSMUSG00000020271	Fbxw11	IMP
CRE upregulated	GO:0051252	regulation of RNA metabolic process	ENSMUSG00000029641	Rasl11a	IDA
CRE upregulated	GO:0051252	regulation of RNA metabolic process	ENSMUSG00000025408	Ddit3	IDA, IMP, IGI, ISS, ISO, IBA, NAS, IEA
CRE upregulated	GO:0051252	regulation of RNA metabolic process	ENSMUSG00000040435	Ppp1r15a	IDA
CRE upregulated	GO:0051252	regulation of RNA metabolic process	ENSMUSG00000018909	Arrb1	ISO, IEA
CRE upregulated	GO:0051252	regulation of RNA metabolic process	ENSMUSG00000020248	Nfyb	IDA, ISO, IBA, IEA
CRE upregulated	GO:0051252	regulation of RNA metabolic process	ENSMUSG00000024349	Sting1	IDA, IEA
CRE upregulated	GO:0051252	regulation of RNA metabolic process	ENSMUSG00000030057	Cnbp	IDA, IEA
CRE upregulated	GO:0051252	regulation of RNA metabolic process	ENSMUSG00000000134	Tfe3	IDA, IMP, IBA, IEA
CRE upregulated	GO:0051252	regulation of RNA metabolic process	ENSMUSG00000008393	Carhsp1	IMP, IBA, IEA
CRE upregulated	GO:0051252	regulation of RNA metabolic process	ENSMUSG00000015837	Sqstm1	IMP
CRE upregulated	GO:0051252	regulation of RNA metabolic process	ENSMUSG00000028901	Gmeb1	IDA, IBA
CRE upregulated	GO:0051252	regulation of RNA metabolic process	ENSMUSG00000029131	Dnajb6	IDA
CRE upregulated	GO:0051252	regulation of RNA metabolic process	ENSMUSG00000023087	Noct	IMP, IGI
CRE upregulated	GO:0051252	regulation of RNA metabolic process	ENSMUSG00000001627	Ifrd1	ISO
CRE upregulated	GO:0051252	regulation of RNA metabolic process	ENSMUSG00000022346	Myc	IDA, IMP, IGI, ISS, ISO, IBA, IEA
CRE upregulated	GO:0051252	regulation of RNA metabolic process	ENSMUSG00000027954	Efna1	IMP
CRE upregulated	GO:0051252	regulation of RNA metabolic process	ENSMUSG00000024789	Jak2	IGI, ISS
CRE upregulated	GO:0051252	regulation of RNA metabolic process	ENSMUSG00000004040	ENSMUSG00000004040	IDA, IMP, IGI, ISO, IBA, NAS, IEA
CRE upregulated	GO:0051252	regulation of RNA metabolic process	ENSMUSG00000042292	Mrtfa	IDA, ISS, ISO, IBA, IEA
CRE upregulated	GO:0051252	regulation of RNA metabolic process	ENSMUSG00000061589	Dot1l	ISO, IEA
CRE upregulated	GO:0051252	regulation of RNA metabolic process	ENSMUSG00000109511	Nup62	IEA
CRE upregulated	GO:0051252	regulation of RNA metabolic process	ENSMUSG00000029135	Fosl2	IDA, IMP, ISO, IBA, IEA
CRE upregulated	GO:0051252	regulation of RNA metabolic process	ENSMUSG00000018143	Mafk	IDA, IBA, IEA
CRE upregulated	GO:0051252	regulation of RNA metabolic process	ENSMUSG00000029826	Zc3hav1	ISS, ISO, IBA, IEA
CRE upregulated	GO:0051252	regulation of RNA metabolic process	ENSMUSG00000063919	Srrm4	IMP, ISS, IEA
CRE upregulated	GO:0051252	regulation of RNA metabolic process	ENSMUSG00000035236	Scai	IEA
CRE upregulated	GO:0051252	regulation of RNA metabolic process	ENSMUSG00000020358	Hnrnpab	IDA, IGI, ISO, IEA
CRE upregulated	GO:0051252	regulation of RNA metabolic process	ENSMUSG00000059866	Tnip2	ISS, IBA, IEA
CRE upregulated	GO:0051252	regulation of RNA metabolic process	ENSMUSG00000004865	ENSMUSG00000004865	IDA, IBA, IEA
CRE upregulated	GO:0051252	regulation of RNA metabolic process	ENSMUSG00000027806	Tsc22d2	IEA
CRE upregulated	GO:0051252	regulation of RNA metabolic process	ENSMUSG00000040033	ENSMUSG00000040033	IEA
CRE upregulated	GO:0051252	regulation of RNA metabolic process	ENSMUSG00000024803	Ankrd1	IDA, ISO, IBA, IEA
CRE upregulated	GO:0051252	regulation of RNA metabolic process	ENSMUSG00000032497	Lrrfip2	IEA
CRE upregulated	GO:0051252	regulation of RNA metabolic process	ENSMUSG00000024912	Fosl1	ISO, IBA, IEA
CRE upregulated	GO:0051252	regulation of RNA metabolic process	ENSMUSG00000024927	Rela	IDA, IMP, ISS, ISO, IBA, TAS, IEA
CRE upregulated	GO:0051252	regulation of RNA metabolic process	ENSMUSG00000003435	ENSMUSG00000003435	ISO, IEA
CRE upregulated	GO:0051252	regulation of RNA metabolic process	ENSMUSG00000055044	Pdlim1	IDA, IEA
CRE upregulated	GO:0051252	regulation of RNA metabolic process	ENSMUSG00000024238	Zeb1	IDA, IMP, IGI, ISS, ISO, IBA, IEA
CRE upregulated	GO:0051252	regulation of RNA metabolic process	ENSMUSG00000024947	Men1	IDA, IMP, IGI, ISO, IBA, IEA
CRE upregulated	GO:0051252	regulation of RNA metabolic process	ENSMUSG00000029071	ENSMUSG00000029071	IEA
CRE upregulated	GO:0051252	regulation of RNA metabolic process	ENSMUSG00000040433	Zbtb38	ISO, IBA, IEA
CRE upregulated	GO:0051252	regulation of RNA metabolic process	ENSMUSG00000032715	Trib3	ISS, IEA
CRE upregulated	GO:0051252	regulation of RNA metabolic process	ENSMUSG00000024777	ENSMUSG00000024777	ISO, IEA
CRE upregulated	GO:0051252	regulation of RNA metabolic process	ENSMUSG00000024335	Brd2	IDA, ISS, IBA, IEA
CRE upregulated	GO:0051252	regulation of RNA metabolic process	ENSMUSG00000048047	Zbtb33	ISS, IBA, IEA
CRE upregulated	GO:0051252	regulation of RNA metabolic process	ENSMUSG00000028466	Creb3	IEA
CRE upregulated	GO:0051252	regulation of RNA metabolic process	ENSMUSG00000037876	Jmjd1c	IBA
CRE upregulated	GO:0051252	regulation of RNA metabolic process	ENSMUSG00000022526	Zfp251	IBA, IEA
CRE upregulated	GO:0051252	regulation of RNA metabolic process	ENSMUSG00000071637	Cebpd	IDA, ISO, IBA, IEA
CRE upregulated	GO:0051252	regulation of RNA metabolic process	ENSMUSG00000015776	Med22	NAS, IEA
CRE upregulated	GO:0051252	regulation of RNA metabolic process	ENSMUSG00000031668	ENSMUSG00000031668	IEA
CRE upregulated	GO:0051252	regulation of RNA metabolic process	ENSMUSG00000053175	Bcl3	IDA, IBA, IEA
CRE upregulated	GO:0051252	regulation of RNA metabolic process	ENSMUSG00000068739	ENSMUSG00000068739	ISS, IEA
CRE upregulated	GO:0051252	regulation of RNA metabolic process	ENSMUSG00000059796	Eif4a1	ISS, IEA
CRE upregulated	GO:0051252	regulation of RNA metabolic process	ENSMUSG00000030199	Etv6	IDA, IBA, IEA
CRE upregulated	GO:0051252	regulation of RNA metabolic process	ENSMUSG00000003154	Foxj2	IBA, IEA
CRE upregulated	GO:0051252	regulation of RNA metabolic process	ENSMUSG00000040857	Erf	IEA
CRE upregulated	GO:0051252	regulation of RNA metabolic process	ENSMUSG00000028599	Tnfrsf1b	IMP
CRE upregulated	GO:0051252	regulation of RNA metabolic process	ENSMUSG00000027605	Acss2	IEA
CRE upregulated	GO:0051252	regulation of RNA metabolic process	ENSMUSG00000036180	ENSMUSG00000036180	ISS, IBA, NAS, IEA
CRE upregulated	GO:0051252	regulation of RNA metabolic process	ENSMUSG00000039985	Sinhcaf	NAS
CRE upregulated	GO:0051252	regulation of RNA metabolic process	ENSMUSG00000055491	ENSMUSG00000055491	IBA
CRE upregulated	GO:0051252	regulation of RNA metabolic process	ENSMUSG00000052837	ENSMUSG00000052837	IDA, IMP, IBA, IEA
CRE upregulated	GO:0051252	regulation of RNA metabolic process	ENSMUSG00000013483	Card14	ISS
CRE upregulated	GO:0051252	regulation of RNA metabolic process	ENSMUSG00000028840	Zfp593	IEA
CRE upregulated	GO:0051252	regulation of RNA metabolic process	ENSMUSG00000047281	ENSMUSG00000047281	IDA
CRE upregulated	GO:0051252	regulation of RNA metabolic process	ENSMUSG00000021796	Bmpr1a	IDA, IMP, IEA
CRE upregulated	GO:0051252	regulation of RNA metabolic process	ENSMUSG00000019842	ENSMUSG00000019842	IDA, IMP
CRE upregulated	GO:0051252	regulation of RNA metabolic process	ENSMUSG00000034543	ENSMUSG00000034543	IMP, ISS
CRE upregulated	GO:0051252	regulation of RNA metabolic process	ENSMUSG00000029110	ENSMUSG00000029110	IDA, ISS, ISO, IBA, IEA
CRE upregulated	GO:0051252	regulation of RNA metabolic process	ENSMUSG00000021890	ENSMUSG00000021890	ISO, IEA
CRE upregulated	GO:0051252	regulation of RNA metabolic process	ENSMUSG00000045763	ENSMUSG00000045763	ISS, IBA, IEA
CRE upregulated	GO:0051252	regulation of RNA metabolic process	ENSMUSG00000109336	ENSMUSG00000109336	IEA
CRE upregulated	GO:0051252	regulation of RNA metabolic process	ENSMUSG00000039191	Rbpj	IDA, IMP, IGI, ISS, ISO, IEA
CRE upregulated	GO:0051252	regulation of RNA metabolic process	ENSMUSG00000019256	ENSMUSG00000019256	IEA
CRE upregulated	GO:0051252	regulation of RNA metabolic process	ENSMUSG00000046962	ENSMUSG00000046962	IBA, IEA
CRE upregulated	GO:0051252	regulation of RNA metabolic process	ENSMUSG00000051316	Taf7	IDA, ISS, ISO, IBA, NAS, IEA
CRE upregulated	GO:0051252	regulation of RNA metabolic process	ENSMUSG00000001552	ENSMUSG00000001552	IBA
CRE upregulated	GO:0051252	regulation of RNA metabolic process	ENSMUSG00000040463	ENSMUSG00000040463	IDA, ISO, NAS, IEA
CRE upregulated	GO:0051252	regulation of RNA metabolic process	ENSMUSG00000004099	ENSMUSG00000004099	IDA, IMP
CRE upregulated	GO:0051252	regulation of RNA metabolic process	ENSMUSG00000022858	ENSMUSG00000022858	IMP, ISS, IBA, IEA
CRE upregulated	GO:0051252	regulation of RNA metabolic process	ENSMUSG00000053007	Creb5	IEA
CRE upregulated	GO:0051252	regulation of RNA metabolic process	ENSMUSG00000020594	ENSMUSG00000020594	ISS, IBA, IEA
CRE upregulated	GO:0051252	regulation of RNA metabolic process	ENSMUSG00000000787	ENSMUSG00000000787	ISS
CRE upregulated	GO:0051252	regulation of RNA metabolic process	ENSMUSG00000008730	Hipk1	ISS
CRE upregulated	GO:0051252	regulation of RNA metabolic process	ENSMUSG00000059288	ENSMUSG00000059288	IEA
CRE upregulated	GO:0051252	regulation of RNA metabolic process	ENSMUSG00000022948	Setd4	IBA
CRE upregulated	GO:0051252	regulation of RNA metabolic process	ENSMUSG00000038676	Ucn	IMP
CRE upregulated	GO:0051252	regulation of RNA metabolic process	ENSMUSG00000042185	ENSMUSG00000042185	ISO, IEA
CRE upregulated	GO:0051252	regulation of RNA metabolic process	ENSMUSG00000032508	Myd88	IMP, IEA
CRE upregulated	GO:0051252	regulation of RNA metabolic process	ENSMUSG00000002633	Shh	IDA, IMP, IGI, IEA
CRE upregulated	GO:0051252	regulation of RNA metabolic process	ENSMUSG00000008384	Sertad1	IDA, IGI
CRE upregulated	GO:0051252	regulation of RNA metabolic process	ENSMUSG00000028680	ENSMUSG00000028680	IEA
CRE upregulated	GO:0051252	regulation of RNA metabolic process	ENSMUSG00000027944	Hax1	IEA
CRE upregulated	GO:0051252	regulation of RNA metabolic process	ENSMUSG00000039671	ENSMUSG00000039671	IEA
CRE upregulated	GO:0051252	regulation of RNA metabolic process	ENSMUSG00000063952	Brpf3	ISS, IBA
CRE upregulated	GO:0051252	regulation of RNA metabolic process	ENSMUSG00000048027	ENSMUSG00000048027	IDA
CRE upregulated	GO:0051252	regulation of RNA metabolic process	ENSMUSG00000028291	ENSMUSG00000028291	IDA, IMP, ISO, IBA, IEA
CRE upregulated	GO:0051252	regulation of RNA metabolic process	ENSMUSG00000078676	ENSMUSG00000078676	ISS, ISO, IEA
CRE upregulated	GO:0051252	regulation of RNA metabolic process	ENSMUSG00000028382	ENSMUSG00000028382	IMP
CRE upregulated	GO:0051252	regulation of RNA metabolic process	ENSMUSG00000037465	Klf10	IDA, IMP, IBA, IEA
CRE upregulated	GO:0051252	regulation of RNA metabolic process	ENSMUSG00000020755	ENSMUSG00000020755	IEA
CRE upregulated	GO:0051252	regulation of RNA metabolic process	ENSMUSG00000027646	ENSMUSG00000027646	IEA
CRE upregulated	GO:0051252	regulation of RNA metabolic process	ENSMUSG00000020680	ENSMUSG00000020680	ISO, IEA
CRE upregulated	GO:0051252	regulation of RNA metabolic process	ENSMUSG00000004698	ENSMUSG00000004698	IEA
CRE upregulated	GO:0051252	regulation of RNA metabolic process	ENSMUSG00000032501	Trib1	IDA
CRE upregulated	GO:0051252	regulation of RNA metabolic process	ENSMUSG00000003119	ENSMUSG00000003119	ISS, ISO, IBA, IEA
CRE upregulated	GO:0051252	regulation of RNA metabolic process	ENSMUSG00000042197	ENSMUSG00000042197	ISS, IBA, IEA
CRE upregulated	GO:0051252	regulation of RNA metabolic process	ENSMUSG00000055067	ENSMUSG00000055067	IMP
CRE upregulated	GO:0051252	regulation of RNA metabolic process	ENSMUSG00000015839	Nfe2l2	IDA, IMP, IGI, ISO, IBA, IEA
CRE upregulated	GO:0051252	regulation of RNA metabolic process	ENSMUSG00000022332	ENSMUSG00000022332	IDA, ISO, IBA, IEA
CRE upregulated	GO:0051252	regulation of RNA metabolic process	ENSMUSG00000024907	Gal	ISS, IEA
CRE upregulated	GO:0051252	regulation of RNA metabolic process	ENSMUSG00000024026	ENSMUSG00000024026	IDA
CRE upregulated	GO:0051252	regulation of RNA metabolic process	ENSMUSG00000029475	ENSMUSG00000029475	IDA, IMP, IBA
CRE upregulated	GO:0006996	organelle organization	ENSMUSG00000036390	Gadd45a	IGI
CRE upregulated	GO:0006996	organelle organization	ENSMUSG00000052684	Jun	IMP, ISO
CRE upregulated	GO:0006996	organelle organization	ENSMUSG00000001473	Tubb6	IBA, IEA
CRE upregulated	GO:0006996	organelle organization	ENSMUSG00000046223	Plaur	IEA
CRE upregulated	GO:0006996	organelle organization	ENSMUSG00000022044	Stmn4	IBA, IEA
CRE upregulated	GO:0006996	organelle organization	ENSMUSG00000028494	Plin2	ISS, IEA
CRE upregulated	GO:0006996	organelle organization	ENSMUSG00000024143	Rhoq	IMP, IBA, TAS, IEA
CRE upregulated	GO:0006996	organelle organization	ENSMUSG00000019876	Pkib	IEA
CRE upregulated	GO:0006996	organelle organization	ENSMUSG00000006304	Arpc2	IDA, ISO, IBA, IEA
CRE upregulated	GO:0006996	organelle organization	ENSMUSG00000038650	Rnh1	IBA
CRE upregulated	GO:0006996	organelle organization	ENSMUSG00000109901	Chmp1b	ISO, NAS, IEA
CRE upregulated	GO:0006996	organelle organization	ENSMUSG00000050989	Selenon	IMP
CRE upregulated	GO:0006996	organelle organization	ENSMUSG00000030095	Tmem43	IDA, ISO, IBA, IEA
CRE upregulated	GO:0006996	organelle organization	ENSMUSG00000024261	Syt4	IMP, ISO, IBA, IEA
CRE upregulated	GO:0006996	organelle organization	ENSMUSG00000032939	Nup93	ISS, IEA
CRE upregulated	GO:0006996	organelle organization	ENSMUSG00000036160	Surf6	NAS
CRE upregulated	GO:0006996	organelle organization	ENSMUSG00000038943	Prc1	ISO, IBA, IEA
CRE upregulated	GO:0006996	organelle organization	ENSMUSG00000028896	Rcc1	ISS, IEA
CRE upregulated	GO:0006996	organelle organization	ENSMUSG00000068566	Myadm	IEA
CRE upregulated	GO:0006996	organelle organization	ENSMUSG00000037458	Azin1	ISO
CRE upregulated	GO:0006996	organelle organization	ENSMUSG00000018736	Ndel1	IMP, IGI, ISS, IBA
CRE upregulated	GO:0006996	organelle organization	ENSMUSG00000021501	Caml	ISS, ISO, IBA, IEA
CRE upregulated	GO:0006996	organelle organization	ENSMUSG00000025337	Sbds	ISS, IEA
CRE upregulated	GO:0006996	organelle organization	ENSMUSG00000024376	Epb41l4a	IBA
CRE upregulated	GO:0006996	organelle organization	ENSMUSG00000005069	Pex5	IDA, IMP, ISS, IBA, TAS, IEA
CRE upregulated	GO:0006996	organelle organization	ENSMUSG00000045136	Tubb2b	IBA, IEA
CRE upregulated	GO:0006996	organelle organization	ENSMUSG00000054855	Rnd1	IBA, IEA
CRE upregulated	GO:0006996	organelle organization	ENSMUSG00000027540	Ptpn1	ISS, IEA
CRE upregulated	GO:0006996	organelle organization	ENSMUSG00000019461	Plscr3	ISS, IEA
CRE upregulated	GO:0006996	organelle organization	ENSMUSG00000043895	S1pr2	IEA
CRE upregulated	GO:0006996	organelle organization	ENSMUSG00000028063	Lmna	IMP, IGI, ISS, IBA, IEA
CRE upregulated	GO:0006996	organelle organization	ENSMUSG00000034226	Rhov	IBA
CRE upregulated	GO:0006996	organelle organization	ENSMUSG00000026254	Eif4e2	IEA
CRE upregulated	GO:0006996	organelle organization	ENSMUSG00000028849	Map7d1	IBA, IEA
CRE upregulated	GO:0006996	organelle organization	ENSMUSG00000025809	Itgb1	IMP, ISO, IEA
CRE upregulated	GO:0006996	organelle organization	ENSMUSG00000040025	Ythdf2	ISS, IEA
CRE upregulated	GO:0006996	organelle organization	ENSMUSG00000025239	Limd1	ISS, ISO, IBA, IEA
CRE upregulated	GO:0006996	organelle organization	ENSMUSG00000015243	Abca1	IEA
CRE upregulated	GO:0006996	organelle organization	ENSMUSG00000020592	Sdc1	IEA
CRE upregulated	GO:0006996	organelle organization	ENSMUSG00000002233	Rhoc	IBA, IEA
CRE upregulated	GO:0006996	organelle organization	ENSMUSG00000032231	Anxa2	IEA
CRE upregulated	GO:0006996	organelle organization	ENSMUSG00000031078	Cttn	ISS, ISO, IBA, IEA
CRE upregulated	GO:0006996	organelle organization	ENSMUSG00000022607	Ptk2	IDA
CRE upregulated	GO:0006996	organelle organization	ENSMUSG00000043091	Tuba1c	IBA, IEA
CRE upregulated	GO:0006996	organelle organization	ENSMUSG00000037062	Sh3glb1	IMP, IEA
CRE upregulated	GO:0006996	organelle organization	ENSMUSG00000034247	Plekhm1	ISS, IEA
CRE upregulated	GO:0006996	organelle organization	ENSMUSG00000024772	Ehd1	IMP, ISS, IBA, IEA
CRE upregulated	GO:0006996	organelle organization	ENSMUSG00000027293	Ehd4	IBA
CRE upregulated	GO:0006996	organelle organization	ENSMUSG00000020580	Rock2	IEA
CRE upregulated	GO:0006996	organelle organization	ENSMUSG00000027613	Eif6	ISS, IBA, IEA
CRE upregulated	GO:0006996	organelle organization	ENSMUSG00000059923	Grb2	IGI, IEA
CRE upregulated	GO:0006996	organelle organization	ENSMUSG00000052557	Gan	ISO, IEA
CRE upregulated	GO:0006996	organelle organization	ENSMUSG00000020271	Fbxw11	IBA
CRE upregulated	GO:0006996	organelle organization	ENSMUSG00000032078	Zpr1	IMP, IBA
CRE upregulated	GO:0006996	organelle organization	ENSMUSG00000055407	Map6	ISO, IBA, IEA
CRE upregulated	GO:0006996	organelle organization	ENSMUSG00000001847	Rac1	IDA, ISO, IBA, IEA
CRE upregulated	GO:0006996	organelle organization	ENSMUSG00000042121	Ssh1	IBA, IEA
CRE upregulated	GO:0006996	organelle organization	ENSMUSG00000018909	Arrb1	IEA
CRE upregulated	GO:0006996	organelle organization	ENSMUSG00000024349	Sting1	IMP, ISS, IBA, IEA
CRE upregulated	GO:0006996	organelle organization	ENSMUSG00000024521	Pmaip1	IDA, IMP, IEA
CRE upregulated	GO:0006996	organelle organization	ENSMUSG00000026317	Cln8	IMP
CRE upregulated	GO:0006996	organelle organization	ENSMUSG00000028145	Them4	ISS, IEA
CRE upregulated	GO:0006996	organelle organization	ENSMUSG00000027455	Nsfl1c	ISO, IBA, IEA
CRE upregulated	GO:0006996	organelle organization	ENSMUSG00000057531	Dtnbp1	IDA, IMP, IBA, NAS
CRE upregulated	GO:0006996	organelle organization	ENSMUSG00000058355	Abce1	ISS, IEA
CRE upregulated	GO:0006996	organelle organization	ENSMUSG00000000134	Tfe3	ISS, IEA
CRE upregulated	GO:0006996	organelle organization	ENSMUSG00000004768	Rab23	IEA
CRE upregulated	GO:0006996	organelle organization	ENSMUSG00000015837	Sqstm1	IDA, ISS, IBA, IEA
CRE upregulated	GO:0006996	organelle organization	ENSMUSG00000030677	Kif22	ISS, IEA
CRE upregulated	GO:0006996	organelle organization	ENSMUSG00000029131	Dnajb6	IMP, IEA
CRE upregulated	GO:0006996	organelle organization	ENSMUSG00000037580	Gch1	ISO, IEA
CRE upregulated	GO:0006996	organelle organization	ENSMUSG00000023087	Noct	IGI
CRE upregulated	GO:0006996	organelle organization	ENSMUSG00000031955	Bcar1	ISS, ISO, IEA
CRE upregulated	GO:0006996	organelle organization	ENSMUSG00000036057	Ptpn23	ISS, IEA
CRE upregulated	GO:0006996	organelle organization	ENSMUSG00000015316	Slamf1	IMP
CRE upregulated	GO:0006996	organelle organization	ENSMUSG00000030917	Ldaf1	ISS, IEA
CRE upregulated	GO:0006996	organelle organization	ENSMUSG00000022346	Myc	IMP, ISS, ISO, IEA
CRE upregulated	GO:0006996	organelle organization	ENSMUSG00000055809	Dnaaf3	ISS, IBA, IEA
CRE upregulated	GO:0006996	organelle organization	ENSMUSG00000004040	ENSMUSG00000004040	ISO
CRE upregulated	GO:0006996	organelle organization	ENSMUSG00000042292	Mrtfa	IDA, IGI
CRE upregulated	GO:0006996	organelle organization	ENSMUSG00000025178	Pi4k2a	IBA
CRE upregulated	GO:0006996	organelle organization	ENSMUSG00000022602	Arc	ISS, IBA, IEA
CRE upregulated	GO:0006996	organelle organization	ENSMUSG00000029578	Wipi2	IPI, ISS, IBA, IEA
CRE upregulated	GO:0006996	organelle organization	ENSMUSG00000109511	Nup62	IEA
CRE upregulated	GO:0006996	organelle organization	ENSMUSG00000047554	Tmem41b	ISS, IBA, IEA
CRE upregulated	GO:0006996	organelle organization	ENSMUSG00000029860	Zyx	IEA
CRE upregulated	GO:0006996	organelle organization	ENSMUSG00000031310	ENSMUSG00000031310	ISS, IEA
CRE upregulated	GO:0006996	organelle organization	ENSMUSG00000024190	Dusp1	ISS
CRE upregulated	GO:0006996	organelle organization	ENSMUSG00000027797	Dclk1	IEA
CRE upregulated	GO:0006996	organelle organization	ENSMUSG00000017615	Tnfaip1	ISS, IEA
CRE upregulated	GO:0006996	organelle organization	ENSMUSG00000033545	Znrf1	TAS, IEA
CRE upregulated	GO:0006996	organelle organization	ENSMUSG00000026930	Gpsm1	IBA
CRE upregulated	GO:0006996	organelle organization	ENSMUSG00000040033	ENSMUSG00000040033	IEA
CRE upregulated	GO:0006996	organelle organization	ENSMUSG00000027692	Tnik	ISS, IEA
CRE upregulated	GO:0006996	organelle organization	ENSMUSG00000002733	Plekha3	IBA
CRE upregulated	GO:0006996	organelle organization	ENSMUSG00000055044	Pdlim1	ISO, IBA, IEA
CRE upregulated	GO:0006996	organelle organization	ENSMUSG00000026718	ENSMUSG00000026718	IEA
CRE upregulated	GO:0006996	organelle organization	ENSMUSG00000026078	Pdcl3	IEA
CRE upregulated	GO:0006996	organelle organization	ENSMUSG00000028893	Sesn2	IMP
CRE upregulated	GO:0006996	organelle organization	ENSMUSG00000038861	Pi4kb	ISO, IEA
CRE upregulated	GO:0006996	organelle organization	ENSMUSG00000029071	ENSMUSG00000029071	IDA, IGI
CRE upregulated	GO:0006996	organelle organization	ENSMUSG00000022125	Cln5	IMP, ISS, IBA, IEA
CRE upregulated	GO:0006996	organelle organization	ENSMUSG00000037514	Pank2	IMP
CRE upregulated	GO:0006996	organelle organization	ENSMUSG00000032902	Slc16a1	IEA
CRE upregulated	GO:0006996	organelle organization	ENSMUSG00000029175	Slc35f6	ISS, IEA
CRE upregulated	GO:0006996	organelle organization	ENSMUSG00000025162	ENSMUSG00000025162	IMP, IBA, IEA
CRE upregulated	GO:0006996	organelle organization	ENSMUSG00000052921	Arhgef15	ISS, ISO
CRE upregulated	GO:0006996	organelle organization	ENSMUSG00000040640	ENSMUSG00000040640	IDA, IMP
CRE upregulated	GO:0006996	organelle organization	ENSMUSG00000003154	Foxj2	IMP
CRE upregulated	GO:0006996	organelle organization	ENSMUSG00000023307	Marchf5	ISS, IBA, IEA
CRE upregulated	GO:0006996	organelle organization	ENSMUSG00000039108	ENSMUSG00000039108	IMP
CRE upregulated	GO:0006996	organelle organization	ENSMUSG00000062866	ENSMUSG00000062866	IBA
CRE upregulated	GO:0006996	organelle organization	ENSMUSG00000004530	ENSMUSG00000004530	ISS, IBA, TAS, IEA
CRE upregulated	GO:0006996	organelle organization	ENSMUSG00000044147	Arf6	ISO, IEA
CRE upregulated	GO:0006996	organelle organization	ENSMUSG00000011877	Git1	ISS, IEA
CRE upregulated	GO:0006996	organelle organization	ENSMUSG00000025060	ENSMUSG00000025060	IEA
CRE upregulated	GO:0006996	organelle organization	ENSMUSG00000062234	ENSMUSG00000062234	IEA
CRE upregulated	GO:0006996	organelle organization	ENSMUSG00000047281	ENSMUSG00000047281	IEA
CRE upregulated	GO:0006996	organelle organization	ENSMUSG00000049649	Gpr3	IMP
CRE upregulated	GO:0006996	organelle organization	ENSMUSG00000044465	ENSMUSG00000044465	ISS, IBA, IEA
CRE upregulated	GO:0006996	organelle organization	ENSMUSG00000016534	ENSMUSG00000016534	ISS, IEA
CRE upregulated	GO:0006996	organelle organization	ENSMUSG00000025366	ENSMUSG00000025366	IEA
CRE upregulated	GO:0006996	organelle organization	ENSMUSG00000029110	ENSMUSG00000029110	ISS, IEA
CRE upregulated	GO:0006996	organelle organization	ENSMUSG00000041598	Cdc42ep4	IBA
CRE upregulated	GO:0006996	organelle organization	ENSMUSG00000045664	Cdc42ep2	IBA, IEA
CRE upregulated	GO:0006996	organelle organization	ENSMUSG00000027465	Tbc1d20	IMP, IEA
CRE upregulated	GO:0006996	organelle organization	ENSMUSG00000028434	Epb41l4b	ISO, IBA, IEA
CRE upregulated	GO:0006996	organelle organization	ENSMUSG00000000001	ENSMUSG00000000001	ISO
CRE upregulated	GO:0006996	organelle organization	ENSMUSG00000022270	ENSMUSG00000022270	IMP
CRE upregulated	GO:0006996	organelle organization	ENSMUSG00000000346	Dazap2	ISS, IEA
CRE upregulated	GO:0006996	organelle organization	ENSMUSG00000020671	ENSMUSG00000020671	ISS, IEA
CRE upregulated	GO:0006996	organelle organization	ENSMUSG00000058354	Krt6a	IGI, IBA
CRE upregulated	GO:0006996	organelle organization	ENSMUSG00000023952	ENSMUSG00000023952	IMP
CRE upregulated	GO:0006996	organelle organization	ENSMUSG00000020594	ENSMUSG00000020594	IDA
CRE upregulated	GO:0006996	organelle organization	ENSMUSG00000000787	ENSMUSG00000000787	IMP, ISS
CRE upregulated	GO:0006996	organelle organization	ENSMUSG00000008859	ENSMUSG00000008859	ISS, IEA
CRE upregulated	GO:0006996	organelle organization	ENSMUSG00000038467	ENSMUSG00000038467	ISS, ISO, IBA, NAS, IEA
CRE upregulated	GO:0006996	organelle organization	ENSMUSG00000042185	ENSMUSG00000042185	IMP, ISO, IEA
CRE upregulated	GO:0006996	organelle organization	ENSMUSG00000002633	Shh	IMP
CRE upregulated	GO:0006996	organelle organization	ENSMUSG00000028680	ENSMUSG00000028680	IEA
CRE upregulated	GO:0006996	organelle organization	ENSMUSG00000004270	ENSMUSG00000004270	IMP
CRE upregulated	GO:0006996	organelle organization	ENSMUSG00000027944	Hax1	IBA, IEA
CRE upregulated	GO:0006996	organelle organization	ENSMUSG00000039671	ENSMUSG00000039671	ISO, IEA
CRE upregulated	GO:0006996	organelle organization	ENSMUSG00000061244	ENSMUSG00000061244	IMP
CRE upregulated	GO:0006996	organelle organization	ENSMUSG00000056050	ENSMUSG00000056050	IEA
CRE upregulated	GO:0006996	organelle organization	ENSMUSG00000020340	ENSMUSG00000020340	IEA
CRE upregulated	GO:0006996	organelle organization	ENSMUSG00000023277	ENSMUSG00000023277	IDA, IBA, IEA
CRE upregulated	GO:0006996	organelle organization	ENSMUSG00000027646	ENSMUSG00000027646	IDA, IGI, IEA
CRE upregulated	GO:0006996	organelle organization	ENSMUSG00000024843	ENSMUSG00000024843	ISS
CRE upregulated	GO:0006996	organelle organization	ENSMUSG00000033991	ENSMUSG00000033991	ISS, IEA
CRE upregulated	GO:0006996	organelle organization	ENSMUSG00000046761	ENSMUSG00000046761	ISS, IBA, IEA
CRE upregulated	GO:0006996	organelle organization	ENSMUSG00000047261	ENSMUSG00000047261	ISO, IEA
CRE upregulated	GO:0006996	organelle organization	ENSMUSG00000026159	ENSMUSG00000026159	IMP, IBA
CRE upregulated	GO:0006996	organelle organization	ENSMUSG00000021282	ENSMUSG00000021282	IEA
CRE upregulated	GO:0006996	organelle organization	ENSMUSG00000002797	Ggct	ISS, IEA
CRE upregulated	GO:0006996	organelle organization	ENSMUSG00000049550	ENSMUSG00000049550	ISS, IBA, IEA
CRE upregulated	GO:0006996	organelle organization	ENSMUSG00000019998	ENSMUSG00000019998	IEA
CRE upregulated	GO:0006996	organelle organization	ENSMUSG00000053797	ENSMUSG00000053797	IDA, IBA
CRE upregulated	GO:0006996	organelle organization	ENSMUSG00000003541	ENSMUSG00000003541	IDA
CRE upregulated	GO:0010628	positive regulation of gene expression	ENSMUSG00000026628	Atf3	IMP
CRE upregulated	GO:0010628	positive regulation of gene expression	ENSMUSG00000063632	Sox11	IMP, IEA
CRE upregulated	GO:0010628	positive regulation of gene expression	ENSMUSG00000031574	Star	ISO, IEA
CRE upregulated	GO:0010628	positive regulation of gene expression	ENSMUSG00000004951	Hspb1	IDA
CRE upregulated	GO:0010628	positive regulation of gene expression	ENSMUSG00000025473	Adam8	IMP
CRE upregulated	GO:0010628	positive regulation of gene expression	ENSMUSG00000056749	Nfil3	IDA, IMP
CRE upregulated	GO:0010628	positive regulation of gene expression	ENSMUSG00000037447	Arid5a	IMP, ISS, IEA
CRE upregulated	GO:0010628	positive regulation of gene expression	ENSMUSG00000030748	Il4ra	IMP
CRE upregulated	GO:0010628	positive regulation of gene expression	ENSMUSG00000014599	Csf1	IDA, IEA
CRE upregulated	GO:0010628	positive regulation of gene expression	ENSMUSG00000024404	Riok3	IEA
CRE upregulated	GO:0010628	positive regulation of gene expression	ENSMUSG00000031681	Smad1	IMP
CRE upregulated	GO:0010628	positive regulation of gene expression	ENSMUSG00000026670	Uap1	IEA
CRE upregulated	GO:0010628	positive regulation of gene expression	ENSMUSG00000024256	Adcyap1	IDA, ISO, IEA
CRE upregulated	GO:0010628	positive regulation of gene expression	ENSMUSG00000002250	Ppard	IMP
CRE upregulated	GO:0010628	positive regulation of gene expression	ENSMUSG00000022661	Cd200	IEA
CRE upregulated	GO:0010628	positive regulation of gene expression	ENSMUSG00000028063	Lmna	IMP
CRE upregulated	GO:0010628	positive regulation of gene expression	ENSMUSG00000030678	Maz	IEA
CRE upregulated	GO:0010628	positive regulation of gene expression	ENSMUSG00000053436	Mapk14	IMP, IEA
CRE upregulated	GO:0010628	positive regulation of gene expression	ENSMUSG00000040025	Ythdf2	ISS
CRE upregulated	GO:0010628	positive regulation of gene expression	ENSMUSG00000011008	Mcoln2	IMP
CRE upregulated	GO:0010628	positive regulation of gene expression	ENSMUSG00000025746	Il6	IDA, IMP, IGI, ISO
CRE upregulated	GO:0010628	positive regulation of gene expression	ENSMUSG00000032231	Anxa2	ISO, IEA
CRE upregulated	GO:0010628	positive regulation of gene expression	ENSMUSG00000055994	Nod2	IDA, IMP, IGI, ISS, ISO, IEA
CRE upregulated	GO:0010628	positive regulation of gene expression	ENSMUSG00000020580	Rock2	IEA
CRE upregulated	GO:0010628	positive regulation of gene expression	ENSMUSG00000027613	Eif6	IMP
CRE upregulated	GO:0010628	positive regulation of gene expression	ENSMUSG00000042406	Atf4	IMP, IEA
CRE upregulated	GO:0010628	positive regulation of gene expression	ENSMUSG00000020838	Slc6a4	IMP
CRE upregulated	GO:0010628	positive regulation of gene expression	ENSMUSG00000001507	Itga3	ISO, IEA
CRE upregulated	GO:0010628	positive regulation of gene expression	ENSMUSG00000025408	Ddit3	IEA
CRE upregulated	GO:0010628	positive regulation of gene expression	ENSMUSG00000040435	Ppp1r15a	IDA
CRE upregulated	GO:0010628	positive regulation of gene expression	ENSMUSG00000032078	Zpr1	IMP, ISS, IBA, IEA
CRE upregulated	GO:0010628	positive regulation of gene expression	ENSMUSG00000024349	Sting1	IDA, IMP, ISS, ISO, IBA, IEA
CRE upregulated	GO:0010628	positive regulation of gene expression	ENSMUSG00000030057	Cnbp	IBA, IEA
CRE upregulated	GO:0010628	positive regulation of gene expression	ENSMUSG00000057531	Dtnbp1	IDA
CRE upregulated	GO:0010628	positive regulation of gene expression	ENSMUSG00000023087	Noct	IMP
CRE upregulated	GO:0010628	positive regulation of gene expression	ENSMUSG00000015316	Slamf1	IDA, IBA
CRE upregulated	GO:0010628	positive regulation of gene expression	ENSMUSG00000022346	Myc	IEA
CRE upregulated	GO:0010628	positive regulation of gene expression	ENSMUSG00000026072	Il1r1	ISS, IEA
CRE upregulated	GO:0010628	positive regulation of gene expression	ENSMUSG00000024789	Jak2	IDA, IGI, ISS, ISO, NAS, IEA
CRE upregulated	GO:0010628	positive regulation of gene expression	ENSMUSG00000004040	ENSMUSG00000004040	IGI, ISO, IEA
CRE upregulated	GO:0010628	positive regulation of gene expression	ENSMUSG00000054136	Adm2	IEA
CRE upregulated	GO:0010628	positive regulation of gene expression	ENSMUSG00000020395	Itk	IMP
CRE upregulated	GO:0010628	positive regulation of gene expression	ENSMUSG00000029826	Zc3hav1	IDA, IBA
CRE upregulated	GO:0010628	positive regulation of gene expression	ENSMUSG00000020358	Hnrnpab	ISO, IEA
CRE upregulated	GO:0010628	positive regulation of gene expression	ENSMUSG00000031934	ENSMUSG00000031934	IMP, IEA
CRE upregulated	GO:0010628	positive regulation of gene expression	ENSMUSG00000024927	Rela	IDA, IEA
CRE upregulated	GO:0010628	positive regulation of gene expression	ENSMUSG00000025793	ENSMUSG00000025793	IEA
CRE upregulated	GO:0010628	positive regulation of gene expression	ENSMUSG00000026078	Pdcl3	IMP, IBA, IEA
CRE upregulated	GO:0010628	positive regulation of gene expression	ENSMUSG00000024947	Men1	IDA, IMP, IEA
CRE upregulated	GO:0010628	positive regulation of gene expression	ENSMUSG00000031668	ENSMUSG00000031668	IEA
CRE upregulated	GO:0010628	positive regulation of gene expression	ENSMUSG00000053175	Bcl3	IMP, IEA
CRE upregulated	GO:0010628	positive regulation of gene expression	ENSMUSG00000021796	Bmpr1a	IMP, IEA
CRE upregulated	GO:0010628	positive regulation of gene expression	ENSMUSG00000019842	ENSMUSG00000019842	IDA, IMP
CRE upregulated	GO:0010628	positive regulation of gene expression	ENSMUSG00000037860	Aim2	IDA, IMP, IGI, ISO, IEA
CRE upregulated	GO:0010628	positive regulation of gene expression	ENSMUSG00000028434	Epb41l4b	IEA
CRE upregulated	GO:0010628	positive regulation of gene expression	ENSMUSG00000039191	Rbpj	IMP
CRE upregulated	GO:0010628	positive regulation of gene expression	ENSMUSG00000019763	ENSMUSG00000019763	ISS, IBA, IEA
CRE upregulated	GO:0010628	positive regulation of gene expression	ENSMUSG00000040010	Slc7a5	IEA
CRE upregulated	GO:0010628	positive regulation of gene expression	ENSMUSG00000004099	ENSMUSG00000004099	IEA
CRE upregulated	GO:0010628	positive regulation of gene expression	ENSMUSG00000022858	ENSMUSG00000022858	IMP, ISS, IBA, IEA
CRE upregulated	GO:0010628	positive regulation of gene expression	ENSMUSG00000011256	ENSMUSG00000011256	ISS
CRE upregulated	GO:0010628	positive regulation of gene expression	ENSMUSG00000000787	ENSMUSG00000000787	ISS
CRE upregulated	GO:0010628	positive regulation of gene expression	ENSMUSG00000022948	Setd4	IDA
CRE upregulated	GO:0010628	positive regulation of gene expression	ENSMUSG00000038676	Ucn	ISO, IEA
CRE upregulated	GO:0010628	positive regulation of gene expression	ENSMUSG00000032508	Myd88	IMP, IGI, ISS, IEA
CRE upregulated	GO:0010628	positive regulation of gene expression	ENSMUSG00000002633	Shh	IMP
CRE upregulated	GO:0010628	positive regulation of gene expression	ENSMUSG00000032462	ENSMUSG00000032462	ISO, IEA
CRE upregulated	GO:0010628	positive regulation of gene expression	ENSMUSG00000028291	ENSMUSG00000028291	IDA, IMP
CRE upregulated	GO:0010628	positive regulation of gene expression	ENSMUSG00000037411	Serpine1	IEA
CRE upregulated	GO:0010628	positive regulation of gene expression	ENSMUSG00000027646	ENSMUSG00000027646	IGI, ISO, IEA
CRE upregulated	GO:0010628	positive regulation of gene expression	ENSMUSG00000020680	ENSMUSG00000020680	ISO, IEA
CRE upregulated	GO:0010628	positive regulation of gene expression	ENSMUSG00000031073	Fgf15	IBA, IEA
CRE upregulated	GO:0010628	positive regulation of gene expression	ENSMUSG00000015839	Nfe2l2	IGI, ISO, IEA
CRE upregulated	GO:0010628	positive regulation of gene expression	ENSMUSG00000022332	ENSMUSG00000022332	ISO
CRE upregulated	GO:2001234	negative regulation of apoptotic signaling pathway	ENSMUSG00000046223	Plaur	IEA
CRE upregulated	GO:2001234	negative regulation of apoptotic signaling pathway	ENSMUSG00000004951	Hspb1	IDA
CRE upregulated	GO:2001234	negative regulation of apoptotic signaling pathway	ENSMUSG00000005087	Cd44	IEA
CRE upregulated	GO:2001234	negative regulation of apoptotic signaling pathway	ENSMUSG00000026836	Acvr1	IEA
CRE upregulated	GO:2001234	negative regulation of apoptotic signaling pathway	ENSMUSG00000048482	Bdnf	IGI
CRE upregulated	GO:2001234	negative regulation of apoptotic signaling pathway	ENSMUSG00000021070	Bdkrb2	IMP, IGI
CRE upregulated	GO:2001234	negative regulation of apoptotic signaling pathway	ENSMUSG00000027540	Ptpn1	IMP
CRE upregulated	GO:2001234	negative regulation of apoptotic signaling pathway	ENSMUSG00000028063	Lmna	IMP
CRE upregulated	GO:2001234	negative regulation of apoptotic signaling pathway	ENSMUSG00000030678	Maz	IEA
CRE upregulated	GO:2001234	negative regulation of apoptotic signaling pathway	ENSMUSG00000031078	Cttn	IGI
CRE upregulated	GO:2001234	negative regulation of apoptotic signaling pathway	ENSMUSG00000037062	Sh3glb1	IMP
CRE upregulated	GO:2001234	negative regulation of apoptotic signaling pathway	ENSMUSG00000042406	Atf4	ISO, IEA
CRE upregulated	GO:2001234	negative regulation of apoptotic signaling pathway	ENSMUSG00000042292	Mrtfa	IDA
CRE upregulated	GO:2001234	negative regulation of apoptotic signaling pathway	ENSMUSG00000050335	Lgals3	IEA
CRE upregulated	GO:2001234	negative regulation of apoptotic signaling pathway	ENSMUSG00000024927	Rela	IDA, IEA
CRE upregulated	GO:2001234	negative regulation of apoptotic signaling pathway	ENSMUSG00000028466	Creb3	IEA
CRE upregulated	GO:2001234	negative regulation of apoptotic signaling pathway	ENSMUSG00000029175	Slc35f6	ISS, IEA
CRE upregulated	GO:2001234	negative regulation of apoptotic signaling pathway	ENSMUSG00000037815	Ctnna1	IMP
CRE upregulated	GO:2001234	negative regulation of apoptotic signaling pathway	ENSMUSG00000000001	ENSMUSG00000000001	ISO
CRE upregulated	GO:2001234	negative regulation of apoptotic signaling pathway	ENSMUSG00000000787	ENSMUSG00000000787	ISS
CRE upregulated	GO:2001234	negative regulation of apoptotic signaling pathway	ENSMUSG00000032462	ENSMUSG00000032462	IMP
CRE upregulated	GO:2001234	negative regulation of apoptotic signaling pathway	ENSMUSG00000037411	Serpine1	IEA
CRE upregulated	GO:2001234	negative regulation of apoptotic signaling pathway	ENSMUSG00000019843	ENSMUSG00000019843	ISO
CRE upregulated	GO:2001234	negative regulation of apoptotic signaling pathway	ENSMUSG00000027646	ENSMUSG00000027646	IBA, IEA
CRE upregulated	GO:2001234	negative regulation of apoptotic signaling pathway	ENSMUSG00000031642	Sh3rf1	IEA
CRE upregulated	GO:2001234	negative regulation of apoptotic signaling pathway	ENSMUSG00000015839	Nfe2l2	IEA
CRE upregulated	GO:2001234	negative regulation of apoptotic signaling pathway	ENSMUSG00000003541	ENSMUSG00000003541	IDA
CRE upregulated	GO:2000026	regulation of multicellular organismal development	ENSMUSG00000036390	Gadd45a	IMP
CRE upregulated	GO:2000026	regulation of multicellular organismal development	ENSMUSG00000051379	Flrt3	IDA
CRE upregulated	GO:2000026	regulation of multicellular organismal development	ENSMUSG00000052684	Jun	IDA, ISO
CRE upregulated	GO:2000026	regulation of multicellular organismal development	ENSMUSG00000063632	Sox11	IDA, IMP, IEA
CRE upregulated	GO:2000026	regulation of multicellular organismal development	ENSMUSG00000019647	Sema6a	IEA
CRE upregulated	GO:2000026	regulation of multicellular organismal development	ENSMUSG00000031574	Star	ISO, IEA
CRE upregulated	GO:2000026	regulation of multicellular organismal development	ENSMUSG00000004951	Hspb1	ISO, IEA
CRE upregulated	GO:2000026	regulation of multicellular organismal development	ENSMUSG00000025473	Adam8	IDA, NAS
CRE upregulated	GO:2000026	regulation of multicellular organismal development	ENSMUSG00000046731	Kctd11	IDA
CRE upregulated	GO:2000026	regulation of multicellular organismal development	ENSMUSG00000030748	Il4ra	IGI
CRE upregulated	GO:2000026	regulation of multicellular organismal development	ENSMUSG00000023905	Tnfrsf12a	IDA
CRE upregulated	GO:2000026	regulation of multicellular organismal development	ENSMUSG00000021765	Fst	IMP, IGI, ISO, IEA
CRE upregulated	GO:2000026	regulation of multicellular organismal development	ENSMUSG00000030256	Bhlhe41	IBA
CRE upregulated	GO:2000026	regulation of multicellular organismal development	ENSMUSG00000014599	Csf1	IDA, IMP, IGI, IBA, IEA
CRE upregulated	GO:2000026	regulation of multicellular organismal development	ENSMUSG00000038650	Rnh1	IBA, IEA
CRE upregulated	GO:2000026	regulation of multicellular organismal development	ENSMUSG00000027495	Fam210b	ISS, IEA
CRE upregulated	GO:2000026	regulation of multicellular organismal development	ENSMUSG00000031681	Smad1	IDA, IEA
CRE upregulated	GO:2000026	regulation of multicellular organismal development	ENSMUSG00000024261	Syt4	IMP
CRE upregulated	GO:2000026	regulation of multicellular organismal development	ENSMUSG00000026836	Acvr1	IEA
CRE upregulated	GO:2000026	regulation of multicellular organismal development	ENSMUSG00000048482	Bdnf	IDA, IMP, ISO, IEA
CRE upregulated	GO:2000026	regulation of multicellular organismal development	ENSMUSG00000024256	Adcyap1	ISO, IEA
CRE upregulated	GO:2000026	regulation of multicellular organismal development	ENSMUSG00000018736	Ndel1	ISO
CRE upregulated	GO:2000026	regulation of multicellular organismal development	ENSMUSG00000002250	Ppard	IMP
CRE upregulated	GO:2000026	regulation of multicellular organismal development	ENSMUSG00000018507	Trpv2	IMP
CRE upregulated	GO:2000026	regulation of multicellular organismal development	ENSMUSG00000037568	Vash2	IMP, ISO, IBA, IEA
CRE upregulated	GO:2000026	regulation of multicellular organismal development	ENSMUSG00000043895	S1pr2	IEA
CRE upregulated	GO:2000026	regulation of multicellular organismal development	ENSMUSG00000027583	Zbtb46	IMP
CRE upregulated	GO:2000026	regulation of multicellular organismal development	ENSMUSG00000053436	Mapk14	IMP, IGI, IEA
CRE upregulated	GO:2000026	regulation of multicellular organismal development	ENSMUSG00000025809	Itgb1	IMP, IEA
CRE upregulated	GO:2000026	regulation of multicellular organismal development	ENSMUSG00000040025	Ythdf2	IMP, ISS, IEA
CRE upregulated	GO:2000026	regulation of multicellular organismal development	ENSMUSG00000013089	Etv5	ISO, IEA
CRE upregulated	GO:2000026	regulation of multicellular organismal development	ENSMUSG00000025746	Il6	IDA, IMP
CRE upregulated	GO:2000026	regulation of multicellular organismal development	ENSMUSG00000032231	Anxa2	IDA
CRE upregulated	GO:2000026	regulation of multicellular organismal development	ENSMUSG00000022607	Ptk2	IMP, ISO
CRE upregulated	GO:2000026	regulation of multicellular organismal development	ENSMUSG00000024014	Pim1	IEA
CRE upregulated	GO:2000026	regulation of multicellular organismal development	ENSMUSG00000037062	Sh3glb1	ISO
CRE upregulated	GO:2000026	regulation of multicellular organismal development	ENSMUSG00000020580	Rock2	IEA
CRE upregulated	GO:2000026	regulation of multicellular organismal development	ENSMUSG00000027613	Eif6	IMP
CRE upregulated	GO:2000026	regulation of multicellular organismal development	ENSMUSG00000042406	Atf4	IMP
CRE upregulated	GO:2000026	regulation of multicellular organismal development	ENSMUSG00000017929	B4galt5	IMP
CRE upregulated	GO:2000026	regulation of multicellular organismal development	ENSMUSG00000040435	Ppp1r15a	ISO
CRE upregulated	GO:2000026	regulation of multicellular organismal development	ENSMUSG00000032078	Zpr1	IMP
CRE upregulated	GO:2000026	regulation of multicellular organismal development	ENSMUSG00000055407	Map6	ISO, IBA
CRE upregulated	GO:2000026	regulation of multicellular organismal development	ENSMUSG00000000134	Tfe3	IGI, IEA
CRE upregulated	GO:2000026	regulation of multicellular organismal development	ENSMUSG00000030309	Caprin2	IMP
CRE upregulated	GO:2000026	regulation of multicellular organismal development	ENSMUSG00000023087	Noct	IMP
CRE upregulated	GO:2000026	regulation of multicellular organismal development	ENSMUSG00000001627	Ifrd1	IGI
CRE upregulated	GO:2000026	regulation of multicellular organismal development	ENSMUSG00000029765	Plxna4	IBA
CRE upregulated	GO:2000026	regulation of multicellular organismal development	ENSMUSG00000022346	Myc	ISS, ISO, IEA
CRE upregulated	GO:2000026	regulation of multicellular organismal development	ENSMUSG00000036478	Btg1	ISS, IEA
CRE upregulated	GO:2000026	regulation of multicellular organismal development	ENSMUSG00000027954	Efna1	IDA
CRE upregulated	GO:2000026	regulation of multicellular organismal development	ENSMUSG00000004040	ENSMUSG00000004040	IDA, ISS, IEA
CRE upregulated	GO:2000026	regulation of multicellular organismal development	ENSMUSG00000054136	Adm2	ISO, IEA
CRE upregulated	GO:2000026	regulation of multicellular organismal development	ENSMUSG00000023915	Tnfrsf21	IBA, IEA
CRE upregulated	GO:2000026	regulation of multicellular organismal development	ENSMUSG00000024927	Rela	ISO, IEA
CRE upregulated	GO:2000026	regulation of multicellular organismal development	ENSMUSG00000025793	ENSMUSG00000025793	IEA
CRE upregulated	GO:2000026	regulation of multicellular organismal development	ENSMUSG00000027692	Tnik	ISO
CRE upregulated	GO:2000026	regulation of multicellular organismal development	ENSMUSG00000024238	Zeb1	IMP, IEA
CRE upregulated	GO:2000026	regulation of multicellular organismal development	ENSMUSG00000026078	Pdcl3	ISO, IEA
CRE upregulated	GO:2000026	regulation of multicellular organismal development	ENSMUSG00000064210	ENSMUSG00000064210	IMP, IEA
CRE upregulated	GO:2000026	regulation of multicellular organismal development	ENSMUSG00000024335	Brd2	IDA, IEA
CRE upregulated	GO:2000026	regulation of multicellular organismal development	ENSMUSG00000068739	ENSMUSG00000068739	ISS, IEA
CRE upregulated	GO:2000026	regulation of multicellular organismal development	ENSMUSG00000037815	Ctnna1	IMP, IGI
CRE upregulated	GO:2000026	regulation of multicellular organismal development	ENSMUSG00000003154	Foxj2	IEA
CRE upregulated	GO:2000026	regulation of multicellular organismal development	ENSMUSG00000028599	Tnfrsf1b	IMP, IGI, IBA
CRE upregulated	GO:2000026	regulation of multicellular organismal development	ENSMUSG00000031937	ENSMUSG00000031937	IMP, IBA
CRE upregulated	GO:2000026	regulation of multicellular organismal development	ENSMUSG00000047281	ENSMUSG00000047281	IMP
CRE upregulated	GO:2000026	regulation of multicellular organismal development	ENSMUSG00000021796	Bmpr1a	IMP, IEA
CRE upregulated	GO:2000026	regulation of multicellular organismal development	ENSMUSG00000039191	Rbpj	IMP
CRE upregulated	GO:2000026	regulation of multicellular organismal development	ENSMUSG00000035725	ENSMUSG00000035725	ISS, IEA
CRE upregulated	GO:2000026	regulation of multicellular organismal development	ENSMUSG00000001552	ENSMUSG00000001552	IEA
CRE upregulated	GO:2000026	regulation of multicellular organismal development	ENSMUSG00000040010	Slc7a5	ISO, IEA
CRE upregulated	GO:2000026	regulation of multicellular organismal development	ENSMUSG00000059743	ENSMUSG00000059743	ISO
CRE upregulated	GO:2000026	regulation of multicellular organismal development	ENSMUSG00000042185	ENSMUSG00000042185	IMP
CRE upregulated	GO:2000026	regulation of multicellular organismal development	ENSMUSG00000026864	ENSMUSG00000026864	TAS
CRE upregulated	GO:2000026	regulation of multicellular organismal development	ENSMUSG00000002633	Shh	IDA, IMP, ISO
CRE upregulated	GO:2000026	regulation of multicellular organismal development	ENSMUSG00000032462	ENSMUSG00000032462	IEA
CRE upregulated	GO:2000026	regulation of multicellular organismal development	ENSMUSG00000027944	Hax1	IEA
CRE upregulated	GO:2000026	regulation of multicellular organismal development	ENSMUSG00000067586	ENSMUSG00000067586	IEA
CRE upregulated	GO:2000026	regulation of multicellular organismal development	ENSMUSG00000063952	Brpf3	NAS
CRE upregulated	GO:2000026	regulation of multicellular organismal development	ENSMUSG00000037411	Serpine1	IEA
CRE upregulated	GO:2000026	regulation of multicellular organismal development	ENSMUSG00000037465	Klf10	IMP
CRE upregulated	GO:2000026	regulation of multicellular organismal development	ENSMUSG00000023277	ENSMUSG00000023277	IEA
CRE upregulated	GO:2000026	regulation of multicellular organismal development	ENSMUSG00000032501	Trib1	IMP
CRE upregulated	GO:2000026	regulation of multicellular organismal development	ENSMUSG00000015839	Nfe2l2	IGI, ISO, IEA
CRE upregulated	GO:2000026	regulation of multicellular organismal development	ENSMUSG00000000627	ENSMUSG00000000627	ISO, IEA
CRE upregulated	GO:2000026	regulation of multicellular organismal development	ENSMUSG00000024907	Gal	IEA
CRE upregulated	GO:0045087	innate immune response	ENSMUSG00000031574	Star	IEA
CRE upregulated	GO:0045087	innate immune response	ENSMUSG00000046688	Tifa	ISS, IBA, IEA
CRE upregulated	GO:0045087	innate immune response	ENSMUSG00000025473	Adam8	IDA
CRE upregulated	GO:0045087	innate immune response	ENSMUSG00000037447	Arid5a	IEA
CRE upregulated	GO:0045087	innate immune response	ENSMUSG00000014599	Csf1	IEA
CRE upregulated	GO:0045087	innate immune response	ENSMUSG00000024404	Riok3	IEA
CRE upregulated	GO:0045087	innate immune response	ENSMUSG00000030095	Tmem43	IEA
CRE upregulated	GO:0045087	innate immune response	ENSMUSG00000028793	Rnf19b	IMP
CRE upregulated	GO:0045087	innate immune response	ENSMUSG00000026670	Uap1	IEA
CRE upregulated	GO:0045087	innate immune response	ENSMUSG00000021400	Wrnip1	IEA
CRE upregulated	GO:0045087	innate immune response	ENSMUSG00000044734	Serpinb1a	IDA
CRE upregulated	GO:0045087	innate immune response	ENSMUSG00000051343	Rab11fip5	IDA
CRE upregulated	GO:0045087	innate immune response	ENSMUSG00000026254	Eif4e2	IEA
CRE upregulated	GO:0045087	innate immune response	ENSMUSG00000040025	Ythdf2	ISS, IEA
CRE upregulated	GO:0045087	innate immune response	ENSMUSG00000022043	Trim35	IEA
CRE upregulated	GO:0045087	innate immune response	ENSMUSG00000011008	Mcoln2	IEA
CRE upregulated	GO:0045087	innate immune response	ENSMUSG00000025139	Tollip	IEA
CRE upregulated	GO:0045087	innate immune response	ENSMUSG00000055994	Nod2	IDA, IMP, ISS, ISO, IEA
CRE upregulated	GO:0045087	innate immune response	ENSMUSG00000024014	Pim1	ISS, IEA
CRE upregulated	GO:0045087	innate immune response	ENSMUSG00000059923	Grb2	IEA
CRE upregulated	GO:0045087	innate immune response	ENSMUSG00000042726	Trafd1	IMP, IBA
CRE upregulated	GO:0045087	innate immune response	ENSMUSG00000024349	Sting1	IDA, IMP, ISS, IBA, IEA
CRE upregulated	GO:0045087	innate immune response	ENSMUSG00000015837	Sqstm1	IEA
CRE upregulated	GO:0045087	innate immune response	ENSMUSG00000037580	Gch1	IEA
CRE upregulated	GO:0045087	innate immune response	ENSMUSG00000015316	Slamf1	IEA
CRE upregulated	GO:0045087	innate immune response	ENSMUSG00000024789	Jak2	ISS, ISO, IEA
CRE upregulated	GO:0045087	innate immune response	ENSMUSG00000029135	Fosl2	IMP
CRE upregulated	GO:0045087	innate immune response	ENSMUSG00000036990	Otud4	IDA, IBA, IEA
CRE upregulated	GO:0045087	innate immune response	ENSMUSG00000029860	Zyx	IDA
CRE upregulated	GO:0045087	innate immune response	ENSMUSG00000029826	Zc3hav1	TAS, IEA
CRE upregulated	GO:0045087	innate immune response	ENSMUSG00000059866	Tnip2	IMP, IBA
CRE upregulated	GO:0045087	innate immune response	ENSMUSG00000033545	Znrf1	IEA
CRE upregulated	GO:0045087	innate immune response	ENSMUSG00000040033	ENSMUSG00000040033	IEA
CRE upregulated	GO:0045087	innate immune response	ENSMUSG00000024912	Fosl1	IMP
CRE upregulated	GO:0045087	innate immune response	ENSMUSG00000024927	Rela	ISO, IBA, IEA
CRE upregulated	GO:0045087	innate immune response	ENSMUSG00000038591	Colec10	IEA
CRE upregulated	GO:0045087	innate immune response	ENSMUSG00000040365	Trim41	ISS, IEA
CRE upregulated	GO:0045087	innate immune response	ENSMUSG00000020349	ENSMUSG00000020349	IMP
CRE upregulated	GO:0045087	innate immune response	ENSMUSG00000044147	Arf6	NAS
CRE upregulated	GO:0045087	innate immune response	ENSMUSG00000030662	ENSMUSG00000030662	IEA
CRE upregulated	GO:0045087	innate immune response	ENSMUSG00000025060	ENSMUSG00000025060	ISO
CRE upregulated	GO:0045087	innate immune response	ENSMUSG00000047281	ENSMUSG00000047281	ISS, IEA
CRE upregulated	GO:0045087	innate immune response	ENSMUSG00000070056	ENSMUSG00000070056	IMP, ISS, IEA
CRE upregulated	GO:0045087	innate immune response	ENSMUSG00000041598	Cdc42ep4	IDA
CRE upregulated	GO:0045087	innate immune response	ENSMUSG00000045664	Cdc42ep2	IDA
CRE upregulated	GO:0045087	innate immune response	ENSMUSG00000037860	Aim2	IDA, IBA, NAS, IEA
CRE upregulated	GO:0045087	innate immune response	ENSMUSG00000076434	ENSMUSG00000076434	IBA
CRE upregulated	GO:0045087	innate immune response	ENSMUSG00000027997	Casp6	ISS, IEA
CRE upregulated	GO:0045087	innate immune response	ENSMUSG00000020594	ENSMUSG00000020594	IEA
CRE upregulated	GO:0045087	innate immune response	ENSMUSG00000020448	Rnf185	ISS, IEA
CRE upregulated	GO:0045087	innate immune response	ENSMUSG00000000787	ENSMUSG00000000787	IDA, ISS, IEA
CRE upregulated	GO:0045087	innate immune response	ENSMUSG00000037553	ENSMUSG00000037553	ISS, IEA
CRE upregulated	GO:0045087	innate immune response	ENSMUSG00000025403	ENSMUSG00000025403	IEA
CRE upregulated	GO:0045087	innate immune response	ENSMUSG00000032508	Myd88	IMP, IGI, ISS, IBA, IEA
CRE upregulated	GO:0045087	innate immune response	ENSMUSG00000038250	ENSMUSG00000038250	IEA
CRE upregulated	GO:0045087	innate immune response	ENSMUSG00000028291	ENSMUSG00000028291	IMP, IBA, IEA
CRE upregulated	GO:0045087	innate immune response	ENSMUSG00000050108	Bpifc	IEA
CRE upregulated	GO:0045087	innate immune response	ENSMUSG00000019843	ENSMUSG00000019843	IBA
CRE upregulated	GO:0045087	innate immune response	ENSMUSG00000027646	ENSMUSG00000027646	IBA, IEA
CRE upregulated	GO:0045087	innate immune response	ENSMUSG00000052316	ENSMUSG00000052316	IEA
CRE upregulated	GO:0045087	innate immune response	ENSMUSG00000019726	ENSMUSG00000019726	IEA
CRE upregulated	GO:0045087	innate immune response	ENSMUSG00000015839	Nfe2l2	IMP
CRE upregulated	GO:0045087	innate immune response	ENSMUSG00000053797	ENSMUSG00000053797	IMP, IEA
CRE upregulated	GO:0007264	small GTPase-mediated signal transduction	ENSMUSG00000024143	Rhoq	IEA
CRE upregulated	GO:0007264	small GTPase-mediated signal transduction	ENSMUSG00000014599	Csf1	IDA
CRE upregulated	GO:0007264	small GTPase-mediated signal transduction	ENSMUSG00000023067	Cdkn1a	IEA
CRE upregulated	GO:0007264	small GTPase-mediated signal transduction	ENSMUSG00000029518	Rab35	IEA
CRE upregulated	GO:0007264	small GTPase-mediated signal transduction	ENSMUSG00000054855	Rnd1	IEA
CRE upregulated	GO:0007264	small GTPase-mediated signal transduction	ENSMUSG00000034226	Rhov	IBA, IEA
CRE upregulated	GO:0007264	small GTPase-mediated signal transduction	ENSMUSG00000025809	Itgb1	IGI
CRE upregulated	GO:0007264	small GTPase-mediated signal transduction	ENSMUSG00000015243	Abca1	IEA
CRE upregulated	GO:0007264	small GTPase-mediated signal transduction	ENSMUSG00000002233	Rhoc	IEA
CRE upregulated	GO:0007264	small GTPase-mediated signal transduction	ENSMUSG00000020580	Rock2	IEA
CRE upregulated	GO:0007264	small GTPase-mediated signal transduction	ENSMUSG00000027560	Dok5	IBA
CRE upregulated	GO:0007264	small GTPase-mediated signal transduction	ENSMUSG00000059923	Grb2	TAS
CRE upregulated	GO:0007264	small GTPase-mediated signal transduction	ENSMUSG00000001507	Itga3	IGI
CRE upregulated	GO:0007264	small GTPase-mediated signal transduction	ENSMUSG00000055723	Rras2	IDA, IEA
CRE upregulated	GO:0007264	small GTPase-mediated signal transduction	ENSMUSG00000001847	Rac1	IDA, IGI, ISO, IBA, IEA
CRE upregulated	GO:0007264	small GTPase-mediated signal transduction	ENSMUSG00000050271	Prag1	ISS, ISO, IEA
CRE upregulated	GO:0007264	small GTPase-mediated signal transduction	ENSMUSG00000018909	Arrb1	IEA
CRE upregulated	GO:0007264	small GTPase-mediated signal transduction	ENSMUSG00000026821	Ralgds	IBA, IEA
CRE upregulated	GO:0007264	small GTPase-mediated signal transduction	ENSMUSG00000003269	Cyth2	IEA
CRE upregulated	GO:0007264	small GTPase-mediated signal transduction	ENSMUSG00000109511	Nup62	IMP
CRE upregulated	GO:0007264	small GTPase-mediated signal transduction	ENSMUSG00000035236	Scai	IDA
CRE upregulated	GO:0007264	small GTPase-mediated signal transduction	ENSMUSG00000036882	ENSMUSG00000036882	IBA
CRE upregulated	GO:0007264	small GTPase-mediated signal transduction	ENSMUSG00000017615	Tnfaip1	ISS, IBA, IEA
CRE upregulated	GO:0007264	small GTPase-mediated signal transduction	ENSMUSG00000029458	ENSMUSG00000029458	ISO, IBA, IEA
CRE upregulated	GO:0007264	small GTPase-mediated signal transduction	ENSMUSG00000050730	Arhgap42	IMP
CRE upregulated	GO:0007264	small GTPase-mediated signal transduction	ENSMUSG00000036894	Rap2b	IDA, IBA, IEA
CRE upregulated	GO:0007264	small GTPase-mediated signal transduction	ENSMUSG00000025340	Rabgef1	IMP
CRE upregulated	GO:0007264	small GTPase-mediated signal transduction	ENSMUSG00000044147	Arf6	IEA
CRE upregulated	GO:0007264	small GTPase-mediated signal transduction	ENSMUSG00000052298	Cdc42se2	IEA
CRE upregulated	GO:0007264	small GTPase-mediated signal transduction	ENSMUSG00000011877	Git1	ISO, IBA, IEA
CRE upregulated	GO:0007264	small GTPase-mediated signal transduction	ENSMUSG00000041598	Cdc42ep4	IDA, IBA
CRE upregulated	GO:0007264	small GTPase-mediated signal transduction	ENSMUSG00000045664	Cdc42ep2	IBA
CRE upregulated	GO:0007264	small GTPase-mediated signal transduction	ENSMUSG00000039844	ENSMUSG00000039844	IMP, IBA, IEA
CRE upregulated	GO:0007264	small GTPase-mediated signal transduction	ENSMUSG00000008859	ENSMUSG00000008859	IBA, IEA
CRE upregulated	GO:0007264	small GTPase-mediated signal transduction	ENSMUSG00000046722	ENSMUSG00000046722	ISS, IEA
CRE upregulated	GO:0007264	small GTPase-mediated signal transduction	ENSMUSG00000052681	Rap1b	IDA, ISS, IBA, IEA
CRE upregulated	GO:0007264	small GTPase-mediated signal transduction	ENSMUSG00000032462	ENSMUSG00000032462	IGI, IEA
CRE upregulated	GO:0007264	small GTPase-mediated signal transduction	ENSMUSG00000027646	ENSMUSG00000027646	ISO, IEA
CRE upregulated	GO:0006886	intracellular protein transport	ENSMUSG00000004951	Hspb1	ISS, IEA
CRE upregulated	GO:0006886	intracellular protein transport	ENSMUSG00000023067	Cdkn1a	IMP
CRE upregulated	GO:0006886	intracellular protein transport	ENSMUSG00000041831	Sytl3	IEA
CRE upregulated	GO:0006886	intracellular protein transport	ENSMUSG00000030272	Camk1	IDA, IEA
CRE upregulated	GO:0006886	intracellular protein transport	ENSMUSG00000034300	Fam53c	IBA
CRE upregulated	GO:0006886	intracellular protein transport	ENSMUSG00000032939	Nup93	IBA
CRE upregulated	GO:0006886	intracellular protein transport	ENSMUSG00000018736	Ndel1	IEA
CRE upregulated	GO:0006886	intracellular protein transport	ENSMUSG00000005069	Pex5	IMP, ISS, IBA, IEA
CRE upregulated	GO:0006886	intracellular protein transport	ENSMUSG00000027540	Ptpn1	IEA
CRE upregulated	GO:0006886	intracellular protein transport	ENSMUSG00000039232	Stx11	IEA
CRE upregulated	GO:0006886	intracellular protein transport	ENSMUSG00000028063	Lmna	IMP
CRE upregulated	GO:0006886	intracellular protein transport	ENSMUSG00000053436	Mapk14	IMP
CRE upregulated	GO:0006886	intracellular protein transport	ENSMUSG00000025809	Itgb1	ISO
CRE upregulated	GO:0006886	intracellular protein transport	ENSMUSG00000018362	Kpna2	IDA, ISS, IBA, IEA
CRE upregulated	GO:0006886	intracellular protein transport	ENSMUSG00000025746	Il6	ISO
CRE upregulated	GO:0006886	intracellular protein transport	ENSMUSG00000031078	Cttn	IMP, ISS, IEA
CRE upregulated	GO:0006886	intracellular protein transport	ENSMUSG00000040312	Cchcr1	IDA, IBA
CRE upregulated	GO:0006886	intracellular protein transport	ENSMUSG00000024772	Ehd1	ISS, IEA
CRE upregulated	GO:0006886	intracellular protein transport	ENSMUSG00000007458	M6pr	IBA, TAS, IEA
CRE upregulated	GO:0006886	intracellular protein transport	ENSMUSG00000032078	Zpr1	IMP, ISS, IBA, IEA
CRE upregulated	GO:0006886	intracellular protein transport	ENSMUSG00000004768	Rab23	IEA
CRE upregulated	GO:0006886	intracellular protein transport	ENSMUSG00000015837	Sqstm1	IDA, IMP, ISS, IEA
CRE upregulated	GO:0006886	intracellular protein transport	ENSMUSG00000036057	Ptpn23	IBA
CRE upregulated	GO:0006886	intracellular protein transport	ENSMUSG00000030616	Sytl2	IEA
CRE upregulated	GO:0006886	intracellular protein transport	ENSMUSG00000047604	Frat2	ISS
CRE upregulated	GO:0006886	intracellular protein transport	ENSMUSG00000024789	Jak2	ISO, IEA
CRE upregulated	GO:0006886	intracellular protein transport	ENSMUSG00000004040	ENSMUSG00000004040	ISS, IEA
CRE upregulated	GO:0006886	intracellular protein transport	ENSMUSG00000109511	Nup62	ISO, IBA, IEA
CRE upregulated	GO:0006886	intracellular protein transport	ENSMUSG00000033769	Exoc6b	IEA
CRE upregulated	GO:0006886	intracellular protein transport	ENSMUSG00000019188	ENSMUSG00000019188	IEA
CRE upregulated	GO:0006886	intracellular protein transport	ENSMUSG00000025793	ENSMUSG00000025793	IEA
CRE upregulated	GO:0006886	intracellular protein transport	ENSMUSG00000026718	ENSMUSG00000026718	IBA
CRE upregulated	GO:0006886	intracellular protein transport	ENSMUSG00000049866	Arl4c	IBA
CRE upregulated	GO:0006886	intracellular protein transport	ENSMUSG00000053175	Bcl3	IEA
CRE upregulated	GO:0006886	intracellular protein transport	ENSMUSG00000044147	Arf6	IBA, IEA
CRE upregulated	GO:0006886	intracellular protein transport	ENSMUSG00000030662	ENSMUSG00000030662	IDA, IMP, IBA, IEA
CRE upregulated	GO:0006886	intracellular protein transport	ENSMUSG00000047281	ENSMUSG00000047281	IDA
CRE upregulated	GO:0006886	intracellular protein transport	ENSMUSG00000019842	ENSMUSG00000019842	IDA
CRE upregulated	GO:0006886	intracellular protein transport	ENSMUSG00000016534	ENSMUSG00000016534	IMP, ISO, IBA, IEA
CRE upregulated	GO:0006886	intracellular protein transport	ENSMUSG00000001552	ENSMUSG00000001552	IEA
CRE upregulated	GO:0006886	intracellular protein transport	ENSMUSG00000020671	ENSMUSG00000020671	TAS
CRE upregulated	GO:0006886	intracellular protein transport	ENSMUSG00000047547	Cltb	IEA
CRE upregulated	GO:0006886	intracellular protein transport	ENSMUSG00000026864	ENSMUSG00000026864	ISS, IEA
CRE upregulated	GO:0006886	intracellular protein transport	ENSMUSG00000002633	Shh	IGI
CRE upregulated	GO:0006886	intracellular protein transport	ENSMUSG00000028680	ENSMUSG00000028680	IEA
CRE upregulated	GO:0006886	intracellular protein transport	ENSMUSG00000040652	ENSMUSG00000040652	IDA
CRE upregulated	GO:0006886	intracellular protein transport	ENSMUSG00000028291	ENSMUSG00000028291	ISS, IEA
CRE upregulated	GO:0006886	intracellular protein transport	ENSMUSG00000049550	ENSMUSG00000049550	IMP
CRE upregulated	GO:0006886	intracellular protein transport	ENSMUSG00000019998	ENSMUSG00000019998	IEA
CRE upregulated	GO:0006954	inflammatory response	ENSMUSG00000052684	Jun	IMP
CRE upregulated	GO:0006954	inflammatory response	ENSMUSG00000025473	Adam8	IDA, IMP, IBA, IEA
CRE upregulated	GO:0006954	inflammatory response	ENSMUSG00000030748	Il4ra	IEA
CRE upregulated	GO:0006954	inflammatory response	ENSMUSG00000014599	Csf1	IEA
CRE upregulated	GO:0006954	inflammatory response	ENSMUSG00000031681	Smad1	IEP
CRE upregulated	GO:0006954	inflammatory response	ENSMUSG00000035673	Sbno2	IMP, IBA, IEA
CRE upregulated	GO:0006954	inflammatory response	ENSMUSG00000026836	Acvr1	IEP
CRE upregulated	GO:0006954	inflammatory response	ENSMUSG00000024256	Adcyap1	ISO, IEA
CRE upregulated	GO:0006954	inflammatory response	ENSMUSG00000021070	Bdkrb2	ISO
CRE upregulated	GO:0006954	inflammatory response	ENSMUSG00000002250	Ppard	IBA, IEA
CRE upregulated	GO:0006954	inflammatory response	ENSMUSG00000044734	Serpinb1a	IDA
CRE upregulated	GO:0006954	inflammatory response	ENSMUSG00000027035	Cers6	IEA
CRE upregulated	GO:0006954	inflammatory response	ENSMUSG00000027597	Ahcy	ISO
CRE upregulated	GO:0006954	inflammatory response	ENSMUSG00000053436	Mapk14	IEA
CRE upregulated	GO:0006954	inflammatory response	ENSMUSG00000025809	Itgb1	IMP
CRE upregulated	GO:0006954	inflammatory response	ENSMUSG00000025139	Tollip	IEA
CRE upregulated	GO:0006954	inflammatory response	ENSMUSG00000025746	Il6	IDA, IEA
CRE upregulated	GO:0006954	inflammatory response	ENSMUSG00000055994	Nod2	IMP, TAS, IEA
CRE upregulated	GO:0006954	inflammatory response	ENSMUSG00000031628	Casp3	IEA
CRE upregulated	GO:0006954	inflammatory response	ENSMUSG00000024349	Sting1	IGI
CRE upregulated	GO:0006954	inflammatory response	ENSMUSG00000074115	Saa1	IEA
CRE upregulated	GO:0006954	inflammatory response	ENSMUSG00000054008	Ndst1	IEA
CRE upregulated	GO:0006954	inflammatory response	ENSMUSG00000038552	Fndc4	IDA, IBA, IEA
CRE upregulated	GO:0006954	inflammatory response	ENSMUSG00000015316	Slamf1	IMP
CRE upregulated	GO:0006954	inflammatory response	ENSMUSG00000053113	Socs3	IGI
CRE upregulated	GO:0006954	inflammatory response	ENSMUSG00000026072	Il1r1	IMP, IBA, IEA
CRE upregulated	GO:0006954	inflammatory response	ENSMUSG00000024789	Jak2	IGI, ISS, IEA
CRE upregulated	GO:0006954	inflammatory response	ENSMUSG00000004040	ENSMUSG00000004040	IDA, IMP, IEA
CRE upregulated	GO:0006954	inflammatory response	ENSMUSG00000029135	Fosl2	IDA, IMP
CRE upregulated	GO:0006954	inflammatory response	ENSMUSG00000059866	Tnip2	IEA
CRE upregulated	GO:0006954	inflammatory response	ENSMUSG00000024912	Fosl1	IMP
CRE upregulated	GO:0006954	inflammatory response	ENSMUSG00000024927	Rela	IDA, IMP, IBA, IEA
CRE upregulated	GO:0006954	inflammatory response	ENSMUSG00000025279	ENSMUSG00000025279	IDA
CRE upregulated	GO:0006954	inflammatory response	ENSMUSG00000064210	ENSMUSG00000064210	IEA
CRE upregulated	GO:0006954	inflammatory response	ENSMUSG00000020349	ENSMUSG00000020349	IMP
CRE upregulated	GO:0006954	inflammatory response	ENSMUSG00000025340	Rabgef1	IMP
CRE upregulated	GO:0006954	inflammatory response	ENSMUSG00000028599	Tnfrsf1b	IMP, IGI, IBA, IEA
CRE upregulated	GO:0006954	inflammatory response	ENSMUSG00000033350	Chst2	IEA
CRE upregulated	GO:0006954	inflammatory response	ENSMUSG00000011877	Git1	IMP
CRE upregulated	GO:0006954	inflammatory response	ENSMUSG00000019842	ENSMUSG00000019842	IDA, IMP, ISO, IEA
CRE upregulated	GO:0006954	inflammatory response	ENSMUSG00000070056	ENSMUSG00000070056	IMP, ISS, IEA
CRE upregulated	GO:0006954	inflammatory response	ENSMUSG00000037860	Aim2	IDA, NAS, IEA
CRE upregulated	GO:0006954	inflammatory response	ENSMUSG00000039191	Rbpj	IMP
CRE upregulated	GO:0006954	inflammatory response	ENSMUSG00000019256	ENSMUSG00000019256	IEA
CRE upregulated	GO:0006954	inflammatory response	ENSMUSG00000027997	Casp6	ISS, ISO, IEA
CRE upregulated	GO:0006954	inflammatory response	ENSMUSG00000000787	ENSMUSG00000000787	IDA, IEA
CRE upregulated	GO:0006954	inflammatory response	ENSMUSG00000022948	Setd4	IDA, IEA
CRE upregulated	GO:0006954	inflammatory response	ENSMUSG00000032508	Myd88	IMP, IGI, ISS, IEA
CRE upregulated	GO:0006954	inflammatory response	ENSMUSG00000057465	Saa2	IEA
CRE upregulated	GO:0006954	inflammatory response	ENSMUSG00000006344	ENSMUSG00000006344	IMP, IBA
CRE upregulated	GO:0006954	inflammatory response	ENSMUSG00000004270	ENSMUSG00000004270	IMP
CRE upregulated	GO:0006954	inflammatory response	ENSMUSG00000067586	ENSMUSG00000067586	IMP
CRE upregulated	GO:0006954	inflammatory response	ENSMUSG00000037411	Serpine1	IEA
CRE upregulated	GO:0006954	inflammatory response	ENSMUSG00000015839	Nfe2l2	IMP
CRE upregulated	GO:0006954	inflammatory response	ENSMUSG00000053797	ENSMUSG00000053797	IMP
CRE upregulated	GO:0006954	inflammatory response	ENSMUSG00000003541	ENSMUSG00000003541	IMP
CRE upregulated	GO:0030163	protein catabolic process	ENSMUSG00000039328	Rnf122	ISS, IEA
CRE upregulated	GO:0030163	protein catabolic process	ENSMUSG00000025473	Adam8	IDA, IBA, IEA
CRE upregulated	GO:0030163	protein catabolic process	ENSMUSG00000001054	Rmnd5b	IBA, IEA
CRE upregulated	GO:0030163	protein catabolic process	ENSMUSG00000109901	Chmp1b	ISO, IEA
CRE upregulated	GO:0030163	protein catabolic process	ENSMUSG00000028793	Rnf19b	IBA
CRE upregulated	GO:0030163	protein catabolic process	ENSMUSG00000037458	Azin1	ISS, ISO, IBA, IEA
CRE upregulated	GO:0030163	protein catabolic process	ENSMUSG00000044734	Serpinb1a	IPI
CRE upregulated	GO:0030163	protein catabolic process	ENSMUSG00000021501	Caml	ISS, IEA
CRE upregulated	GO:0030163	protein catabolic process	ENSMUSG00000028789	Azin2	IBA, IEA
CRE upregulated	GO:0030163	protein catabolic process	ENSMUSG00000011179	Odc1	IDA
CRE upregulated	GO:0030163	protein catabolic process	ENSMUSG00000025139	Tollip	IBA
CRE upregulated	GO:0030163	protein catabolic process	ENSMUSG00000032231	Anxa2	IMP, IEA
CRE upregulated	GO:0030163	protein catabolic process	ENSMUSG00000047368	Abhd17b	IMP
CRE upregulated	GO:0030163	protein catabolic process	ENSMUSG00000022607	Ptk2	IMP
CRE upregulated	GO:0030163	protein catabolic process	ENSMUSG00000020271	Fbxw11	IMP, ISS
CRE upregulated	GO:0030163	protein catabolic process	ENSMUSG00000031628	Casp3	ISO, IEA
CRE upregulated	GO:0030163	protein catabolic process	ENSMUSG00000025408	Ddit3	IEA
CRE upregulated	GO:0030163	protein catabolic process	ENSMUSG00000018909	Arrb1	IMP, ISS, IEA
CRE upregulated	GO:0030163	protein catabolic process	ENSMUSG00000020064	Herc4	IBA
CRE upregulated	GO:0030163	protein catabolic process	ENSMUSG00000026317	Cln8	IMP
CRE upregulated	GO:0030163	protein catabolic process	ENSMUSG00000027455	Nsfl1c	IBA
CRE upregulated	GO:0030163	protein catabolic process	ENSMUSG00000015837	Sqstm1	ISS, IEA
CRE upregulated	GO:0030163	protein catabolic process	ENSMUSG00000023286	Ube2j2	IBA, IEA
CRE upregulated	GO:0030163	protein catabolic process	ENSMUSG00000017428	Psmd11	ISS, IBA, IEA
CRE upregulated	GO:0030163	protein catabolic process	ENSMUSG00000036057	Ptpn23	ISS, IBA, IEA
CRE upregulated	GO:0030163	protein catabolic process	ENSMUSG00000022433	Csnk1e	IMP, IBA
CRE upregulated	GO:0030163	protein catabolic process	ENSMUSG00000027954	Efna1	IEA
CRE upregulated	GO:0030163	protein catabolic process	ENSMUSG00000020027	Socs2	ISS, IEA
CRE upregulated	GO:0030163	protein catabolic process	ENSMUSG00000017615	Tnfaip1	ISS, IBA, IEA
CRE upregulated	GO:0030163	protein catabolic process	ENSMUSG00000033545	Znrf1	IDA, IBA
CRE upregulated	GO:0030163	protein catabolic process	ENSMUSG00000038733	Wdr26	IBA
CRE upregulated	GO:0030163	protein catabolic process	ENSMUSG00000019188	ENSMUSG00000019188	IEA
CRE upregulated	GO:0030163	protein catabolic process	ENSMUSG00000024927	Rela	IMP
CRE upregulated	GO:0030163	protein catabolic process	ENSMUSG00000026718	ENSMUSG00000026718	IBA
CRE upregulated	GO:0030163	protein catabolic process	ENSMUSG00000026078	Pdcl3	ISO, IEA
CRE upregulated	GO:0030163	protein catabolic process	ENSMUSG00000029071	ENSMUSG00000029071	IEA
CRE upregulated	GO:0030163	protein catabolic process	ENSMUSG00000032715	Trib3	IBA, TAS, IC
CRE upregulated	GO:0030163	protein catabolic process	ENSMUSG00000020694	ENSMUSG00000020694	ISS, IEA
CRE upregulated	GO:0030163	protein catabolic process	ENSMUSG00000025162	ENSMUSG00000025162	IMP, IBA, IEA
CRE upregulated	GO:0030163	protein catabolic process	ENSMUSG00000020349	ENSMUSG00000020349	ISO
CRE upregulated	GO:0030163	protein catabolic process	ENSMUSG00000028599	Tnfrsf1b	IBA, IEA
CRE upregulated	GO:0030163	protein catabolic process	ENSMUSG00000016534	ENSMUSG00000016534	IMP, IGI, ISS, ISO, IBA, IEA
CRE upregulated	GO:0030163	protein catabolic process	ENSMUSG00000029110	ENSMUSG00000029110	ISS, IEA
CRE upregulated	GO:0030163	protein catabolic process	ENSMUSG00000020448	Rnf185	ISS, IBA, IEA
CRE upregulated	GO:0030163	protein catabolic process	ENSMUSG00000038467	ENSMUSG00000038467	ISO, IEA
CRE upregulated	GO:0030163	protein catabolic process	ENSMUSG00000028370	Pappa	ISO, IEA
CRE upregulated	GO:0030163	protein catabolic process	ENSMUSG00000026864	ENSMUSG00000026864	IDA, IBA
CRE upregulated	GO:0030163	protein catabolic process	ENSMUSG00000021072	Tmx1	ISS, IEA
CRE upregulated	GO:0030163	protein catabolic process	ENSMUSG00000002633	Shh	IMP
CRE upregulated	GO:0030163	protein catabolic process	ENSMUSG00000028680	ENSMUSG00000028680	IEA
CRE upregulated	GO:0030163	protein catabolic process	ENSMUSG00000053581	ENSMUSG00000053581	IMP, IBA
CRE upregulated	GO:0030163	protein catabolic process	ENSMUSG00000015357	ENSMUSG00000015357	ISS, IBA, IEA
CRE upregulated	GO:0030163	protein catabolic process	ENSMUSG00000025198	ENSMUSG00000025198	IEA
CRE upregulated	GO:0030163	protein catabolic process	ENSMUSG00000038250	ENSMUSG00000038250	IEA
CRE upregulated	GO:0030163	protein catabolic process	ENSMUSG00000020794	Ube2g1	ISO, IBA, IEA
CRE upregulated	GO:0030163	protein catabolic process	ENSMUSG00000040652	ENSMUSG00000040652	IDA, IBA
CRE upregulated	GO:0030163	protein catabolic process	ENSMUSG00000028291	ENSMUSG00000028291	ISS, IEA
CRE upregulated	GO:0030163	protein catabolic process	ENSMUSG00000019843	ENSMUSG00000019843	IMP
CRE upregulated	GO:0030163	protein catabolic process	ENSMUSG00000021340	ENSMUSG00000021340	IEA
CRE upregulated	GO:0030163	protein catabolic process	ENSMUSG00000032501	Trib1	IDA, IBA
CRE upregulated	GO:0030163	protein catabolic process	ENSMUSG00000015839	Nfe2l2	ISS, IEA
CRE upregulated	GO:0030163	protein catabolic process	ENSMUSG00000021477	ENSMUSG00000021477	IMP, ISO, IBA
CRE upregulated	GO:0030163	protein catabolic process	ENSMUSG00000031751	ENSMUSG00000031751	ISS, IBA, IEA
CRE upregulated	GO:0030163	protein catabolic process	ENSMUSG00000046707	ENSMUSG00000046707	IEA
CRE upregulated	GO:0030163	protein catabolic process	ENSMUSG00000003541	ENSMUSG00000003541	IDA
CRE upregulated	GO:0009892	negative regulation of metabolic process	ENSMUSG00000026628	Atf3	IDA, IEA
CRE upregulated	GO:0009892	negative regulation of metabolic process	ENSMUSG00000036390	Gadd45a	IMP, IEA
CRE upregulated	GO:0009892	negative regulation of metabolic process	ENSMUSG00000052684	Jun	IDA, IMP
CRE upregulated	GO:0009892	negative regulation of metabolic process	ENSMUSG00000063632	Sox11	IDA, IMP, IBA, IEA
CRE upregulated	GO:0009892	negative regulation of metabolic process	ENSMUSG00000004951	Hspb1	IDA
CRE upregulated	GO:0009892	negative regulation of metabolic process	ENSMUSG00000056749	Nfil3	IDA, IEA
CRE upregulated	GO:0009892	negative regulation of metabolic process	ENSMUSG00000022895	Ets2	IEA
CRE upregulated	GO:0009892	negative regulation of metabolic process	ENSMUSG00000019876	Pkib	IEA
CRE upregulated	GO:0009892	negative regulation of metabolic process	ENSMUSG00000037447	Arid5a	ISS, IEA
CRE upregulated	GO:0009892	negative regulation of metabolic process	ENSMUSG00000033902	Mapkbp1	IEA
CRE upregulated	GO:0009892	negative regulation of metabolic process	ENSMUSG00000021765	Fst	IEA
CRE upregulated	GO:0009892	negative regulation of metabolic process	ENSMUSG00000030256	Bhlhe41	IDA, TAS, IEA
CRE upregulated	GO:0009892	negative regulation of metabolic process	ENSMUSG00000025612	Bach1	IDA, ISS, IEA
CRE upregulated	GO:0009892	negative regulation of metabolic process	ENSMUSG00000020427	Igfbp3	ISO, IEA
CRE upregulated	GO:0009892	negative regulation of metabolic process	ENSMUSG00000023067	Cdkn1a	IMP, IEA
CRE upregulated	GO:0009892	negative regulation of metabolic process	ENSMUSG00000030681	Mvp	IEA
CRE upregulated	GO:0009892	negative regulation of metabolic process	ENSMUSG00000035673	Sbno2	IMP, IBA, IEA
CRE upregulated	GO:0009892	negative regulation of metabolic process	ENSMUSG00000068566	Myadm	IEA
CRE upregulated	GO:0009892	negative regulation of metabolic process	ENSMUSG00000037458	Azin1	ISS, ISO, IBA, IEA
CRE upregulated	GO:0009892	negative regulation of metabolic process	ENSMUSG00000021070	Bdkrb2	IMP
CRE upregulated	GO:0009892	negative regulation of metabolic process	ENSMUSG00000002250	Ppard	IDA, ISO, IBA, IEA
CRE upregulated	GO:0009892	negative regulation of metabolic process	ENSMUSG00000044734	Serpinb1a	IMP, IBA
CRE upregulated	GO:0009892	negative regulation of metabolic process	ENSMUSG00000037638	Zbtb42	IDA
CRE upregulated	GO:0009892	negative regulation of metabolic process	ENSMUSG00000021501	Caml	ISS, IEA
CRE upregulated	GO:0009892	negative regulation of metabolic process	ENSMUSG00000038894	Irs2	IMP
CRE upregulated	GO:0009892	negative regulation of metabolic process	ENSMUSG00000042507	Mideas	IBA
CRE upregulated	GO:0009892	negative regulation of metabolic process	ENSMUSG00000027313	Chac1	ISS, IEA
CRE upregulated	GO:0009892	negative regulation of metabolic process	ENSMUSG00000028789	Azin2	IBA, IEA
CRE upregulated	GO:0009892	negative regulation of metabolic process	ENSMUSG00000026796	Niban2	IEA
CRE upregulated	GO:0009892	negative regulation of metabolic process	ENSMUSG00000027540	Ptpn1	IGI
CRE upregulated	GO:0009892	negative regulation of metabolic process	ENSMUSG00000027583	Zbtb46	IDA
CRE upregulated	GO:0009892	negative regulation of metabolic process	ENSMUSG00000028063	Lmna	IBA
CRE upregulated	GO:0009892	negative regulation of metabolic process	ENSMUSG00000026254	Eif4e2	ISS, ISO, IEA
CRE upregulated	GO:0009892	negative regulation of metabolic process	ENSMUSG00000030678	Maz	IEA
CRE upregulated	GO:0009892	negative regulation of metabolic process	ENSMUSG00000040025	Ythdf2	IMP, IBA, IEA
CRE upregulated	GO:0009892	negative regulation of metabolic process	ENSMUSG00000028156	Eif4e	IMP
CRE upregulated	GO:0009892	negative regulation of metabolic process	ENSMUSG00000025239	Limd1	ISS, ISO, IEA
CRE upregulated	GO:0009892	negative regulation of metabolic process	ENSMUSG00000005370	Msh6	IMP, IEA
CRE upregulated	GO:0009892	negative regulation of metabolic process	ENSMUSG00000048490	Nrip1	IDA, IBA, IEA
CRE upregulated	GO:0009892	negative regulation of metabolic process	ENSMUSG00000022096	Hr	IDA
CRE upregulated	GO:0009892	negative regulation of metabolic process	ENSMUSG00000013089	Etv5	IEA
CRE upregulated	GO:0009892	negative regulation of metabolic process	ENSMUSG00000025746	Il6	IDA, IMP, ISO
CRE upregulated	GO:0009892	negative regulation of metabolic process	ENSMUSG00000032231	Anxa2	IMP, IEA
CRE upregulated	GO:0009892	negative regulation of metabolic process	ENSMUSG00000032280	Tle3	IMP, IEA
CRE upregulated	GO:0009892	negative regulation of metabolic process	ENSMUSG00000022607	Ptk2	IDA, IMP
CRE upregulated	GO:0009892	negative regulation of metabolic process	ENSMUSG00000055994	Nod2	IDA, IMP
CRE upregulated	GO:0009892	negative regulation of metabolic process	ENSMUSG00000020580	Rock2	IEA
CRE upregulated	GO:0009892	negative regulation of metabolic process	ENSMUSG00000063889	Crem	IEA
CRE upregulated	GO:0009892	negative regulation of metabolic process	ENSMUSG00000027613	Eif6	ISS, IEA
CRE upregulated	GO:0009892	negative regulation of metabolic process	ENSMUSG00000042406	Atf4	IMP
CRE upregulated	GO:0009892	negative regulation of metabolic process	ENSMUSG00000079049	Serpinb1c	IMP, IBA
CRE upregulated	GO:0009892	negative regulation of metabolic process	ENSMUSG00000023079	Gtf2ird1	IEA
CRE upregulated	GO:0009892	negative regulation of metabolic process	ENSMUSG00000046854	Pip5kl1	IEA
CRE upregulated	GO:0009892	negative regulation of metabolic process	ENSMUSG00000031628	Casp3	IEA
CRE upregulated	GO:0009892	negative regulation of metabolic process	ENSMUSG00000025408	Ddit3	IDA, IMP, IGI, ISS, ISO, IBA, IEA
CRE upregulated	GO:0009892	negative regulation of metabolic process	ENSMUSG00000040435	Ppp1r15a	IDA, ISO
CRE upregulated	GO:0009892	negative regulation of metabolic process	ENSMUSG00000001847	Rac1	IEA
CRE upregulated	GO:0009892	negative regulation of metabolic process	ENSMUSG00000018909	Arrb1	ISO, IEA
CRE upregulated	GO:0009892	negative regulation of metabolic process	ENSMUSG00000030057	Cnbp	IEA
CRE upregulated	GO:0009892	negative regulation of metabolic process	ENSMUSG00000024360	Etf1	IEA
CRE upregulated	GO:0009892	negative regulation of metabolic process	ENSMUSG00000000134	Tfe3	IMP
CRE upregulated	GO:0009892	negative regulation of metabolic process	ENSMUSG00000008393	Carhsp1	IMP, IBA, IEA
CRE upregulated	GO:0009892	negative regulation of metabolic process	ENSMUSG00000015837	Sqstm1	IDA, IMP, ISS, IEA
CRE upregulated	GO:0009892	negative regulation of metabolic process	ENSMUSG00000030309	Caprin2	IEA
CRE upregulated	GO:0009892	negative regulation of metabolic process	ENSMUSG00000029131	Dnajb6	IDA
CRE upregulated	GO:0009892	negative regulation of metabolic process	ENSMUSG00000023087	Noct	IMP, IGI
CRE upregulated	GO:0009892	negative regulation of metabolic process	ENSMUSG00000015316	Slamf1	IDA, IEA
CRE upregulated	GO:0009892	negative regulation of metabolic process	ENSMUSG00000022346	Myc	IDA, ISO, IEA
CRE upregulated	GO:0009892	negative regulation of metabolic process	ENSMUSG00000053113	Socs3	IEA
CRE upregulated	GO:0009892	negative regulation of metabolic process	ENSMUSG00000027954	Efna1	IMP, IEA
CRE upregulated	GO:0009892	negative regulation of metabolic process	ENSMUSG00000004040	ENSMUSG00000004040	IMP, ISO, IEA
CRE upregulated	GO:0009892	negative regulation of metabolic process	ENSMUSG00000061589	Dot1l	IEA
CRE upregulated	GO:0009892	negative regulation of metabolic process	ENSMUSG00000109511	Nup62	IMP
CRE upregulated	GO:0009892	negative regulation of metabolic process	ENSMUSG00000018143	Mafk	IEA
CRE upregulated	GO:0009892	negative regulation of metabolic process	ENSMUSG00000029826	Zc3hav1	ISS, ISO, IBA, IEA
CRE upregulated	GO:0009892	negative regulation of metabolic process	ENSMUSG00000024190	Dusp1	ISS, ISO
CRE upregulated	GO:0009892	negative regulation of metabolic process	ENSMUSG00000030223	ENSMUSG00000030223	IDA
CRE upregulated	GO:0009892	negative regulation of metabolic process	ENSMUSG00000035236	Scai	IEA
CRE upregulated	GO:0009892	negative regulation of metabolic process	ENSMUSG00000020358	Hnrnpab	IGI, ISO, IEA
CRE upregulated	GO:0009892	negative regulation of metabolic process	ENSMUSG00000059316	Slc27a4	IDA
CRE upregulated	GO:0009892	negative regulation of metabolic process	ENSMUSG00000024803	Ankrd1	ISO, IEA
CRE upregulated	GO:0009892	negative regulation of metabolic process	ENSMUSG00000023915	Tnfrsf21	IMP
CRE upregulated	GO:0009892	negative regulation of metabolic process	ENSMUSG00000024927	Rela	IDA, IMP, IEA
CRE upregulated	GO:0009892	negative regulation of metabolic process	ENSMUSG00000003435	ENSMUSG00000003435	IEA
CRE upregulated	GO:0009892	negative regulation of metabolic process	ENSMUSG00000024238	Zeb1	IDA, IMP, ISS, ISO, IEA
CRE upregulated	GO:0009892	negative regulation of metabolic process	ENSMUSG00000026078	Pdcl3	ISO, IEA
CRE upregulated	GO:0009892	negative regulation of metabolic process	ENSMUSG00000028893	Sesn2	IMP, IEA
CRE upregulated	GO:0009892	negative regulation of metabolic process	ENSMUSG00000024947	Men1	IDA, ISO, IEA
CRE upregulated	GO:0009892	negative regulation of metabolic process	ENSMUSG00000029071	ENSMUSG00000029071	IGI
CRE upregulated	GO:0009892	negative regulation of metabolic process	ENSMUSG00000040433	Zbtb38	IEA
CRE upregulated	GO:0009892	negative regulation of metabolic process	ENSMUSG00000044453	Ffar1	IEA
CRE upregulated	GO:0009892	negative regulation of metabolic process	ENSMUSG00000032715	Trib3	IDA, IMP, ISS, IEA
CRE upregulated	GO:0009892	negative regulation of metabolic process	ENSMUSG00000048047	Zbtb33	ISS, IBA, IEA
CRE upregulated	GO:0009892	negative regulation of metabolic process	ENSMUSG00000020694	ENSMUSG00000020694	ISS, IEA
CRE upregulated	GO:0009892	negative regulation of metabolic process	ENSMUSG00000071637	Cebpd	IDA
CRE upregulated	GO:0009892	negative regulation of metabolic process	ENSMUSG00000031668	ENSMUSG00000031668	IEA
CRE upregulated	GO:0009892	negative regulation of metabolic process	ENSMUSG00000053175	Bcl3	IMP, IEA
CRE upregulated	GO:0009892	negative regulation of metabolic process	ENSMUSG00000068739	ENSMUSG00000068739	ISS, IEA
CRE upregulated	GO:0009892	negative regulation of metabolic process	ENSMUSG00000030199	Etv6	IEA
CRE upregulated	GO:0009892	negative regulation of metabolic process	ENSMUSG00000040857	Erf	IEA
CRE upregulated	GO:0009892	negative regulation of metabolic process	ENSMUSG00000020349	ENSMUSG00000020349	IMP
CRE upregulated	GO:0009892	negative regulation of metabolic process	ENSMUSG00000025340	Rabgef1	IMP
CRE upregulated	GO:0009892	negative regulation of metabolic process	ENSMUSG00000039108	ENSMUSG00000039108	IMP
CRE upregulated	GO:0009892	negative regulation of metabolic process	ENSMUSG00000004530	ENSMUSG00000004530	IEA
CRE upregulated	GO:0009892	negative regulation of metabolic process	ENSMUSG00000036180	ENSMUSG00000036180	ISS, IBA, NAS, IEA
CRE upregulated	GO:0009892	negative regulation of metabolic process	ENSMUSG00000011877	Git1	IMP
CRE upregulated	GO:0009892	negative regulation of metabolic process	ENSMUSG00000039985	Sinhcaf	NAS
CRE upregulated	GO:0009892	negative regulation of metabolic process	ENSMUSG00000047281	ENSMUSG00000047281	IDA
CRE upregulated	GO:0009892	negative regulation of metabolic process	ENSMUSG00000021796	Bmpr1a	IMP
CRE upregulated	GO:0009892	negative regulation of metabolic process	ENSMUSG00000019842	ENSMUSG00000019842	IDA, IMP
CRE upregulated	GO:0009892	negative regulation of metabolic process	ENSMUSG00000034543	ENSMUSG00000034543	IMP, ISS
CRE upregulated	GO:0009892	negative regulation of metabolic process	ENSMUSG00000045763	ENSMUSG00000045763	ISS, IBA, IEA
CRE upregulated	GO:0009892	negative regulation of metabolic process	ENSMUSG00000109336	ENSMUSG00000109336	IEA
CRE upregulated	GO:0009892	negative regulation of metabolic process	ENSMUSG00000039191	Rbpj	IDA, IMP, IEA
CRE upregulated	GO:0009892	negative regulation of metabolic process	ENSMUSG00000046962	ENSMUSG00000046962	IBA, IEA
CRE upregulated	GO:0009892	negative regulation of metabolic process	ENSMUSG00000051316	Taf7	IEA
CRE upregulated	GO:0009892	negative regulation of metabolic process	ENSMUSG00000040010	Slc7a5	ISO, IEA
CRE upregulated	GO:0009892	negative regulation of metabolic process	ENSMUSG00000040463	ENSMUSG00000040463	IDA
CRE upregulated	GO:0009892	negative regulation of metabolic process	ENSMUSG00000004099	ENSMUSG00000004099	IDA, IMP, ISO, IBA, IEA
CRE upregulated	GO:0009892	negative regulation of metabolic process	ENSMUSG00000023952	ENSMUSG00000023952	IMP
CRE upregulated	GO:0009892	negative regulation of metabolic process	ENSMUSG00000020594	ENSMUSG00000020594	ISS, ISO, IBA, IEA
CRE upregulated	GO:0009892	negative regulation of metabolic process	ENSMUSG00000000787	ENSMUSG00000000787	IDA, IMP, ISS, IBA
CRE upregulated	GO:0009892	negative regulation of metabolic process	ENSMUSG00000008730	Hipk1	ISS
CRE upregulated	GO:0009892	negative regulation of metabolic process	ENSMUSG00000059288	ENSMUSG00000059288	IDA, IEA
CRE upregulated	GO:0009892	negative regulation of metabolic process	ENSMUSG00000038676	Ucn	ISO, IEA
CRE upregulated	GO:0009892	negative regulation of metabolic process	ENSMUSG00000032508	Myd88	IEA
CRE upregulated	GO:0009892	negative regulation of metabolic process	ENSMUSG00000021072	Tmx1	ISS, IEA
CRE upregulated	GO:0009892	negative regulation of metabolic process	ENSMUSG00000002633	Shh	IDA, IMP
CRE upregulated	GO:0009892	negative regulation of metabolic process	ENSMUSG00000028680	ENSMUSG00000028680	IEA
CRE upregulated	GO:0009892	negative regulation of metabolic process	ENSMUSG00000025198	ENSMUSG00000025198	IEA
CRE upregulated	GO:0009892	negative regulation of metabolic process	ENSMUSG00000039671	ENSMUSG00000039671	IEA
CRE upregulated	GO:0009892	negative regulation of metabolic process	ENSMUSG00000038250	ENSMUSG00000038250	IEA
CRE upregulated	GO:0009892	negative regulation of metabolic process	ENSMUSG00000028291	ENSMUSG00000028291	ISO, IEA
CRE upregulated	GO:0009892	negative regulation of metabolic process	ENSMUSG00000037411	Serpine1	IEA
CRE upregulated	GO:0009892	negative regulation of metabolic process	ENSMUSG00000078676	ENSMUSG00000078676	ISS, ISO, IEA
CRE upregulated	GO:0009892	negative regulation of metabolic process	ENSMUSG00000028382	ENSMUSG00000028382	IMP, IEA
CRE upregulated	GO:0009892	negative regulation of metabolic process	ENSMUSG00000037465	Klf10	IDA
CRE upregulated	GO:0009892	negative regulation of metabolic process	ENSMUSG00000019843	ENSMUSG00000019843	IDA, IMP, ISO
CRE upregulated	GO:0009892	negative regulation of metabolic process	ENSMUSG00000027646	ENSMUSG00000027646	ISO, IEA
CRE upregulated	GO:0009892	negative regulation of metabolic process	ENSMUSG00000020680	ENSMUSG00000020680	ISO, IEA
CRE upregulated	GO:0009892	negative regulation of metabolic process	ENSMUSG00000033991	ENSMUSG00000033991	ISS, IBA, IEA
CRE upregulated	GO:0009892	negative regulation of metabolic process	ENSMUSG00000004698	ENSMUSG00000004698	IEA
CRE upregulated	GO:0009892	negative regulation of metabolic process	ENSMUSG00000042197	ENSMUSG00000042197	ISS, IBA, IEA
CRE upregulated	GO:0009892	negative regulation of metabolic process	ENSMUSG00000031073	Fgf15	IGI
CRE upregulated	GO:0009892	negative regulation of metabolic process	ENSMUSG00000027433	ENSMUSG00000027433	IBA
CRE upregulated	GO:0009892	negative regulation of metabolic process	ENSMUSG00000046707	ENSMUSG00000046707	IEA
CRE upregulated	GO:0009892	negative regulation of metabolic process	ENSMUSG00000003541	ENSMUSG00000003541	IMP
CRE upregulated	GO:0009892	negative regulation of metabolic process	ENSMUSG00000029475	ENSMUSG00000029475	IDA, IMP
CRE upregulated	GO:0098542	defense response to other organism	ENSMUSG00000037428	Vgf	IEA
CRE upregulated	GO:0098542	defense response to other organism	ENSMUSG00000031574	Star	IEA
CRE upregulated	GO:0098542	defense response to other organism	ENSMUSG00000046688	Tifa	ISS, IBA, IEA
CRE upregulated	GO:0098542	defense response to other organism	ENSMUSG00000025473	Adam8	IDA
CRE upregulated	GO:0098542	defense response to other organism	ENSMUSG00000037447	Arid5a	IEA
CRE upregulated	GO:0098542	defense response to other organism	ENSMUSG00000033902	Mapkbp1	IEA
CRE upregulated	GO:0098542	defense response to other organism	ENSMUSG00000030748	Il4ra	IMP
CRE upregulated	GO:0098542	defense response to other organism	ENSMUSG00000014599	Csf1	IEA
CRE upregulated	GO:0098542	defense response to other organism	ENSMUSG00000024404	Riok3	IEA
CRE upregulated	GO:0098542	defense response to other organism	ENSMUSG00000030095	Tmem43	IEA
CRE upregulated	GO:0098542	defense response to other organism	ENSMUSG00000028793	Rnf19b	IMP
CRE upregulated	GO:0098542	defense response to other organism	ENSMUSG00000026670	Uap1	IEA
CRE upregulated	GO:0098542	defense response to other organism	ENSMUSG00000021400	Wrnip1	IEA
CRE upregulated	GO:0098542	defense response to other organism	ENSMUSG00000044734	Serpinb1a	IDA
CRE upregulated	GO:0098542	defense response to other organism	ENSMUSG00000051343	Rab11fip5	IDA
CRE upregulated	GO:0098542	defense response to other organism	ENSMUSG00000026254	Eif4e2	IEA
CRE upregulated	GO:0098542	defense response to other organism	ENSMUSG00000040025	Ythdf2	ISS, IEA
CRE upregulated	GO:0098542	defense response to other organism	ENSMUSG00000022043	Trim35	IEA
CRE upregulated	GO:0098542	defense response to other organism	ENSMUSG00000011008	Mcoln2	IEA
CRE upregulated	GO:0098542	defense response to other organism	ENSMUSG00000025139	Tollip	IEA
CRE upregulated	GO:0098542	defense response to other organism	ENSMUSG00000025746	Il6	IMP
CRE upregulated	GO:0098542	defense response to other organism	ENSMUSG00000055994	Nod2	IDA, IMP, IGI, ISS, ISO, IBA, IEA
CRE upregulated	GO:0098542	defense response to other organism	ENSMUSG00000024014	Pim1	ISS, IEA
CRE upregulated	GO:0098542	defense response to other organism	ENSMUSG00000059923	Grb2	IEA
CRE upregulated	GO:0098542	defense response to other organism	ENSMUSG00000042726	Trafd1	IMP, IBA
CRE upregulated	GO:0098542	defense response to other organism	ENSMUSG00000024349	Sting1	IDA, IMP, ISS, ISO, IBA, IEA
CRE upregulated	GO:0098542	defense response to other organism	ENSMUSG00000015837	Sqstm1	IEA
CRE upregulated	GO:0098542	defense response to other organism	ENSMUSG00000034783	Cd207	IEA
CRE upregulated	GO:0098542	defense response to other organism	ENSMUSG00000037580	Gch1	IEA
CRE upregulated	GO:0098542	defense response to other organism	ENSMUSG00000015316	Slamf1	IEA
CRE upregulated	GO:0098542	defense response to other organism	ENSMUSG00000024789	Jak2	IDA, ISS, ISO, IEA
CRE upregulated	GO:0098542	defense response to other organism	ENSMUSG00000029578	Wipi2	IPI
CRE upregulated	GO:0098542	defense response to other organism	ENSMUSG00000029135	Fosl2	IMP
CRE upregulated	GO:0098542	defense response to other organism	ENSMUSG00000036990	Otud4	IDA, IBA, IEA
CRE upregulated	GO:0098542	defense response to other organism	ENSMUSG00000029860	Zyx	IDA
CRE upregulated	GO:0098542	defense response to other organism	ENSMUSG00000029826	Zc3hav1	ISO, TAS, IEA
CRE upregulated	GO:0098542	defense response to other organism	ENSMUSG00000059866	Tnip2	IMP, IBA
CRE upregulated	GO:0098542	defense response to other organism	ENSMUSG00000033545	Znrf1	IEA
CRE upregulated	GO:0098542	defense response to other organism	ENSMUSG00000040033	ENSMUSG00000040033	IEA
CRE upregulated	GO:0098542	defense response to other organism	ENSMUSG00000024912	Fosl1	IMP
CRE upregulated	GO:0098542	defense response to other organism	ENSMUSG00000024927	Rela	ISO, IBA, IEA
CRE upregulated	GO:0098542	defense response to other organism	ENSMUSG00000038591	Colec10	IEA
CRE upregulated	GO:0098542	defense response to other organism	ENSMUSG00000040365	Trim41	ISS, IEA
CRE upregulated	GO:0098542	defense response to other organism	ENSMUSG00000053175	Bcl3	IMP
CRE upregulated	GO:0098542	defense response to other organism	ENSMUSG00000020349	ENSMUSG00000020349	IMP
CRE upregulated	GO:0098542	defense response to other organism	ENSMUSG00000044147	Arf6	NAS
CRE upregulated	GO:0098542	defense response to other organism	ENSMUSG00000030662	ENSMUSG00000030662	IEA
CRE upregulated	GO:0098542	defense response to other organism	ENSMUSG00000025060	ENSMUSG00000025060	ISO
CRE upregulated	GO:0098542	defense response to other organism	ENSMUSG00000047281	ENSMUSG00000047281	ISS, IEA
CRE upregulated	GO:0098542	defense response to other organism	ENSMUSG00000019842	ENSMUSG00000019842	IEA
CRE upregulated	GO:0098542	defense response to other organism	ENSMUSG00000070056	ENSMUSG00000070056	IMP, ISS, IEA
CRE upregulated	GO:0098542	defense response to other organism	ENSMUSG00000041598	Cdc42ep4	IDA
CRE upregulated	GO:0098542	defense response to other organism	ENSMUSG00000045664	Cdc42ep2	IDA
CRE upregulated	GO:0098542	defense response to other organism	ENSMUSG00000037860	Aim2	IDA, IMP, IBA, NAS, IEA
CRE upregulated	GO:0098542	defense response to other organism	ENSMUSG00000039191	Rbpj	IMP
CRE upregulated	GO:0098542	defense response to other organism	ENSMUSG00000076434	ENSMUSG00000076434	IBA
CRE upregulated	GO:0098542	defense response to other organism	ENSMUSG00000027997	Casp6	ISS, IEA
CRE upregulated	GO:0098542	defense response to other organism	ENSMUSG00000058354	Krt6a	IMP
CRE upregulated	GO:0098542	defense response to other organism	ENSMUSG00000020594	ENSMUSG00000020594	IEA
CRE upregulated	GO:0098542	defense response to other organism	ENSMUSG00000020448	Rnf185	ISS, IEA
CRE upregulated	GO:0098542	defense response to other organism	ENSMUSG00000000787	ENSMUSG00000000787	IDA, ISS, IEA
CRE upregulated	GO:0098542	defense response to other organism	ENSMUSG00000037553	ENSMUSG00000037553	ISS, IEA
CRE upregulated	GO:0098542	defense response to other organism	ENSMUSG00000025403	ENSMUSG00000025403	IEA
CRE upregulated	GO:0098542	defense response to other organism	ENSMUSG00000032508	Myd88	IMP, IGI, ISS, IBA, IEA
CRE upregulated	GO:0098542	defense response to other organism	ENSMUSG00000038250	ENSMUSG00000038250	IEA
CRE upregulated	GO:0098542	defense response to other organism	ENSMUSG00000028291	ENSMUSG00000028291	IMP, IBA, IEA
CRE upregulated	GO:0098542	defense response to other organism	ENSMUSG00000050108	Bpifc	IEA
CRE upregulated	GO:0098542	defense response to other organism	ENSMUSG00000037411	Serpine1	IEA
CRE upregulated	GO:0098542	defense response to other organism	ENSMUSG00000019843	ENSMUSG00000019843	IBA
CRE upregulated	GO:0098542	defense response to other organism	ENSMUSG00000027646	ENSMUSG00000027646	IBA, IEA
CRE upregulated	GO:0098542	defense response to other organism	ENSMUSG00000052316	ENSMUSG00000052316	IEA
CRE upregulated	GO:0098542	defense response to other organism	ENSMUSG00000019726	ENSMUSG00000019726	IEA
CRE upregulated	GO:0098542	defense response to other organism	ENSMUSG00000015839	Nfe2l2	IMP
CRE upregulated	GO:0098542	defense response to other organism	ENSMUSG00000053797	ENSMUSG00000053797	IMP, IEA
CRE upregulated	GO:0023056	positive regulation of signaling	ENSMUSG00000026628	Atf3	IEA
CRE upregulated	GO:0023056	positive regulation of signaling	ENSMUSG00000036390	Gadd45a	IEA
CRE upregulated	GO:0023056	positive regulation of signaling	ENSMUSG00000052684	Jun	IMP
CRE upregulated	GO:0023056	positive regulation of signaling	ENSMUSG00000063632	Sox11	IMP
CRE upregulated	GO:0023056	positive regulation of signaling	ENSMUSG00000046223	Plaur	IEA
CRE upregulated	GO:0023056	positive regulation of signaling	ENSMUSG00000046688	Tifa	IDA, ISS, IBA, IEA
CRE upregulated	GO:0023056	positive regulation of signaling	ENSMUSG00000025473	Adam8	IDA
CRE upregulated	GO:0023056	positive regulation of signaling	ENSMUSG00000030898	Cckbr	ISO
CRE upregulated	GO:0023056	positive regulation of signaling	ENSMUSG00000023905	Tnfrsf12a	IBA
CRE upregulated	GO:0023056	positive regulation of signaling	ENSMUSG00000030102	Itpr1	IMP, IGI
CRE upregulated	GO:0023056	positive regulation of signaling	ENSMUSG00000014599	Csf1	IDA, IEA
CRE upregulated	GO:0023056	positive regulation of signaling	ENSMUSG00000020427	Igfbp3	IGI
CRE upregulated	GO:0023056	positive regulation of signaling	ENSMUSG00000032939	Nup93	IDA, IEA
CRE upregulated	GO:0023056	positive regulation of signaling	ENSMUSG00000005087	Cd44	IEA
CRE upregulated	GO:0023056	positive regulation of signaling	ENSMUSG00000026836	Acvr1	IMP, IEA
CRE upregulated	GO:0023056	positive regulation of signaling	ENSMUSG00000021453	Gadd45g	IEA
CRE upregulated	GO:0023056	positive regulation of signaling	ENSMUSG00000048482	Bdnf	ISO
CRE upregulated	GO:0023056	positive regulation of signaling	ENSMUSG00000024256	Adcyap1	ISS, ISO, IBA, IEA
CRE upregulated	GO:0023056	positive regulation of signaling	ENSMUSG00000002250	Ppard	IDA, ISO
CRE upregulated	GO:0023056	positive regulation of signaling	ENSMUSG00000038894	Irs2	IMP
CRE upregulated	GO:0023056	positive regulation of signaling	ENSMUSG00000027540	Ptpn1	IMP
CRE upregulated	GO:0023056	positive regulation of signaling	ENSMUSG00000030678	Maz	IEA
CRE upregulated	GO:0023056	positive regulation of signaling	ENSMUSG00000025809	Itgb1	IEA
CRE upregulated	GO:0023056	positive regulation of signaling	ENSMUSG00000025746	Il6	IMP, ISO, IBA
CRE upregulated	GO:0023056	positive regulation of signaling	ENSMUSG00000032231	Anxa2	IMP, IEA
CRE upregulated	GO:0023056	positive regulation of signaling	ENSMUSG00000073563	Csnk1g3	IBA
CRE upregulated	GO:0023056	positive regulation of signaling	ENSMUSG00000022607	Ptk2	ISS, ISO
CRE upregulated	GO:0023056	positive regulation of signaling	ENSMUSG00000055994	Nod2	IDA, IMP, ISS, ISO, IBA, IEA
CRE upregulated	GO:0023056	positive regulation of signaling	ENSMUSG00000024014	Pim1	ISS, IEA
CRE upregulated	GO:0023056	positive regulation of signaling	ENSMUSG00000037062	Sh3glb1	IDA, ISO
CRE upregulated	GO:0023056	positive regulation of signaling	ENSMUSG00000027560	Dok5	IDA, IBA
CRE upregulated	GO:0023056	positive regulation of signaling	ENSMUSG00000049303	Syt12	IMP
CRE upregulated	GO:0023056	positive regulation of signaling	ENSMUSG00000025408	Ddit3	ISS, IEA
CRE upregulated	GO:0023056	positive regulation of signaling	ENSMUSG00000035199	Arl6ip5	IEA
CRE upregulated	GO:0023056	positive regulation of signaling	ENSMUSG00000001847	Rac1	IMP, ISO
CRE upregulated	GO:0023056	positive regulation of signaling	ENSMUSG00000042121	Ssh1	ISO, IEA
CRE upregulated	GO:0023056	positive regulation of signaling	ENSMUSG00000050271	Prag1	ISS, ISO, IEA
CRE upregulated	GO:0023056	positive regulation of signaling	ENSMUSG00000018909	Arrb1	IMP, ISO, IBA, IEA
CRE upregulated	GO:0023056	positive regulation of signaling	ENSMUSG00000024349	Sting1	IDA, IEA
CRE upregulated	GO:0023056	positive regulation of signaling	ENSMUSG00000024521	Pmaip1	IMP
CRE upregulated	GO:0023056	positive regulation of signaling	ENSMUSG00000054008	Ndst1	IMP, IGI
CRE upregulated	GO:0023056	positive regulation of signaling	ENSMUSG00000057531	Dtnbp1	IMP, ISO, IEA
CRE upregulated	GO:0023056	positive regulation of signaling	ENSMUSG00000015837	Sqstm1	IMP
CRE upregulated	GO:0023056	positive regulation of signaling	ENSMUSG00000030309	Caprin2	IBA
CRE upregulated	GO:0023056	positive regulation of signaling	ENSMUSG00000036057	Ptpn23	IEA
CRE upregulated	GO:0023056	positive regulation of signaling	ENSMUSG00000015316	Slamf1	IEA
CRE upregulated	GO:0023056	positive regulation of signaling	ENSMUSG00000022433	Csnk1e	IGI, IBA
CRE upregulated	GO:0023056	positive regulation of signaling	ENSMUSG00000022346	Myc	IDA, IMP, IEA
CRE upregulated	GO:0023056	positive regulation of signaling	ENSMUSG00000026072	Il1r1	IMP
CRE upregulated	GO:0023056	positive regulation of signaling	ENSMUSG00000027954	Efna1	IDA
CRE upregulated	GO:0023056	positive regulation of signaling	ENSMUSG00000023032	Slc4a8	IMP
CRE upregulated	GO:0023056	positive regulation of signaling	ENSMUSG00000024789	Jak2	IDA, IMP, ISS, ISO, IEA
CRE upregulated	GO:0023056	positive regulation of signaling	ENSMUSG00000004040	ENSMUSG00000004040	IMP
CRE upregulated	GO:0023056	positive regulation of signaling	ENSMUSG00000022602	Arc	IMP, ISS, ISO, IBA, IEA
CRE upregulated	GO:0023056	positive regulation of signaling	ENSMUSG00000109511	Nup62	ISS, IEA
CRE upregulated	GO:0023056	positive regulation of signaling	ENSMUSG00000029826	Zc3hav1	ISO, TAS
CRE upregulated	GO:0023056	positive regulation of signaling	ENSMUSG00000031960	Aars1	ISS, IEA
CRE upregulated	GO:0023056	positive regulation of signaling	ENSMUSG00000059866	Tnip2	ISS, IBA, IEA
CRE upregulated	GO:0023056	positive regulation of signaling	ENSMUSG00000033545	Znrf1	IEA
CRE upregulated	GO:0023056	positive regulation of signaling	ENSMUSG00000021360	ENSMUSG00000021360	IMP, IEA
CRE upregulated	GO:0023056	positive regulation of signaling	ENSMUSG00000024803	Ankrd1	IEA
CRE upregulated	GO:0023056	positive regulation of signaling	ENSMUSG00000021306	Gpr137b	IEA
CRE upregulated	GO:0023056	positive regulation of signaling	ENSMUSG00000024927	Rela	IDA, IEA
CRE upregulated	GO:0023056	positive regulation of signaling	ENSMUSG00000027692	Tnik	ISS, IEA
CRE upregulated	GO:0023056	positive regulation of signaling	ENSMUSG00000028893	Sesn2	IMP, IEA
CRE upregulated	GO:0023056	positive regulation of signaling	ENSMUSG00000024947	Men1	IEA
CRE upregulated	GO:0023056	positive regulation of signaling	ENSMUSG00000029071	ENSMUSG00000029071	ISO, IEA
CRE upregulated	GO:0023056	positive regulation of signaling	ENSMUSG00000044453	Ffar1	IDA, IMP, ISO, IBA
CRE upregulated	GO:0023056	positive regulation of signaling	ENSMUSG00000024777	ENSMUSG00000024777	ISO, IEA
CRE upregulated	GO:0023056	positive regulation of signaling	ENSMUSG00000040365	Trim41	ISS, IEA
CRE upregulated	GO:0023056	positive regulation of signaling	ENSMUSG00000025162	ENSMUSG00000025162	IGI, IBA, IEA
CRE upregulated	GO:0023056	positive regulation of signaling	ENSMUSG00000031278	ENSMUSG00000031278	ISS, ISO
CRE upregulated	GO:0023056	positive regulation of signaling	ENSMUSG00000037815	Ctnna1	IMP, IGI
CRE upregulated	GO:0023056	positive regulation of signaling	ENSMUSG00000020349	ENSMUSG00000020349	IMP
CRE upregulated	GO:0023056	positive regulation of signaling	ENSMUSG00000024517	Grp	IMP, ISS
CRE upregulated	GO:0023056	positive regulation of signaling	ENSMUSG00000025351	Cd63	ISS, IEA
CRE upregulated	GO:0023056	positive regulation of signaling	ENSMUSG00000021796	Bmpr1a	IEA
CRE upregulated	GO:0023056	positive regulation of signaling	ENSMUSG00000049649	Gpr3	ISO, IEA
CRE upregulated	GO:0023056	positive regulation of signaling	ENSMUSG00000019842	ENSMUSG00000019842	IBA, IEA
CRE upregulated	GO:0023056	positive regulation of signaling	ENSMUSG00000070056	ENSMUSG00000070056	IMP, ISS, IEA
CRE upregulated	GO:0023056	positive regulation of signaling	ENSMUSG00000039191	Rbpj	IMP
CRE upregulated	GO:0023056	positive regulation of signaling	ENSMUSG00000039844	ENSMUSG00000039844	ISO, IEA
CRE upregulated	GO:0023056	positive regulation of signaling	ENSMUSG00000020594	ENSMUSG00000020594	IEA
CRE upregulated	GO:0023056	positive regulation of signaling	ENSMUSG00000020448	Rnf185	ISS, IEA
CRE upregulated	GO:0023056	positive regulation of signaling	ENSMUSG00000000787	ENSMUSG00000000787	IDA, ISS
CRE upregulated	GO:0023056	positive regulation of signaling	ENSMUSG00000008859	ENSMUSG00000008859	IEA
CRE upregulated	GO:0023056	positive regulation of signaling	ENSMUSG00000022094	ENSMUSG00000022094	IMP
CRE upregulated	GO:0023056	positive regulation of signaling	ENSMUSG00000038676	Ucn	ISO, IEA
CRE upregulated	GO:0023056	positive regulation of signaling	ENSMUSG00000052681	Rap1b	IGI
CRE upregulated	GO:0023056	positive regulation of signaling	ENSMUSG00000032508	Myd88	IMP, IGI, ISS, IEA
CRE upregulated	GO:0023056	positive regulation of signaling	ENSMUSG00000002633	Shh	IMP, ISS, IEA
CRE upregulated	GO:0023056	positive regulation of signaling	ENSMUSG00000032462	ENSMUSG00000032462	IGI, IEA
CRE upregulated	GO:0023056	positive regulation of signaling	ENSMUSG00000027944	Hax1	IEA
CRE upregulated	GO:0023056	positive regulation of signaling	ENSMUSG00000020340	ENSMUSG00000020340	IMP
CRE upregulated	GO:0023056	positive regulation of signaling	ENSMUSG00000019843	ENSMUSG00000019843	ISO
CRE upregulated	GO:0023056	positive regulation of signaling	ENSMUSG00000024493	ENSMUSG00000024493	IEA
CRE upregulated	GO:0023056	positive regulation of signaling	ENSMUSG00000027646	ENSMUSG00000027646	IDA, IMP, IGI, ISO, IEA
CRE upregulated	GO:0023056	positive regulation of signaling	ENSMUSG00000031073	Fgf15	IBA
CRE upregulated	GO:0023056	positive regulation of signaling	ENSMUSG00000021477	ENSMUSG00000021477	IBA
CRE upregulated	GO:0023056	positive regulation of signaling	ENSMUSG00000054499	ENSMUSG00000054499	IEA
CRE upregulated	GO:0023056	positive regulation of signaling	ENSMUSG00000024907	Gal	IEA
CRE upregulated	GO:0023056	positive regulation of signaling	ENSMUSG00000054204	ENSMUSG00000054204	IBA, IEA
CRE upregulated	GO:0051247	positive regulation of protein metabolic process	ENSMUSG00000025473	Adam8	IDA, IBA, IEA
CRE upregulated	GO:0051247	positive regulation of protein metabolic process	ENSMUSG00000037447	Arid5a	IDA
CRE upregulated	GO:0051247	positive regulation of protein metabolic process	ENSMUSG00000025089	Gfra1	ISO, IEA
CRE upregulated	GO:0051247	positive regulation of protein metabolic process	ENSMUSG00000014599	Csf1	IEA
CRE upregulated	GO:0051247	positive regulation of protein metabolic process	ENSMUSG00000030272	Camk1	ISS
CRE upregulated	GO:0051247	positive regulation of protein metabolic process	ENSMUSG00000029378	Areg	IDA
CRE upregulated	GO:0051247	positive regulation of protein metabolic process	ENSMUSG00000005087	Cd44	IEA
CRE upregulated	GO:0051247	positive regulation of protein metabolic process	ENSMUSG00000026836	Acvr1	IEA
CRE upregulated	GO:0051247	positive regulation of protein metabolic process	ENSMUSG00000048482	Bdnf	IMP, ISO, IEA
CRE upregulated	GO:0051247	positive regulation of protein metabolic process	ENSMUSG00000024256	Adcyap1	ISS
CRE upregulated	GO:0051247	positive regulation of protein metabolic process	ENSMUSG00000027540	Ptpn1	IMP
CRE upregulated	GO:0051247	positive regulation of protein metabolic process	ENSMUSG00000043895	S1pr2	IMP, IEA
CRE upregulated	GO:0051247	positive regulation of protein metabolic process	ENSMUSG00000025809	Itgb1	ISO
CRE upregulated	GO:0051247	positive regulation of protein metabolic process	ENSMUSG00000040025	Ythdf2	ISS
CRE upregulated	GO:0051247	positive regulation of protein metabolic process	ENSMUSG00000025139	Tollip	ISO, IEA
CRE upregulated	GO:0051247	positive regulation of protein metabolic process	ENSMUSG00000025746	Il6	ISO
CRE upregulated	GO:0051247	positive regulation of protein metabolic process	ENSMUSG00000032231	Anxa2	ISO, IEA
CRE upregulated	GO:0051247	positive regulation of protein metabolic process	ENSMUSG00000022607	Ptk2	IMP, ISS
CRE upregulated	GO:0051247	positive regulation of protein metabolic process	ENSMUSG00000055994	Nod2	IDA, IMP, IEA
CRE upregulated	GO:0051247	positive regulation of protein metabolic process	ENSMUSG00000027293	Ehd4	ISO, IEA
CRE upregulated	GO:0051247	positive regulation of protein metabolic process	ENSMUSG00000020580	Rock2	IEA
CRE upregulated	GO:0051247	positive regulation of protein metabolic process	ENSMUSG00000027613	Eif6	IMP
CRE upregulated	GO:0051247	positive regulation of protein metabolic process	ENSMUSG00000020271	Fbxw11	ISS
CRE upregulated	GO:0051247	positive regulation of protein metabolic process	ENSMUSG00000031628	Casp3	ISS, ISO, IEA
CRE upregulated	GO:0051247	positive regulation of protein metabolic process	ENSMUSG00000040435	Ppp1r15a	IDA, ISO
CRE upregulated	GO:0051247	positive regulation of protein metabolic process	ENSMUSG00000001847	Rac1	ISS
CRE upregulated	GO:0051247	positive regulation of protein metabolic process	ENSMUSG00000018909	Arrb1	IMP, ISS, ISO
CRE upregulated	GO:0051247	positive regulation of protein metabolic process	ENSMUSG00000030057	Cnbp	IBA, IEA
CRE upregulated	GO:0051247	positive regulation of protein metabolic process	ENSMUSG00000033955	Tnks1bp1	IEA
CRE upregulated	GO:0051247	positive regulation of protein metabolic process	ENSMUSG00000057531	Dtnbp1	ISO
CRE upregulated	GO:0051247	positive regulation of protein metabolic process	ENSMUSG00000015837	Sqstm1	ISO
CRE upregulated	GO:0051247	positive regulation of protein metabolic process	ENSMUSG00000022433	Csnk1e	IMP, ISO, IBA, IEA
CRE upregulated	GO:0051247	positive regulation of protein metabolic process	ENSMUSG00000027954	Efna1	IEA
CRE upregulated	GO:0051247	positive regulation of protein metabolic process	ENSMUSG00000024789	Jak2	IDA
CRE upregulated	GO:0051247	positive regulation of protein metabolic process	ENSMUSG00000024927	Rela	IDA
CRE upregulated	GO:0051247	positive regulation of protein metabolic process	ENSMUSG00000029071	ENSMUSG00000029071	IDA, IEA
CRE upregulated	GO:0051247	positive regulation of protein metabolic process	ENSMUSG00000036894	Rap2b	IDA, IEA
CRE upregulated	GO:0051247	positive regulation of protein metabolic process	ENSMUSG00000032715	Trib3	IDA, IBA, TAS, IC
CRE upregulated	GO:0051247	positive regulation of protein metabolic process	ENSMUSG00000025162	ENSMUSG00000025162	IMP, IBA, IEA
CRE upregulated	GO:0051247	positive regulation of protein metabolic process	ENSMUSG00000053175	Bcl3	IEA
CRE upregulated	GO:0051247	positive regulation of protein metabolic process	ENSMUSG00000032599	ENSMUSG00000032599	IMP
CRE upregulated	GO:0051247	positive regulation of protein metabolic process	ENSMUSG00000028599	Tnfrsf1b	IBA, IEA
CRE upregulated	GO:0051247	positive regulation of protein metabolic process	ENSMUSG00000019763	ENSMUSG00000019763	ISS, IBA, IEA
CRE upregulated	GO:0051247	positive regulation of protein metabolic process	ENSMUSG00000020448	Rnf185	ISS, IEA
CRE upregulated	GO:0051247	positive regulation of protein metabolic process	ENSMUSG00000000787	ENSMUSG00000000787	ISS
CRE upregulated	GO:0051247	positive regulation of protein metabolic process	ENSMUSG00000038676	Ucn	ISO, IEA
CRE upregulated	GO:0051247	positive regulation of protein metabolic process	ENSMUSG00000026864	ENSMUSG00000026864	IMP
CRE upregulated	GO:0051247	positive regulation of protein metabolic process	ENSMUSG00000021072	Tmx1	ISS, IEA
CRE upregulated	GO:0051247	positive regulation of protein metabolic process	ENSMUSG00000028680	ENSMUSG00000028680	IEA
CRE upregulated	GO:0051247	positive regulation of protein metabolic process	ENSMUSG00000053581	ENSMUSG00000053581	IMP
CRE upregulated	GO:0051247	positive regulation of protein metabolic process	ENSMUSG00000027944	Hax1	IEA
CRE upregulated	GO:0051247	positive regulation of protein metabolic process	ENSMUSG00000040652	ENSMUSG00000040652	IDA, IBA
CRE upregulated	GO:0051247	positive regulation of protein metabolic process	ENSMUSG00000020340	ENSMUSG00000020340	IEA
CRE upregulated	GO:0051247	positive regulation of protein metabolic process	ENSMUSG00000019843	ENSMUSG00000019843	IMP
CRE upregulated	GO:0051247	positive regulation of protein metabolic process	ENSMUSG00000027646	ENSMUSG00000027646	IGI, ISO, IEA
CRE upregulated	GO:0051247	positive regulation of protein metabolic process	ENSMUSG00000021340	ENSMUSG00000021340	IEA
CRE upregulated	GO:0051247	positive regulation of protein metabolic process	ENSMUSG00000032501	Trib1	IDA, IBA, IC
CRE upregulated	GO:0051247	positive regulation of protein metabolic process	ENSMUSG00000055067	ENSMUSG00000055067	IMP
CRE upregulated	GO:0051247	positive regulation of protein metabolic process	ENSMUSG00000031073	Fgf15	IEA
CRE upregulated	GO:0051247	positive regulation of protein metabolic process	ENSMUSG00000003541	ENSMUSG00000003541	IDA
CRE upregulated	GO:0042149	cellular response to glucose starvation	ENSMUSG00000028494	Plin2	ISS, IEA
CRE upregulated	GO:0042149	cellular response to glucose starvation	ENSMUSG00000028645	Slc2a1	IDA
CRE upregulated	GO:0042149	cellular response to glucose starvation	ENSMUSG00000037062	Sh3glb1	IEA
CRE upregulated	GO:0042149	cellular response to glucose starvation	ENSMUSG00000042406	Atf4	IEA
CRE upregulated	GO:0042149	cellular response to glucose starvation	ENSMUSG00000028893	Sesn2	IEA
CRE upregulated	GO:0042149	cellular response to glucose starvation	ENSMUSG00000031668	ENSMUSG00000031668	IEA
CRE upregulated	GO:0042149	cellular response to glucose starvation	ENSMUSG00000029752	ENSMUSG00000029752	IEA
CRE upregulated	GO:0042149	cellular response to glucose starvation	ENSMUSG00000040010	Slc7a5	IEA
CRE upregulated	GO:0042149	cellular response to glucose starvation	ENSMUSG00000040463	ENSMUSG00000040463	IEA
CRE upregulated	GO:0042149	cellular response to glucose starvation	ENSMUSG00000026864	ENSMUSG00000026864	IEA
CRE upregulated	GO:0042149	cellular response to glucose starvation	ENSMUSG00000024843	ENSMUSG00000024843	ISS
CRE upregulated	GO:0042149	cellular response to glucose starvation	ENSMUSG00000015839	Nfe2l2	IMP
CRE upregulated	GO:0051241	negative regulation of multicellular organismal process	ENSMUSG00000036390	Gadd45a	IMP
CRE upregulated	GO:0051241	negative regulation of multicellular organismal process	ENSMUSG00000063632	Sox11	IMP, IEA
CRE upregulated	GO:0051241	negative regulation of multicellular organismal process	ENSMUSG00000019647	Sema6a	IEA
CRE upregulated	GO:0051241	negative regulation of multicellular organismal process	ENSMUSG00000046223	Plaur	NAS
CRE upregulated	GO:0051241	negative regulation of multicellular organismal process	ENSMUSG00000004951	Hspb1	ISO
CRE upregulated	GO:0051241	negative regulation of multicellular organismal process	ENSMUSG00000046731	Kctd11	IDA
CRE upregulated	GO:0051241	negative regulation of multicellular organismal process	ENSMUSG00000033902	Mapkbp1	IEA
CRE upregulated	GO:0051241	negative regulation of multicellular organismal process	ENSMUSG00000030748	Il4ra	IGI
CRE upregulated	GO:0051241	negative regulation of multicellular organismal process	ENSMUSG00000031074	Fgf3	IEA
CRE upregulated	GO:0051241	negative regulation of multicellular organismal process	ENSMUSG00000024261	Syt4	IMP
CRE upregulated	GO:0051241	negative regulation of multicellular organismal process	ENSMUSG00000027611	Procr	IBA, TAS, IEA
CRE upregulated	GO:0051241	negative regulation of multicellular organismal process	ENSMUSG00000048482	Bdnf	IDA, ISO
CRE upregulated	GO:0051241	negative regulation of multicellular organismal process	ENSMUSG00000024256	Adcyap1	ISO, IEA
CRE upregulated	GO:0051241	negative regulation of multicellular organismal process	ENSMUSG00000044734	Serpinb1a	IMP, IBA
CRE upregulated	GO:0051241	negative regulation of multicellular organismal process	ENSMUSG00000022661	Cd200	IEA
CRE upregulated	GO:0051241	negative regulation of multicellular organismal process	ENSMUSG00000027583	Zbtb46	IMP
CRE upregulated	GO:0051241	negative regulation of multicellular organismal process	ENSMUSG00000028063	Lmna	IMP, ISO
CRE upregulated	GO:0051241	negative regulation of multicellular organismal process	ENSMUSG00000025809	Itgb1	ISS, IEA
CRE upregulated	GO:0051241	negative regulation of multicellular organismal process	ENSMUSG00000025746	Il6	IDA, IMP, ISO
CRE upregulated	GO:0051241	negative regulation of multicellular organismal process	ENSMUSG00000032231	Anxa2	IMP
CRE upregulated	GO:0051241	negative regulation of multicellular organismal process	ENSMUSG00000032280	Tle3	IMP
CRE upregulated	GO:0051241	negative regulation of multicellular organismal process	ENSMUSG00000022607	Ptk2	IMP, IGI
CRE upregulated	GO:0051241	negative regulation of multicellular organismal process	ENSMUSG00000055994	Nod2	IDA, IMP
CRE upregulated	GO:0051241	negative regulation of multicellular organismal process	ENSMUSG00000020580	Rock2	IEA
CRE upregulated	GO:0051241	negative regulation of multicellular organismal process	ENSMUSG00000042406	Atf4	IMP
CRE upregulated	GO:0051241	negative regulation of multicellular organismal process	ENSMUSG00000079049	Serpinb1c	IMP, IBA
CRE upregulated	GO:0051241	negative regulation of multicellular organismal process	ENSMUSG00000020838	Slc6a4	IMP
CRE upregulated	GO:0051241	negative regulation of multicellular organismal process	ENSMUSG00000031628	Casp3	IMP, IEA
CRE upregulated	GO:0051241	negative regulation of multicellular organismal process	ENSMUSG00000025408	Ddit3	IDA, IMP, IEA
CRE upregulated	GO:0051241	negative regulation of multicellular organismal process	ENSMUSG00000001847	Rac1	IEA
CRE upregulated	GO:0051241	negative regulation of multicellular organismal process	ENSMUSG00000018909	Arrb1	IEA
CRE upregulated	GO:0051241	negative regulation of multicellular organismal process	ENSMUSG00000000134	Tfe3	IMP
CRE upregulated	GO:0051241	negative regulation of multicellular organismal process	ENSMUSG00000001627	Ifrd1	IGI
CRE upregulated	GO:0051241	negative regulation of multicellular organismal process	ENSMUSG00000036057	Ptpn23	IEA
CRE upregulated	GO:0051241	negative regulation of multicellular organismal process	ENSMUSG00000015316	Slamf1	IDA, IEA
CRE upregulated	GO:0051241	negative regulation of multicellular organismal process	ENSMUSG00000022346	Myc	ISS, IEA
CRE upregulated	GO:0051241	negative regulation of multicellular organismal process	ENSMUSG00000027954	Efna1	IMP
CRE upregulated	GO:0051241	negative regulation of multicellular organismal process	ENSMUSG00000024789	Jak2	ISS
CRE upregulated	GO:0051241	negative regulation of multicellular organismal process	ENSMUSG00000020027	Socs2	IMP, IGI
CRE upregulated	GO:0051241	negative regulation of multicellular organismal process	ENSMUSG00000050335	Lgals3	IEA
CRE upregulated	GO:0051241	negative regulation of multicellular organismal process	ENSMUSG00000030223	ENSMUSG00000030223	ISS, ISO, IEA
CRE upregulated	GO:0051241	negative regulation of multicellular organismal process	ENSMUSG00000023915	Tnfrsf21	IMP, IBA, IEA
CRE upregulated	GO:0051241	negative regulation of multicellular organismal process	ENSMUSG00000024927	Rela	IEA
CRE upregulated	GO:0051241	negative regulation of multicellular organismal process	ENSMUSG00000025793	ENSMUSG00000025793	IEA
CRE upregulated	GO:0051241	negative regulation of multicellular organismal process	ENSMUSG00000050730	Arhgap42	IMP
CRE upregulated	GO:0051241	negative regulation of multicellular organismal process	ENSMUSG00000024947	Men1	IDA
CRE upregulated	GO:0051241	negative regulation of multicellular organismal process	ENSMUSG00000044453	Ffar1	IEA
CRE upregulated	GO:0051241	negative regulation of multicellular organismal process	ENSMUSG00000053175	Bcl3	IMP, IEA
CRE upregulated	GO:0051241	negative regulation of multicellular organismal process	ENSMUSG00000068739	ENSMUSG00000068739	ISS, IEA
CRE upregulated	GO:0051241	negative regulation of multicellular organismal process	ENSMUSG00000037815	Ctnna1	IMP, IGI
CRE upregulated	GO:0051241	negative regulation of multicellular organismal process	ENSMUSG00000003154	Foxj2	IEA
CRE upregulated	GO:0051241	negative regulation of multicellular organismal process	ENSMUSG00000020349	ENSMUSG00000020349	IEA
CRE upregulated	GO:0051241	negative regulation of multicellular organismal process	ENSMUSG00000025340	Rabgef1	IMP
CRE upregulated	GO:0051241	negative regulation of multicellular organismal process	ENSMUSG00000028599	Tnfrsf1b	IGI
CRE upregulated	GO:0051241	negative regulation of multicellular organismal process	ENSMUSG00000004530	ENSMUSG00000004530	IEA
CRE upregulated	GO:0051241	negative regulation of multicellular organismal process	ENSMUSG00000011877	Git1	IMP
CRE upregulated	GO:0051241	negative regulation of multicellular organismal process	ENSMUSG00000040046	Tph1	ISO, IEA
CRE upregulated	GO:0051241	negative regulation of multicellular organismal process	ENSMUSG00000039985	Sinhcaf	NAS
CRE upregulated	GO:0051241	negative regulation of multicellular organismal process	ENSMUSG00000025351	Cd63	ISO
CRE upregulated	GO:0051241	negative regulation of multicellular organismal process	ENSMUSG00000021796	Bmpr1a	IMP
CRE upregulated	GO:0051241	negative regulation of multicellular organismal process	ENSMUSG00000039191	Rbpj	IMP
CRE upregulated	GO:0051241	negative regulation of multicellular organismal process	ENSMUSG00000038676	Ucn	ISO, IBA, IEA
CRE upregulated	GO:0051241	negative regulation of multicellular organismal process	ENSMUSG00000021072	Tmx1	IMP, IEA
CRE upregulated	GO:0051241	negative regulation of multicellular organismal process	ENSMUSG00000002633	Shh	IDA, IMP
CRE upregulated	GO:0051241	negative regulation of multicellular organismal process	ENSMUSG00000032462	ENSMUSG00000032462	IEA
CRE upregulated	GO:0051241	negative regulation of multicellular organismal process	ENSMUSG00000037411	Serpine1	IEA
CRE upregulated	GO:0051241	negative regulation of multicellular organismal process	ENSMUSG00000004698	ENSMUSG00000004698	IEA
CRE upregulated	GO:0051241	negative regulation of multicellular organismal process	ENSMUSG00000032501	Trib1	IMP
CRE upregulated	GO:0051241	negative regulation of multicellular organismal process	ENSMUSG00000000627	ENSMUSG00000000627	ISO, IEA
CRE upregulated	GO:0051241	negative regulation of multicellular organismal process	ENSMUSG00000024907	Gal	ISO
CRE upregulated	GO:0072359	circulatory system development	ENSMUSG00000036390	Gadd45a	IMP
CRE upregulated	GO:0072359	circulatory system development	ENSMUSG00000051379	Flrt3	IMP
CRE upregulated	GO:0072359	circulatory system development	ENSMUSG00000052684	Jun	IMP, ISO
CRE upregulated	GO:0072359	circulatory system development	ENSMUSG00000063632	Sox11	IMP
CRE upregulated	GO:0072359	circulatory system development	ENSMUSG00000019647	Sema6a	IEA
CRE upregulated	GO:0072359	circulatory system development	ENSMUSG00000004951	Hspb1	IEA
CRE upregulated	GO:0072359	circulatory system development	ENSMUSG00000025473	Adam8	IDA
CRE upregulated	GO:0072359	circulatory system development	ENSMUSG00000023905	Tnfrsf12a	IDA, IEA
CRE upregulated	GO:0072359	circulatory system development	ENSMUSG00000023067	Cdkn1a	IMP
CRE upregulated	GO:0072359	circulatory system development	ENSMUSG00000038650	Rnh1	IBA, IEA
CRE upregulated	GO:0072359	circulatory system development	ENSMUSG00000031074	Fgf3	IEA
CRE upregulated	GO:0072359	circulatory system development	ENSMUSG00000031681	Smad1	IMP, IGI, IEA
CRE upregulated	GO:0072359	circulatory system development	ENSMUSG00000026836	Acvr1	IMP, IBA, IEA
CRE upregulated	GO:0072359	circulatory system development	ENSMUSG00000037568	Vash2	IMP, ISO, IBA, IEA
CRE upregulated	GO:0072359	circulatory system development	ENSMUSG00000028063	Lmna	IMP
CRE upregulated	GO:0072359	circulatory system development	ENSMUSG00000063506	Arhgap22	IEA
CRE upregulated	GO:0072359	circulatory system development	ENSMUSG00000053436	Mapk14	IMP, IGI
CRE upregulated	GO:0072359	circulatory system development	ENSMUSG00000025809	Itgb1	IMP, IEA
CRE upregulated	GO:0072359	circulatory system development	ENSMUSG00000032231	Anxa2	IMP, IEA
CRE upregulated	GO:0072359	circulatory system development	ENSMUSG00000022607	Ptk2	IMP, IEA
CRE upregulated	GO:0072359	circulatory system development	ENSMUSG00000024014	Pim1	IEA
CRE upregulated	GO:0072359	circulatory system development	ENSMUSG00000020580	Rock2	IEA
CRE upregulated	GO:0072359	circulatory system development	ENSMUSG00000001507	Itga3	IEA
CRE upregulated	GO:0072359	circulatory system development	ENSMUSG00000031628	Casp3	IGI
CRE upregulated	GO:0072359	circulatory system development	ENSMUSG00000025408	Ddit3	IMP
CRE upregulated	GO:0072359	circulatory system development	ENSMUSG00000040435	Ppp1r15a	ISO
CRE upregulated	GO:0072359	circulatory system development	ENSMUSG00000001847	Rac1	IMP
CRE upregulated	GO:0072359	circulatory system development	ENSMUSG00000054008	Ndst1	IMP
CRE upregulated	GO:0072359	circulatory system development	ENSMUSG00000029765	Plxna4	IMP, IGI
CRE upregulated	GO:0072359	circulatory system development	ENSMUSG00000036478	Btg1	ISS, IEA
CRE upregulated	GO:0072359	circulatory system development	ENSMUSG00000053113	Socs3	IMP
CRE upregulated	GO:0072359	circulatory system development	ENSMUSG00000036437	Npy1r	IEA
CRE upregulated	GO:0072359	circulatory system development	ENSMUSG00000027954	Efna1	IDA, IMP, IEA
CRE upregulated	GO:0072359	circulatory system development	ENSMUSG00000055809	Dnaaf3	IMP
CRE upregulated	GO:0072359	circulatory system development	ENSMUSG00000004040	ENSMUSG00000004040	IDA
CRE upregulated	GO:0072359	circulatory system development	ENSMUSG00000054136	Adm2	ISO, IEA
CRE upregulated	GO:0072359	circulatory system development	ENSMUSG00000024803	Ankrd1	IEA
CRE upregulated	GO:0072359	circulatory system development	ENSMUSG00000024912	Fosl1	IMP
CRE upregulated	GO:0072359	circulatory system development	ENSMUSG00000024927	Rela	IEA
CRE upregulated	GO:0072359	circulatory system development	ENSMUSG00000025793	ENSMUSG00000025793	IEA
CRE upregulated	GO:0072359	circulatory system development	ENSMUSG00000055044	Pdlim1	IBA
CRE upregulated	GO:0072359	circulatory system development	ENSMUSG00000026078	Pdcl3	IMP, ISO, IBA, IEA
CRE upregulated	GO:0072359	circulatory system development	ENSMUSG00000029071	ENSMUSG00000029071	IGI
CRE upregulated	GO:0072359	circulatory system development	ENSMUSG00000037514	Pank2	IEA
CRE upregulated	GO:0072359	circulatory system development	ENSMUSG00000025485	ENSMUSG00000025485	IMP
CRE upregulated	GO:0072359	circulatory system development	ENSMUSG00000010660	Plcd1	IGI
CRE upregulated	GO:0072359	circulatory system development	ENSMUSG00000052921	Arhgef15	IMP
CRE upregulated	GO:0072359	circulatory system development	ENSMUSG00000031668	ENSMUSG00000031668	IEA
CRE upregulated	GO:0072359	circulatory system development	ENSMUSG00000068739	ENSMUSG00000068739	ISS, IEA
CRE upregulated	GO:0072359	circulatory system development	ENSMUSG00000003154	Foxj2	IEA
CRE upregulated	GO:0072359	circulatory system development	ENSMUSG00000028599	Tnfrsf1b	IGI
CRE upregulated	GO:0072359	circulatory system development	ENSMUSG00000036180	ENSMUSG00000036180	IMP
CRE upregulated	GO:0072359	circulatory system development	ENSMUSG00000052837	ENSMUSG00000052837	IMP
CRE upregulated	GO:0072359	circulatory system development	ENSMUSG00000021796	Bmpr1a	IMP, IEA
CRE upregulated	GO:0072359	circulatory system development	ENSMUSG00000019842	ENSMUSG00000019842	IDA
CRE upregulated	GO:0072359	circulatory system development	ENSMUSG00000024750	ENSMUSG00000024750	IMP
CRE upregulated	GO:0072359	circulatory system development	ENSMUSG00000039191	Rbpj	IMP, IGI, TAS, IEA
CRE upregulated	GO:0072359	circulatory system development	ENSMUSG00000039844	ENSMUSG00000039844	IMP
CRE upregulated	GO:0072359	circulatory system development	ENSMUSG00000035725	ENSMUSG00000035725	IMP, IEA
CRE upregulated	GO:0072359	circulatory system development	ENSMUSG00000001552	ENSMUSG00000001552	IEA
CRE upregulated	GO:0072359	circulatory system development	ENSMUSG00000004099	ENSMUSG00000004099	IEA
CRE upregulated	GO:0072359	circulatory system development	ENSMUSG00000011256	ENSMUSG00000011256	IMP
CRE upregulated	GO:0072359	circulatory system development	ENSMUSG00000059743	ENSMUSG00000059743	ISO
CRE upregulated	GO:0072359	circulatory system development	ENSMUSG00000066595	ENSMUSG00000066595	IMP
CRE upregulated	GO:0072359	circulatory system development	ENSMUSG00000020097	ENSMUSG00000020097	IMP
CRE upregulated	GO:0072359	circulatory system development	ENSMUSG00000002633	Shh	IDA, IMP, IGI, ISO, TAS
CRE upregulated	GO:0072359	circulatory system development	ENSMUSG00000032462	ENSMUSG00000032462	IMP, IEA
CRE upregulated	GO:0072359	circulatory system development	ENSMUSG00000056050	ENSMUSG00000056050	IEA
CRE upregulated	GO:0072359	circulatory system development	ENSMUSG00000037411	Serpine1	IEA
CRE upregulated	GO:0072359	circulatory system development	ENSMUSG00000021340	ENSMUSG00000021340	IEA
CRE upregulated	GO:0072359	circulatory system development	ENSMUSG00000004698	ENSMUSG00000004698	IEA
CRE upregulated	GO:0072359	circulatory system development	ENSMUSG00000031073	Fgf15	IMP
CRE upregulated	GO:0072359	circulatory system development	ENSMUSG00000015839	Nfe2l2	ISO, IEA
CRE upregulated	GO:0140546	defense response to symbiont	ENSMUSG00000031574	Star	IEA
CRE upregulated	GO:0140546	defense response to symbiont	ENSMUSG00000046688	Tifa	ISS, IBA, IEA
CRE upregulated	GO:0140546	defense response to symbiont	ENSMUSG00000025473	Adam8	IDA
CRE upregulated	GO:0140546	defense response to symbiont	ENSMUSG00000037447	Arid5a	IEA
CRE upregulated	GO:0140546	defense response to symbiont	ENSMUSG00000014599	Csf1	IEA
CRE upregulated	GO:0140546	defense response to symbiont	ENSMUSG00000024404	Riok3	IEA
CRE upregulated	GO:0140546	defense response to symbiont	ENSMUSG00000030095	Tmem43	IEA
CRE upregulated	GO:0140546	defense response to symbiont	ENSMUSG00000028793	Rnf19b	IMP
CRE upregulated	GO:0140546	defense response to symbiont	ENSMUSG00000026670	Uap1	IEA
CRE upregulated	GO:0140546	defense response to symbiont	ENSMUSG00000021400	Wrnip1	IEA
CRE upregulated	GO:0140546	defense response to symbiont	ENSMUSG00000044734	Serpinb1a	IDA
CRE upregulated	GO:0140546	defense response to symbiont	ENSMUSG00000051343	Rab11fip5	IDA
CRE upregulated	GO:0140546	defense response to symbiont	ENSMUSG00000026254	Eif4e2	IEA
CRE upregulated	GO:0140546	defense response to symbiont	ENSMUSG00000040025	Ythdf2	ISS, IEA
CRE upregulated	GO:0140546	defense response to symbiont	ENSMUSG00000022043	Trim35	IEA
CRE upregulated	GO:0140546	defense response to symbiont	ENSMUSG00000011008	Mcoln2	IEA
CRE upregulated	GO:0140546	defense response to symbiont	ENSMUSG00000025139	Tollip	IEA
CRE upregulated	GO:0140546	defense response to symbiont	ENSMUSG00000055994	Nod2	IDA, IMP, ISS, ISO, IEA
CRE upregulated	GO:0140546	defense response to symbiont	ENSMUSG00000024014	Pim1	ISS, IEA
CRE upregulated	GO:0140546	defense response to symbiont	ENSMUSG00000059923	Grb2	IEA
CRE upregulated	GO:0140546	defense response to symbiont	ENSMUSG00000042726	Trafd1	IMP, IBA
CRE upregulated	GO:0140546	defense response to symbiont	ENSMUSG00000024349	Sting1	IDA, IMP, ISS, IBA, IEA
CRE upregulated	GO:0140546	defense response to symbiont	ENSMUSG00000015837	Sqstm1	IEA
CRE upregulated	GO:0140546	defense response to symbiont	ENSMUSG00000037580	Gch1	IEA
CRE upregulated	GO:0140546	defense response to symbiont	ENSMUSG00000015316	Slamf1	IEA
CRE upregulated	GO:0140546	defense response to symbiont	ENSMUSG00000024789	Jak2	IDA, ISS, ISO, IEA
CRE upregulated	GO:0140546	defense response to symbiont	ENSMUSG00000029135	Fosl2	IMP
CRE upregulated	GO:0140546	defense response to symbiont	ENSMUSG00000036990	Otud4	IDA, IBA, IEA
CRE upregulated	GO:0140546	defense response to symbiont	ENSMUSG00000029860	Zyx	IDA
CRE upregulated	GO:0140546	defense response to symbiont	ENSMUSG00000029826	Zc3hav1	TAS, IEA
CRE upregulated	GO:0140546	defense response to symbiont	ENSMUSG00000059866	Tnip2	IMP, IBA
CRE upregulated	GO:0140546	defense response to symbiont	ENSMUSG00000033545	Znrf1	IEA
CRE upregulated	GO:0140546	defense response to symbiont	ENSMUSG00000040033	ENSMUSG00000040033	IEA
CRE upregulated	GO:0140546	defense response to symbiont	ENSMUSG00000024912	Fosl1	IMP
CRE upregulated	GO:0140546	defense response to symbiont	ENSMUSG00000024927	Rela	ISO, IBA, IEA
CRE upregulated	GO:0140546	defense response to symbiont	ENSMUSG00000038591	Colec10	IEA
CRE upregulated	GO:0140546	defense response to symbiont	ENSMUSG00000040365	Trim41	ISS, IEA
CRE upregulated	GO:0140546	defense response to symbiont	ENSMUSG00000053175	Bcl3	IMP
CRE upregulated	GO:0140546	defense response to symbiont	ENSMUSG00000020349	ENSMUSG00000020349	IMP
CRE upregulated	GO:0140546	defense response to symbiont	ENSMUSG00000044147	Arf6	NAS
CRE upregulated	GO:0140546	defense response to symbiont	ENSMUSG00000030662	ENSMUSG00000030662	IEA
CRE upregulated	GO:0140546	defense response to symbiont	ENSMUSG00000025060	ENSMUSG00000025060	ISO
CRE upregulated	GO:0140546	defense response to symbiont	ENSMUSG00000047281	ENSMUSG00000047281	ISS, IEA
CRE upregulated	GO:0140546	defense response to symbiont	ENSMUSG00000070056	ENSMUSG00000070056	IMP, ISS, IEA
CRE upregulated	GO:0140546	defense response to symbiont	ENSMUSG00000041598	Cdc42ep4	IDA
CRE upregulated	GO:0140546	defense response to symbiont	ENSMUSG00000045664	Cdc42ep2	IDA
CRE upregulated	GO:0140546	defense response to symbiont	ENSMUSG00000037860	Aim2	IDA, IBA, NAS, IEA
CRE upregulated	GO:0140546	defense response to symbiont	ENSMUSG00000076434	ENSMUSG00000076434	IBA
CRE upregulated	GO:0140546	defense response to symbiont	ENSMUSG00000027997	Casp6	ISS, IEA
CRE upregulated	GO:0140546	defense response to symbiont	ENSMUSG00000058354	Krt6a	IMP
CRE upregulated	GO:0140546	defense response to symbiont	ENSMUSG00000020594	ENSMUSG00000020594	IEA
CRE upregulated	GO:0140546	defense response to symbiont	ENSMUSG00000020448	Rnf185	ISS, IEA
CRE upregulated	GO:0140546	defense response to symbiont	ENSMUSG00000000787	ENSMUSG00000000787	IDA, ISS, IEA
CRE upregulated	GO:0140546	defense response to symbiont	ENSMUSG00000037553	ENSMUSG00000037553	ISS, IEA
CRE upregulated	GO:0140546	defense response to symbiont	ENSMUSG00000025403	ENSMUSG00000025403	IEA
CRE upregulated	GO:0140546	defense response to symbiont	ENSMUSG00000032508	Myd88	IMP, IGI, ISS, IBA, IEA
CRE upregulated	GO:0140546	defense response to symbiont	ENSMUSG00000038250	ENSMUSG00000038250	IEA
CRE upregulated	GO:0140546	defense response to symbiont	ENSMUSG00000028291	ENSMUSG00000028291	IMP, IBA, IEA
CRE upregulated	GO:0140546	defense response to symbiont	ENSMUSG00000050108	Bpifc	IEA
CRE upregulated	GO:0140546	defense response to symbiont	ENSMUSG00000019843	ENSMUSG00000019843	IBA
CRE upregulated	GO:0140546	defense response to symbiont	ENSMUSG00000027646	ENSMUSG00000027646	IBA, IEA
CRE upregulated	GO:0140546	defense response to symbiont	ENSMUSG00000052316	ENSMUSG00000052316	IEA
CRE upregulated	GO:0140546	defense response to symbiont	ENSMUSG00000019726	ENSMUSG00000019726	IEA
CRE upregulated	GO:0140546	defense response to symbiont	ENSMUSG00000015839	Nfe2l2	IMP
CRE upregulated	GO:0140546	defense response to symbiont	ENSMUSG00000053797	ENSMUSG00000053797	IMP, IEA
CRE upregulated	GO:0072657	protein localization to membrane	ENSMUSG00000024143	Rhoq	IDA, IEA
CRE upregulated	GO:0072657	protein localization to membrane	ENSMUSG00000006304	Arpc2	ISO
CRE upregulated	GO:0072657	protein localization to membrane	ENSMUSG00000068566	Myadm	IEA
CRE upregulated	GO:0072657	protein localization to membrane	ENSMUSG00000021501	Caml	ISS, ISO, IBA, IEA
CRE upregulated	GO:0072657	protein localization to membrane	ENSMUSG00000005069	Pex5	IEA
CRE upregulated	GO:0072657	protein localization to membrane	ENSMUSG00000015341	Golga7	ISS, IBA, IEA
CRE upregulated	GO:0072657	protein localization to membrane	ENSMUSG00000025809	Itgb1	ISS, IEA
CRE upregulated	GO:0072657	protein localization to membrane	ENSMUSG00000013089	Etv5	IMP
CRE upregulated	GO:0072657	protein localization to membrane	ENSMUSG00000032231	Anxa2	ISO
CRE upregulated	GO:0072657	protein localization to membrane	ENSMUSG00000037062	Sh3glb1	IMP, IEA
CRE upregulated	GO:0072657	protein localization to membrane	ENSMUSG00000024772	Ehd1	IBA
CRE upregulated	GO:0072657	protein localization to membrane	ENSMUSG00000027293	Ehd4	IBA
CRE upregulated	GO:0072657	protein localization to membrane	ENSMUSG00000020580	Rock2	IEA
CRE upregulated	GO:0072657	protein localization to membrane	ENSMUSG00000033039	Micall1	ISS, IEA
CRE upregulated	GO:0072657	protein localization to membrane	ENSMUSG00000001507	Itga3	ISS, IEA
CRE upregulated	GO:0072657	protein localization to membrane	ENSMUSG00000035199	Arl6ip5	IMP
CRE upregulated	GO:0072657	protein localization to membrane	ENSMUSG00000001847	Rac1	IDA, IGI
CRE upregulated	GO:0072657	protein localization to membrane	ENSMUSG00000042121	Ssh1	ISO, IEA
CRE upregulated	GO:0072657	protein localization to membrane	ENSMUSG00000015837	Sqstm1	IMP
CRE upregulated	GO:0072657	protein localization to membrane	ENSMUSG00000032502	Stac	IMP, IBA
CRE upregulated	GO:0072657	protein localization to membrane	ENSMUSG00000030616	Sytl2	IDA
CRE upregulated	GO:0072657	protein localization to membrane	ENSMUSG00000038949	Cnst	ISS, IBA, IEA
CRE upregulated	GO:0072657	protein localization to membrane	ENSMUSG00000050335	Lgals3	IEA
CRE upregulated	GO:0072657	protein localization to membrane	ENSMUSG00000025793	ENSMUSG00000025793	IEA
CRE upregulated	GO:0072657	protein localization to membrane	ENSMUSG00000027692	Tnik	IDA, IMP, IEA
CRE upregulated	GO:0072657	protein localization to membrane	ENSMUSG00000028893	Sesn2	ISO
CRE upregulated	GO:0072657	protein localization to membrane	ENSMUSG00000029071	ENSMUSG00000029071	IMP, IGI
CRE upregulated	GO:0072657	protein localization to membrane	ENSMUSG00000042743	Sgtb	IBA
CRE upregulated	GO:0072657	protein localization to membrane	ENSMUSG00000025340	Rabgef1	IEA
CRE upregulated	GO:0072657	protein localization to membrane	ENSMUSG00000044147	Arf6	IDA, IEA
CRE upregulated	GO:0072657	protein localization to membrane	ENSMUSG00000011877	Git1	ISO
CRE upregulated	GO:0072657	protein localization to membrane	ENSMUSG00000059991	ENSMUSG00000059991	ISO
CRE upregulated	GO:0072657	protein localization to membrane	ENSMUSG00000062234	ENSMUSG00000062234	IEA
CRE upregulated	GO:0072657	protein localization to membrane	ENSMUSG00000047281	ENSMUSG00000047281	ISS, IEA
CRE upregulated	GO:0072657	protein localization to membrane	ENSMUSG00000022656	ENSMUSG00000022656	IMP
CRE upregulated	GO:0072657	protein localization to membrane	ENSMUSG00000001552	ENSMUSG00000001552	IEA
CRE upregulated	GO:0072657	protein localization to membrane	ENSMUSG00000020671	ENSMUSG00000020671	IMP, ISS, IEA
CRE upregulated	GO:0072657	protein localization to membrane	ENSMUSG00000038467	ENSMUSG00000038467	IEA
CRE upregulated	GO:0072657	protein localization to membrane	ENSMUSG00000037553	ENSMUSG00000037553	IBA
CRE upregulated	GO:0072657	protein localization to membrane	ENSMUSG00000026864	ENSMUSG00000026864	ISS, IEA
CRE upregulated	GO:0072657	protein localization to membrane	ENSMUSG00000039671	ENSMUSG00000039671	ISO, IEA
CRE upregulated	GO:0072657	protein localization to membrane	ENSMUSG00000061244	ENSMUSG00000061244	IMP
CRE upregulated	GO:0072657	protein localization to membrane	ENSMUSG00000019843	ENSMUSG00000019843	IGI
CRE upregulated	GO:0072657	protein localization to membrane	ENSMUSG00000042532	ENSMUSG00000042532	IBA
CRE upregulated	GO:0072657	protein localization to membrane	ENSMUSG00000052316	ENSMUSG00000052316	IEA
CRE upregulated	GO:0072657	protein localization to membrane	ENSMUSG00000036667	ENSMUSG00000036667	IBA, IEA
CRE upregulated	GO:0072657	protein localization to membrane	ENSMUSG00000049550	ENSMUSG00000049550	IMP
CRE upregulated	GO:0072657	protein localization to membrane	ENSMUSG00000019998	ENSMUSG00000019998	IEA
CRE upregulated	GO:2001233	regulation of apoptotic signaling pathway	ENSMUSG00000026628	Atf3	IEA
CRE upregulated	GO:2001233	regulation of apoptotic signaling pathway	ENSMUSG00000046223	Plaur	IEA
CRE upregulated	GO:2001233	regulation of apoptotic signaling pathway	ENSMUSG00000004951	Hspb1	IDA
CRE upregulated	GO:2001233	regulation of apoptotic signaling pathway	ENSMUSG00000023905	Tnfrsf12a	IBA
CRE upregulated	GO:2001233	regulation of apoptotic signaling pathway	ENSMUSG00000005087	Cd44	IEA
CRE upregulated	GO:2001233	regulation of apoptotic signaling pathway	ENSMUSG00000026836	Acvr1	IEA
CRE upregulated	GO:2001233	regulation of apoptotic signaling pathway	ENSMUSG00000048482	Bdnf	IGI
CRE upregulated	GO:2001233	regulation of apoptotic signaling pathway	ENSMUSG00000021070	Bdkrb2	IMP, IGI
CRE upregulated	GO:2001233	regulation of apoptotic signaling pathway	ENSMUSG00000027540	Ptpn1	IMP
CRE upregulated	GO:2001233	regulation of apoptotic signaling pathway	ENSMUSG00000028063	Lmna	IMP
CRE upregulated	GO:2001233	regulation of apoptotic signaling pathway	ENSMUSG00000030678	Maz	IEA
CRE upregulated	GO:2001233	regulation of apoptotic signaling pathway	ENSMUSG00000031078	Cttn	IGI
CRE upregulated	GO:2001233	regulation of apoptotic signaling pathway	ENSMUSG00000037062	Sh3glb1	IDA, IMP
CRE upregulated	GO:2001233	regulation of apoptotic signaling pathway	ENSMUSG00000042406	Atf4	ISO, IEA
CRE upregulated	GO:2001233	regulation of apoptotic signaling pathway	ENSMUSG00000025408	Ddit3	ISS, IEA
CRE upregulated	GO:2001233	regulation of apoptotic signaling pathway	ENSMUSG00000022346	Myc	IDA, IMP, IEA
CRE upregulated	GO:2001233	regulation of apoptotic signaling pathway	ENSMUSG00000024789	Jak2	IMP
CRE upregulated	GO:2001233	regulation of apoptotic signaling pathway	ENSMUSG00000042292	Mrtfa	IDA
CRE upregulated	GO:2001233	regulation of apoptotic signaling pathway	ENSMUSG00000050335	Lgals3	IEA
CRE upregulated	GO:2001233	regulation of apoptotic signaling pathway	ENSMUSG00000024927	Rela	IDA, IEA
CRE upregulated	GO:2001233	regulation of apoptotic signaling pathway	ENSMUSG00000028466	Creb3	IEA
CRE upregulated	GO:2001233	regulation of apoptotic signaling pathway	ENSMUSG00000029175	Slc35f6	ISS, IEA
CRE upregulated	GO:2001233	regulation of apoptotic signaling pathway	ENSMUSG00000031668	ENSMUSG00000031668	IEA
CRE upregulated	GO:2001233	regulation of apoptotic signaling pathway	ENSMUSG00000037815	Ctnna1	IMP
CRE upregulated	GO:2001233	regulation of apoptotic signaling pathway	ENSMUSG00000000001	ENSMUSG00000000001	ISO
CRE upregulated	GO:2001233	regulation of apoptotic signaling pathway	ENSMUSG00000000787	ENSMUSG00000000787	ISS
CRE upregulated	GO:2001233	regulation of apoptotic signaling pathway	ENSMUSG00000032462	ENSMUSG00000032462	IMP
CRE upregulated	GO:2001233	regulation of apoptotic signaling pathway	ENSMUSG00000037411	Serpine1	IEA
CRE upregulated	GO:2001233	regulation of apoptotic signaling pathway	ENSMUSG00000019843	ENSMUSG00000019843	ISO
CRE upregulated	GO:2001233	regulation of apoptotic signaling pathway	ENSMUSG00000027646	ENSMUSG00000027646	IBA, IEA
CRE upregulated	GO:2001233	regulation of apoptotic signaling pathway	ENSMUSG00000031642	Sh3rf1	IEA
CRE upregulated	GO:2001233	regulation of apoptotic signaling pathway	ENSMUSG00000015839	Nfe2l2	IEA
CRE upregulated	GO:2001233	regulation of apoptotic signaling pathway	ENSMUSG00000021477	ENSMUSG00000021477	IBA
CRE upregulated	GO:2001233	regulation of apoptotic signaling pathway	ENSMUSG00000054499	ENSMUSG00000054499	IEA
CRE upregulated	GO:2001233	regulation of apoptotic signaling pathway	ENSMUSG00000003541	ENSMUSG00000003541	IDA
CRE upregulated	GO:0010975	regulation of neuron projection development	ENSMUSG00000004951	Hspb1	ISO
CRE upregulated	GO:0010975	regulation of neuron projection development	ENSMUSG00000023905	Tnfrsf12a	IDA
CRE upregulated	GO:0010975	regulation of neuron projection development	ENSMUSG00000030102	Itpr1	ISO
CRE upregulated	GO:0010975	regulation of neuron projection development	ENSMUSG00000030272	Camk1	ISS, IEA
CRE upregulated	GO:0010975	regulation of neuron projection development	ENSMUSG00000048482	Bdnf	IDA, IMP, IGI, IEA
CRE upregulated	GO:0010975	regulation of neuron projection development	ENSMUSG00000024256	Adcyap1	ISO, IEA
CRE upregulated	GO:0010975	regulation of neuron projection development	ENSMUSG00000018736	Ndel1	IMP, ISO, IBA
CRE upregulated	GO:0010975	regulation of neuron projection development	ENSMUSG00000018507	Trpv2	IMP
CRE upregulated	GO:0010975	regulation of neuron projection development	ENSMUSG00000045136	Tubb2b	ISS, IEA
CRE upregulated	GO:0010975	regulation of neuron projection development	ENSMUSG00000027540	Ptpn1	IEA
CRE upregulated	GO:0010975	regulation of neuron projection development	ENSMUSG00000029121	Crmp1	IEA
CRE upregulated	GO:0010975	regulation of neuron projection development	ENSMUSG00000025809	Itgb1	ISO
CRE upregulated	GO:0010975	regulation of neuron projection development	ENSMUSG00000025746	Il6	ISO
CRE upregulated	GO:0010975	regulation of neuron projection development	ENSMUSG00000022607	Ptk2	IMP
CRE upregulated	GO:0010975	regulation of neuron projection development	ENSMUSG00000037062	Sh3glb1	ISO
CRE upregulated	GO:0010975	regulation of neuron projection development	ENSMUSG00000024772	Ehd1	ISO, IEA
CRE upregulated	GO:0010975	regulation of neuron projection development	ENSMUSG00000001507	Itga3	ISO, IEA
CRE upregulated	GO:0010975	regulation of neuron projection development	ENSMUSG00000055407	Map6	ISO, IBA
CRE upregulated	GO:0010975	regulation of neuron projection development	ENSMUSG00000050271	Prag1	ISS, ISO, IEA
CRE upregulated	GO:0010975	regulation of neuron projection development	ENSMUSG00000057531	Dtnbp1	ISO, IEA
CRE upregulated	GO:0010975	regulation of neuron projection development	ENSMUSG00000030309	Caprin2	IMP
CRE upregulated	GO:0010975	regulation of neuron projection development	ENSMUSG00000001627	Ifrd1	IGI
CRE upregulated	GO:0010975	regulation of neuron projection development	ENSMUSG00000029765	Plxna4	IBA
CRE upregulated	GO:0010975	regulation of neuron projection development	ENSMUSG00000027954	Efna1	IDA
CRE upregulated	GO:0010975	regulation of neuron projection development	ENSMUSG00000022602	Arc	ISO, IEA
CRE upregulated	GO:0010975	regulation of neuron projection development	ENSMUSG00000036882	ENSMUSG00000036882	ISO, IEA
CRE upregulated	GO:0010975	regulation of neuron projection development	ENSMUSG00000024803	Ankrd1	ISO
CRE upregulated	GO:0010975	regulation of neuron projection development	ENSMUSG00000027692	Tnik	ISS, ISO, IEA
CRE upregulated	GO:0010975	regulation of neuron projection development	ENSMUSG00000029071	ENSMUSG00000029071	IMP
CRE upregulated	GO:0010975	regulation of neuron projection development	ENSMUSG00000024777	ENSMUSG00000024777	ISO, IEA
CRE upregulated	GO:0010975	regulation of neuron projection development	ENSMUSG00000026074	Map4k4	IEA
CRE upregulated	GO:0010975	regulation of neuron projection development	ENSMUSG00000044147	Arf6	IMP, ISO, IEA
CRE upregulated	GO:0010975	regulation of neuron projection development	ENSMUSG00000062234	ENSMUSG00000062234	IEA
CRE upregulated	GO:0010975	regulation of neuron projection development	ENSMUSG00000039844	ENSMUSG00000039844	ISO, IEA
CRE upregulated	GO:0010975	regulation of neuron projection development	ENSMUSG00000020594	ENSMUSG00000020594	ISO, IEA
CRE upregulated	GO:0010975	regulation of neuron projection development	ENSMUSG00000026864	ENSMUSG00000026864	ISO
CRE upregulated	GO:0010975	regulation of neuron projection development	ENSMUSG00000023277	ENSMUSG00000023277	IBA, IEA
CRE upregulated	GO:0010975	regulation of neuron projection development	ENSMUSG00000019843	ENSMUSG00000019843	IGI
CRE upregulated	GO:0010975	regulation of neuron projection development	ENSMUSG00000053825	ENSMUSG00000053825	IEA
CRE upregulated	GO:0010975	regulation of neuron projection development	ENSMUSG00000015839	Nfe2l2	ISO, IEA
CRE upregulated	GO:0010975	regulation of neuron projection development	ENSMUSG00000049550	ENSMUSG00000049550	ISO
CRE upregulated	GO:0010975	regulation of neuron projection development	ENSMUSG00000000627	ENSMUSG00000000627	ISO, IEA
CRE upregulated	GO:0010975	regulation of neuron projection development	ENSMUSG00000054204	ENSMUSG00000054204	ISS, IEA
CRE upregulated	GO:0010647	positive regulation of cell communication	ENSMUSG00000026628	Atf3	IEA
CRE upregulated	GO:0010647	positive regulation of cell communication	ENSMUSG00000036390	Gadd45a	IEA
CRE upregulated	GO:0010647	positive regulation of cell communication	ENSMUSG00000052684	Jun	IMP
CRE upregulated	GO:0010647	positive regulation of cell communication	ENSMUSG00000063632	Sox11	IMP
CRE upregulated	GO:0010647	positive regulation of cell communication	ENSMUSG00000046223	Plaur	IEA
CRE upregulated	GO:0010647	positive regulation of cell communication	ENSMUSG00000046688	Tifa	IDA, ISS, IBA, IEA
CRE upregulated	GO:0010647	positive regulation of cell communication	ENSMUSG00000025473	Adam8	IDA
CRE upregulated	GO:0010647	positive regulation of cell communication	ENSMUSG00000030898	Cckbr	ISO
CRE upregulated	GO:0010647	positive regulation of cell communication	ENSMUSG00000023905	Tnfrsf12a	IBA
CRE upregulated	GO:0010647	positive regulation of cell communication	ENSMUSG00000030102	Itpr1	IMP, IGI
CRE upregulated	GO:0010647	positive regulation of cell communication	ENSMUSG00000014599	Csf1	IDA, IEA
CRE upregulated	GO:0010647	positive regulation of cell communication	ENSMUSG00000020427	Igfbp3	IGI
CRE upregulated	GO:0010647	positive regulation of cell communication	ENSMUSG00000032939	Nup93	IDA, IEA
CRE upregulated	GO:0010647	positive regulation of cell communication	ENSMUSG00000005087	Cd44	IEA
CRE upregulated	GO:0010647	positive regulation of cell communication	ENSMUSG00000026836	Acvr1	IMP, IEA
CRE upregulated	GO:0010647	positive regulation of cell communication	ENSMUSG00000021453	Gadd45g	IEA
CRE upregulated	GO:0010647	positive regulation of cell communication	ENSMUSG00000048482	Bdnf	ISO
CRE upregulated	GO:0010647	positive regulation of cell communication	ENSMUSG00000024256	Adcyap1	ISS, ISO, IBA, IEA
CRE upregulated	GO:0010647	positive regulation of cell communication	ENSMUSG00000002250	Ppard	IDA, ISO
CRE upregulated	GO:0010647	positive regulation of cell communication	ENSMUSG00000038894	Irs2	IMP
CRE upregulated	GO:0010647	positive regulation of cell communication	ENSMUSG00000027540	Ptpn1	IMP
CRE upregulated	GO:0010647	positive regulation of cell communication	ENSMUSG00000030678	Maz	IEA
CRE upregulated	GO:0010647	positive regulation of cell communication	ENSMUSG00000025809	Itgb1	IEA
CRE upregulated	GO:0010647	positive regulation of cell communication	ENSMUSG00000025746	Il6	IMP, ISO, IBA
CRE upregulated	GO:0010647	positive regulation of cell communication	ENSMUSG00000073563	Csnk1g3	IBA
CRE upregulated	GO:0010647	positive regulation of cell communication	ENSMUSG00000022607	Ptk2	ISS, ISO
CRE upregulated	GO:0010647	positive regulation of cell communication	ENSMUSG00000055994	Nod2	IDA, IMP, ISS, ISO, IBA, IEA
CRE upregulated	GO:0010647	positive regulation of cell communication	ENSMUSG00000024014	Pim1	ISS, IEA
CRE upregulated	GO:0010647	positive regulation of cell communication	ENSMUSG00000037062	Sh3glb1	IDA, ISO
CRE upregulated	GO:0010647	positive regulation of cell communication	ENSMUSG00000027560	Dok5	IDA, IBA
CRE upregulated	GO:0010647	positive regulation of cell communication	ENSMUSG00000049303	Syt12	IMP
CRE upregulated	GO:0010647	positive regulation of cell communication	ENSMUSG00000025408	Ddit3	ISS, IEA
CRE upregulated	GO:0010647	positive regulation of cell communication	ENSMUSG00000035199	Arl6ip5	IEA
CRE upregulated	GO:0010647	positive regulation of cell communication	ENSMUSG00000001847	Rac1	IMP, ISO
CRE upregulated	GO:0010647	positive regulation of cell communication	ENSMUSG00000042121	Ssh1	ISO, IEA
CRE upregulated	GO:0010647	positive regulation of cell communication	ENSMUSG00000050271	Prag1	ISS, ISO, IEA
CRE upregulated	GO:0010647	positive regulation of cell communication	ENSMUSG00000018909	Arrb1	IMP, ISO, IBA, IEA
CRE upregulated	GO:0010647	positive regulation of cell communication	ENSMUSG00000024349	Sting1	IDA, IEA
CRE upregulated	GO:0010647	positive regulation of cell communication	ENSMUSG00000024521	Pmaip1	IMP
CRE upregulated	GO:0010647	positive regulation of cell communication	ENSMUSG00000054008	Ndst1	IMP, IGI
CRE upregulated	GO:0010647	positive regulation of cell communication	ENSMUSG00000057531	Dtnbp1	IMP, ISO, IEA
CRE upregulated	GO:0010647	positive regulation of cell communication	ENSMUSG00000015837	Sqstm1	IMP
CRE upregulated	GO:0010647	positive regulation of cell communication	ENSMUSG00000030309	Caprin2	IBA
CRE upregulated	GO:0010647	positive regulation of cell communication	ENSMUSG00000036057	Ptpn23	IEA
CRE upregulated	GO:0010647	positive regulation of cell communication	ENSMUSG00000015316	Slamf1	IEA
CRE upregulated	GO:0010647	positive regulation of cell communication	ENSMUSG00000022433	Csnk1e	IGI, IBA
CRE upregulated	GO:0010647	positive regulation of cell communication	ENSMUSG00000022346	Myc	IDA, IMP, IEA
CRE upregulated	GO:0010647	positive regulation of cell communication	ENSMUSG00000026072	Il1r1	IMP
CRE upregulated	GO:0010647	positive regulation of cell communication	ENSMUSG00000027954	Efna1	IDA
CRE upregulated	GO:0010647	positive regulation of cell communication	ENSMUSG00000023032	Slc4a8	IMP
CRE upregulated	GO:0010647	positive regulation of cell communication	ENSMUSG00000024789	Jak2	IDA, IMP, ISS, ISO, IEA
CRE upregulated	GO:0010647	positive regulation of cell communication	ENSMUSG00000004040	ENSMUSG00000004040	IMP
CRE upregulated	GO:0010647	positive regulation of cell communication	ENSMUSG00000022602	Arc	IMP, ISS, ISO, IBA, IEA
CRE upregulated	GO:0010647	positive regulation of cell communication	ENSMUSG00000109511	Nup62	ISS, IEA
CRE upregulated	GO:0010647	positive regulation of cell communication	ENSMUSG00000029826	Zc3hav1	ISO, TAS
CRE upregulated	GO:0010647	positive regulation of cell communication	ENSMUSG00000031960	Aars1	ISS, IEA
CRE upregulated	GO:0010647	positive regulation of cell communication	ENSMUSG00000059866	Tnip2	ISS, IBA, IEA
CRE upregulated	GO:0010647	positive regulation of cell communication	ENSMUSG00000033545	Znrf1	IEA
CRE upregulated	GO:0010647	positive regulation of cell communication	ENSMUSG00000021360	ENSMUSG00000021360	IMP, IEA
CRE upregulated	GO:0010647	positive regulation of cell communication	ENSMUSG00000024803	Ankrd1	IEA
CRE upregulated	GO:0010647	positive regulation of cell communication	ENSMUSG00000021306	Gpr137b	IEA
CRE upregulated	GO:0010647	positive regulation of cell communication	ENSMUSG00000024927	Rela	IDA, IEA
CRE upregulated	GO:0010647	positive regulation of cell communication	ENSMUSG00000027692	Tnik	ISS, IEA
CRE upregulated	GO:0010647	positive regulation of cell communication	ENSMUSG00000028893	Sesn2	IMP, IEA
CRE upregulated	GO:0010647	positive regulation of cell communication	ENSMUSG00000024947	Men1	IEA
CRE upregulated	GO:0010647	positive regulation of cell communication	ENSMUSG00000029071	ENSMUSG00000029071	ISO, IEA
CRE upregulated	GO:0010647	positive regulation of cell communication	ENSMUSG00000044453	Ffar1	IDA, IMP, ISO, IBA
CRE upregulated	GO:0010647	positive regulation of cell communication	ENSMUSG00000024777	ENSMUSG00000024777	ISO, IEA
CRE upregulated	GO:0010647	positive regulation of cell communication	ENSMUSG00000040365	Trim41	ISS, IEA
CRE upregulated	GO:0010647	positive regulation of cell communication	ENSMUSG00000025162	ENSMUSG00000025162	IGI, IBA, IEA
CRE upregulated	GO:0010647	positive regulation of cell communication	ENSMUSG00000031278	ENSMUSG00000031278	ISS, ISO
CRE upregulated	GO:0010647	positive regulation of cell communication	ENSMUSG00000037815	Ctnna1	IMP, IGI
CRE upregulated	GO:0010647	positive regulation of cell communication	ENSMUSG00000020349	ENSMUSG00000020349	IMP
CRE upregulated	GO:0010647	positive regulation of cell communication	ENSMUSG00000024517	Grp	IMP, ISS
CRE upregulated	GO:0010647	positive regulation of cell communication	ENSMUSG00000025351	Cd63	ISS, IEA
CRE upregulated	GO:0010647	positive regulation of cell communication	ENSMUSG00000021796	Bmpr1a	IEA
CRE upregulated	GO:0010647	positive regulation of cell communication	ENSMUSG00000049649	Gpr3	ISO, IEA
CRE upregulated	GO:0010647	positive regulation of cell communication	ENSMUSG00000019842	ENSMUSG00000019842	IBA, IEA
CRE upregulated	GO:0010647	positive regulation of cell communication	ENSMUSG00000070056	ENSMUSG00000070056	IMP, ISS, IEA
CRE upregulated	GO:0010647	positive regulation of cell communication	ENSMUSG00000039191	Rbpj	IMP
CRE upregulated	GO:0010647	positive regulation of cell communication	ENSMUSG00000039844	ENSMUSG00000039844	ISO, IEA
CRE upregulated	GO:0010647	positive regulation of cell communication	ENSMUSG00000020594	ENSMUSG00000020594	IEA
CRE upregulated	GO:0010647	positive regulation of cell communication	ENSMUSG00000020448	Rnf185	ISS, IEA
CRE upregulated	GO:0010647	positive regulation of cell communication	ENSMUSG00000000787	ENSMUSG00000000787	IDA, ISS
CRE upregulated	GO:0010647	positive regulation of cell communication	ENSMUSG00000008859	ENSMUSG00000008859	IEA
CRE upregulated	GO:0010647	positive regulation of cell communication	ENSMUSG00000022094	ENSMUSG00000022094	IMP
CRE upregulated	GO:0010647	positive regulation of cell communication	ENSMUSG00000038676	Ucn	ISO, IEA
CRE upregulated	GO:0010647	positive regulation of cell communication	ENSMUSG00000052681	Rap1b	IGI
CRE upregulated	GO:0010647	positive regulation of cell communication	ENSMUSG00000032508	Myd88	IMP, IGI, ISS, IEA
CRE upregulated	GO:0010647	positive regulation of cell communication	ENSMUSG00000002633	Shh	IMP, ISS, IEA
CRE upregulated	GO:0010647	positive regulation of cell communication	ENSMUSG00000032462	ENSMUSG00000032462	IGI, IEA
CRE upregulated	GO:0010647	positive regulation of cell communication	ENSMUSG00000027944	Hax1	IEA
CRE upregulated	GO:0010647	positive regulation of cell communication	ENSMUSG00000020340	ENSMUSG00000020340	IMP
CRE upregulated	GO:0010647	positive regulation of cell communication	ENSMUSG00000019843	ENSMUSG00000019843	ISO
CRE upregulated	GO:0010647	positive regulation of cell communication	ENSMUSG00000024493	ENSMUSG00000024493	IEA
CRE upregulated	GO:0010647	positive regulation of cell communication	ENSMUSG00000027646	ENSMUSG00000027646	IDA, IMP, IGI, ISO, IEA
CRE upregulated	GO:0010647	positive regulation of cell communication	ENSMUSG00000031073	Fgf15	IBA
CRE upregulated	GO:0010647	positive regulation of cell communication	ENSMUSG00000021477	ENSMUSG00000021477	IBA
CRE upregulated	GO:0010647	positive regulation of cell communication	ENSMUSG00000054499	ENSMUSG00000054499	IEA
CRE upregulated	GO:0010647	positive regulation of cell communication	ENSMUSG00000024907	Gal	IEA
CRE upregulated	GO:0010647	positive regulation of cell communication	ENSMUSG00000054204	ENSMUSG00000054204	IBA, IEA
CRE upregulated	GO:0010605	negative regulation of macromolecule metabolic process	ENSMUSG00000026628	Atf3	IDA, IEA
CRE upregulated	GO:0010605	negative regulation of macromolecule metabolic process	ENSMUSG00000036390	Gadd45a	IMP, IEA
CRE upregulated	GO:0010605	negative regulation of macromolecule metabolic process	ENSMUSG00000052684	Jun	IDA, IMP
CRE upregulated	GO:0010605	negative regulation of macromolecule metabolic process	ENSMUSG00000063632	Sox11	IDA, IMP, IBA, IEA
CRE upregulated	GO:0010605	negative regulation of macromolecule metabolic process	ENSMUSG00000004951	Hspb1	IDA
CRE upregulated	GO:0010605	negative regulation of macromolecule metabolic process	ENSMUSG00000056749	Nfil3	IDA, IEA
CRE upregulated	GO:0010605	negative regulation of macromolecule metabolic process	ENSMUSG00000022895	Ets2	IEA
CRE upregulated	GO:0010605	negative regulation of macromolecule metabolic process	ENSMUSG00000019876	Pkib	IEA
CRE upregulated	GO:0010605	negative regulation of macromolecule metabolic process	ENSMUSG00000037447	Arid5a	ISS, IEA
CRE upregulated	GO:0010605	negative regulation of macromolecule metabolic process	ENSMUSG00000033902	Mapkbp1	IEA
CRE upregulated	GO:0010605	negative regulation of macromolecule metabolic process	ENSMUSG00000021765	Fst	IEA
CRE upregulated	GO:0010605	negative regulation of macromolecule metabolic process	ENSMUSG00000030256	Bhlhe41	IDA, TAS, IEA
CRE upregulated	GO:0010605	negative regulation of macromolecule metabolic process	ENSMUSG00000025612	Bach1	IDA, ISS, IEA
CRE upregulated	GO:0010605	negative regulation of macromolecule metabolic process	ENSMUSG00000020427	Igfbp3	ISO, IEA
CRE upregulated	GO:0010605	negative regulation of macromolecule metabolic process	ENSMUSG00000023067	Cdkn1a	IMP, IEA
CRE upregulated	GO:0010605	negative regulation of macromolecule metabolic process	ENSMUSG00000030681	Mvp	IEA
CRE upregulated	GO:0010605	negative regulation of macromolecule metabolic process	ENSMUSG00000035673	Sbno2	IMP, IBA, IEA
CRE upregulated	GO:0010605	negative regulation of macromolecule metabolic process	ENSMUSG00000068566	Myadm	IEA
CRE upregulated	GO:0010605	negative regulation of macromolecule metabolic process	ENSMUSG00000037458	Azin1	ISS, ISO, IBA, IEA
CRE upregulated	GO:0010605	negative regulation of macromolecule metabolic process	ENSMUSG00000021070	Bdkrb2	IMP
CRE upregulated	GO:0010605	negative regulation of macromolecule metabolic process	ENSMUSG00000002250	Ppard	IDA, IBA, IEA
CRE upregulated	GO:0010605	negative regulation of macromolecule metabolic process	ENSMUSG00000044734	Serpinb1a	IMP, IBA
CRE upregulated	GO:0010605	negative regulation of macromolecule metabolic process	ENSMUSG00000037638	Zbtb42	IDA
CRE upregulated	GO:0010605	negative regulation of macromolecule metabolic process	ENSMUSG00000021501	Caml	ISS, IEA
CRE upregulated	GO:0010605	negative regulation of macromolecule metabolic process	ENSMUSG00000042507	Mideas	IBA
CRE upregulated	GO:0010605	negative regulation of macromolecule metabolic process	ENSMUSG00000027313	Chac1	ISS, IEA
CRE upregulated	GO:0010605	negative regulation of macromolecule metabolic process	ENSMUSG00000028789	Azin2	IBA, IEA
CRE upregulated	GO:0010605	negative regulation of macromolecule metabolic process	ENSMUSG00000026796	Niban2	IEA
CRE upregulated	GO:0010605	negative regulation of macromolecule metabolic process	ENSMUSG00000027540	Ptpn1	IGI
CRE upregulated	GO:0010605	negative regulation of macromolecule metabolic process	ENSMUSG00000027583	Zbtb46	IDA
CRE upregulated	GO:0010605	negative regulation of macromolecule metabolic process	ENSMUSG00000028063	Lmna	IBA
CRE upregulated	GO:0010605	negative regulation of macromolecule metabolic process	ENSMUSG00000026254	Eif4e2	ISS, ISO, IEA
CRE upregulated	GO:0010605	negative regulation of macromolecule metabolic process	ENSMUSG00000030678	Maz	IEA
CRE upregulated	GO:0010605	negative regulation of macromolecule metabolic process	ENSMUSG00000040025	Ythdf2	IMP, IBA, IEA
CRE upregulated	GO:0010605	negative regulation of macromolecule metabolic process	ENSMUSG00000028156	Eif4e	IMP
CRE upregulated	GO:0010605	negative regulation of macromolecule metabolic process	ENSMUSG00000025239	Limd1	ISS, ISO, IEA
CRE upregulated	GO:0010605	negative regulation of macromolecule metabolic process	ENSMUSG00000005370	Msh6	IMP, IEA
CRE upregulated	GO:0010605	negative regulation of macromolecule metabolic process	ENSMUSG00000048490	Nrip1	IDA, IBA, IEA
CRE upregulated	GO:0010605	negative regulation of macromolecule metabolic process	ENSMUSG00000022096	Hr	IDA
CRE upregulated	GO:0010605	negative regulation of macromolecule metabolic process	ENSMUSG00000013089	Etv5	IEA
CRE upregulated	GO:0010605	negative regulation of macromolecule metabolic process	ENSMUSG00000025746	Il6	IDA, IMP
CRE upregulated	GO:0010605	negative regulation of macromolecule metabolic process	ENSMUSG00000032231	Anxa2	IMP, IEA
CRE upregulated	GO:0010605	negative regulation of macromolecule metabolic process	ENSMUSG00000032280	Tle3	IEA
CRE upregulated	GO:0010605	negative regulation of macromolecule metabolic process	ENSMUSG00000055994	Nod2	IDA, IMP
CRE upregulated	GO:0010605	negative regulation of macromolecule metabolic process	ENSMUSG00000063889	Crem	IEA
CRE upregulated	GO:0010605	negative regulation of macromolecule metabolic process	ENSMUSG00000027613	Eif6	ISS, IEA
CRE upregulated	GO:0010605	negative regulation of macromolecule metabolic process	ENSMUSG00000042406	Atf4	IMP
CRE upregulated	GO:0010605	negative regulation of macromolecule metabolic process	ENSMUSG00000079049	Serpinb1c	IMP, IBA
CRE upregulated	GO:0010605	negative regulation of macromolecule metabolic process	ENSMUSG00000023079	Gtf2ird1	IEA
CRE upregulated	GO:0010605	negative regulation of macromolecule metabolic process	ENSMUSG00000046854	Pip5kl1	IEA
CRE upregulated	GO:0010605	negative regulation of macromolecule metabolic process	ENSMUSG00000031628	Casp3	IEA
CRE upregulated	GO:0010605	negative regulation of macromolecule metabolic process	ENSMUSG00000025408	Ddit3	IDA, IMP, IGI, ISS, ISO, IBA, IEA
CRE upregulated	GO:0010605	negative regulation of macromolecule metabolic process	ENSMUSG00000040435	Ppp1r15a	IDA, ISO
CRE upregulated	GO:0010605	negative regulation of macromolecule metabolic process	ENSMUSG00000001847	Rac1	IEA
CRE upregulated	GO:0010605	negative regulation of macromolecule metabolic process	ENSMUSG00000018909	Arrb1	ISO, IEA
CRE upregulated	GO:0010605	negative regulation of macromolecule metabolic process	ENSMUSG00000030057	Cnbp	IEA
CRE upregulated	GO:0010605	negative regulation of macromolecule metabolic process	ENSMUSG00000024360	Etf1	IEA
CRE upregulated	GO:0010605	negative regulation of macromolecule metabolic process	ENSMUSG00000008393	Carhsp1	IMP, IBA, IEA
CRE upregulated	GO:0010605	negative regulation of macromolecule metabolic process	ENSMUSG00000015837	Sqstm1	IDA, IMP, ISS, IEA
CRE upregulated	GO:0010605	negative regulation of macromolecule metabolic process	ENSMUSG00000030309	Caprin2	IEA
CRE upregulated	GO:0010605	negative regulation of macromolecule metabolic process	ENSMUSG00000029131	Dnajb6	IDA
CRE upregulated	GO:0010605	negative regulation of macromolecule metabolic process	ENSMUSG00000023087	Noct	IMP, IGI
CRE upregulated	GO:0010605	negative regulation of macromolecule metabolic process	ENSMUSG00000015316	Slamf1	IDA, IEA
CRE upregulated	GO:0010605	negative regulation of macromolecule metabolic process	ENSMUSG00000022346	Myc	IDA, ISO, IEA
CRE upregulated	GO:0010605	negative regulation of macromolecule metabolic process	ENSMUSG00000053113	Socs3	IEA
CRE upregulated	GO:0010605	negative regulation of macromolecule metabolic process	ENSMUSG00000027954	Efna1	IMP, IEA
CRE upregulated	GO:0010605	negative regulation of macromolecule metabolic process	ENSMUSG00000004040	ENSMUSG00000004040	IEA
CRE upregulated	GO:0010605	negative regulation of macromolecule metabolic process	ENSMUSG00000061589	Dot1l	IEA
CRE upregulated	GO:0010605	negative regulation of macromolecule metabolic process	ENSMUSG00000109511	Nup62	IMP
CRE upregulated	GO:0010605	negative regulation of macromolecule metabolic process	ENSMUSG00000018143	Mafk	IEA
CRE upregulated	GO:0010605	negative regulation of macromolecule metabolic process	ENSMUSG00000029826	Zc3hav1	ISS, ISO, IBA, IEA
CRE upregulated	GO:0010605	negative regulation of macromolecule metabolic process	ENSMUSG00000024190	Dusp1	ISS, ISO
CRE upregulated	GO:0010605	negative regulation of macromolecule metabolic process	ENSMUSG00000030223	ENSMUSG00000030223	IDA
CRE upregulated	GO:0010605	negative regulation of macromolecule metabolic process	ENSMUSG00000035236	Scai	IEA
CRE upregulated	GO:0010605	negative regulation of macromolecule metabolic process	ENSMUSG00000020358	Hnrnpab	IGI, ISO, IEA
CRE upregulated	GO:0010605	negative regulation of macromolecule metabolic process	ENSMUSG00000024803	Ankrd1	ISO, IEA
CRE upregulated	GO:0010605	negative regulation of macromolecule metabolic process	ENSMUSG00000023915	Tnfrsf21	IMP
CRE upregulated	GO:0010605	negative regulation of macromolecule metabolic process	ENSMUSG00000024927	Rela	IDA, IMP, IEA
CRE upregulated	GO:0010605	negative regulation of macromolecule metabolic process	ENSMUSG00000003435	ENSMUSG00000003435	IEA
CRE upregulated	GO:0010605	negative regulation of macromolecule metabolic process	ENSMUSG00000024238	Zeb1	IDA, IMP, ISS, ISO, IEA
CRE upregulated	GO:0010605	negative regulation of macromolecule metabolic process	ENSMUSG00000026078	Pdcl3	ISO, IEA
CRE upregulated	GO:0010605	negative regulation of macromolecule metabolic process	ENSMUSG00000028893	Sesn2	IMP, IEA
CRE upregulated	GO:0010605	negative regulation of macromolecule metabolic process	ENSMUSG00000024947	Men1	IDA, ISO, IEA
CRE upregulated	GO:0010605	negative regulation of macromolecule metabolic process	ENSMUSG00000029071	ENSMUSG00000029071	IGI
CRE upregulated	GO:0010605	negative regulation of macromolecule metabolic process	ENSMUSG00000040433	Zbtb38	IEA
CRE upregulated	GO:0010605	negative regulation of macromolecule metabolic process	ENSMUSG00000044453	Ffar1	IEA
CRE upregulated	GO:0010605	negative regulation of macromolecule metabolic process	ENSMUSG00000032715	Trib3	IDA, ISS, IEA
CRE upregulated	GO:0010605	negative regulation of macromolecule metabolic process	ENSMUSG00000048047	Zbtb33	ISS, IBA, IEA
CRE upregulated	GO:0010605	negative regulation of macromolecule metabolic process	ENSMUSG00000020694	ENSMUSG00000020694	ISS, IEA
CRE upregulated	GO:0010605	negative regulation of macromolecule metabolic process	ENSMUSG00000071637	Cebpd	IDA
CRE upregulated	GO:0010605	negative regulation of macromolecule metabolic process	ENSMUSG00000031668	ENSMUSG00000031668	IEA
CRE upregulated	GO:0010605	negative regulation of macromolecule metabolic process	ENSMUSG00000053175	Bcl3	IMP, IEA
CRE upregulated	GO:0010605	negative regulation of macromolecule metabolic process	ENSMUSG00000068739	ENSMUSG00000068739	ISS, IEA
CRE upregulated	GO:0010605	negative regulation of macromolecule metabolic process	ENSMUSG00000030199	Etv6	IEA
CRE upregulated	GO:0010605	negative regulation of macromolecule metabolic process	ENSMUSG00000040857	Erf	IEA
CRE upregulated	GO:0010605	negative regulation of macromolecule metabolic process	ENSMUSG00000025340	Rabgef1	IMP
CRE upregulated	GO:0010605	negative regulation of macromolecule metabolic process	ENSMUSG00000039108	ENSMUSG00000039108	IMP
CRE upregulated	GO:0010605	negative regulation of macromolecule metabolic process	ENSMUSG00000004530	ENSMUSG00000004530	IEA
CRE upregulated	GO:0010605	negative regulation of macromolecule metabolic process	ENSMUSG00000036180	ENSMUSG00000036180	ISS, IBA, NAS, IEA
CRE upregulated	GO:0010605	negative regulation of macromolecule metabolic process	ENSMUSG00000011877	Git1	IMP
CRE upregulated	GO:0010605	negative regulation of macromolecule metabolic process	ENSMUSG00000039985	Sinhcaf	NAS
CRE upregulated	GO:0010605	negative regulation of macromolecule metabolic process	ENSMUSG00000047281	ENSMUSG00000047281	IDA
CRE upregulated	GO:0010605	negative regulation of macromolecule metabolic process	ENSMUSG00000021796	Bmpr1a	IMP
CRE upregulated	GO:0010605	negative regulation of macromolecule metabolic process	ENSMUSG00000019842	ENSMUSG00000019842	IDA, IMP
CRE upregulated	GO:0010605	negative regulation of macromolecule metabolic process	ENSMUSG00000034543	ENSMUSG00000034543	IMP, ISS
CRE upregulated	GO:0010605	negative regulation of macromolecule metabolic process	ENSMUSG00000045763	ENSMUSG00000045763	ISS, IBA, IEA
CRE upregulated	GO:0010605	negative regulation of macromolecule metabolic process	ENSMUSG00000109336	ENSMUSG00000109336	IEA
CRE upregulated	GO:0010605	negative regulation of macromolecule metabolic process	ENSMUSG00000039191	Rbpj	IDA, IMP, IEA
CRE upregulated	GO:0010605	negative regulation of macromolecule metabolic process	ENSMUSG00000046962	ENSMUSG00000046962	IBA, IEA
CRE upregulated	GO:0010605	negative regulation of macromolecule metabolic process	ENSMUSG00000051316	Taf7	IEA
CRE upregulated	GO:0010605	negative regulation of macromolecule metabolic process	ENSMUSG00000040010	Slc7a5	IEA
CRE upregulated	GO:0010605	negative regulation of macromolecule metabolic process	ENSMUSG00000040463	ENSMUSG00000040463	IDA
CRE upregulated	GO:0010605	negative regulation of macromolecule metabolic process	ENSMUSG00000004099	ENSMUSG00000004099	IDA, IMP, ISO, IBA, IEA
CRE upregulated	GO:0010605	negative regulation of macromolecule metabolic process	ENSMUSG00000023952	ENSMUSG00000023952	IMP
CRE upregulated	GO:0010605	negative regulation of macromolecule metabolic process	ENSMUSG00000020594	ENSMUSG00000020594	ISS, ISO, IBA, IEA
CRE upregulated	GO:0010605	negative regulation of macromolecule metabolic process	ENSMUSG00000000787	ENSMUSG00000000787	IDA, IMP, ISS, IBA
CRE upregulated	GO:0010605	negative regulation of macromolecule metabolic process	ENSMUSG00000008730	Hipk1	ISS
CRE upregulated	GO:0010605	negative regulation of macromolecule metabolic process	ENSMUSG00000059288	ENSMUSG00000059288	IDA, IEA
CRE upregulated	GO:0010605	negative regulation of macromolecule metabolic process	ENSMUSG00000038676	Ucn	ISO, IEA
CRE upregulated	GO:0010605	negative regulation of macromolecule metabolic process	ENSMUSG00000032508	Myd88	IEA
CRE upregulated	GO:0010605	negative regulation of macromolecule metabolic process	ENSMUSG00000002633	Shh	IDA, IMP
CRE upregulated	GO:0010605	negative regulation of macromolecule metabolic process	ENSMUSG00000028680	ENSMUSG00000028680	IEA
CRE upregulated	GO:0010605	negative regulation of macromolecule metabolic process	ENSMUSG00000039671	ENSMUSG00000039671	IEA
CRE upregulated	GO:0010605	negative regulation of macromolecule metabolic process	ENSMUSG00000038250	ENSMUSG00000038250	IEA
CRE upregulated	GO:0010605	negative regulation of macromolecule metabolic process	ENSMUSG00000028291	ENSMUSG00000028291	ISO, IEA
CRE upregulated	GO:0010605	negative regulation of macromolecule metabolic process	ENSMUSG00000037411	Serpine1	IEA
CRE upregulated	GO:0010605	negative regulation of macromolecule metabolic process	ENSMUSG00000078676	ENSMUSG00000078676	ISS, ISO, IEA
CRE upregulated	GO:0010605	negative regulation of macromolecule metabolic process	ENSMUSG00000028382	ENSMUSG00000028382	IMP, IEA
CRE upregulated	GO:0010605	negative regulation of macromolecule metabolic process	ENSMUSG00000037465	Klf10	IDA
CRE upregulated	GO:0010605	negative regulation of macromolecule metabolic process	ENSMUSG00000019843	ENSMUSG00000019843	IDA, IMP
CRE upregulated	GO:0010605	negative regulation of macromolecule metabolic process	ENSMUSG00000027646	ENSMUSG00000027646	ISO, IEA
CRE upregulated	GO:0010605	negative regulation of macromolecule metabolic process	ENSMUSG00000020680	ENSMUSG00000020680	ISO, IEA
CRE upregulated	GO:0010605	negative regulation of macromolecule metabolic process	ENSMUSG00000033991	ENSMUSG00000033991	ISS, IBA, IEA
CRE upregulated	GO:0010605	negative regulation of macromolecule metabolic process	ENSMUSG00000004698	ENSMUSG00000004698	IEA
CRE upregulated	GO:0010605	negative regulation of macromolecule metabolic process	ENSMUSG00000042197	ENSMUSG00000042197	ISS, IBA, IEA
CRE upregulated	GO:0010605	negative regulation of macromolecule metabolic process	ENSMUSG00000027433	ENSMUSG00000027433	IBA
CRE upregulated	GO:0010605	negative regulation of macromolecule metabolic process	ENSMUSG00000046707	ENSMUSG00000046707	IEA
CRE upregulated	GO:0010605	negative regulation of macromolecule metabolic process	ENSMUSG00000029475	ENSMUSG00000029475	IDA, IMP
CRE upregulated	GO:0030335	positive regulation of cell migration	ENSMUSG00000052684	Jun	IMP
CRE upregulated	GO:0030335	positive regulation of cell migration	ENSMUSG00000019647	Sema6a	IMP, IBA
CRE upregulated	GO:0030335	positive regulation of cell migration	ENSMUSG00000004951	Hspb1	IEA
CRE upregulated	GO:0030335	positive regulation of cell migration	ENSMUSG00000025473	Adam8	IMP, IBA, IEA
CRE upregulated	GO:0030335	positive regulation of cell migration	ENSMUSG00000014599	Csf1	IGI, ISO, IEA
CRE upregulated	GO:0030335	positive regulation of cell migration	ENSMUSG00000006304	Arpc2	ISO
CRE upregulated	GO:0030335	positive regulation of cell migration	ENSMUSG00000026836	Acvr1	IEA
CRE upregulated	GO:0030335	positive regulation of cell migration	ENSMUSG00000068566	Myadm	IEA
CRE upregulated	GO:0030335	positive regulation of cell migration	ENSMUSG00000038894	Irs2	IGI
CRE upregulated	GO:0030335	positive regulation of cell migration	ENSMUSG00000030678	Maz	IEA
CRE upregulated	GO:0030335	positive regulation of cell migration	ENSMUSG00000025809	Itgb1	ISS, ISO, IEA
CRE upregulated	GO:0030335	positive regulation of cell migration	ENSMUSG00000002233	Rhoc	IEA
CRE upregulated	GO:0030335	positive regulation of cell migration	ENSMUSG00000022607	Ptk2	ISS, ISO, IBA
CRE upregulated	GO:0030335	positive regulation of cell migration	ENSMUSG00000020580	Rock2	IEA
CRE upregulated	GO:0030335	positive regulation of cell migration	ENSMUSG00000001507	Itga3	ISO, IEA
CRE upregulated	GO:0030335	positive regulation of cell migration	ENSMUSG00000055723	Rras2	IGI
CRE upregulated	GO:0030335	positive regulation of cell migration	ENSMUSG00000001847	Rac1	IMP, IEA
CRE upregulated	GO:0030335	positive regulation of cell migration	ENSMUSG00000042121	Ssh1	ISO, IEA
CRE upregulated	GO:0030335	positive regulation of cell migration	ENSMUSG00000036737	Oxsr1	IMP, IBA, IEA
CRE upregulated	GO:0030335	positive regulation of cell migration	ENSMUSG00000031955	Bcar1	ISS, IEA
CRE upregulated	GO:0030335	positive regulation of cell migration	ENSMUSG00000015316	Slamf1	IMP
CRE upregulated	GO:0030335	positive regulation of cell migration	ENSMUSG00000022346	Myc	ISO
CRE upregulated	GO:0030335	positive regulation of cell migration	ENSMUSG00000026072	Il1r1	IMP, ISO
CRE upregulated	GO:0030335	positive regulation of cell migration	ENSMUSG00000024789	Jak2	ISS, ISO, IEA
CRE upregulated	GO:0030335	positive regulation of cell migration	ENSMUSG00000004040	ENSMUSG00000004040	IEA
CRE upregulated	GO:0030335	positive regulation of cell migration	ENSMUSG00000050335	Lgals3	IEA
CRE upregulated	GO:0030335	positive regulation of cell migration	ENSMUSG00000021360	ENSMUSG00000021360	IEA
CRE upregulated	GO:0030335	positive regulation of cell migration	ENSMUSG00000018565	Elp5	IMP
CRE upregulated	GO:0030335	positive regulation of cell migration	ENSMUSG00000064210	ENSMUSG00000064210	IMP, IEA
CRE upregulated	GO:0030335	positive regulation of cell migration	ENSMUSG00000028466	Creb3	IEA
CRE upregulated	GO:0030335	positive regulation of cell migration	ENSMUSG00000044147	Arf6	IMP
CRE upregulated	GO:0030335	positive regulation of cell migration	ENSMUSG00000028434	Epb41l4b	IEA
CRE upregulated	GO:0030335	positive regulation of cell migration	ENSMUSG00000026864	ENSMUSG00000026864	ISS, IEA
CRE upregulated	GO:0030335	positive regulation of cell migration	ENSMUSG00000002633	Shh	ISO
CRE upregulated	GO:0030335	positive regulation of cell migration	ENSMUSG00000032462	ENSMUSG00000032462	IGI, IEA
CRE upregulated	GO:0030335	positive regulation of cell migration	ENSMUSG00000056050	ENSMUSG00000056050	IEA
CRE upregulated	GO:0030335	positive regulation of cell migration	ENSMUSG00000037411	Serpine1	IEA
CRE upregulated	GO:0030335	positive regulation of cell migration	ENSMUSG00000027646	ENSMUSG00000027646	ISO, IEA
CRE upregulated	GO:0030335	positive regulation of cell migration	ENSMUSG00000052316	ENSMUSG00000052316	IEA
CRE upregulated	GO:0030335	positive regulation of cell migration	ENSMUSG00000021340	ENSMUSG00000021340	IEA
CRE upregulated	GO:0030335	positive regulation of cell migration	ENSMUSG00000004698	ENSMUSG00000004698	IEA
CRE upregulated	GO:0030335	positive regulation of cell migration	ENSMUSG00000046761	ENSMUSG00000046761	ISS, IBA, IEA
CRE upregulated	GO:0030335	positive regulation of cell migration	ENSMUSG00000015839	Nfe2l2	ISO, IEA
CRE upregulated	GO:0030335	positive regulation of cell migration	ENSMUSG00000000627	ENSMUSG00000000627	IBA
CRE upregulated	GO:0051248	negative regulation of protein metabolic process	ENSMUSG00000036390	Gadd45a	IMP, IEA
CRE upregulated	GO:0051248	negative regulation of protein metabolic process	ENSMUSG00000052684	Jun	IMP
CRE upregulated	GO:0051248	negative regulation of protein metabolic process	ENSMUSG00000004951	Hspb1	IDA
CRE upregulated	GO:0051248	negative regulation of protein metabolic process	ENSMUSG00000019876	Pkib	IEA
CRE upregulated	GO:0051248	negative regulation of protein metabolic process	ENSMUSG00000020427	Igfbp3	ISO, IEA
CRE upregulated	GO:0051248	negative regulation of protein metabolic process	ENSMUSG00000023067	Cdkn1a	IMP
CRE upregulated	GO:0051248	negative regulation of protein metabolic process	ENSMUSG00000030681	Mvp	IEA
CRE upregulated	GO:0051248	negative regulation of protein metabolic process	ENSMUSG00000037458	Azin1	ISS, ISO, IBA, IEA
CRE upregulated	GO:0051248	negative regulation of protein metabolic process	ENSMUSG00000021070	Bdkrb2	IMP
CRE upregulated	GO:0051248	negative regulation of protein metabolic process	ENSMUSG00000021501	Caml	ISS, IEA
CRE upregulated	GO:0051248	negative regulation of protein metabolic process	ENSMUSG00000027313	Chac1	ISS, IEA
CRE upregulated	GO:0051248	negative regulation of protein metabolic process	ENSMUSG00000028789	Azin2	IBA, IEA
CRE upregulated	GO:0051248	negative regulation of protein metabolic process	ENSMUSG00000027540	Ptpn1	IGI
CRE upregulated	GO:0051248	negative regulation of protein metabolic process	ENSMUSG00000026254	Eif4e2	ISS, ISO, IEA
CRE upregulated	GO:0051248	negative regulation of protein metabolic process	ENSMUSG00000028156	Eif4e	IMP
CRE upregulated	GO:0051248	negative regulation of protein metabolic process	ENSMUSG00000025239	Limd1	ISS, IEA
CRE upregulated	GO:0051248	negative regulation of protein metabolic process	ENSMUSG00000032231	Anxa2	IMP, IEA
CRE upregulated	GO:0051248	negative regulation of protein metabolic process	ENSMUSG00000027613	Eif6	ISS, IEA
CRE upregulated	GO:0051248	negative regulation of protein metabolic process	ENSMUSG00000046854	Pip5kl1	IEA
CRE upregulated	GO:0051248	negative regulation of protein metabolic process	ENSMUSG00000040435	Ppp1r15a	ISO
CRE upregulated	GO:0051248	negative regulation of protein metabolic process	ENSMUSG00000018909	Arrb1	ISO, IEA
CRE upregulated	GO:0051248	negative regulation of protein metabolic process	ENSMUSG00000015837	Sqstm1	IDA, ISS, IEA
CRE upregulated	GO:0051248	negative regulation of protein metabolic process	ENSMUSG00000030309	Caprin2	IEA
CRE upregulated	GO:0051248	negative regulation of protein metabolic process	ENSMUSG00000053113	Socs3	IEA
CRE upregulated	GO:0051248	negative regulation of protein metabolic process	ENSMUSG00000027954	Efna1	IEA
CRE upregulated	GO:0051248	negative regulation of protein metabolic process	ENSMUSG00000109511	Nup62	IMP
CRE upregulated	GO:0051248	negative regulation of protein metabolic process	ENSMUSG00000024190	Dusp1	ISS
CRE upregulated	GO:0051248	negative regulation of protein metabolic process	ENSMUSG00000030223	ENSMUSG00000030223	IDA
CRE upregulated	GO:0051248	negative regulation of protein metabolic process	ENSMUSG00000024927	Rela	IDA, IMP
CRE upregulated	GO:0051248	negative regulation of protein metabolic process	ENSMUSG00000026078	Pdcl3	ISO, IEA
CRE upregulated	GO:0051248	negative regulation of protein metabolic process	ENSMUSG00000028893	Sesn2	IMP, IEA
CRE upregulated	GO:0051248	negative regulation of protein metabolic process	ENSMUSG00000024947	Men1	IEA
CRE upregulated	GO:0051248	negative regulation of protein metabolic process	ENSMUSG00000029071	ENSMUSG00000029071	IGI
CRE upregulated	GO:0051248	negative regulation of protein metabolic process	ENSMUSG00000032715	Trib3	IDA
CRE upregulated	GO:0051248	negative regulation of protein metabolic process	ENSMUSG00000020694	ENSMUSG00000020694	ISS, IEA
CRE upregulated	GO:0051248	negative regulation of protein metabolic process	ENSMUSG00000031668	ENSMUSG00000031668	IEA
CRE upregulated	GO:0051248	negative regulation of protein metabolic process	ENSMUSG00000025340	Rabgef1	IMP
CRE upregulated	GO:0051248	negative regulation of protein metabolic process	ENSMUSG00000004530	ENSMUSG00000004530	IEA
CRE upregulated	GO:0051248	negative regulation of protein metabolic process	ENSMUSG00000109336	ENSMUSG00000109336	IEA
CRE upregulated	GO:0051248	negative regulation of protein metabolic process	ENSMUSG00000000787	ENSMUSG00000000787	ISS
CRE upregulated	GO:0051248	negative regulation of protein metabolic process	ENSMUSG00000059288	ENSMUSG00000059288	IDA, IEA
CRE upregulated	GO:0051248	negative regulation of protein metabolic process	ENSMUSG00000002633	Shh	IMP
CRE upregulated	GO:0051248	negative regulation of protein metabolic process	ENSMUSG00000038250	ENSMUSG00000038250	IEA
CRE upregulated	GO:0051248	negative regulation of protein metabolic process	ENSMUSG00000037411	Serpine1	IEA
CRE upregulated	GO:0051248	negative regulation of protein metabolic process	ENSMUSG00000019843	ENSMUSG00000019843	IDA, IMP
CRE upregulated	GO:0051248	negative regulation of protein metabolic process	ENSMUSG00000046707	ENSMUSG00000046707	IEA
CRE upregulated	GO:0050776	regulation of immune response	ENSMUSG00000046688	Tifa	ISS, IBA, IEA
CRE upregulated	GO:0050776	regulation of immune response	ENSMUSG00000025473	Adam8	IDA
CRE upregulated	GO:0050776	regulation of immune response	ENSMUSG00000037447	Arid5a	IMP
CRE upregulated	GO:0050776	regulation of immune response	ENSMUSG00000030748	Il4ra	IGI
CRE upregulated	GO:0050776	regulation of immune response	ENSMUSG00000024404	Riok3	IEA
CRE upregulated	GO:0050776	regulation of immune response	ENSMUSG00000024256	Adcyap1	ISO, IEA
CRE upregulated	GO:0050776	regulation of immune response	ENSMUSG00000044734	Serpinb1a	IDA
CRE upregulated	GO:0050776	regulation of immune response	ENSMUSG00000022661	Cd200	IEA
CRE upregulated	GO:0050776	regulation of immune response	ENSMUSG00000026254	Eif4e2	IEA
CRE upregulated	GO:0050776	regulation of immune response	ENSMUSG00000040025	Ythdf2	ISS, IEA
CRE upregulated	GO:0050776	regulation of immune response	ENSMUSG00000025746	Il6	IDA, IMP
CRE upregulated	GO:0050776	regulation of immune response	ENSMUSG00000055994	Nod2	IDA, IMP, ISS, ISO, IEA
CRE upregulated	GO:0050776	regulation of immune response	ENSMUSG00000024014	Pim1	ISS, IEA
CRE upregulated	GO:0050776	regulation of immune response	ENSMUSG00000059923	Grb2	IDA
CRE upregulated	GO:0050776	regulation of immune response	ENSMUSG00000042726	Trafd1	IMP, IBA
CRE upregulated	GO:0050776	regulation of immune response	ENSMUSG00000024349	Sting1	IDA, IMP, ISS, IBA, IEA
CRE upregulated	GO:0050776	regulation of immune response	ENSMUSG00000015837	Sqstm1	IEA
CRE upregulated	GO:0050776	regulation of immune response	ENSMUSG00000031955	Bcar1	ISS, IEA
CRE upregulated	GO:0050776	regulation of immune response	ENSMUSG00000015316	Slamf1	IDA
CRE upregulated	GO:0050776	regulation of immune response	ENSMUSG00000026072	Il1r1	ISS, IEA
CRE upregulated	GO:0050776	regulation of immune response	ENSMUSG00000024789	Jak2	NAS
CRE upregulated	GO:0050776	regulation of immune response	ENSMUSG00000029135	Fosl2	IDA, IMP
CRE upregulated	GO:0050776	regulation of immune response	ENSMUSG00000020395	Itk	IMP, IBA
CRE upregulated	GO:0050776	regulation of immune response	ENSMUSG00000036990	Otud4	IDA, IBA, IEA
CRE upregulated	GO:0050776	regulation of immune response	ENSMUSG00000029826	Zc3hav1	TAS
CRE upregulated	GO:0050776	regulation of immune response	ENSMUSG00000059866	Tnip2	IMP, IBA
CRE upregulated	GO:0050776	regulation of immune response	ENSMUSG00000033545	Znrf1	IEA
CRE upregulated	GO:0050776	regulation of immune response	ENSMUSG00000040033	ENSMUSG00000040033	IEA
CRE upregulated	GO:0050776	regulation of immune response	ENSMUSG00000023915	Tnfrsf21	IMP
CRE upregulated	GO:0050776	regulation of immune response	ENSMUSG00000024912	Fosl1	IMP
CRE upregulated	GO:0050776	regulation of immune response	ENSMUSG00000024927	Rela	ISO, IEA
CRE upregulated	GO:0050776	regulation of immune response	ENSMUSG00000038591	Colec10	IEA
CRE upregulated	GO:0050776	regulation of immune response	ENSMUSG00000024335	Brd2	IDA, IEA
CRE upregulated	GO:0050776	regulation of immune response	ENSMUSG00000040365	Trim41	ISS, IEA
CRE upregulated	GO:0050776	regulation of immune response	ENSMUSG00000020349	ENSMUSG00000020349	IMP
CRE upregulated	GO:0050776	regulation of immune response	ENSMUSG00000025340	Rabgef1	IDA, IMP
CRE upregulated	GO:0050776	regulation of immune response	ENSMUSG00000028599	Tnfrsf1b	IMP, IBA
CRE upregulated	GO:0050776	regulation of immune response	ENSMUSG00000044147	Arf6	NAS
CRE upregulated	GO:0050776	regulation of immune response	ENSMUSG00000030662	ENSMUSG00000030662	IEA
CRE upregulated	GO:0050776	regulation of immune response	ENSMUSG00000024270	ENSMUSG00000024270	ISS, IEA
CRE upregulated	GO:0050776	regulation of immune response	ENSMUSG00000047281	ENSMUSG00000047281	ISS, IEA
CRE upregulated	GO:0050776	regulation of immune response	ENSMUSG00000070056	ENSMUSG00000070056	IMP, ISS, IEA
CRE upregulated	GO:0050776	regulation of immune response	ENSMUSG00000037860	Aim2	IDA, IBA, NAS, IEA
CRE upregulated	GO:0050776	regulation of immune response	ENSMUSG00000019256	ENSMUSG00000019256	IEA
CRE upregulated	GO:0050776	regulation of immune response	ENSMUSG00000039844	ENSMUSG00000039844	ISO, IEA
CRE upregulated	GO:0050776	regulation of immune response	ENSMUSG00000027997	Casp6	ISS, IEA
CRE upregulated	GO:0050776	regulation of immune response	ENSMUSG00000020594	ENSMUSG00000020594	IEA
CRE upregulated	GO:0050776	regulation of immune response	ENSMUSG00000020448	Rnf185	ISS, IEA
CRE upregulated	GO:0050776	regulation of immune response	ENSMUSG00000000787	ENSMUSG00000000787	IDA, ISS
CRE upregulated	GO:0050776	regulation of immune response	ENSMUSG00000037553	ENSMUSG00000037553	ISS, IEA
CRE upregulated	GO:0050776	regulation of immune response	ENSMUSG00000032508	Myd88	IMP, IGI, ISS, IBA, IEA
CRE upregulated	GO:0050776	regulation of immune response	ENSMUSG00000029145	ENSMUSG00000029145	ISS, IEA
CRE upregulated	GO:0050776	regulation of immune response	ENSMUSG00000038250	ENSMUSG00000038250	IEA
CRE upregulated	GO:0050776	regulation of immune response	ENSMUSG00000028291	ENSMUSG00000028291	IMP, IBA
CRE upregulated	GO:0050776	regulation of immune response	ENSMUSG00000019843	ENSMUSG00000019843	IBA, IEA
CRE upregulated	GO:0050776	regulation of immune response	ENSMUSG00000027646	ENSMUSG00000027646	IEA
CRE upregulated	GO:0050776	regulation of immune response	ENSMUSG00000021340	ENSMUSG00000021340	IEA
CRE upregulated	GO:0050776	regulation of immune response	ENSMUSG00000015839	Nfe2l2	IMP
CRE upregulated	GO:0050776	regulation of immune response	ENSMUSG00000019998	ENSMUSG00000019998	IEA
CRE upregulated	GO:1903829	positive regulation of protein localization	ENSMUSG00000030102	Itpr1	IMP, IGI
CRE upregulated	GO:1903829	positive regulation of protein localization	ENSMUSG00000006304	Arpc2	ISO
CRE upregulated	GO:1903829	positive regulation of protein localization	ENSMUSG00000030272	Camk1	IDA, IEA
CRE upregulated	GO:1903829	positive regulation of protein localization	ENSMUSG00000002250	Ppard	ISO
CRE upregulated	GO:1903829	positive regulation of protein localization	ENSMUSG00000038894	Irs2	IMP
CRE upregulated	GO:1903829	positive regulation of protein localization	ENSMUSG00000053436	Mapk14	IMP
CRE upregulated	GO:1903829	positive regulation of protein localization	ENSMUSG00000025809	Itgb1	ISS, IEA
CRE upregulated	GO:1903829	positive regulation of protein localization	ENSMUSG00000025746	Il6	ISO
CRE upregulated	GO:1903829	positive regulation of protein localization	ENSMUSG00000047368	Abhd17b	IMP
CRE upregulated	GO:1903829	positive regulation of protein localization	ENSMUSG00000037062	Sh3glb1	IMP
CRE upregulated	GO:1903829	positive regulation of protein localization	ENSMUSG00000020580	Rock2	IEA
CRE upregulated	GO:1903829	positive regulation of protein localization	ENSMUSG00000001507	Itga3	ISS, IEA
CRE upregulated	GO:1903829	positive regulation of protein localization	ENSMUSG00000032078	Zpr1	IMP, ISS, IBA, IEA
CRE upregulated	GO:1903829	positive regulation of protein localization	ENSMUSG00000001847	Rac1	IMP, IGI, ISO
CRE upregulated	GO:1903829	positive regulation of protein localization	ENSMUSG00000042121	Ssh1	ISO, IEA
CRE upregulated	GO:1903829	positive regulation of protein localization	ENSMUSG00000018909	Arrb1	IMP
CRE upregulated	GO:1903829	positive regulation of protein localization	ENSMUSG00000024521	Pmaip1	IMP
CRE upregulated	GO:1903829	positive regulation of protein localization	ENSMUSG00000015837	Sqstm1	IMP
CRE upregulated	GO:1903829	positive regulation of protein localization	ENSMUSG00000036057	Ptpn23	IEA
CRE upregulated	GO:1903829	positive regulation of protein localization	ENSMUSG00000032502	Stac	IMP, IBA
CRE upregulated	GO:1903829	positive regulation of protein localization	ENSMUSG00000024789	Jak2	ISS, ISO, IEA
CRE upregulated	GO:1903829	positive regulation of protein localization	ENSMUSG00000038949	Cnst	ISS, IBA, IEA
CRE upregulated	GO:1903829	positive regulation of protein localization	ENSMUSG00000109511	Nup62	IEA
CRE upregulated	GO:1903829	positive regulation of protein localization	ENSMUSG00000050335	Lgals3	IEA
CRE upregulated	GO:1903829	positive regulation of protein localization	ENSMUSG00000024803	Ankrd1	IEA
CRE upregulated	GO:1903829	positive regulation of protein localization	ENSMUSG00000021306	Gpr137b	IEA
CRE upregulated	GO:1903829	positive regulation of protein localization	ENSMUSG00000028893	Sesn2	ISS, IEA
CRE upregulated	GO:1903829	positive regulation of protein localization	ENSMUSG00000044453	Ffar1	IDA, IMP, ISO, IBA
CRE upregulated	GO:1903829	positive regulation of protein localization	ENSMUSG00000031278	ENSMUSG00000031278	ISS, ISO
CRE upregulated	GO:1903829	positive regulation of protein localization	ENSMUSG00000021587	Pcsk1	ISO, IEA
CRE upregulated	GO:1903829	positive regulation of protein localization	ENSMUSG00000044147	Arf6	IDA, IEA
CRE upregulated	GO:1903829	positive regulation of protein localization	ENSMUSG00000030662	ENSMUSG00000030662	IMP
CRE upregulated	GO:1903829	positive regulation of protein localization	ENSMUSG00000047281	ENSMUSG00000047281	IDA, IEA
CRE upregulated	GO:1903829	positive regulation of protein localization	ENSMUSG00000001552	ENSMUSG00000001552	IEA
CRE upregulated	GO:1903829	positive regulation of protein localization	ENSMUSG00000002633	Shh	IGI
CRE upregulated	GO:1903829	positive regulation of protein localization	ENSMUSG00000028680	ENSMUSG00000028680	IEA
CRE upregulated	GO:1903829	positive regulation of protein localization	ENSMUSG00000040652	ENSMUSG00000040652	IDA
CRE upregulated	GO:1903829	positive regulation of protein localization	ENSMUSG00000019843	ENSMUSG00000019843	IDA, IMP, IGI
CRE upregulated	GO:1903829	positive regulation of protein localization	ENSMUSG00000027646	ENSMUSG00000027646	IGI, ISO, IEA
CRE upregulated	GO:1903829	positive regulation of protein localization	ENSMUSG00000036667	ENSMUSG00000036667	IBA, IEA
CRE upregulated	GO:0099173	postsynapse organization	ENSMUSG00000027540	Ptpn1	IEA
CRE upregulated	GO:0099173	postsynapse organization	ENSMUSG00000043895	S1pr2	EXP, IDA
CRE upregulated	GO:0099173	postsynapse organization	ENSMUSG00000029121	Crmp1	IDA, IEP
CRE upregulated	GO:0099173	postsynapse organization	ENSMUSG00000063506	Arhgap22	IEA
CRE upregulated	GO:0099173	postsynapse organization	ENSMUSG00000025809	Itgb1	ISO
CRE upregulated	GO:0099173	postsynapse organization	ENSMUSG00000013089	Etv5	IMP
CRE upregulated	GO:0099173	postsynapse organization	ENSMUSG00000047368	Abhd17b	IMP, ISO, IBA
CRE upregulated	GO:0099173	postsynapse organization	ENSMUSG00000031078	Cttn	IGI
CRE upregulated	GO:0099173	postsynapse organization	ENSMUSG00000001507	Itga3	IDA, IMP, IGI
CRE upregulated	GO:0099173	postsynapse organization	ENSMUSG00000001847	Rac1	IDA, IMP, IGI, ISO
CRE upregulated	GO:0099173	postsynapse organization	ENSMUSG00000042121	Ssh1	ISO, IEA
CRE upregulated	GO:0099173	postsynapse organization	ENSMUSG00000044667	Plppr4	IDA, IMP
CRE upregulated	GO:0099173	postsynapse organization	ENSMUSG00000057531	Dtnbp1	ISO, IEA
CRE upregulated	GO:0099173	postsynapse organization	ENSMUSG00000030309	Caprin2	IMP
CRE upregulated	GO:0099173	postsynapse organization	ENSMUSG00000027954	Efna1	IDA
CRE upregulated	GO:0099173	postsynapse organization	ENSMUSG00000022602	Arc	ISO, IEA
CRE upregulated	GO:0099173	postsynapse organization	ENSMUSG00000027797	Dclk1	IDA, IMP
CRE upregulated	GO:0099173	postsynapse organization	ENSMUSG00000036882	ENSMUSG00000036882	IDA, IMP, ISO, IEA
CRE upregulated	GO:0099173	postsynapse organization	ENSMUSG00000029071	ENSMUSG00000029071	IDA, IMP, ISO, IEA
CRE upregulated	GO:0099173	postsynapse organization	ENSMUSG00000052921	Arhgef15	IDA, IMP
CRE upregulated	GO:0099173	postsynapse organization	ENSMUSG00000044147	Arf6	ISO, IEA
CRE upregulated	GO:0099173	postsynapse organization	ENSMUSG00000011877	Git1	IEA
CRE upregulated	GO:0099173	postsynapse organization	ENSMUSG00000022656	ENSMUSG00000022656	IDA, IMP
CRE upregulated	GO:0099173	postsynapse organization	ENSMUSG00000020594	ENSMUSG00000020594	IEA
CRE upregulated	GO:0099173	postsynapse organization	ENSMUSG00000039671	ENSMUSG00000039671	ISO, IEA
CRE upregulated	GO:0099173	postsynapse organization	ENSMUSG00000020340	ENSMUSG00000020340	IEA
CRE upregulated	GO:0099173	postsynapse organization	ENSMUSG00000019843	ENSMUSG00000019843	IGI
CRE upregulated	GO:0099173	postsynapse organization	ENSMUSG00000053825	ENSMUSG00000053825	IEA
CRE upregulated	GO:0099173	postsynapse organization	ENSMUSG00000047261	ENSMUSG00000047261	ISO, IEA
CRE upregulated	GO:0042127	regulation of cell population proliferation	ENSMUSG00000026628	Atf3	ISO, IEA
CRE upregulated	GO:0042127	regulation of cell population proliferation	ENSMUSG00000052684	Jun	IDA, IMP, IGI, ISO, IBA, IEA
CRE upregulated	GO:0042127	regulation of cell population proliferation	ENSMUSG00000063632	Sox11	IMP, ISS, IEA
CRE upregulated	GO:0042127	regulation of cell population proliferation	ENSMUSG00000030898	Cckbr	ISS, ISO, IEA
CRE upregulated	GO:0042127	regulation of cell population proliferation	ENSMUSG00000046731	Kctd11	IDA
CRE upregulated	GO:0042127	regulation of cell population proliferation	ENSMUSG00000030748	Il4ra	ISO
CRE upregulated	GO:0042127	regulation of cell population proliferation	ENSMUSG00000030102	Itpr1	ISO
CRE upregulated	GO:0042127	regulation of cell population proliferation	ENSMUSG00000014599	Csf1	ISO, IEA
CRE upregulated	GO:0042127	regulation of cell population proliferation	ENSMUSG00000020427	Igfbp3	ISO, IEA
CRE upregulated	GO:0042127	regulation of cell population proliferation	ENSMUSG00000023067	Cdkn1a	IMP, IGI, IEA
CRE upregulated	GO:0042127	regulation of cell population proliferation	ENSMUSG00000031074	Fgf3	IEA
CRE upregulated	GO:0042127	regulation of cell population proliferation	ENSMUSG00000031681	Smad1	IMP
CRE upregulated	GO:0042127	regulation of cell population proliferation	ENSMUSG00000050989	Selenon	IDA
CRE upregulated	GO:0042127	regulation of cell population proliferation	ENSMUSG00000029378	Areg	IDA, ISO, IBA, IEA
CRE upregulated	GO:0042127	regulation of cell population proliferation	ENSMUSG00000038943	Prc1	ISS, IEA
CRE upregulated	GO:0042127	regulation of cell population proliferation	ENSMUSG00000048482	Bdnf	IDA
CRE upregulated	GO:0042127	regulation of cell population proliferation	ENSMUSG00000024256	Adcyap1	ISO, IEA
CRE upregulated	GO:0042127	regulation of cell population proliferation	ENSMUSG00000037458	Azin1	ISO
CRE upregulated	GO:0042127	regulation of cell population proliferation	ENSMUSG00000021070	Bdkrb2	ISO
CRE upregulated	GO:0042127	regulation of cell population proliferation	ENSMUSG00000002250	Ppard	IMP, IGI, ISO
CRE upregulated	GO:0042127	regulation of cell population proliferation	ENSMUSG00000018507	Trpv2	ISO
CRE upregulated	GO:0042127	regulation of cell population proliferation	ENSMUSG00000038894	Irs2	IDA, IMP, IGI
CRE upregulated	GO:0042127	regulation of cell population proliferation	ENSMUSG00000037568	Vash2	ISO, IEA
CRE upregulated	GO:0042127	regulation of cell population proliferation	ENSMUSG00000026796	Niban2	IEA
CRE upregulated	GO:0042127	regulation of cell population proliferation	ENSMUSG00000027540	Ptpn1	IEA
CRE upregulated	GO:0042127	regulation of cell population proliferation	ENSMUSG00000043895	S1pr2	ISO
CRE upregulated	GO:0042127	regulation of cell population proliferation	ENSMUSG00000011179	Odc1	IMP
CRE upregulated	GO:0042127	regulation of cell population proliferation	ENSMUSG00000028063	Lmna	IMP, IEA
CRE upregulated	GO:0042127	regulation of cell population proliferation	ENSMUSG00000030678	Maz	IEA
CRE upregulated	GO:0042127	regulation of cell population proliferation	ENSMUSG00000053436	Mapk14	IGI
CRE upregulated	GO:0042127	regulation of cell population proliferation	ENSMUSG00000025809	Itgb1	IMP, ISO
CRE upregulated	GO:0042127	regulation of cell population proliferation	ENSMUSG00000013089	Etv5	ISO, IEA
CRE upregulated	GO:0042127	regulation of cell population proliferation	ENSMUSG00000025746	Il6	IDA, IMP, IGI, ISO, IBA
CRE upregulated	GO:0042127	regulation of cell population proliferation	ENSMUSG00000032231	Anxa2	ISO
CRE upregulated	GO:0042127	regulation of cell population proliferation	ENSMUSG00000022607	Ptk2	IMP, ISS, ISO, IEA
CRE upregulated	GO:0042127	regulation of cell population proliferation	ENSMUSG00000055994	Nod2	IMP, ISO, IEA
CRE upregulated	GO:0042127	regulation of cell population proliferation	ENSMUSG00000024014	Pim1	IDA, IEA
CRE upregulated	GO:0042127	regulation of cell population proliferation	ENSMUSG00000020838	Slc6a4	ISO, IEA
CRE upregulated	GO:0042127	regulation of cell population proliferation	ENSMUSG00000031628	Casp3	IMP
CRE upregulated	GO:0042127	regulation of cell population proliferation	ENSMUSG00000040435	Ppp1r15a	ISO
CRE upregulated	GO:0042127	regulation of cell population proliferation	ENSMUSG00000018909	Arrb1	ISO
CRE upregulated	GO:0042127	regulation of cell population proliferation	ENSMUSG00000030057	Cnbp	IDA
CRE upregulated	GO:0042127	regulation of cell population proliferation	ENSMUSG00000024521	Pmaip1	IMP
CRE upregulated	GO:0042127	regulation of cell population proliferation	ENSMUSG00000015316	Slamf1	IDA
CRE upregulated	GO:0042127	regulation of cell population proliferation	ENSMUSG00000022346	Myc	IDA, IMP, IGI, ISS, ISO, IBA, IEA
CRE upregulated	GO:0042127	regulation of cell population proliferation	ENSMUSG00000036478	Btg1	IDA, ISS, ISO, IBA, IEA
CRE upregulated	GO:0042127	regulation of cell population proliferation	ENSMUSG00000024789	Jak2	IDA, IMP, ISS, ISO, NAS, IEA
CRE upregulated	GO:0042127	regulation of cell population proliferation	ENSMUSG00000004040	ENSMUSG00000004040	IDA, IGI, ISO, IBA, IEA
CRE upregulated	GO:0042127	regulation of cell population proliferation	ENSMUSG00000061589	Dot1l	ISO
CRE upregulated	GO:0042127	regulation of cell population proliferation	ENSMUSG00000109511	Nup62	IMP, ISS, IEA
CRE upregulated	GO:0042127	regulation of cell population proliferation	ENSMUSG00000029135	Fosl2	IDA
CRE upregulated	GO:0042127	regulation of cell population proliferation	ENSMUSG00000050335	Lgals3	IEA
CRE upregulated	GO:0042127	regulation of cell population proliferation	ENSMUSG00000024190	Dusp1	IMP
CRE upregulated	GO:0042127	regulation of cell population proliferation	ENSMUSG00000021360	ENSMUSG00000021360	IMP
CRE upregulated	GO:0042127	regulation of cell population proliferation	ENSMUSG00000023915	Tnfrsf21	IMP, IBA
CRE upregulated	GO:0042127	regulation of cell population proliferation	ENSMUSG00000024912	Fosl1	ISO, IEA
CRE upregulated	GO:0042127	regulation of cell population proliferation	ENSMUSG00000024927	Rela	ISS, ISO, IEA
CRE upregulated	GO:0042127	regulation of cell population proliferation	ENSMUSG00000036206	Sh3bp4	ISS, IEA
CRE upregulated	GO:0042127	regulation of cell population proliferation	ENSMUSG00000024238	Zeb1	IMP
CRE upregulated	GO:0042127	regulation of cell population proliferation	ENSMUSG00000026078	Pdcl3	ISO, IEA
CRE upregulated	GO:0042127	regulation of cell population proliferation	ENSMUSG00000024947	Men1	IDA, IMP, IGI, ISO, IBA, IEA
CRE upregulated	GO:0042127	regulation of cell population proliferation	ENSMUSG00000067006	ENSMUSG00000067006	IMP
CRE upregulated	GO:0042127	regulation of cell population proliferation	ENSMUSG00000029175	Slc35f6	ISS, IEA
CRE upregulated	GO:0042127	regulation of cell population proliferation	ENSMUSG00000010660	Plcd1	IGI
CRE upregulated	GO:0042127	regulation of cell population proliferation	ENSMUSG00000037815	Ctnna1	IMP, IGI
CRE upregulated	GO:0042127	regulation of cell population proliferation	ENSMUSG00000003154	Foxj2	IEA
CRE upregulated	GO:0042127	regulation of cell population proliferation	ENSMUSG00000028599	Tnfrsf1b	IMP, IBA
CRE upregulated	GO:0042127	regulation of cell population proliferation	ENSMUSG00000039985	Sinhcaf	IMP
CRE upregulated	GO:0042127	regulation of cell population proliferation	ENSMUSG00000052837	ENSMUSG00000052837	IBA, IEA
CRE upregulated	GO:0042127	regulation of cell population proliferation	ENSMUSG00000047281	ENSMUSG00000047281	IGI
CRE upregulated	GO:0042127	regulation of cell population proliferation	ENSMUSG00000021796	Bmpr1a	IMP, IEA
CRE upregulated	GO:0042127	regulation of cell population proliferation	ENSMUSG00000039191	Rbpj	IMP, IGI
CRE upregulated	GO:0042127	regulation of cell population proliferation	ENSMUSG00000000001	ENSMUSG00000000001	ISO
CRE upregulated	GO:0042127	regulation of cell population proliferation	ENSMUSG00000019256	ENSMUSG00000019256	IEA
CRE upregulated	GO:0042127	regulation of cell population proliferation	ENSMUSG00000039844	ENSMUSG00000039844	IMP
CRE upregulated	GO:0042127	regulation of cell population proliferation	ENSMUSG00000001552	ENSMUSG00000001552	IEA
CRE upregulated	GO:0042127	regulation of cell population proliferation	ENSMUSG00000040010	Slc7a5	ISO, IEA
CRE upregulated	GO:0042127	regulation of cell population proliferation	ENSMUSG00000004099	ENSMUSG00000004099	IGI, IEA
CRE upregulated	GO:0042127	regulation of cell population proliferation	ENSMUSG00000008730	Hipk1	IGI
CRE upregulated	GO:0042127	regulation of cell population proliferation	ENSMUSG00000022948	Setd4	IMP
CRE upregulated	GO:0042127	regulation of cell population proliferation	ENSMUSG00000025403	ENSMUSG00000025403	ISO, IEA
CRE upregulated	GO:0042127	regulation of cell population proliferation	ENSMUSG00000032508	Myd88	IMP, IGI, ISO, IEA
CRE upregulated	GO:0042127	regulation of cell population proliferation	ENSMUSG00000002633	Shh	IDA, IMP, IGI, ISO, IEA
CRE upregulated	GO:0042127	regulation of cell population proliferation	ENSMUSG00000028291	ENSMUSG00000028291	ISO, IEA
CRE upregulated	GO:0042127	regulation of cell population proliferation	ENSMUSG00000027646	ENSMUSG00000027646	ISO, IEA
CRE upregulated	GO:0042127	regulation of cell population proliferation	ENSMUSG00000021340	ENSMUSG00000021340	IEA
CRE upregulated	GO:0042127	regulation of cell population proliferation	ENSMUSG00000032501	Trib1	IEA
CRE upregulated	GO:0042127	regulation of cell population proliferation	ENSMUSG00000031073	Fgf15	ISO, IBA, IEA
CRE upregulated	GO:0042127	regulation of cell population proliferation	ENSMUSG00000021477	ENSMUSG00000021477	IMP
CRE upregulated	GO:0042127	regulation of cell population proliferation	ENSMUSG00000024907	Gal	ISO
CRE upregulated	GO:0042127	regulation of cell population proliferation	ENSMUSG00000029475	ENSMUSG00000029475	IMP
CRE upregulated	GO:0006897	endocytosis	ENSMUSG00000024143	Rhoq	IBA
CRE upregulated	GO:0006897	endocytosis	ENSMUSG00000024261	Syt4	IMP, ISO, IEA
CRE upregulated	GO:0006897	endocytosis	ENSMUSG00000041870	Ankrd13a	ISS, IEA
CRE upregulated	GO:0006897	endocytosis	ENSMUSG00000024883	Rin1	IEA
CRE upregulated	GO:0006897	endocytosis	ENSMUSG00000027540	Ptpn1	ISS, IEA
CRE upregulated	GO:0006897	endocytosis	ENSMUSG00000051343	Rab11fip5	IDA, IMP
CRE upregulated	GO:0006897	endocytosis	ENSMUSG00000034226	Rhov	IBA
CRE upregulated	GO:0006897	endocytosis	ENSMUSG00000025809	Itgb1	IDA, ISO
CRE upregulated	GO:0006897	endocytosis	ENSMUSG00000015243	Abca1	IMP
CRE upregulated	GO:0006897	endocytosis	ENSMUSG00000020592	Sdc1	IMP
CRE upregulated	GO:0006897	endocytosis	ENSMUSG00000032231	Anxa2	IMP, ISO, IBA, IEA
CRE upregulated	GO:0006897	endocytosis	ENSMUSG00000073563	Csnk1g3	IBA
CRE upregulated	GO:0006897	endocytosis	ENSMUSG00000031078	Cttn	ISS, ISO, IEA
CRE upregulated	GO:0006897	endocytosis	ENSMUSG00000022607	Ptk2	ISO
CRE upregulated	GO:0006897	endocytosis	ENSMUSG00000055994	Nod2	IMP
CRE upregulated	GO:0006897	endocytosis	ENSMUSG00000024772	Ehd1	IDA, IBA, IEA
CRE upregulated	GO:0006897	endocytosis	ENSMUSG00000027293	Ehd4	ISO, IBA, IEA
CRE upregulated	GO:0006897	endocytosis	ENSMUSG00000035392	Dennd1a	IDA, ISS, IBA
CRE upregulated	GO:0006897	endocytosis	ENSMUSG00000033039	Micall1	ISS, IEA
CRE upregulated	GO:0006897	endocytosis	ENSMUSG00000059923	Grb2	IEA
CRE upregulated	GO:0006897	endocytosis	ENSMUSG00000001847	Rac1	IDA, IMP, IBA, IEA
CRE upregulated	GO:0006897	endocytosis	ENSMUSG00000018909	Arrb1	ISS, ISO, IBA, IEA
CRE upregulated	GO:0006897	endocytosis	ENSMUSG00000057531	Dtnbp1	ISO, IEA
CRE upregulated	GO:0006897	endocytosis	ENSMUSG00000015316	Slamf1	IEA
CRE upregulated	GO:0006897	endocytosis	ENSMUSG00000022433	Csnk1e	IBA
CRE upregulated	GO:0006897	endocytosis	ENSMUSG00000022602	Arc	IDA, IMP, IEA
CRE upregulated	GO:0006897	endocytosis	ENSMUSG00000050335	Lgals3	IEA
CRE upregulated	GO:0006897	endocytosis	ENSMUSG00000036206	Sh3bp4	IEA
CRE upregulated	GO:0006897	endocytosis	ENSMUSG00000025793	ENSMUSG00000025793	IBA
CRE upregulated	GO:0006897	endocytosis	ENSMUSG00000038591	Colec10	IEA
CRE upregulated	GO:0006897	endocytosis	ENSMUSG00000064210	ENSMUSG00000064210	IMP
CRE upregulated	GO:0006897	endocytosis	ENSMUSG00000025162	ENSMUSG00000025162	IBA, IEA
CRE upregulated	GO:0006897	endocytosis	ENSMUSG00000025340	Rabgef1	IMP, IEA
CRE upregulated	GO:0006897	endocytosis	ENSMUSG00000004530	ENSMUSG00000004530	TAS
CRE upregulated	GO:0006897	endocytosis	ENSMUSG00000044147	Arf6	ISO, IEA
CRE upregulated	GO:0006897	endocytosis	ENSMUSG00000052298	Cdc42se2	IEA
CRE upregulated	GO:0006897	endocytosis	ENSMUSG00000062234	ENSMUSG00000062234	IEA
CRE upregulated	GO:0006897	endocytosis	ENSMUSG00000025351	Cd63	ISS, ISO, IEA
CRE upregulated	GO:0006897	endocytosis	ENSMUSG00000039844	ENSMUSG00000039844	ISO, IEA
CRE upregulated	GO:0006897	endocytosis	ENSMUSG00000047547	Cltb	IBA, IEA
CRE upregulated	GO:0006897	endocytosis	ENSMUSG00000008859	ENSMUSG00000008859	ISO, IEA
CRE upregulated	GO:0006897	endocytosis	ENSMUSG00000046722	ENSMUSG00000046722	IEA
CRE upregulated	GO:0006897	endocytosis	ENSMUSG00000032508	Myd88	IMP, IEA
CRE upregulated	GO:0006897	endocytosis	ENSMUSG00000002633	Shh	IDA
CRE upregulated	GO:0006897	endocytosis	ENSMUSG00000032462	ENSMUSG00000032462	IEA
CRE upregulated	GO:0006897	endocytosis	ENSMUSG00000037907	ENSMUSG00000037907	ISS, IEA
CRE upregulated	GO:0006897	endocytosis	ENSMUSG00000037411	Serpine1	IEA
CRE upregulated	GO:0006897	endocytosis	ENSMUSG00000027646	ENSMUSG00000027646	IEA
CRE upregulated	GO:2001141	regulation of RNA biosynthetic process	ENSMUSG00000026628	Atf3	IDA, IGI, ISO, IBA, IEA
CRE upregulated	GO:2001141	regulation of RNA biosynthetic process	ENSMUSG00000036390	Gadd45a	IEA
CRE upregulated	GO:2001141	regulation of RNA biosynthetic process	ENSMUSG00000052684	Jun	IDA, IMP, IGI, ISS, ISO, IBA, NAS, IEA
CRE upregulated	GO:2001141	regulation of RNA biosynthetic process	ENSMUSG00000063632	Sox11	IDA, IMP, ISO, IBA, IEA
CRE upregulated	GO:2001141	regulation of RNA biosynthetic process	ENSMUSG00000056749	Nfil3	IDA, IMP, IBA, IEA
CRE upregulated	GO:2001141	regulation of RNA biosynthetic process	ENSMUSG00000024143	Rhoq	IEA
CRE upregulated	GO:2001141	regulation of RNA biosynthetic process	ENSMUSG00000022895	Ets2	ISO, IBA, IEA
CRE upregulated	GO:2001141	regulation of RNA biosynthetic process	ENSMUSG00000037447	Arid5a	IGI, IBA, IEA
CRE upregulated	GO:2001141	regulation of RNA biosynthetic process	ENSMUSG00000032515	Csrnp1	IDA, IMP, IBA
CRE upregulated	GO:2001141	regulation of RNA biosynthetic process	ENSMUSG00000021765	Fst	IEA
CRE upregulated	GO:2001141	regulation of RNA biosynthetic process	ENSMUSG00000030256	Bhlhe41	IDA, IBA, TAS, IEA
CRE upregulated	GO:2001141	regulation of RNA biosynthetic process	ENSMUSG00000025612	Bach1	IDA, ISS, IBA, IEA
CRE upregulated	GO:2001141	regulation of RNA biosynthetic process	ENSMUSG00000000078	Klf6	IEA
CRE upregulated	GO:2001141	regulation of RNA biosynthetic process	ENSMUSG00000058093	Zfp729b	IBA, IEA
CRE upregulated	GO:2001141	regulation of RNA biosynthetic process	ENSMUSG00000044934	Zfp367	ISO, IBA, IEA
CRE upregulated	GO:2001141	regulation of RNA biosynthetic process	ENSMUSG00000030272	Camk1	IEA
CRE upregulated	GO:2001141	regulation of RNA biosynthetic process	ENSMUSG00000001542	Ell2	ISO, IBA
CRE upregulated	GO:2001141	regulation of RNA biosynthetic process	ENSMUSG00000031681	Smad1	IDA, IMP, IGI, IBA, IEA
CRE upregulated	GO:2001141	regulation of RNA biosynthetic process	ENSMUSG00000035673	Sbno2	IMP, IBA, IEA
CRE upregulated	GO:2001141	regulation of RNA biosynthetic process	ENSMUSG00000033060	Lmo7	IDA, ISS, ISO
CRE upregulated	GO:2001141	regulation of RNA biosynthetic process	ENSMUSG00000003644	Rps6ka1	ISO, IBA, IEA
CRE upregulated	GO:2001141	regulation of RNA biosynthetic process	ENSMUSG00000026836	Acvr1	IMP, IEA
CRE upregulated	GO:2001141	regulation of RNA biosynthetic process	ENSMUSG00000024256	Adcyap1	ISS, ISO, IEA
CRE upregulated	GO:2001141	regulation of RNA biosynthetic process	ENSMUSG00000034832	Tet3	ISS, IBA, IEA
CRE upregulated	GO:2001141	regulation of RNA biosynthetic process	ENSMUSG00000002250	Ppard	IDA, ISS, IBA, IEA
CRE upregulated	GO:2001141	regulation of RNA biosynthetic process	ENSMUSG00000037638	Zbtb42	IDA, IBA
CRE upregulated	GO:2001141	regulation of RNA biosynthetic process	ENSMUSG00000066838	Zfp772	IBA, IEA
CRE upregulated	GO:2001141	regulation of RNA biosynthetic process	ENSMUSG00000007812	Zfp655	IBA, IEA
CRE upregulated	GO:2001141	regulation of RNA biosynthetic process	ENSMUSG00000042507	Mideas	IBA
CRE upregulated	GO:2001141	regulation of RNA biosynthetic process	ENSMUSG00000026796	Niban2	IEA
CRE upregulated	GO:2001141	regulation of RNA biosynthetic process	ENSMUSG00000027583	Zbtb46	IDA, IBA, IEA
CRE upregulated	GO:2001141	regulation of RNA biosynthetic process	ENSMUSG00000030678	Maz	IEA
CRE upregulated	GO:2001141	regulation of RNA biosynthetic process	ENSMUSG00000053436	Mapk14	IDA, IMP, ISO
CRE upregulated	GO:2001141	regulation of RNA biosynthetic process	ENSMUSG00000025239	Limd1	ISS, IBA, IEA
CRE upregulated	GO:2001141	regulation of RNA biosynthetic process	ENSMUSG00000048490	Nrip1	IDA, IBA, IEA
CRE upregulated	GO:2001141	regulation of RNA biosynthetic process	ENSMUSG00000022096	Hr	IDA, IBA
CRE upregulated	GO:2001141	regulation of RNA biosynthetic process	ENSMUSG00000013089	Etv5	IDA, IBA, IEA
CRE upregulated	GO:2001141	regulation of RNA biosynthetic process	ENSMUSG00000025746	Il6	IDA, IGI, ISO
CRE upregulated	GO:2001141	regulation of RNA biosynthetic process	ENSMUSG00000032231	Anxa2	IDA
CRE upregulated	GO:2001141	regulation of RNA biosynthetic process	ENSMUSG00000032280	Tle3	ISO, IEA
CRE upregulated	GO:2001141	regulation of RNA biosynthetic process	ENSMUSG00000055994	Nod2	ISS, IEA
CRE upregulated	GO:2001141	regulation of RNA biosynthetic process	ENSMUSG00000024014	Pim1	IMP
CRE upregulated	GO:2001141	regulation of RNA biosynthetic process	ENSMUSG00000063889	Crem	IGI, IBA, IEA
CRE upregulated	GO:2001141	regulation of RNA biosynthetic process	ENSMUSG00000042406	Atf4	IDA, IMP, IGI, ISS, ISO, IBA, IEA
CRE upregulated	GO:2001141	regulation of RNA biosynthetic process	ENSMUSG00000023079	Gtf2ird1	IEA
CRE upregulated	GO:2001141	regulation of RNA biosynthetic process	ENSMUSG00000020271	Fbxw11	IMP
CRE upregulated	GO:2001141	regulation of RNA biosynthetic process	ENSMUSG00000029641	Rasl11a	IDA
CRE upregulated	GO:2001141	regulation of RNA biosynthetic process	ENSMUSG00000025408	Ddit3	IDA, IMP, IGI, ISS, ISO, IBA, NAS, IEA
CRE upregulated	GO:2001141	regulation of RNA biosynthetic process	ENSMUSG00000040435	Ppp1r15a	IDA
CRE upregulated	GO:2001141	regulation of RNA biosynthetic process	ENSMUSG00000018909	Arrb1	ISO, IEA
CRE upregulated	GO:2001141	regulation of RNA biosynthetic process	ENSMUSG00000020248	Nfyb	IDA, ISO, IBA, IEA
CRE upregulated	GO:2001141	regulation of RNA biosynthetic process	ENSMUSG00000024349	Sting1	IDA, IEA
CRE upregulated	GO:2001141	regulation of RNA biosynthetic process	ENSMUSG00000030057	Cnbp	IDA, IEA
CRE upregulated	GO:2001141	regulation of RNA biosynthetic process	ENSMUSG00000000134	Tfe3	IDA, IMP, IBA, IEA
CRE upregulated	GO:2001141	regulation of RNA biosynthetic process	ENSMUSG00000015837	Sqstm1	IMP
CRE upregulated	GO:2001141	regulation of RNA biosynthetic process	ENSMUSG00000028901	Gmeb1	IDA, IBA
CRE upregulated	GO:2001141	regulation of RNA biosynthetic process	ENSMUSG00000029131	Dnajb6	IDA
CRE upregulated	GO:2001141	regulation of RNA biosynthetic process	ENSMUSG00000001627	Ifrd1	ISO
CRE upregulated	GO:2001141	regulation of RNA biosynthetic process	ENSMUSG00000022346	Myc	IDA, IMP, IGI, ISS, ISO, IBA, IEA
CRE upregulated	GO:2001141	regulation of RNA biosynthetic process	ENSMUSG00000027954	Efna1	IMP
CRE upregulated	GO:2001141	regulation of RNA biosynthetic process	ENSMUSG00000024789	Jak2	IGI, ISS
CRE upregulated	GO:2001141	regulation of RNA biosynthetic process	ENSMUSG00000004040	ENSMUSG00000004040	IDA, IMP, IGI, ISO, IBA, NAS, IEA
CRE upregulated	GO:2001141	regulation of RNA biosynthetic process	ENSMUSG00000042292	Mrtfa	IDA, ISS, ISO, IBA, IEA
CRE upregulated	GO:2001141	regulation of RNA biosynthetic process	ENSMUSG00000061589	Dot1l	ISO, IEA
CRE upregulated	GO:2001141	regulation of RNA biosynthetic process	ENSMUSG00000109511	Nup62	IEA
CRE upregulated	GO:2001141	regulation of RNA biosynthetic process	ENSMUSG00000029135	Fosl2	IDA, IMP, ISO, IBA, IEA
CRE upregulated	GO:2001141	regulation of RNA biosynthetic process	ENSMUSG00000018143	Mafk	IDA, IBA, IEA
CRE upregulated	GO:2001141	regulation of RNA biosynthetic process	ENSMUSG00000035236	Scai	IEA
CRE upregulated	GO:2001141	regulation of RNA biosynthetic process	ENSMUSG00000020358	Hnrnpab	IDA, IGI
CRE upregulated	GO:2001141	regulation of RNA biosynthetic process	ENSMUSG00000059866	Tnip2	ISS, IBA, IEA
CRE upregulated	GO:2001141	regulation of RNA biosynthetic process	ENSMUSG00000027806	Tsc22d2	IEA
CRE upregulated	GO:2001141	regulation of RNA biosynthetic process	ENSMUSG00000040033	ENSMUSG00000040033	IEA
CRE upregulated	GO:2001141	regulation of RNA biosynthetic process	ENSMUSG00000024803	Ankrd1	IDA, ISO, IBA, IEA
CRE upregulated	GO:2001141	regulation of RNA biosynthetic process	ENSMUSG00000032497	Lrrfip2	IEA
CRE upregulated	GO:2001141	regulation of RNA biosynthetic process	ENSMUSG00000024912	Fosl1	ISO, IBA, IEA
CRE upregulated	GO:2001141	regulation of RNA biosynthetic process	ENSMUSG00000024927	Rela	IDA, IMP, ISS, ISO, IBA, TAS, IEA
CRE upregulated	GO:2001141	regulation of RNA biosynthetic process	ENSMUSG00000003435	ENSMUSG00000003435	ISO, IEA
CRE upregulated	GO:2001141	regulation of RNA biosynthetic process	ENSMUSG00000055044	Pdlim1	IDA, IEA
CRE upregulated	GO:2001141	regulation of RNA biosynthetic process	ENSMUSG00000024238	Zeb1	IDA, IMP, IGI, ISS, ISO, IBA, IEA
CRE upregulated	GO:2001141	regulation of RNA biosynthetic process	ENSMUSG00000024947	Men1	IDA, IMP, IGI, ISO, IBA, IEA
CRE upregulated	GO:2001141	regulation of RNA biosynthetic process	ENSMUSG00000029071	ENSMUSG00000029071	IEA
CRE upregulated	GO:2001141	regulation of RNA biosynthetic process	ENSMUSG00000040433	Zbtb38	ISO, IBA, IEA
CRE upregulated	GO:2001141	regulation of RNA biosynthetic process	ENSMUSG00000032715	Trib3	ISS, IEA
CRE upregulated	GO:2001141	regulation of RNA biosynthetic process	ENSMUSG00000024777	ENSMUSG00000024777	ISO, IEA
CRE upregulated	GO:2001141	regulation of RNA biosynthetic process	ENSMUSG00000024335	Brd2	IDA, ISS, IBA, IEA
CRE upregulated	GO:2001141	regulation of RNA biosynthetic process	ENSMUSG00000048047	Zbtb33	ISS, IBA, IEA
CRE upregulated	GO:2001141	regulation of RNA biosynthetic process	ENSMUSG00000028466	Creb3	IEA
CRE upregulated	GO:2001141	regulation of RNA biosynthetic process	ENSMUSG00000037876	Jmjd1c	IBA
CRE upregulated	GO:2001141	regulation of RNA biosynthetic process	ENSMUSG00000022526	Zfp251	IBA, IEA
CRE upregulated	GO:2001141	regulation of RNA biosynthetic process	ENSMUSG00000071637	Cebpd	IDA, ISO, IBA, IEA
CRE upregulated	GO:2001141	regulation of RNA biosynthetic process	ENSMUSG00000015776	Med22	NAS, IEA
CRE upregulated	GO:2001141	regulation of RNA biosynthetic process	ENSMUSG00000031668	ENSMUSG00000031668	IEA
CRE upregulated	GO:2001141	regulation of RNA biosynthetic process	ENSMUSG00000053175	Bcl3	IDA, IBA, IEA
CRE upregulated	GO:2001141	regulation of RNA biosynthetic process	ENSMUSG00000068739	ENSMUSG00000068739	ISS, IEA
CRE upregulated	GO:2001141	regulation of RNA biosynthetic process	ENSMUSG00000059796	Eif4a1	ISS, IEA
CRE upregulated	GO:2001141	regulation of RNA biosynthetic process	ENSMUSG00000030199	Etv6	IDA, IBA, IEA
CRE upregulated	GO:2001141	regulation of RNA biosynthetic process	ENSMUSG00000003154	Foxj2	IBA, IEA
CRE upregulated	GO:2001141	regulation of RNA biosynthetic process	ENSMUSG00000040857	Erf	IEA
CRE upregulated	GO:2001141	regulation of RNA biosynthetic process	ENSMUSG00000027605	Acss2	IEA
CRE upregulated	GO:2001141	regulation of RNA biosynthetic process	ENSMUSG00000036180	ENSMUSG00000036180	ISS, IBA, NAS, IEA
CRE upregulated	GO:2001141	regulation of RNA biosynthetic process	ENSMUSG00000039985	Sinhcaf	NAS
CRE upregulated	GO:2001141	regulation of RNA biosynthetic process	ENSMUSG00000055491	ENSMUSG00000055491	IBA
CRE upregulated	GO:2001141	regulation of RNA biosynthetic process	ENSMUSG00000052837	ENSMUSG00000052837	IDA, IMP, IBA, IEA
CRE upregulated	GO:2001141	regulation of RNA biosynthetic process	ENSMUSG00000013483	Card14	ISS
CRE upregulated	GO:2001141	regulation of RNA biosynthetic process	ENSMUSG00000028840	Zfp593	IEA
CRE upregulated	GO:2001141	regulation of RNA biosynthetic process	ENSMUSG00000047281	ENSMUSG00000047281	IDA
CRE upregulated	GO:2001141	regulation of RNA biosynthetic process	ENSMUSG00000021796	Bmpr1a	IDA, IMP, IEA
CRE upregulated	GO:2001141	regulation of RNA biosynthetic process	ENSMUSG00000034543	ENSMUSG00000034543	IMP, ISS
CRE upregulated	GO:2001141	regulation of RNA biosynthetic process	ENSMUSG00000029110	ENSMUSG00000029110	IDA, ISS, ISO, IBA, IEA
CRE upregulated	GO:2001141	regulation of RNA biosynthetic process	ENSMUSG00000021890	ENSMUSG00000021890	ISO, IEA
CRE upregulated	GO:2001141	regulation of RNA biosynthetic process	ENSMUSG00000045763	ENSMUSG00000045763	ISS, IBA, IEA
CRE upregulated	GO:2001141	regulation of RNA biosynthetic process	ENSMUSG00000039191	Rbpj	IDA, IMP, IGI, ISS, ISO, IEA
CRE upregulated	GO:2001141	regulation of RNA biosynthetic process	ENSMUSG00000019256	ENSMUSG00000019256	IEA
CRE upregulated	GO:2001141	regulation of RNA biosynthetic process	ENSMUSG00000046962	ENSMUSG00000046962	IBA, IEA
CRE upregulated	GO:2001141	regulation of RNA biosynthetic process	ENSMUSG00000051316	Taf7	IDA, ISS, ISO, IBA, NAS, IEA
CRE upregulated	GO:2001141	regulation of RNA biosynthetic process	ENSMUSG00000001552	ENSMUSG00000001552	IBA
CRE upregulated	GO:2001141	regulation of RNA biosynthetic process	ENSMUSG00000040463	ENSMUSG00000040463	IDA, ISO, NAS, IEA
CRE upregulated	GO:2001141	regulation of RNA biosynthetic process	ENSMUSG00000004099	ENSMUSG00000004099	IDA, IMP
CRE upregulated	GO:2001141	regulation of RNA biosynthetic process	ENSMUSG00000053007	Creb5	IEA
CRE upregulated	GO:2001141	regulation of RNA biosynthetic process	ENSMUSG00000000787	ENSMUSG00000000787	ISS
CRE upregulated	GO:2001141	regulation of RNA biosynthetic process	ENSMUSG00000008730	Hipk1	ISS
CRE upregulated	GO:2001141	regulation of RNA biosynthetic process	ENSMUSG00000059288	ENSMUSG00000059288	IEA
CRE upregulated	GO:2001141	regulation of RNA biosynthetic process	ENSMUSG00000022948	Setd4	IBA
CRE upregulated	GO:2001141	regulation of RNA biosynthetic process	ENSMUSG00000038676	Ucn	IMP
CRE upregulated	GO:2001141	regulation of RNA biosynthetic process	ENSMUSG00000042185	ENSMUSG00000042185	ISO, IEA
CRE upregulated	GO:2001141	regulation of RNA biosynthetic process	ENSMUSG00000032508	Myd88	IMP
CRE upregulated	GO:2001141	regulation of RNA biosynthetic process	ENSMUSG00000002633	Shh	IDA, IMP, IGI, IEA
CRE upregulated	GO:2001141	regulation of RNA biosynthetic process	ENSMUSG00000008384	Sertad1	IDA, IGI
CRE upregulated	GO:2001141	regulation of RNA biosynthetic process	ENSMUSG00000028680	ENSMUSG00000028680	IEA
CRE upregulated	GO:2001141	regulation of RNA biosynthetic process	ENSMUSG00000027944	Hax1	IEA
CRE upregulated	GO:2001141	regulation of RNA biosynthetic process	ENSMUSG00000039671	ENSMUSG00000039671	IEA
CRE upregulated	GO:2001141	regulation of RNA biosynthetic process	ENSMUSG00000063952	Brpf3	ISS, IBA
CRE upregulated	GO:2001141	regulation of RNA biosynthetic process	ENSMUSG00000048027	ENSMUSG00000048027	IDA
CRE upregulated	GO:2001141	regulation of RNA biosynthetic process	ENSMUSG00000028291	ENSMUSG00000028291	IDA, IMP, ISO, IBA, IEA
CRE upregulated	GO:2001141	regulation of RNA biosynthetic process	ENSMUSG00000037465	Klf10	IDA, IMP, IBA, IEA
CRE upregulated	GO:2001141	regulation of RNA biosynthetic process	ENSMUSG00000020755	ENSMUSG00000020755	IEA
CRE upregulated	GO:2001141	regulation of RNA biosynthetic process	ENSMUSG00000027646	ENSMUSG00000027646	IEA
CRE upregulated	GO:2001141	regulation of RNA biosynthetic process	ENSMUSG00000020680	ENSMUSG00000020680	IEA
CRE upregulated	GO:2001141	regulation of RNA biosynthetic process	ENSMUSG00000004698	ENSMUSG00000004698	IEA
CRE upregulated	GO:2001141	regulation of RNA biosynthetic process	ENSMUSG00000032501	Trib1	IDA
CRE upregulated	GO:2001141	regulation of RNA biosynthetic process	ENSMUSG00000003119	ENSMUSG00000003119	ISS, ISO, IBA, IEA
CRE upregulated	GO:2001141	regulation of RNA biosynthetic process	ENSMUSG00000042197	ENSMUSG00000042197	ISS, IBA, IEA
CRE upregulated	GO:2001141	regulation of RNA biosynthetic process	ENSMUSG00000055067	ENSMUSG00000055067	IMP
CRE upregulated	GO:2001141	regulation of RNA biosynthetic process	ENSMUSG00000015839	Nfe2l2	IDA, IMP, IGI, ISO, IBA, IEA
CRE upregulated	GO:2001141	regulation of RNA biosynthetic process	ENSMUSG00000024907	Gal	ISS, IEA
CRE upregulated	GO:2001141	regulation of RNA biosynthetic process	ENSMUSG00000024026	ENSMUSG00000024026	IDA
CRE upregulated	GO:2001141	regulation of RNA biosynthetic process	ENSMUSG00000029475	ENSMUSG00000029475	IDA, IMP, IBA
CRE upregulated	GO:0006955	immune response	ENSMUSG00000031574	Star	IEA
CRE upregulated	GO:0006955	immune response	ENSMUSG00000046688	Tifa	ISS, IBA, IEA
CRE upregulated	GO:0006955	immune response	ENSMUSG00000025473	Adam8	IDA
CRE upregulated	GO:0006955	immune response	ENSMUSG00000056749	Nfil3	IEA
CRE upregulated	GO:0006955	immune response	ENSMUSG00000037447	Arid5a	IMP, IEA
CRE upregulated	GO:0006955	immune response	ENSMUSG00000030748	Il4ra	IMP, IGI
CRE upregulated	GO:0006955	immune response	ENSMUSG00000014599	Csf1	IEA
CRE upregulated	GO:0006955	immune response	ENSMUSG00000024404	Riok3	IEA
CRE upregulated	GO:0006955	immune response	ENSMUSG00000035673	Sbno2	IMP, IBA, IEA
CRE upregulated	GO:0006955	immune response	ENSMUSG00000030095	Tmem43	IEA
CRE upregulated	GO:0006955	immune response	ENSMUSG00000028793	Rnf19b	IMP, IEA
CRE upregulated	GO:0006955	immune response	ENSMUSG00000026670	Uap1	IEA
CRE upregulated	GO:0006955	immune response	ENSMUSG00000021400	Wrnip1	IEA
CRE upregulated	GO:0006955	immune response	ENSMUSG00000024256	Adcyap1	ISO, IEA
CRE upregulated	GO:0006955	immune response	ENSMUSG00000021070	Bdkrb2	ISO
CRE upregulated	GO:0006955	immune response	ENSMUSG00000044734	Serpinb1a	IDA
CRE upregulated	GO:0006955	immune response	ENSMUSG00000022661	Cd200	IEA
CRE upregulated	GO:0006955	immune response	ENSMUSG00000051343	Rab11fip5	IDA
CRE upregulated	GO:0006955	immune response	ENSMUSG00000026254	Eif4e2	IEA
CRE upregulated	GO:0006955	immune response	ENSMUSG00000027597	Ahcy	ISO
CRE upregulated	GO:0006955	immune response	ENSMUSG00000039364	Sectm1b	IEA
CRE upregulated	GO:0006955	immune response	ENSMUSG00000040025	Ythdf2	ISS, IEA
CRE upregulated	GO:0006955	immune response	ENSMUSG00000005370	Msh6	IMP, IGI
CRE upregulated	GO:0006955	immune response	ENSMUSG00000022043	Trim35	IEA
CRE upregulated	GO:0006955	immune response	ENSMUSG00000011008	Mcoln2	IEA
CRE upregulated	GO:0006955	immune response	ENSMUSG00000025139	Tollip	IEA
CRE upregulated	GO:0006955	immune response	ENSMUSG00000025746	Il6	IDA, IMP, IEA
CRE upregulated	GO:0006955	immune response	ENSMUSG00000055994	Nod2	IDA, IMP, IGI, ISS, ISO, IEA
CRE upregulated	GO:0006955	immune response	ENSMUSG00000024014	Pim1	ISS, IEA
CRE upregulated	GO:0006955	immune response	ENSMUSG00000059923	Grb2	IDA, IEA
CRE upregulated	GO:0006955	immune response	ENSMUSG00000042726	Trafd1	IMP, IBA
CRE upregulated	GO:0006955	immune response	ENSMUSG00000024349	Sting1	IDA, IMP, ISS, IBA, IEA
CRE upregulated	GO:0006955	immune response	ENSMUSG00000000134	Tfe3	IMP, IEA
CRE upregulated	GO:0006955	immune response	ENSMUSG00000015837	Sqstm1	IEA
CRE upregulated	GO:0006955	immune response	ENSMUSG00000037580	Gch1	IEA
CRE upregulated	GO:0006955	immune response	ENSMUSG00000031955	Bcar1	ISS, IEA
CRE upregulated	GO:0006955	immune response	ENSMUSG00000015316	Slamf1	IDA, IEA
CRE upregulated	GO:0006955	immune response	ENSMUSG00000026072	Il1r1	ISS, IEA
CRE upregulated	GO:0006955	immune response	ENSMUSG00000024789	Jak2	ISS, ISO, NAS, IEA
CRE upregulated	GO:0006955	immune response	ENSMUSG00000004040	ENSMUSG00000004040	IMP, ISS, IEA
CRE upregulated	GO:0006955	immune response	ENSMUSG00000025178	Pi4k2a	ISO
CRE upregulated	GO:0006955	immune response	ENSMUSG00000029135	Fosl2	IDA, IMP
CRE upregulated	GO:0006955	immune response	ENSMUSG00000020395	Itk	IMP, IBA, IEA
CRE upregulated	GO:0006955	immune response	ENSMUSG00000036990	Otud4	IDA, IBA, IEA
CRE upregulated	GO:0006955	immune response	ENSMUSG00000029860	Zyx	IDA
CRE upregulated	GO:0006955	immune response	ENSMUSG00000029826	Zc3hav1	TAS, IEA
CRE upregulated	GO:0006955	immune response	ENSMUSG00000059866	Tnip2	IMP, IBA
CRE upregulated	GO:0006955	immune response	ENSMUSG00000017615	Tnfaip1	ISS, IEA
CRE upregulated	GO:0006955	immune response	ENSMUSG00000033545	Znrf1	IEA
CRE upregulated	GO:0006955	immune response	ENSMUSG00000040033	ENSMUSG00000040033	IEA
CRE upregulated	GO:0006955	immune response	ENSMUSG00000031934	ENSMUSG00000031934	IMP
CRE upregulated	GO:0006955	immune response	ENSMUSG00000023915	Tnfrsf21	IMP, IBA, IEA
CRE upregulated	GO:0006955	immune response	ENSMUSG00000024912	Fosl1	IMP
CRE upregulated	GO:0006955	immune response	ENSMUSG00000024927	Rela	ISO, IBA, IEA
CRE upregulated	GO:0006955	immune response	ENSMUSG00000038591	Colec10	IEA
CRE upregulated	GO:0006955	immune response	ENSMUSG00000025279	ENSMUSG00000025279	IDA
CRE upregulated	GO:0006955	immune response	ENSMUSG00000024947	Men1	IEA
CRE upregulated	GO:0006955	immune response	ENSMUSG00000024335	Brd2	IDA, IEA
CRE upregulated	GO:0006955	immune response	ENSMUSG00000040365	Trim41	ISS, IEA
CRE upregulated	GO:0006955	immune response	ENSMUSG00000053175	Bcl3	IMP
CRE upregulated	GO:0006955	immune response	ENSMUSG00000020349	ENSMUSG00000020349	IMP
CRE upregulated	GO:0006955	immune response	ENSMUSG00000024517	Grp	IDA, IEA
CRE upregulated	GO:0006955	immune response	ENSMUSG00000025340	Rabgef1	IDA, IMP
CRE upregulated	GO:0006955	immune response	ENSMUSG00000028599	Tnfrsf1b	IMP, IGI, ISO, IBA, IEA
CRE upregulated	GO:0006955	immune response	ENSMUSG00000044147	Arf6	NAS
CRE upregulated	GO:0006955	immune response	ENSMUSG00000030662	ENSMUSG00000030662	IEA
CRE upregulated	GO:0006955	immune response	ENSMUSG00000024270	ENSMUSG00000024270	ISS, IEA
CRE upregulated	GO:0006955	immune response	ENSMUSG00000025060	ENSMUSG00000025060	ISO
CRE upregulated	GO:0006955	immune response	ENSMUSG00000047281	ENSMUSG00000047281	ISS, IEA
CRE upregulated	GO:0006955	immune response	ENSMUSG00000021796	Bmpr1a	IEA
CRE upregulated	GO:0006955	immune response	ENSMUSG00000019842	ENSMUSG00000019842	IDA, IMP, IGI, IBA
CRE upregulated	GO:0006955	immune response	ENSMUSG00000070056	ENSMUSG00000070056	IMP, ISS, IEA
CRE upregulated	GO:0006955	immune response	ENSMUSG00000041598	Cdc42ep4	IDA
CRE upregulated	GO:0006955	immune response	ENSMUSG00000045664	Cdc42ep2	IDA
CRE upregulated	GO:0006955	immune response	ENSMUSG00000037860	Aim2	IDA, IBA, NAS, IEA
CRE upregulated	GO:0006955	immune response	ENSMUSG00000039191	Rbpj	IMP
CRE upregulated	GO:0006955	immune response	ENSMUSG00000019256	ENSMUSG00000019256	IEA
CRE upregulated	GO:0006955	immune response	ENSMUSG00000039844	ENSMUSG00000039844	ISO, IEA
CRE upregulated	GO:0006955	immune response	ENSMUSG00000076434	ENSMUSG00000076434	IBA
CRE upregulated	GO:0006955	immune response	ENSMUSG00000027997	Casp6	ISS, IEA
CRE upregulated	GO:0006955	immune response	ENSMUSG00000058354	Krt6a	IMP
CRE upregulated	GO:0006955	immune response	ENSMUSG00000020594	ENSMUSG00000020594	IEA
CRE upregulated	GO:0006955	immune response	ENSMUSG00000020448	Rnf185	ISS, IEA
CRE upregulated	GO:0006955	immune response	ENSMUSG00000000787	ENSMUSG00000000787	IDA, ISS, IEA
CRE upregulated	GO:0006955	immune response	ENSMUSG00000037553	ENSMUSG00000037553	ISS, IEA
CRE upregulated	GO:0006955	immune response	ENSMUSG00000025403	ENSMUSG00000025403	IEA
CRE upregulated	GO:0006955	immune response	ENSMUSG00000032508	Myd88	IMP, IGI, ISS, IBA, TAS, IEA
CRE upregulated	GO:0006955	immune response	ENSMUSG00000029145	ENSMUSG00000029145	ISS, IEA
CRE upregulated	GO:0006955	immune response	ENSMUSG00000038250	ENSMUSG00000038250	IEA
CRE upregulated	GO:0006955	immune response	ENSMUSG00000028291	ENSMUSG00000028291	IMP, IBA, IEA
CRE upregulated	GO:0006955	immune response	ENSMUSG00000050108	Bpifc	IEA
CRE upregulated	GO:0006955	immune response	ENSMUSG00000019843	ENSMUSG00000019843	IBA, IEA
CRE upregulated	GO:0006955	immune response	ENSMUSG00000027646	ENSMUSG00000027646	IBA, IEA
CRE upregulated	GO:0006955	immune response	ENSMUSG00000052316	ENSMUSG00000052316	IEA
CRE upregulated	GO:0006955	immune response	ENSMUSG00000021340	ENSMUSG00000021340	IEA
CRE upregulated	GO:0006955	immune response	ENSMUSG00000019726	ENSMUSG00000019726	IEA
CRE upregulated	GO:0006955	immune response	ENSMUSG00000015839	Nfe2l2	IMP
CRE upregulated	GO:0006955	immune response	ENSMUSG00000021477	ENSMUSG00000021477	IBA
CRE upregulated	GO:0006955	immune response	ENSMUSG00000019998	ENSMUSG00000019998	IEA
CRE upregulated	GO:0006955	immune response	ENSMUSG00000053797	ENSMUSG00000053797	IMP, IEA
CRE upregulated	GO:0040017	positive regulation of locomotion	ENSMUSG00000052684	Jun	IMP
CRE upregulated	GO:0040017	positive regulation of locomotion	ENSMUSG00000019647	Sema6a	IMP, IBA
CRE upregulated	GO:0040017	positive regulation of locomotion	ENSMUSG00000004951	Hspb1	IEA
CRE upregulated	GO:0040017	positive regulation of locomotion	ENSMUSG00000025473	Adam8	IMP, IBA, IEA
CRE upregulated	GO:0040017	positive regulation of locomotion	ENSMUSG00000014599	Csf1	IGI, ISO, IEA
CRE upregulated	GO:0040017	positive regulation of locomotion	ENSMUSG00000006304	Arpc2	ISO
CRE upregulated	GO:0040017	positive regulation of locomotion	ENSMUSG00000026836	Acvr1	IEA
CRE upregulated	GO:0040017	positive regulation of locomotion	ENSMUSG00000068566	Myadm	IEA
CRE upregulated	GO:0040017	positive regulation of locomotion	ENSMUSG00000038894	Irs2	IGI
CRE upregulated	GO:0040017	positive regulation of locomotion	ENSMUSG00000030678	Maz	IEA
CRE upregulated	GO:0040017	positive regulation of locomotion	ENSMUSG00000025809	Itgb1	ISS, ISO, IEA
CRE upregulated	GO:0040017	positive regulation of locomotion	ENSMUSG00000002233	Rhoc	IEA
CRE upregulated	GO:0040017	positive regulation of locomotion	ENSMUSG00000031078	Cttn	ISO
CRE upregulated	GO:0040017	positive regulation of locomotion	ENSMUSG00000022607	Ptk2	ISS, ISO, IBA
CRE upregulated	GO:0040017	positive regulation of locomotion	ENSMUSG00000020580	Rock2	IEA
CRE upregulated	GO:0040017	positive regulation of locomotion	ENSMUSG00000001507	Itga3	ISO, IEA
CRE upregulated	GO:0040017	positive regulation of locomotion	ENSMUSG00000055723	Rras2	IGI
CRE upregulated	GO:0040017	positive regulation of locomotion	ENSMUSG00000001847	Rac1	IMP, IEA
CRE upregulated	GO:0040017	positive regulation of locomotion	ENSMUSG00000042121	Ssh1	ISO, IEA
CRE upregulated	GO:0040017	positive regulation of locomotion	ENSMUSG00000036737	Oxsr1	IMP, IBA, IEA
CRE upregulated	GO:0040017	positive regulation of locomotion	ENSMUSG00000031955	Bcar1	ISS, IEA
CRE upregulated	GO:0040017	positive regulation of locomotion	ENSMUSG00000015316	Slamf1	IMP
CRE upregulated	GO:0040017	positive regulation of locomotion	ENSMUSG00000022346	Myc	ISO
CRE upregulated	GO:0040017	positive regulation of locomotion	ENSMUSG00000026072	Il1r1	IMP, ISO
CRE upregulated	GO:0040017	positive regulation of locomotion	ENSMUSG00000024789	Jak2	ISS, ISO, IEA
CRE upregulated	GO:0040017	positive regulation of locomotion	ENSMUSG00000004040	ENSMUSG00000004040	IEA
CRE upregulated	GO:0040017	positive regulation of locomotion	ENSMUSG00000050335	Lgals3	IEA
CRE upregulated	GO:0040017	positive regulation of locomotion	ENSMUSG00000021360	ENSMUSG00000021360	IEA
CRE upregulated	GO:0040017	positive regulation of locomotion	ENSMUSG00000018565	Elp5	IMP
CRE upregulated	GO:0040017	positive regulation of locomotion	ENSMUSG00000064210	ENSMUSG00000064210	IMP, IEA
CRE upregulated	GO:0040017	positive regulation of locomotion	ENSMUSG00000028466	Creb3	IEA
CRE upregulated	GO:0040017	positive regulation of locomotion	ENSMUSG00000044147	Arf6	IMP
CRE upregulated	GO:0040017	positive regulation of locomotion	ENSMUSG00000028434	Epb41l4b	IEA
CRE upregulated	GO:0040017	positive regulation of locomotion	ENSMUSG00000026864	ENSMUSG00000026864	ISS, IEA
CRE upregulated	GO:0040017	positive regulation of locomotion	ENSMUSG00000002633	Shh	ISO
CRE upregulated	GO:0040017	positive regulation of locomotion	ENSMUSG00000032462	ENSMUSG00000032462	IGI, IEA
CRE upregulated	GO:0040017	positive regulation of locomotion	ENSMUSG00000056050	ENSMUSG00000056050	IEA
CRE upregulated	GO:0040017	positive regulation of locomotion	ENSMUSG00000037411	Serpine1	IEA
CRE upregulated	GO:0040017	positive regulation of locomotion	ENSMUSG00000027646	ENSMUSG00000027646	ISO, IEA
CRE upregulated	GO:0040017	positive regulation of locomotion	ENSMUSG00000052316	ENSMUSG00000052316	IEA
CRE upregulated	GO:0040017	positive regulation of locomotion	ENSMUSG00000021340	ENSMUSG00000021340	IEA
CRE upregulated	GO:0040017	positive regulation of locomotion	ENSMUSG00000004698	ENSMUSG00000004698	IEA
CRE upregulated	GO:0040017	positive regulation of locomotion	ENSMUSG00000046761	ENSMUSG00000046761	ISS, IBA, IEA
CRE upregulated	GO:0040017	positive regulation of locomotion	ENSMUSG00000015839	Nfe2l2	ISO, IEA
CRE upregulated	GO:0040017	positive regulation of locomotion	ENSMUSG00000000627	ENSMUSG00000000627	IBA
CRE upregulated	GO:0001944	vasculature development	ENSMUSG00000036390	Gadd45a	IMP
CRE upregulated	GO:0001944	vasculature development	ENSMUSG00000052684	Jun	IMP, ISO
CRE upregulated	GO:0001944	vasculature development	ENSMUSG00000019647	Sema6a	IEA
CRE upregulated	GO:0001944	vasculature development	ENSMUSG00000004951	Hspb1	IEA
CRE upregulated	GO:0001944	vasculature development	ENSMUSG00000025473	Adam8	IDA
CRE upregulated	GO:0001944	vasculature development	ENSMUSG00000023905	Tnfrsf12a	IDA, IEA
CRE upregulated	GO:0001944	vasculature development	ENSMUSG00000038650	Rnh1	IBA, IEA
CRE upregulated	GO:0001944	vasculature development	ENSMUSG00000031681	Smad1	IEA
CRE upregulated	GO:0001944	vasculature development	ENSMUSG00000026836	Acvr1	IMP
CRE upregulated	GO:0001944	vasculature development	ENSMUSG00000037568	Vash2	IMP, ISO, IBA, IEA
CRE upregulated	GO:0001944	vasculature development	ENSMUSG00000063506	Arhgap22	IEA
CRE upregulated	GO:0001944	vasculature development	ENSMUSG00000053436	Mapk14	IMP
CRE upregulated	GO:0001944	vasculature development	ENSMUSG00000025809	Itgb1	IMP, IEA
CRE upregulated	GO:0001944	vasculature development	ENSMUSG00000032231	Anxa2	IMP, IEA
CRE upregulated	GO:0001944	vasculature development	ENSMUSG00000022607	Ptk2	IMP, IEA
CRE upregulated	GO:0001944	vasculature development	ENSMUSG00000020580	Rock2	IEA
CRE upregulated	GO:0001944	vasculature development	ENSMUSG00000025408	Ddit3	IMP
CRE upregulated	GO:0001944	vasculature development	ENSMUSG00000040435	Ppp1r15a	ISO
CRE upregulated	GO:0001944	vasculature development	ENSMUSG00000054008	Ndst1	IMP
CRE upregulated	GO:0001944	vasculature development	ENSMUSG00000036478	Btg1	ISS, IEA
CRE upregulated	GO:0001944	vasculature development	ENSMUSG00000053113	Socs3	IMP
CRE upregulated	GO:0001944	vasculature development	ENSMUSG00000027954	Efna1	IDA, IEA
CRE upregulated	GO:0001944	vasculature development	ENSMUSG00000004040	ENSMUSG00000004040	IDA
CRE upregulated	GO:0001944	vasculature development	ENSMUSG00000054136	Adm2	ISO, IEA
CRE upregulated	GO:0001944	vasculature development	ENSMUSG00000024912	Fosl1	IMP
CRE upregulated	GO:0001944	vasculature development	ENSMUSG00000024927	Rela	IEA
CRE upregulated	GO:0001944	vasculature development	ENSMUSG00000025793	ENSMUSG00000025793	IEA
CRE upregulated	GO:0001944	vasculature development	ENSMUSG00000026078	Pdcl3	IMP, ISO, IBA, IEA
CRE upregulated	GO:0001944	vasculature development	ENSMUSG00000037514	Pank2	IEA
CRE upregulated	GO:0001944	vasculature development	ENSMUSG00000025485	ENSMUSG00000025485	IMP
CRE upregulated	GO:0001944	vasculature development	ENSMUSG00000010660	Plcd1	IGI
CRE upregulated	GO:0001944	vasculature development	ENSMUSG00000052921	Arhgef15	IMP
CRE upregulated	GO:0001944	vasculature development	ENSMUSG00000031668	ENSMUSG00000031668	IEA
CRE upregulated	GO:0001944	vasculature development	ENSMUSG00000068739	ENSMUSG00000068739	ISS, IEA
CRE upregulated	GO:0001944	vasculature development	ENSMUSG00000003154	Foxj2	IEA
CRE upregulated	GO:0001944	vasculature development	ENSMUSG00000036180	ENSMUSG00000036180	IMP
CRE upregulated	GO:0001944	vasculature development	ENSMUSG00000052837	ENSMUSG00000052837	IMP
CRE upregulated	GO:0001944	vasculature development	ENSMUSG00000021796	Bmpr1a	IMP, IEA
CRE upregulated	GO:0001944	vasculature development	ENSMUSG00000024750	ENSMUSG00000024750	IMP
CRE upregulated	GO:0001944	vasculature development	ENSMUSG00000039191	Rbpj	IMP, IGI
CRE upregulated	GO:0001944	vasculature development	ENSMUSG00000039844	ENSMUSG00000039844	IMP
CRE upregulated	GO:0001944	vasculature development	ENSMUSG00000035725	ENSMUSG00000035725	IMP, IEA
CRE upregulated	GO:0001944	vasculature development	ENSMUSG00000001552	ENSMUSG00000001552	IEA
CRE upregulated	GO:0001944	vasculature development	ENSMUSG00000004099	ENSMUSG00000004099	IEA
CRE upregulated	GO:0001944	vasculature development	ENSMUSG00000066595	ENSMUSG00000066595	IMP
CRE upregulated	GO:0001944	vasculature development	ENSMUSG00000020097	ENSMUSG00000020097	IMP
CRE upregulated	GO:0001944	vasculature development	ENSMUSG00000002633	Shh	IDA, IMP, IGI, ISO, TAS
CRE upregulated	GO:0001944	vasculature development	ENSMUSG00000032462	ENSMUSG00000032462	IMP, IEA
CRE upregulated	GO:0001944	vasculature development	ENSMUSG00000056050	ENSMUSG00000056050	IEA
CRE upregulated	GO:0001944	vasculature development	ENSMUSG00000037411	Serpine1	IEA
CRE upregulated	GO:0001944	vasculature development	ENSMUSG00000021340	ENSMUSG00000021340	IEA
CRE upregulated	GO:0001944	vasculature development	ENSMUSG00000004698	ENSMUSG00000004698	IEA
CRE upregulated	GO:0001944	vasculature development	ENSMUSG00000015839	Nfe2l2	ISO, IEA
CRE upregulated	GO:0018193	peptidyl-amino acid modification	ENSMUSG00000036390	Gadd45a	IMP, IEA
CRE upregulated	GO:0018193	peptidyl-amino acid modification	ENSMUSG00000025089	Gfra1	ISO, IEA
CRE upregulated	GO:0018193	peptidyl-amino acid modification	ENSMUSG00000004846	Plod3	IDA, ISS
CRE upregulated	GO:0018193	peptidyl-amino acid modification	ENSMUSG00000037280	Galnt6	ISS, IEA
CRE upregulated	GO:0018193	peptidyl-amino acid modification	ENSMUSG00000029378	Areg	IDA
CRE upregulated	GO:0018193	peptidyl-amino acid modification	ENSMUSG00000005087	Cd44	IEA
CRE upregulated	GO:0018193	peptidyl-amino acid modification	ENSMUSG00000026836	Acvr1	IEA
CRE upregulated	GO:0018193	peptidyl-amino acid modification	ENSMUSG00000048482	Bdnf	IMP, ISO, IEA
CRE upregulated	GO:0018193	peptidyl-amino acid modification	ENSMUSG00000021070	Bdkrb2	IMP
CRE upregulated	GO:0018193	peptidyl-amino acid modification	ENSMUSG00000043895	S1pr2	IMP, IEA
CRE upregulated	GO:0018193	peptidyl-amino acid modification	ENSMUSG00000015341	Golga7	ISS
CRE upregulated	GO:0018193	peptidyl-amino acid modification	ENSMUSG00000053436	Mapk14	IDA
CRE upregulated	GO:0018193	peptidyl-amino acid modification	ENSMUSG00000025809	Itgb1	ISO
CRE upregulated	GO:0018193	peptidyl-amino acid modification	ENSMUSG00000025139	Tollip	ISO, IEA
CRE upregulated	GO:0018193	peptidyl-amino acid modification	ENSMUSG00000025746	Il6	ISO
CRE upregulated	GO:0018193	peptidyl-amino acid modification	ENSMUSG00000046378	Asphd1	IEA
CRE upregulated	GO:0018193	peptidyl-amino acid modification	ENSMUSG00000022607	Ptk2	IDA, IMP, ISS
CRE upregulated	GO:0018193	peptidyl-amino acid modification	ENSMUSG00000055994	Nod2	IMP
CRE upregulated	GO:0018193	peptidyl-amino acid modification	ENSMUSG00000027293	Ehd4	ISO, IEA
CRE upregulated	GO:0018193	peptidyl-amino acid modification	ENSMUSG00000040435	Ppp1r15a	IDA, ISO
CRE upregulated	GO:0018193	peptidyl-amino acid modification	ENSMUSG00000018909	Arrb1	IMP
CRE upregulated	GO:0018193	peptidyl-amino acid modification	ENSMUSG00000033955	Tnks1bp1	IEA
CRE upregulated	GO:0018193	peptidyl-amino acid modification	ENSMUSG00000036737	Oxsr1	IGI
CRE upregulated	GO:0018193	peptidyl-amino acid modification	ENSMUSG00000053113	Socs3	IEA
CRE upregulated	GO:0018193	peptidyl-amino acid modification	ENSMUSG00000027954	Efna1	IDA, IEA
CRE upregulated	GO:0018193	peptidyl-amino acid modification	ENSMUSG00000024789	Jak2	IDA, ISS
CRE upregulated	GO:0018193	peptidyl-amino acid modification	ENSMUSG00000024927	Rela	IDA
CRE upregulated	GO:0018193	peptidyl-amino acid modification	ENSMUSG00000026078	Pdcl3	ISO, IEA
CRE upregulated	GO:0018193	peptidyl-amino acid modification	ENSMUSG00000036894	Rap2b	IDA
CRE upregulated	GO:0018193	peptidyl-amino acid modification	ENSMUSG00000024777	ENSMUSG00000024777	ISO, IEA
CRE upregulated	GO:0018193	peptidyl-amino acid modification	ENSMUSG00000020694	ENSMUSG00000020694	ISS
CRE upregulated	GO:0018193	peptidyl-amino acid modification	ENSMUSG00000032599	ENSMUSG00000032599	IMP
CRE upregulated	GO:0018193	peptidyl-amino acid modification	ENSMUSG00000007411	ENSMUSG00000007411	ISS
CRE upregulated	GO:0018193	peptidyl-amino acid modification	ENSMUSG00000035725	ENSMUSG00000035725	ISS
CRE upregulated	GO:0018193	peptidyl-amino acid modification	ENSMUSG00000022948	Setd4	IEA
CRE upregulated	GO:0018193	peptidyl-amino acid modification	ENSMUSG00000038676	Ucn	ISO
CRE upregulated	GO:0018193	peptidyl-amino acid modification	ENSMUSG00000037553	ENSMUSG00000037553	ISS
CRE upregulated	GO:0018193	peptidyl-amino acid modification	ENSMUSG00000027944	Hax1	IEA
CRE upregulated	GO:0018193	peptidyl-amino acid modification	ENSMUSG00000019843	ENSMUSG00000019843	IDA, IMP, IGI
CRE upregulated	GO:0018193	peptidyl-amino acid modification	ENSMUSG00000027646	ENSMUSG00000027646	IGI, ISO, IEA
CRE upregulated	GO:0018193	peptidyl-amino acid modification	ENSMUSG00000042197	ENSMUSG00000042197	ISS, IBA, IEA
CRE upregulated	GO:0018193	peptidyl-amino acid modification	ENSMUSG00000055067	ENSMUSG00000055067	IMP
CRE upregulated	GO:0018193	peptidyl-amino acid modification	ENSMUSG00000026994	ENSMUSG00000026994	IEA
CRE upregulated	GO:0008152	metabolic process	ENSMUSG00000026628	Atf3	IDA, IMP, IGI, ISO, IBA, IEA
CRE upregulated	GO:0008152	metabolic process	ENSMUSG00000036390	Gadd45a	IMP, IEA
CRE upregulated	GO:0008152	metabolic process	ENSMUSG00000052684	Jun	IDA, IMP, IGI, ISS, ISO, IBA, NAS, IEA
CRE upregulated	GO:0008152	metabolic process	ENSMUSG00000063632	Sox11	IDA, IMP, ISO, IBA, IEA
CRE upregulated	GO:0008152	metabolic process	ENSMUSG00000037428	Vgf	IMP, IGI
CRE upregulated	GO:0008152	metabolic process	ENSMUSG00000046223	Plaur	NAS
CRE upregulated	GO:0008152	metabolic process	ENSMUSG00000031574	Star	IDA, IMP, ISO, IBA, IEA
CRE upregulated	GO:0008152	metabolic process	ENSMUSG00000039328	Rnf122	ISS, IEA
CRE upregulated	GO:0008152	metabolic process	ENSMUSG00000004951	Hspb1	IDA, ISS, IBA, IEA
CRE upregulated	GO:0008152	metabolic process	ENSMUSG00000003752	Itpkc	ISS, IBA, IEA
CRE upregulated	GO:0008152	metabolic process	ENSMUSG00000025473	Adam8	IDA, IMP, IBA, IEA
CRE upregulated	GO:0008152	metabolic process	ENSMUSG00000046731	Kctd11	IEA
CRE upregulated	GO:0008152	metabolic process	ENSMUSG00000056749	Nfil3	IDA, IMP, IBA, IEA
CRE upregulated	GO:0008152	metabolic process	ENSMUSG00000024143	Rhoq	IEA
CRE upregulated	GO:0008152	metabolic process	ENSMUSG00000022895	Ets2	ISO, IBA, IEA
CRE upregulated	GO:0008152	metabolic process	ENSMUSG00000019876	Pkib	IEA
CRE upregulated	GO:0008152	metabolic process	ENSMUSG00000037447	Arid5a	IDA, IMP, IGI, ISS, IBA, IEA
CRE upregulated	GO:0008152	metabolic process	ENSMUSG00000033902	Mapkbp1	IEA
CRE upregulated	GO:0008152	metabolic process	ENSMUSG00000030748	Il4ra	IMP
CRE upregulated	GO:0008152	metabolic process	ENSMUSG00000032515	Csrnp1	IDA, IMP, IBA
CRE upregulated	GO:0008152	metabolic process	ENSMUSG00000025089	Gfra1	ISO, IEA
CRE upregulated	GO:0008152	metabolic process	ENSMUSG00000021765	Fst	IEA
CRE upregulated	GO:0008152	metabolic process	ENSMUSG00000030256	Bhlhe41	IDA, IMP, IBA, TAS, IEA
CRE upregulated	GO:0008152	metabolic process	ENSMUSG00000040151	Hs2st1	IMP
CRE upregulated	GO:0008152	metabolic process	ENSMUSG00000001054	Rmnd5b	IBA, IEA
CRE upregulated	GO:0008152	metabolic process	ENSMUSG00000014599	Csf1	IDA, IEA
CRE upregulated	GO:0008152	metabolic process	ENSMUSG00000025612	Bach1	IDA, ISS, IBA, IEA
CRE upregulated	GO:0008152	metabolic process	ENSMUSG00000024664	Fads3	IBA, IEA
CRE upregulated	GO:0008152	metabolic process	ENSMUSG00000020427	Igfbp3	IGI, ISO, IEA
CRE upregulated	GO:0008152	metabolic process	ENSMUSG00000023067	Cdkn1a	IMP, IEA
CRE upregulated	GO:0008152	metabolic process	ENSMUSG00000024404	Riok3	IBA, IEA
CRE upregulated	GO:0008152	metabolic process	ENSMUSG00000000078	Klf6	IEA
CRE upregulated	GO:0008152	metabolic process	ENSMUSG00000030681	Mvp	IMP, IEA
CRE upregulated	GO:0008152	metabolic process	ENSMUSG00000058093	Zfp729b	IBA, IEA
CRE upregulated	GO:0008152	metabolic process	ENSMUSG00000109901	Chmp1b	ISO, IEA
CRE upregulated	GO:0008152	metabolic process	ENSMUSG00000044934	Zfp367	ISO, IBA, IEA
CRE upregulated	GO:0008152	metabolic process	ENSMUSG00000028226	Mmp16	IDA, IGI, IBA, IEA
CRE upregulated	GO:0008152	metabolic process	ENSMUSG00000030272	Camk1	ISS, IEA
CRE upregulated	GO:0008152	metabolic process	ENSMUSG00000004846	Plod3	IDA, IMP, ISS, IEA
CRE upregulated	GO:0008152	metabolic process	ENSMUSG00000033983	Coil	IBA
CRE upregulated	GO:0008152	metabolic process	ENSMUSG00000001542	Ell2	ISS, ISO, IBA, IEA
CRE upregulated	GO:0008152	metabolic process	ENSMUSG00000031681	Smad1	IDA, IMP, IGI, ISO, IBA, IEA
CRE upregulated	GO:0008152	metabolic process	ENSMUSG00000050989	Selenon	IMP
CRE upregulated	GO:0008152	metabolic process	ENSMUSG00000026558	Uck2	ISS, ISO, IEA
CRE upregulated	GO:0008152	metabolic process	ENSMUSG00000035673	Sbno2	IMP, IBA, IEA
CRE upregulated	GO:0008152	metabolic process	ENSMUSG00000030095	Tmem43	IBA
CRE upregulated	GO:0008152	metabolic process	ENSMUSG00000037280	Galnt6	ISS, IBA, IEA
CRE upregulated	GO:0008152	metabolic process	ENSMUSG00000032939	Nup93	IBA
CRE upregulated	GO:0008152	metabolic process	ENSMUSG00000033060	Lmo7	IDA, ISS, ISO
CRE upregulated	GO:0008152	metabolic process	ENSMUSG00000028793	Rnf19b	ISS, IBA, IEA
CRE upregulated	GO:0008152	metabolic process	ENSMUSG00000024691	Fam111a	ISS, IBA, IEA
CRE upregulated	GO:0008152	metabolic process	ENSMUSG00000003644	Rps6ka1	ISO, IBA, IEA
CRE upregulated	GO:0008152	metabolic process	ENSMUSG00000029378	Areg	IDA, ISO, IEA
CRE upregulated	GO:0008152	metabolic process	ENSMUSG00000042688	Mapk6	IDA, IEA
CRE upregulated	GO:0008152	metabolic process	ENSMUSG00000005087	Cd44	IEA
CRE upregulated	GO:0008152	metabolic process	ENSMUSG00000026836	Acvr1	IMP, IEA
CRE upregulated	GO:0008152	metabolic process	ENSMUSG00000026670	Uap1	IEA
CRE upregulated	GO:0008152	metabolic process	ENSMUSG00000021400	Wrnip1	ISS, IBA, IEA
CRE upregulated	GO:0008152	metabolic process	ENSMUSG00000068566	Myadm	IEA
CRE upregulated	GO:0008152	metabolic process	ENSMUSG00000048482	Bdnf	IMP, ISO, IEA
CRE upregulated	GO:0008152	metabolic process	ENSMUSG00000024256	Adcyap1	IDA, IMP, ISS, ISO, IEA
CRE upregulated	GO:0008152	metabolic process	ENSMUSG00000034832	Tet3	IMP, ISS, IBA, IEA
CRE upregulated	GO:0008152	metabolic process	ENSMUSG00000056076	Eif3b	IDA, IBA, IEA
CRE upregulated	GO:0008152	metabolic process	ENSMUSG00000037458	Azin1	ISS, ISO, IBA, TAS, IEA
CRE upregulated	GO:0008152	metabolic process	ENSMUSG00000014195	Dnajc7	IEA
CRE upregulated	GO:0008152	metabolic process	ENSMUSG00000021070	Bdkrb2	IMP
CRE upregulated	GO:0008152	metabolic process	ENSMUSG00000079442	St6galnac4	IEA
CRE upregulated	GO:0008152	metabolic process	ENSMUSG00000002250	Ppard	IDA, IMP, IEP, ISS, ISO, IBA, IEA
CRE upregulated	GO:0008152	metabolic process	ENSMUSG00000027198	Ext2	IDA, IMP, IGI, IEA
CRE upregulated	GO:0008152	metabolic process	ENSMUSG00000044734	Serpinb1a	IPI, IMP, IBA
CRE upregulated	GO:0008152	metabolic process	ENSMUSG00000018507	Trpv2	IMP
CRE upregulated	GO:0008152	metabolic process	ENSMUSG00000037638	Zbtb42	IDA, IBA
CRE upregulated	GO:0008152	metabolic process	ENSMUSG00000021501	Caml	IMP, ISS, IEA
CRE upregulated	GO:0008152	metabolic process	ENSMUSG00000038894	Irs2	IMP, IEA
CRE upregulated	GO:0008152	metabolic process	ENSMUSG00000025648	Pfkfb4	IBA, IEA
CRE upregulated	GO:0008152	metabolic process	ENSMUSG00000037568	Vash2	IDA, IEA
CRE upregulated	GO:0008152	metabolic process	ENSMUSG00000066838	Zfp772	IBA, IEA
CRE upregulated	GO:0008152	metabolic process	ENSMUSG00000025337	Sbds	IEA
CRE upregulated	GO:0008152	metabolic process	ENSMUSG00000035828	Pim3	ISS, IEA
CRE upregulated	GO:0008152	metabolic process	ENSMUSG00000032578	Cish	IBA, IEA
CRE upregulated	GO:0008152	metabolic process	ENSMUSG00000007812	Zfp655	IBA, IEA
CRE upregulated	GO:0008152	metabolic process	ENSMUSG00000031545	Gpat4	IMP, IEA
CRE upregulated	GO:0008152	metabolic process	ENSMUSG00000005069	Pex5	IMP, ISS, IEA
CRE upregulated	GO:0008152	metabolic process	ENSMUSG00000029201	Ugdh	IMP, ISS, IBA, IEA
CRE upregulated	GO:0008152	metabolic process	ENSMUSG00000042507	Mideas	IBA
CRE upregulated	GO:0008152	metabolic process	ENSMUSG00000027313	Chac1	ISS, IBA, IEA
CRE upregulated	GO:0008152	metabolic process	ENSMUSG00000028789	Azin2	IDA, IBA, IEA
CRE upregulated	GO:0008152	metabolic process	ENSMUSG00000026796	Niban2	IEA
CRE upregulated	GO:0008152	metabolic process	ENSMUSG00000039954	Stk32a	IEA
CRE upregulated	GO:0008152	metabolic process	ENSMUSG00000027540	Ptpn1	IMP, IGI, ISS, IEA
CRE upregulated	GO:0008152	metabolic process	ENSMUSG00000019461	Plscr3	ISS, IEA
CRE upregulated	GO:0008152	metabolic process	ENSMUSG00000043895	S1pr2	IMP, IBA, IEA
CRE upregulated	GO:0008152	metabolic process	ENSMUSG00000022661	Cd200	IEA
CRE upregulated	GO:0008152	metabolic process	ENSMUSG00000011179	Odc1	IDA, ISO, IBA, IEA
CRE upregulated	GO:0008152	metabolic process	ENSMUSG00000027035	Cers6	IDA, IMP, IBA, IEA
CRE upregulated	GO:0008152	metabolic process	ENSMUSG00000027583	Zbtb46	IDA, IBA, IEA
CRE upregulated	GO:0008152	metabolic process	ENSMUSG00000028063	Lmna	IMP, IBA
CRE upregulated	GO:0008152	metabolic process	ENSMUSG00000041548	Hspb8	IEA
CRE upregulated	GO:0008152	metabolic process	ENSMUSG00000000278	Scpep1	IEA
CRE upregulated	GO:0008152	metabolic process	ENSMUSG00000026675	Hsd17b7	IDA, ISO, IBA, IEA
CRE upregulated	GO:0008152	metabolic process	ENSMUSG00000024785	Rcl1	IMP, ISA, IBA, IEA
CRE upregulated	GO:0008152	metabolic process	ENSMUSG00000015341	Golga7	ISS
CRE upregulated	GO:0008152	metabolic process	ENSMUSG00000026254	Eif4e2	ISS, ISO, IBA, IEA
CRE upregulated	GO:0008152	metabolic process	ENSMUSG00000030678	Maz	IEA
CRE upregulated	GO:0008152	metabolic process	ENSMUSG00000027597	Ahcy	IDA, ISO, IBA, IEA
CRE upregulated	GO:0008152	metabolic process	ENSMUSG00000053436	Mapk14	IDA, IMP, ISO, IEA
CRE upregulated	GO:0008152	metabolic process	ENSMUSG00000025809	Itgb1	ISS, ISO, IEA
CRE upregulated	GO:0008152	metabolic process	ENSMUSG00000040025	Ythdf2	IMP, ISS, IBA, IEA
CRE upregulated	GO:0008152	metabolic process	ENSMUSG00000028156	Eif4e	IDA, IMP, IEP, ISS, IBA, NAS, IEA
CRE upregulated	GO:0008152	metabolic process	ENSMUSG00000025503	Taldo1	IDA, IMP, ISO, IBA, IEA
CRE upregulated	GO:0008152	metabolic process	ENSMUSG00000025239	Limd1	ISS, ISO, IBA, IEA
CRE upregulated	GO:0008152	metabolic process	ENSMUSG00000005370	Msh6	IMP, IGI, ISO, IBA, IEA
CRE upregulated	GO:0008152	metabolic process	ENSMUSG00000057561	Eif1a	IBA, IEA
CRE upregulated	GO:0008152	metabolic process	ENSMUSG00000023030	Slc11a2	IMP
CRE upregulated	GO:0008152	metabolic process	ENSMUSG00000011008	Mcoln2	IMP
CRE upregulated	GO:0008152	metabolic process	ENSMUSG00000048490	Nrip1	IDA, IMP, IBA, IEA
CRE upregulated	GO:0008152	metabolic process	ENSMUSG00000015243	Abca1	IDA, IMP, ISO, IEA
CRE upregulated	GO:0008152	metabolic process	ENSMUSG00000022096	Hr	IDA, IBA, IEA
CRE upregulated	GO:0008152	metabolic process	ENSMUSG00000013089	Etv5	IDA, IBA, IEA
CRE upregulated	GO:0008152	metabolic process	ENSMUSG00000025139	Tollip	ISS, ISO, IBA, IEA
CRE upregulated	GO:0008152	metabolic process	ENSMUSG00000025746	Il6	IDA, IMP, IGI, ISS, ISO
CRE upregulated	GO:0008152	metabolic process	ENSMUSG00000046378	Asphd1	IEA
CRE upregulated	GO:0008152	metabolic process	ENSMUSG00000032231	Anxa2	IDA, IMP, ISO, IEA
CRE upregulated	GO:0008152	metabolic process	ENSMUSG00000047368	Abhd17b	IMP
CRE upregulated	GO:0008152	metabolic process	ENSMUSG00000032280	Tle3	IMP, ISO, IEA
CRE upregulated	GO:0008152	metabolic process	ENSMUSG00000073563	Csnk1g3	IEA
CRE upregulated	GO:0008152	metabolic process	ENSMUSG00000031078	Cttn	IMP
CRE upregulated	GO:0008152	metabolic process	ENSMUSG00000022607	Ptk2	IDA, IMP, ISS, IEA
CRE upregulated	GO:0008152	metabolic process	ENSMUSG00000055994	Nod2	IDA, IMP, IGI, ISS, ISO, IEA
CRE upregulated	GO:0008152	metabolic process	ENSMUSG00000024014	Pim1	IDA, IMP, IEA
CRE upregulated	GO:0008152	metabolic process	ENSMUSG00000037062	Sh3glb1	IDA, IMP, IEA
CRE upregulated	GO:0008152	metabolic process	ENSMUSG00000034247	Plekhm1	ISS, IEA
CRE upregulated	GO:0008152	metabolic process	ENSMUSG00000023169	Slc38a1	IMP, ISS, ISO, IEA
CRE upregulated	GO:0008152	metabolic process	ENSMUSG00000027293	Ehd4	ISO, IEA
CRE upregulated	GO:0008152	metabolic process	ENSMUSG00000020580	Rock2	IEA
CRE upregulated	GO:0008152	metabolic process	ENSMUSG00000063889	Crem	IMP, IGI, IBA, IEA
CRE upregulated	GO:0008152	metabolic process	ENSMUSG00000069094	Pde7a	IEA
CRE upregulated	GO:0008152	metabolic process	ENSMUSG00000027613	Eif6	IMP, ISS, IBA, IEA
CRE upregulated	GO:0008152	metabolic process	ENSMUSG00000059923	Grb2	IEA
CRE upregulated	GO:0008152	metabolic process	ENSMUSG00000021996	Esd	IEA
CRE upregulated	GO:0008152	metabolic process	ENSMUSG00000042406	Atf4	IDA, IMP, IGI, ISS, ISO, IBA, IEA
CRE upregulated	GO:0008152	metabolic process	ENSMUSG00000052557	Gan	ISS, IEA
CRE upregulated	GO:0008152	metabolic process	ENSMUSG00000079049	Serpinb1c	IMP, IBA
CRE upregulated	GO:0008152	metabolic process	ENSMUSG00000023079	Gtf2ird1	IEA
CRE upregulated	GO:0008152	metabolic process	ENSMUSG00000017929	B4galt5	IMP, IBA, IEA
CRE upregulated	GO:0008152	metabolic process	ENSMUSG00000029777	Gars1	IMP, ISS, IBA, IEA
CRE upregulated	GO:0008152	metabolic process	ENSMUSG00000020271	Fbxw11	IDA, IMP, ISS, IEA
CRE upregulated	GO:0008152	metabolic process	ENSMUSG00000020838	Slc6a4	IMP
CRE upregulated	GO:0008152	metabolic process	ENSMUSG00000046854	Pip5kl1	IBA, IEA
CRE upregulated	GO:0008152	metabolic process	ENSMUSG00000005667	Mthfd2	IBA, IEA
CRE upregulated	GO:0008152	metabolic process	ENSMUSG00000029641	Rasl11a	IDA
CRE upregulated	GO:0008152	metabolic process	ENSMUSG00000001507	Itga3	ISO, IEA
CRE upregulated	GO:0008152	metabolic process	ENSMUSG00000031628	Casp3	IDA, ISS, ISO, IBA, RCA, IEA
CRE upregulated	GO:0008152	metabolic process	ENSMUSG00000025408	Ddit3	IDA, IMP, IGI, ISS, ISO, IBA, NAS, IEA
CRE upregulated	GO:0008152	metabolic process	ENSMUSG00000010755	Cars1	ISS, IBA, IEA
CRE upregulated	GO:0008152	metabolic process	ENSMUSG00000040435	Ppp1r15a	IDA, ISO, IEA
CRE upregulated	GO:0008152	metabolic process	ENSMUSG00000032078	Zpr1	IMP, ISS, IBA, IEA
CRE upregulated	GO:0008152	metabolic process	ENSMUSG00000035199	Arl6ip5	IMP
CRE upregulated	GO:0008152	metabolic process	ENSMUSG00000001847	Rac1	ISS, ISO, IEA
CRE upregulated	GO:0008152	metabolic process	ENSMUSG00000042121	Ssh1	ISO, IEA
CRE upregulated	GO:0008152	metabolic process	ENSMUSG00000050271	Prag1	IEA
CRE upregulated	GO:0008152	metabolic process	ENSMUSG00000033316	Galnt9	IBA, IEA
CRE upregulated	GO:0008152	metabolic process	ENSMUSG00000018909	Arrb1	IMP, ISS, ISO, IEA
CRE upregulated	GO:0008152	metabolic process	ENSMUSG00000020248	Nfyb	IDA, ISO, IBA, IEA
CRE upregulated	GO:0008152	metabolic process	ENSMUSG00000050410	Tcf19	IEA
CRE upregulated	GO:0008152	metabolic process	ENSMUSG00000024349	Sting1	IDA, IMP, IGI, ISS, ISO, IBA, IEA
CRE upregulated	GO:0008152	metabolic process	ENSMUSG00000030057	Cnbp	IDA, IBA, IEA
CRE upregulated	GO:0008152	metabolic process	ENSMUSG00000020064	Herc4	IBA, TAS, IEA
CRE upregulated	GO:0008152	metabolic process	ENSMUSG00000026317	Cln8	IMP, ISS, IBA, IEA
CRE upregulated	GO:0008152	metabolic process	ENSMUSG00000074115	Saa1	IDA
CRE upregulated	GO:0008152	metabolic process	ENSMUSG00000044667	Plppr4	ISO, IBA, IEA
CRE upregulated	GO:0008152	metabolic process	ENSMUSG00000033955	Tnks1bp1	IBA, IEA
CRE upregulated	GO:0008152	metabolic process	ENSMUSG00000028145	Them4	ISS, IEA
CRE upregulated	GO:0008152	metabolic process	ENSMUSG00000026107	Nabp1	ISS, ISO, IBA, IEA
CRE upregulated	GO:0008152	metabolic process	ENSMUSG00000024360	Etf1	ISO, IBA, IEA
CRE upregulated	GO:0008152	metabolic process	ENSMUSG00000027455	Nsfl1c	IBA
CRE upregulated	GO:0008152	metabolic process	ENSMUSG00000054008	Ndst1	IDA, IMP, ISO, IEA
CRE upregulated	GO:0008152	metabolic process	ENSMUSG00000057531	Dtnbp1	IDA, IMP, ISO
CRE upregulated	GO:0008152	metabolic process	ENSMUSG00000058355	Abce1	ISS, IBA, IEA
CRE upregulated	GO:0008152	metabolic process	ENSMUSG00000000134	Tfe3	IDA, IMP, IBA, IEA
CRE upregulated	GO:0008152	metabolic process	ENSMUSG00000008393	Carhsp1	IMP, IBA, IEA
CRE upregulated	GO:0008152	metabolic process	ENSMUSG00000004768	Rab23	IEA
CRE upregulated	GO:0008152	metabolic process	ENSMUSG00000058057	Tmt1a3	IEA
CRE upregulated	GO:0008152	metabolic process	ENSMUSG00000015837	Sqstm1	IDA, IMP, ISS, ISO, IBA, IEA
CRE upregulated	GO:0008152	metabolic process	ENSMUSG00000028901	Gmeb1	IDA, IBA
CRE upregulated	GO:0008152	metabolic process	ENSMUSG00000030677	Kif22	IEA
CRE upregulated	GO:0008152	metabolic process	ENSMUSG00000030309	Caprin2	IEA
CRE upregulated	GO:0008152	metabolic process	ENSMUSG00000029131	Dnajb6	IDA, ISO, IBA, IEA
CRE upregulated	GO:0008152	metabolic process	ENSMUSG00000036737	Oxsr1	IGI, ISS, IEA
CRE upregulated	GO:0008152	metabolic process	ENSMUSG00000037580	Gch1	ISO, IBA, NAS, IC, IEA
CRE upregulated	GO:0008152	metabolic process	ENSMUSG00000023286	Ube2j2	ISS, IBA, IEA
CRE upregulated	GO:0008152	metabolic process	ENSMUSG00000023087	Noct	IMP, IGI, ISS, IEA
CRE upregulated	GO:0008152	metabolic process	ENSMUSG00000017428	Psmd11	ISS, IBA, IEA
CRE upregulated	GO:0008152	metabolic process	ENSMUSG00000044626	Liph	IBA, IEA
CRE upregulated	GO:0008152	metabolic process	ENSMUSG00000001627	Ifrd1	ISO
CRE upregulated	GO:0008152	metabolic process	ENSMUSG00000036057	Ptpn23	ISS, IBA, IEA
CRE upregulated	GO:0008152	metabolic process	ENSMUSG00000015316	Slamf1	IDA, IBA, IEA
CRE upregulated	GO:0008152	metabolic process	ENSMUSG00000039096	Rsad1	IBA, IEA
CRE upregulated	GO:0008152	metabolic process	ENSMUSG00000020015	Cdk17	IEA
CRE upregulated	GO:0008152	metabolic process	ENSMUSG00000022433	Csnk1e	IDA, IMP, IGI, ISO, IBA, IEA
CRE upregulated	GO:0008152	metabolic process	ENSMUSG00000022346	Myc	IDA, IMP, IGI, ISS, ISO, IBA, IEA
CRE upregulated	GO:0008152	metabolic process	ENSMUSG00000053113	Socs3	IDA, IBA, IEA
CRE upregulated	GO:0008152	metabolic process	ENSMUSG00000036437	Npy1r	IMP
CRE upregulated	GO:0008152	metabolic process	ENSMUSG00000035572	Dcaf10	IEA
CRE upregulated	GO:0008152	metabolic process	ENSMUSG00000026072	Il1r1	ISS, IEA
CRE upregulated	GO:0008152	metabolic process	ENSMUSG00000005813	Metap1	IDA, IEA
CRE upregulated	GO:0008152	metabolic process	ENSMUSG00000027954	Efna1	IDA, IMP, IEA
CRE upregulated	GO:0008152	metabolic process	ENSMUSG00000026247	Ecel1	IBA, IEA
CRE upregulated	GO:0008152	metabolic process	ENSMUSG00000024789	Jak2	IDA, IMP, IGI, ISS, ISO, NAS, IEA
CRE upregulated	GO:0008152	metabolic process	ENSMUSG00000010095	Slc3a2	IEA
CRE upregulated	GO:0008152	metabolic process	ENSMUSG00000004040	ENSMUSG00000004040	IDA, IMP, IGI, ISO, IBA, NAS, IEA
CRE upregulated	GO:0008152	metabolic process	ENSMUSG00000042292	Mrtfa	IDA, ISS, ISO, IBA, IEA
CRE upregulated	GO:0008152	metabolic process	ENSMUSG00000061589	Dot1l	IDA, IMP, ISO, IBA, IEA
CRE upregulated	GO:0008152	metabolic process	ENSMUSG00000025178	Pi4k2a	ISS, IBA, IEA
CRE upregulated	GO:0008152	metabolic process	ENSMUSG00000022555	Dgat1	IDA, IMP, ISO, IBA, IEA
CRE upregulated	GO:0008152	metabolic process	ENSMUSG00000020027	Socs2	ISS, IBA, IEA
CRE upregulated	GO:0008152	metabolic process	ENSMUSG00000029578	Wipi2	IPI, ISS, IBA, IEA
CRE upregulated	GO:0008152	metabolic process	ENSMUSG00000109511	Nup62	IMP, IEA
CRE upregulated	GO:0008152	metabolic process	ENSMUSG00000035778	Ggta1	IBA, IEA
CRE upregulated	GO:0008152	metabolic process	ENSMUSG00000029135	Fosl2	IDA, IMP, ISO, IBA, IEA
CRE upregulated	GO:0008152	metabolic process	ENSMUSG00000054136	Adm2	IEA
CRE upregulated	GO:0008152	metabolic process	ENSMUSG00000020395	Itk	IMP, IEA
CRE upregulated	GO:0008152	metabolic process	ENSMUSG00000036990	Otud4	IDA, ISS, IBA, IEA
CRE upregulated	GO:0008152	metabolic process	ENSMUSG00000047554	Tmem41b	ISS, IBA, IEA
CRE upregulated	GO:0008152	metabolic process	ENSMUSG00000018143	Mafk	IDA, IBA, IEA
CRE upregulated	GO:0008152	metabolic process	ENSMUSG00000037722	Gnpnat1	IMP, ISO, TAS, IEA
CRE upregulated	GO:0008152	metabolic process	ENSMUSG00000029826	Zc3hav1	IDA, ISS, ISO, IBA, IEA
CRE upregulated	GO:0008152	metabolic process	ENSMUSG00000050335	Lgals3	IEA
CRE upregulated	GO:0008152	metabolic process	ENSMUSG00000037851	Iars1	IDA, ISO, IBA, IEA
CRE upregulated	GO:0008152	metabolic process	ENSMUSG00000047649	Polr1g	IDA, IEA
CRE upregulated	GO:0008152	metabolic process	ENSMUSG00000028255	Clca1	IEA
CRE upregulated	GO:0008152	metabolic process	ENSMUSG00000024190	Dusp1	IMP, ISS, ISO, IEA
CRE upregulated	GO:0008152	metabolic process	ENSMUSG00000063919	Srrm4	IDA, IMP, ISS, IBA, IEA
CRE upregulated	GO:0008152	metabolic process	ENSMUSG00000032307	Ube2q2	ISS, IBA, IEA
CRE upregulated	GO:0008152	metabolic process	ENSMUSG00000030223	ENSMUSG00000030223	IDA, IEA
CRE upregulated	GO:0008152	metabolic process	ENSMUSG00000035236	Scai	IEA
CRE upregulated	GO:0008152	metabolic process	ENSMUSG00000027797	Dclk1	IEA
CRE upregulated	GO:0008152	metabolic process	ENSMUSG00000031960	Aars1	IDA, IMP, ISO, IBA, IEA
CRE upregulated	GO:0008152	metabolic process	ENSMUSG00000020358	Hnrnpab	IDA, IGI, ISO, IBA, IEA
CRE upregulated	GO:0008152	metabolic process	ENSMUSG00000059866	Tnip2	ISS, IBA, IEA
CRE upregulated	GO:0008152	metabolic process	ENSMUSG00000004865	ENSMUSG00000004865	IDA, IBA, IEA
CRE upregulated	GO:0008152	metabolic process	ENSMUSG00000003762	Coq8b	IEA
CRE upregulated	GO:0008152	metabolic process	ENSMUSG00000041594	ENSMUSG00000041594	ISS, IBA, IEA
CRE upregulated	GO:0008152	metabolic process	ENSMUSG00000027806	Tsc22d2	IEA
CRE upregulated	GO:0008152	metabolic process	ENSMUSG00000017615	Tnfaip1	ISS, ISO, IBA, IEA
CRE upregulated	GO:0008152	metabolic process	ENSMUSG00000033545	Znrf1	IDA, IBA, IEA
CRE upregulated	GO:0008152	metabolic process	ENSMUSG00000057421	Las1l	ISS, IBA, IEA
CRE upregulated	GO:0008152	metabolic process	ENSMUSG00000040033	ENSMUSG00000040033	IEA
CRE upregulated	GO:0008152	metabolic process	ENSMUSG00000021360	ENSMUSG00000021360	IMP, IEA
CRE upregulated	GO:0008152	metabolic process	ENSMUSG00000059316	Slc27a4	IDA, IMP, IBA, TAS, IEA
CRE upregulated	GO:0008152	metabolic process	ENSMUSG00000050747	Trim15	IBA
CRE upregulated	GO:0008152	metabolic process	ENSMUSG00000024803	Ankrd1	IDA, ISO, IBA, IEA
CRE upregulated	GO:0008152	metabolic process	ENSMUSG00000031934	ENSMUSG00000031934	IMP, IEA
CRE upregulated	GO:0008152	metabolic process	ENSMUSG00000018565	Elp5	IBA, IEA
CRE upregulated	GO:0008152	metabolic process	ENSMUSG00000038733	Wdr26	IBA
CRE upregulated	GO:0008152	metabolic process	ENSMUSG00000021306	Gpr137b	IEA
CRE upregulated	GO:0008152	metabolic process	ENSMUSG00000019188	ENSMUSG00000019188	ISS, IBA, IEA
CRE upregulated	GO:0008152	metabolic process	ENSMUSG00000032497	Lrrfip2	IEA
CRE upregulated	GO:0008152	metabolic process	ENSMUSG00000023915	Tnfrsf21	IMP
CRE upregulated	GO:0008152	metabolic process	ENSMUSG00000024912	Fosl1	IMP, ISO, IBA, IEA
CRE upregulated	GO:0008152	metabolic process	ENSMUSG00000024927	Rela	IDA, IMP, ISS, ISO, IBA, TAS, IEA
CRE upregulated	GO:0008152	metabolic process	ENSMUSG00000038335	Tsr1	IBA
CRE upregulated	GO:0008152	metabolic process	ENSMUSG00000029458	ENSMUSG00000029458	IBA, IEA
CRE upregulated	GO:0008152	metabolic process	ENSMUSG00000042608	Stk40	IMP, IEA
CRE upregulated	GO:0008152	metabolic process	ENSMUSG00000053716	Dusp7	IEA
CRE upregulated	GO:0008152	metabolic process	ENSMUSG00000023232	ENSMUSG00000023232	ISO
CRE upregulated	GO:0008152	metabolic process	ENSMUSG00000036206	Sh3bp4	ISS, IEA
CRE upregulated	GO:0008152	metabolic process	ENSMUSG00000025793	ENSMUSG00000025793	IEA
CRE upregulated	GO:0008152	metabolic process	ENSMUSG00000038591	Colec10	IEA
CRE upregulated	GO:0008152	metabolic process	ENSMUSG00000027692	Tnik	ISS, IEA
CRE upregulated	GO:0008152	metabolic process	ENSMUSG00000002733	Plekha3	IBA
CRE upregulated	GO:0008152	metabolic process	ENSMUSG00000003435	ENSMUSG00000003435	ISO, IBA, IEA
CRE upregulated	GO:0008152	metabolic process	ENSMUSG00000027952	Pmvk	ISO, IBA, IEA
CRE upregulated	GO:0008152	metabolic process	ENSMUSG00000055044	Pdlim1	IDA, IEA
CRE upregulated	GO:0008152	metabolic process	ENSMUSG00000024238	Zeb1	IDA, IMP, IGI, ISS, ISO, IBA, IEA
CRE upregulated	GO:0008152	metabolic process	ENSMUSG00000026718	ENSMUSG00000026718	IBA
CRE upregulated	GO:0008152	metabolic process	ENSMUSG00000026078	Pdcl3	IMP, ISO, IBA, IEA
CRE upregulated	GO:0008152	metabolic process	ENSMUSG00000028893	Sesn2	IMP, IGI, ISS, IBA, IEA
CRE upregulated	GO:0008152	metabolic process	ENSMUSG00000025279	ENSMUSG00000025279	IDA, IBA, IEA
CRE upregulated	GO:0008152	metabolic process	ENSMUSG00000046598	ENSMUSG00000046598	IBA, IEA
CRE upregulated	GO:0008152	metabolic process	ENSMUSG00000038861	Pi4kb	IBA, IEA
CRE upregulated	GO:0008152	metabolic process	ENSMUSG00000024947	Men1	IDA, IMP, IGI, ISO, IBA, IEA
CRE upregulated	GO:0008152	metabolic process	ENSMUSG00000029071	ENSMUSG00000029071	IDA, IGI, IEA
CRE upregulated	GO:0008152	metabolic process	ENSMUSG00000036894	Rap2b	IDA, IEA
CRE upregulated	GO:0008152	metabolic process	ENSMUSG00000022125	Cln5	ISS, IEA
CRE upregulated	GO:0008152	metabolic process	ENSMUSG00000040433	Zbtb38	ISO, IBA, IEA
CRE upregulated	GO:0008152	metabolic process	ENSMUSG00000044453	Ffar1	IEA
CRE upregulated	GO:0008152	metabolic process	ENSMUSG00000037514	Pank2	IMP, IGI, IBA, IEA
CRE upregulated	GO:0008152	metabolic process	ENSMUSG00000032902	Slc16a1	IMP
CRE upregulated	GO:0008152	metabolic process	ENSMUSG00000032715	Trib3	IDA, IMP, ISS, ISO, IBA, TAS, IC, IEA
CRE upregulated	GO:0008152	metabolic process	ENSMUSG00000024777	ENSMUSG00000024777	ISO, IEA
CRE upregulated	GO:0008152	metabolic process	ENSMUSG00000024335	Brd2	IDA, IMP, ISS, IBA, IEA
CRE upregulated	GO:0008152	metabolic process	ENSMUSG00000026074	Map4k4	IEA
CRE upregulated	GO:0008152	metabolic process	ENSMUSG00000031904	ENSMUSG00000031904	ISS, ISO
CRE upregulated	GO:0008152	metabolic process	ENSMUSG00000040365	Trim41	ISS, IBA, IEA
CRE upregulated	GO:0008152	metabolic process	ENSMUSG00000048047	Zbtb33	ISS, ISA, IBA, IEA
CRE upregulated	GO:0008152	metabolic process	ENSMUSG00000020547	Bzw2	ISS, IEA
CRE upregulated	GO:0008152	metabolic process	ENSMUSG00000020694	ENSMUSG00000020694	ISS, IEA
CRE upregulated	GO:0008152	metabolic process	ENSMUSG00000028466	Creb3	IEA
CRE upregulated	GO:0008152	metabolic process	ENSMUSG00000031168	ENSMUSG00000031168	IMP, ISS, ISO, IBA, IC, IEA
CRE upregulated	GO:0008152	metabolic process	ENSMUSG00000037876	Jmjd1c	IBA
CRE upregulated	GO:0008152	metabolic process	ENSMUSG00000022526	Zfp251	IBA, IEA
CRE upregulated	GO:0008152	metabolic process	ENSMUSG00000025007	Aldh18a1	ISS, TAS, IEA
CRE upregulated	GO:0008152	metabolic process	ENSMUSG00000071637	Cebpd	IDA, ISO, IBA, IEA
CRE upregulated	GO:0008152	metabolic process	ENSMUSG00000066441	ENSMUSG00000066441	IMP, ISS, ISO, IEA
CRE upregulated	GO:0008152	metabolic process	ENSMUSG00000025162	ENSMUSG00000025162	IDA, IMP, IGI, ISS, IBA, IEA
CRE upregulated	GO:0008152	metabolic process	ENSMUSG00000028811	ENSMUSG00000028811	IEA
CRE upregulated	GO:0008152	metabolic process	ENSMUSG00000010660	Plcd1	ISS, ISO, IBA, IEA
CRE upregulated	GO:0008152	metabolic process	ENSMUSG00000015776	Med22	NAS, IEA
CRE upregulated	GO:0008152	metabolic process	ENSMUSG00000031278	ENSMUSG00000031278	ISS, ISO, IBA, TAS, IEA
CRE upregulated	GO:0008152	metabolic process	ENSMUSG00000031668	ENSMUSG00000031668	IEA
CRE upregulated	GO:0008152	metabolic process	ENSMUSG00000028233	ENSMUSG00000028233	IBA, IEA
CRE upregulated	GO:0008152	metabolic process	ENSMUSG00000053175	Bcl3	IDA, IMP, IBA, IEA
CRE upregulated	GO:0008152	metabolic process	ENSMUSG00000068739	ENSMUSG00000068739	ISS, IBA, IEA
CRE upregulated	GO:0008152	metabolic process	ENSMUSG00000020089	Ppa1	IBA, IC, IEA
CRE upregulated	GO:0008152	metabolic process	ENSMUSG00000059796	Eif4a1	ISS, IBA, NAS, IEA
CRE upregulated	GO:0008152	metabolic process	ENSMUSG00000032599	ENSMUSG00000032599	IMP, ISS, IBA, IEA
CRE upregulated	GO:0008152	metabolic process	ENSMUSG00000036693	ENSMUSG00000036693	IBA, IEA
CRE upregulated	GO:0008152	metabolic process	ENSMUSG00000030199	Etv6	IDA, IBA, IEA
CRE upregulated	GO:0008152	metabolic process	ENSMUSG00000003154	Foxj2	IBA, IEA
CRE upregulated	GO:0008152	metabolic process	ENSMUSG00000040857	Erf	IEA
CRE upregulated	GO:0008152	metabolic process	ENSMUSG00000020349	ENSMUSG00000020349	IMP, ISS, ISO
CRE upregulated	GO:0008152	metabolic process	ENSMUSG00000024517	Grp	ISO, IEA
CRE upregulated	GO:0008152	metabolic process	ENSMUSG00000026773	ENSMUSG00000026773	ISO, IBA, IEA
CRE upregulated	GO:0008152	metabolic process	ENSMUSG00000023307	Marchf5	ISS, IBA, IEA
CRE upregulated	GO:0008152	metabolic process	ENSMUSG00000025340	Rabgef1	IMP
CRE upregulated	GO:0008152	metabolic process	ENSMUSG00000039108	ENSMUSG00000039108	IMP, IEA
CRE upregulated	GO:0008152	metabolic process	ENSMUSG00000029752	ENSMUSG00000029752	ISO, IBA, IEA
CRE upregulated	GO:0008152	metabolic process	ENSMUSG00000021587	Pcsk1	IDA, IMP, ISO, IBA, IEA
CRE upregulated	GO:0008152	metabolic process	ENSMUSG00000033159	ENSMUSG00000033159	IEA
CRE upregulated	GO:0008152	metabolic process	ENSMUSG00000028599	Tnfrsf1b	IMP, IGI, IBA, IEA
CRE upregulated	GO:0008152	metabolic process	ENSMUSG00000033350	Chst2	IBA, TAS, IEA
CRE upregulated	GO:0008152	metabolic process	ENSMUSG00000004530	ENSMUSG00000004530	IEA
CRE upregulated	GO:0008152	metabolic process	ENSMUSG00000027605	Acss2	IDA, ISO, IBA, IEA
CRE upregulated	GO:0008152	metabolic process	ENSMUSG00000018648	Dusp14	IEA
CRE upregulated	GO:0008152	metabolic process	ENSMUSG00000036180	ENSMUSG00000036180	ISS, IBA, NAS, IEA
CRE upregulated	GO:0008152	metabolic process	ENSMUSG00000011877	Git1	IMP, ISO
CRE upregulated	GO:0008152	metabolic process	ENSMUSG00000040046	Tph1	IMP, IEA
CRE upregulated	GO:0008152	metabolic process	ENSMUSG00000039985	Sinhcaf	NAS
CRE upregulated	GO:0008152	metabolic process	ENSMUSG00000009566	Fpgs	IBA, IEA
CRE upregulated	GO:0008152	metabolic process	ENSMUSG00000025060	ENSMUSG00000025060	ISS, IEA
CRE upregulated	GO:0008152	metabolic process	ENSMUSG00000008435	Rdh13	ISS, IBA, IEA
CRE upregulated	GO:0008152	metabolic process	ENSMUSG00000055491	ENSMUSG00000055491	IBA
CRE upregulated	GO:0008152	metabolic process	ENSMUSG00000062234	ENSMUSG00000062234	IEA
CRE upregulated	GO:0008152	metabolic process	ENSMUSG00000052837	ENSMUSG00000052837	IDA, IMP, ISO, IBA, IEA
CRE upregulated	GO:0008152	metabolic process	ENSMUSG00000007411	ENSMUSG00000007411	ISS, IEA
CRE upregulated	GO:0008152	metabolic process	ENSMUSG00000013483	Card14	ISS
CRE upregulated	GO:0008152	metabolic process	ENSMUSG00000028840	Zfp593	IEA
CRE upregulated	GO:0008152	metabolic process	ENSMUSG00000047281	ENSMUSG00000047281	IDA
CRE upregulated	GO:0008152	metabolic process	ENSMUSG00000021111	ENSMUSG00000021111	IDA, ISS, IEA
CRE upregulated	GO:0008152	metabolic process	ENSMUSG00000021796	Bmpr1a	IDA, IMP, IEA
CRE upregulated	GO:0008152	metabolic process	ENSMUSG00000031383	Dusp9	IEA
CRE upregulated	GO:0008152	metabolic process	ENSMUSG00000028703	ENSMUSG00000028703	IEA
CRE upregulated	GO:0008152	metabolic process	ENSMUSG00000049649	Gpr3	IMP, IBA
CRE upregulated	GO:0008152	metabolic process	ENSMUSG00000019842	ENSMUSG00000019842	IDA, IMP, IEA
CRE upregulated	GO:0008152	metabolic process	ENSMUSG00000016534	ENSMUSG00000016534	IMP, IGI, ISS, ISO, IBA, IEA
CRE upregulated	GO:0008152	metabolic process	ENSMUSG00000034543	ENSMUSG00000034543	IMP, ISS
CRE upregulated	GO:0008152	metabolic process	ENSMUSG00000029110	ENSMUSG00000029110	IDA, ISS, ISO, IBA, IEA
CRE upregulated	GO:0008152	metabolic process	ENSMUSG00000021890	ENSMUSG00000021890	ISO, IBA, IEA
CRE upregulated	GO:0008152	metabolic process	ENSMUSG00000045763	ENSMUSG00000045763	ISS, IBA, IEA
CRE upregulated	GO:0008152	metabolic process	ENSMUSG00000037860	Aim2	IDA, IMP, IGI, ISO, IEA
CRE upregulated	GO:0008152	metabolic process	ENSMUSG00000020250	ENSMUSG00000020250	ISO
CRE upregulated	GO:0008152	metabolic process	ENSMUSG00000028434	Epb41l4b	IEA
CRE upregulated	GO:0008152	metabolic process	ENSMUSG00000109336	ENSMUSG00000109336	IEA
CRE upregulated	GO:0008152	metabolic process	ENSMUSG00000039191	Rbpj	IDA, IMP, IGI, ISS, ISO, IEA
CRE upregulated	GO:0008152	metabolic process	ENSMUSG00000000001	ENSMUSG00000000001	ISS, ISO, IEA
CRE upregulated	GO:0008152	metabolic process	ENSMUSG00000022270	ENSMUSG00000022270	IDA, IMP, IBA, IEA
CRE upregulated	GO:0008152	metabolic process	ENSMUSG00000048668	Rhno1	IEA
CRE upregulated	GO:0008152	metabolic process	ENSMUSG00000019256	ENSMUSG00000019256	IEA
CRE upregulated	GO:0008152	metabolic process	ENSMUSG00000035725	ENSMUSG00000035725	ISS, IEA
CRE upregulated	GO:0008152	metabolic process	ENSMUSG00000046962	ENSMUSG00000046962	IBA, IEA
CRE upregulated	GO:0008152	metabolic process	ENSMUSG00000019763	ENSMUSG00000019763	ISS, IBA, IEA
CRE upregulated	GO:0008152	metabolic process	ENSMUSG00000051316	Taf7	IDA, ISS, ISO, IBA, NAS, IEA
CRE upregulated	GO:0008152	metabolic process	ENSMUSG00000001552	ENSMUSG00000001552	IBA
CRE upregulated	GO:0008152	metabolic process	ENSMUSG00000040010	Slc7a5	ISO, IEA
CRE upregulated	GO:0008152	metabolic process	ENSMUSG00000017677	Wsb1	IDA, IBA, IEA
CRE upregulated	GO:0008152	metabolic process	ENSMUSG00000040463	ENSMUSG00000040463	IDA, ISO, NAS, IEA
CRE upregulated	GO:0008152	metabolic process	ENSMUSG00000004099	ENSMUSG00000004099	IDA, IMP, IGI, ISO, IBA, IEA
CRE upregulated	GO:0008152	metabolic process	ENSMUSG00000022858	ENSMUSG00000022858	IMP, ISS, IBA, IEA
CRE upregulated	GO:0008152	metabolic process	ENSMUSG00000027997	Casp6	ISS, RCA, IEA
CRE upregulated	GO:0008152	metabolic process	ENSMUSG00000018848	ENSMUSG00000018848	IDA, ISO, IBA, IEA
CRE upregulated	GO:0008152	metabolic process	ENSMUSG00000053007	Creb5	IEA
CRE upregulated	GO:0008152	metabolic process	ENSMUSG00000023952	ENSMUSG00000023952	IMP, IBA
CRE upregulated	GO:0008152	metabolic process	ENSMUSG00000020594	ENSMUSG00000020594	IDA, IMP, ISS, ISO, IBA, IEA
CRE upregulated	GO:0008152	metabolic process	ENSMUSG00000011256	ENSMUSG00000011256	IDA, IMP, ISS, IBA, IEA
CRE upregulated	GO:0008152	metabolic process	ENSMUSG00000020448	Rnf185	ISS, IBA, IEA
CRE upregulated	GO:0008152	metabolic process	ENSMUSG00000053289	ENSMUSG00000053289	IBA
CRE upregulated	GO:0008152	metabolic process	ENSMUSG00000000787	ENSMUSG00000000787	IDA, IMP, ISS, IBA, IEA
CRE upregulated	GO:0008152	metabolic process	ENSMUSG00000008730	Hipk1	ISS, IEA
CRE upregulated	GO:0008152	metabolic process	ENSMUSG00000059288	ENSMUSG00000059288	IDA, IEA
CRE upregulated	GO:0008152	metabolic process	ENSMUSG00000050022	ENSMUSG00000050022	IEA
CRE upregulated	GO:0008152	metabolic process	ENSMUSG00000029310	Nudt9	IDA
CRE upregulated	GO:0008152	metabolic process	ENSMUSG00000022948	Setd4	IDA, IBA, IEA
CRE upregulated	GO:0008152	metabolic process	ENSMUSG00000022094	ENSMUSG00000022094	IMP
CRE upregulated	GO:0008152	metabolic process	ENSMUSG00000038676	Ucn	IMP, ISO, IEA
CRE upregulated	GO:0008152	metabolic process	ENSMUSG00000059743	ENSMUSG00000059743	ISO, IBA, IEA
CRE upregulated	GO:0008152	metabolic process	ENSMUSG00000038467	ENSMUSG00000038467	IMP, ISO, IEA
CRE upregulated	GO:0008152	metabolic process	ENSMUSG00000066595	ENSMUSG00000066595	ISS, IEA
CRE upregulated	GO:0008152	metabolic process	ENSMUSG00000037553	ENSMUSG00000037553	ISS
CRE upregulated	GO:0008152	metabolic process	ENSMUSG00000020097	ENSMUSG00000020097	IMP, ISS, IBA, IEA
CRE upregulated	GO:0008152	metabolic process	ENSMUSG00000042185	ENSMUSG00000042185	IDA, IMP, ISO, IEA
CRE upregulated	GO:0008152	metabolic process	ENSMUSG00000025403	ENSMUSG00000025403	IMP, ISS, ISO, IBA, IEA
CRE upregulated	GO:0008152	metabolic process	ENSMUSG00000039372	ENSMUSG00000039372	IEA
CRE upregulated	GO:0008152	metabolic process	ENSMUSG00000032508	Myd88	IMP, IGI, ISS, IEA
CRE upregulated	GO:0008152	metabolic process	ENSMUSG00000028370	Pappa	ISO, IBA, IEA
CRE upregulated	GO:0008152	metabolic process	ENSMUSG00000026864	ENSMUSG00000026864	IDA, IMP, IBA
CRE upregulated	GO:0008152	metabolic process	ENSMUSG00000021072	Tmx1	ISS, IEA
CRE upregulated	GO:0008152	metabolic process	ENSMUSG00000002633	Shh	IDA, IMP, IGI, ISO, IBA, IEA
CRE upregulated	GO:0008152	metabolic process	ENSMUSG00000008384	Sertad1	IDA, IGI
CRE upregulated	GO:0008152	metabolic process	ENSMUSG00000026209	ENSMUSG00000026209	IEA
CRE upregulated	GO:0008152	metabolic process	ENSMUSG00000032540	ENSMUSG00000032540	IDA, IMP, ISS, ISO, IBA, IEA
CRE upregulated	GO:0008152	metabolic process	ENSMUSG00000028680	ENSMUSG00000028680	IEA
CRE upregulated	GO:0008152	metabolic process	ENSMUSG00000027978	Prss12	IDA, IMP, IBA, IEA
CRE upregulated	GO:0008152	metabolic process	ENSMUSG00000003623	ENSMUSG00000003623	IDA, IEA
CRE upregulated	GO:0008152	metabolic process	ENSMUSG00000053581	ENSMUSG00000053581	IMP, IBA
CRE upregulated	GO:0008152	metabolic process	ENSMUSG00000006344	ENSMUSG00000006344	IDA, IMP, IBA, IEA
CRE upregulated	GO:0008152	metabolic process	ENSMUSG00000015357	ENSMUSG00000015357	ISS, IBA, IEA
CRE upregulated	GO:0008152	metabolic process	ENSMUSG00000032462	ENSMUSG00000032462	ISS, ISO, IBA, IEA
CRE upregulated	GO:0008152	metabolic process	ENSMUSG00000025198	ENSMUSG00000025198	IEA
CRE upregulated	GO:0008152	metabolic process	ENSMUSG00000004270	ENSMUSG00000004270	IMP, ISS, IBA, IEA
CRE upregulated	GO:0008152	metabolic process	ENSMUSG00000027944	Hax1	IEA
CRE upregulated	GO:0008152	metabolic process	ENSMUSG00000039671	ENSMUSG00000039671	IEA
CRE upregulated	GO:0008152	metabolic process	ENSMUSG00000005089	Slc1a2	IDA
CRE upregulated	GO:0008152	metabolic process	ENSMUSG00000029145	ENSMUSG00000029145	ISS, IEA
CRE upregulated	GO:0008152	metabolic process	ENSMUSG00000067586	ENSMUSG00000067586	IMP, IBA
CRE upregulated	GO:0008152	metabolic process	ENSMUSG00000038250	ENSMUSG00000038250	IBA, IEA
CRE upregulated	GO:0008152	metabolic process	ENSMUSG00000063952	Brpf3	ISS, IBA, IEA
CRE upregulated	GO:0008152	metabolic process	ENSMUSG00000020794	Ube2g1	IDA, ISS, ISO, IBA, IEA
CRE upregulated	GO:0008152	metabolic process	ENSMUSG00000040652	ENSMUSG00000040652	IDA, IBA, TAS, IEA
CRE upregulated	GO:0008152	metabolic process	ENSMUSG00000048027	ENSMUSG00000048027	IDA
CRE upregulated	GO:0008152	metabolic process	ENSMUSG00000028291	ENSMUSG00000028291	IDA, IMP, ISS, ISO, IBA, IEA
CRE upregulated	GO:0008152	metabolic process	ENSMUSG00000037411	Serpine1	IEA
CRE upregulated	GO:0008152	metabolic process	ENSMUSG00000032786	ENSMUSG00000032786	IMP, IBA, IEA
CRE upregulated	GO:0008152	metabolic process	ENSMUSG00000078676	ENSMUSG00000078676	ISS, ISO, NAS, IEA
CRE upregulated	GO:0008152	metabolic process	ENSMUSG00000020340	ENSMUSG00000020340	IEA
CRE upregulated	GO:0008152	metabolic process	ENSMUSG00000028382	ENSMUSG00000028382	IMP, IBA, IEA
CRE upregulated	GO:0008152	metabolic process	ENSMUSG00000037465	Klf10	IDA, IMP, IBA, IEA
CRE upregulated	GO:0008152	metabolic process	ENSMUSG00000038712	ENSMUSG00000038712	IBA, IEA
CRE upregulated	GO:0008152	metabolic process	ENSMUSG00000024613	ENSMUSG00000024613	IMP, ISS, IBA, IEA
CRE upregulated	GO:0008152	metabolic process	ENSMUSG00000051209	ENSMUSG00000051209	IBA, IEA
CRE upregulated	GO:0008152	metabolic process	ENSMUSG00000019843	ENSMUSG00000019843	IDA, IMP, IGI, ISO, IEA
CRE upregulated	GO:0008152	metabolic process	ENSMUSG00000020755	ENSMUSG00000020755	IEA
CRE upregulated	GO:0008152	metabolic process	ENSMUSG00000024493	ENSMUSG00000024493	IDA, IBA, IEA
CRE upregulated	GO:0008152	metabolic process	ENSMUSG00000027646	ENSMUSG00000027646	IDA, IMP, IGI, ISO, IEA
CRE upregulated	GO:0008152	metabolic process	ENSMUSG00000024843	ENSMUSG00000024843	IDA, ISS, ISO, IBA, IEA
CRE upregulated	GO:0008152	metabolic process	ENSMUSG00000020680	ENSMUSG00000020680	IMP, IGI, ISO, IEA
CRE upregulated	GO:0008152	metabolic process	ENSMUSG00000037306	ENSMUSG00000037306	ISO, IEA
CRE upregulated	GO:0008152	metabolic process	ENSMUSG00000021340	ENSMUSG00000021340	IEA
CRE upregulated	GO:0008152	metabolic process	ENSMUSG00000033991	ENSMUSG00000033991	ISS, IBA, IEA
CRE upregulated	GO:0008152	metabolic process	ENSMUSG00000029313	Aff1	IEA
CRE upregulated	GO:0008152	metabolic process	ENSMUSG00000004698	ENSMUSG00000004698	IEA
CRE upregulated	GO:0008152	metabolic process	ENSMUSG00000032501	Trib1	IDA, ISS, IBA, IC, IEA
CRE upregulated	GO:0008152	metabolic process	ENSMUSG00000003119	ENSMUSG00000003119	ISS, ISO, IBA, IEA
CRE upregulated	GO:0008152	metabolic process	ENSMUSG00000025027	Xpnpep1	ISS, ISO, IEA
CRE upregulated	GO:0008152	metabolic process	ENSMUSG00000031642	Sh3rf1	IEA
CRE upregulated	GO:0008152	metabolic process	ENSMUSG00000042197	ENSMUSG00000042197	ISS, IBA, IEA
CRE upregulated	GO:0008152	metabolic process	ENSMUSG00000055067	ENSMUSG00000055067	IMP, IEA
CRE upregulated	GO:0008152	metabolic process	ENSMUSG00000026384	Ptpn4	IEA
CRE upregulated	GO:0008152	metabolic process	ENSMUSG00000074886	ENSMUSG00000074886	IEA
CRE upregulated	GO:0008152	metabolic process	ENSMUSG00000021282	ENSMUSG00000021282	ISO, IBA, IEA
CRE upregulated	GO:0008152	metabolic process	ENSMUSG00000031073	Fgf15	IGI, IBA, IEA
CRE upregulated	GO:0008152	metabolic process	ENSMUSG00000027433	ENSMUSG00000027433	IGI, ISS, IBA, NAS, IEA
CRE upregulated	GO:0008152	metabolic process	ENSMUSG00000038205	ENSMUSG00000038205	IGI, IEA
CRE upregulated	GO:0008152	metabolic process	ENSMUSG00000029762	Akr1b8	IEA
CRE upregulated	GO:0008152	metabolic process	ENSMUSG00000015839	Nfe2l2	IDA, IMP, IGI, ISS, ISO, IBA, IEA
CRE upregulated	GO:0008152	metabolic process	ENSMUSG00000025236	ENSMUSG00000025236	IEA
CRE upregulated	GO:0008152	metabolic process	ENSMUSG00000021477	ENSMUSG00000021477	IDA, IMP, ISS, ISO, IBA, IEA
CRE upregulated	GO:0008152	metabolic process	ENSMUSG00000022332	ENSMUSG00000022332	IDA, ISO, IBA, IEA
CRE upregulated	GO:0008152	metabolic process	ENSMUSG00000074656	Eif2s2	ISS, IBA, IEA
CRE upregulated	GO:0008152	metabolic process	ENSMUSG00000024907	Gal	ISS, ISO, IEA
CRE upregulated	GO:0008152	metabolic process	ENSMUSG00000031751	ENSMUSG00000031751	ISS, IBA, IEA
CRE upregulated	GO:0008152	metabolic process	ENSMUSG00000046707	ENSMUSG00000046707	ISS, IEA
CRE upregulated	GO:0008152	metabolic process	ENSMUSG00000003541	ENSMUSG00000003541	IDA, IMP
CRE upregulated	GO:0008152	metabolic process	ENSMUSG00000026994	ENSMUSG00000026994	IDA, IMP, IBA, IEA
CRE upregulated	GO:0008152	metabolic process	ENSMUSG00000024287	ENSMUSG00000024287	ISS, IBA, IEA
CRE upregulated	GO:0008152	metabolic process	ENSMUSG00000024026	ENSMUSG00000024026	IDA, ISO, IC, IEA
CRE upregulated	GO:0008152	metabolic process	ENSMUSG00000029475	ENSMUSG00000029475	IDA, IMP, IBA
CRE upregulated	GO:0044238	primary metabolic process	ENSMUSG00000026628	Atf3	IDA, IGI, ISO, IBA, IEA
CRE upregulated	GO:0044238	primary metabolic process	ENSMUSG00000036390	Gadd45a	IMP, IEA
CRE upregulated	GO:0044238	primary metabolic process	ENSMUSG00000052684	Jun	IDA, IMP, IGI, ISS, ISO, IBA, NAS, IEA
CRE upregulated	GO:0044238	primary metabolic process	ENSMUSG00000063632	Sox11	IDA, IMP, ISO, IBA, IEA
CRE upregulated	GO:0044238	primary metabolic process	ENSMUSG00000046223	Plaur	NAS
CRE upregulated	GO:0044238	primary metabolic process	ENSMUSG00000031574	Star	IDA, IMP, ISO, IBA, IEA
CRE upregulated	GO:0044238	primary metabolic process	ENSMUSG00000039328	Rnf122	ISS, IEA
CRE upregulated	GO:0044238	primary metabolic process	ENSMUSG00000004951	Hspb1	IDA, ISS, IBA, IEA
CRE upregulated	GO:0044238	primary metabolic process	ENSMUSG00000003752	Itpkc	ISS, IEA
CRE upregulated	GO:0044238	primary metabolic process	ENSMUSG00000025473	Adam8	IDA, IBA, IEA
CRE upregulated	GO:0044238	primary metabolic process	ENSMUSG00000046731	Kctd11	IEA
CRE upregulated	GO:0044238	primary metabolic process	ENSMUSG00000056749	Nfil3	IDA, IMP, IBA, IEA
CRE upregulated	GO:0044238	primary metabolic process	ENSMUSG00000024143	Rhoq	IEA
CRE upregulated	GO:0044238	primary metabolic process	ENSMUSG00000022895	Ets2	ISO, IBA, IEA
CRE upregulated	GO:0044238	primary metabolic process	ENSMUSG00000019876	Pkib	IEA
CRE upregulated	GO:0044238	primary metabolic process	ENSMUSG00000037447	Arid5a	IDA, IGI, ISS, IBA, IEA
CRE upregulated	GO:0044238	primary metabolic process	ENSMUSG00000032515	Csrnp1	IDA, IMP, IBA
CRE upregulated	GO:0044238	primary metabolic process	ENSMUSG00000025089	Gfra1	ISO, IEA
CRE upregulated	GO:0044238	primary metabolic process	ENSMUSG00000021765	Fst	IEA
CRE upregulated	GO:0044238	primary metabolic process	ENSMUSG00000030256	Bhlhe41	IDA, IBA, TAS, IEA
CRE upregulated	GO:0044238	primary metabolic process	ENSMUSG00000040151	Hs2st1	IMP
CRE upregulated	GO:0044238	primary metabolic process	ENSMUSG00000001054	Rmnd5b	IBA, IEA
CRE upregulated	GO:0044238	primary metabolic process	ENSMUSG00000014599	Csf1	IEA
CRE upregulated	GO:0044238	primary metabolic process	ENSMUSG00000025612	Bach1	IDA, ISS, IBA, IEA
CRE upregulated	GO:0044238	primary metabolic process	ENSMUSG00000024664	Fads3	IBA, IEA
CRE upregulated	GO:0044238	primary metabolic process	ENSMUSG00000020427	Igfbp3	IGI, ISO, IEA
CRE upregulated	GO:0044238	primary metabolic process	ENSMUSG00000023067	Cdkn1a	IMP, IEA
CRE upregulated	GO:0044238	primary metabolic process	ENSMUSG00000024404	Riok3	IBA, IEA
CRE upregulated	GO:0044238	primary metabolic process	ENSMUSG00000000078	Klf6	IEA
CRE upregulated	GO:0044238	primary metabolic process	ENSMUSG00000030681	Mvp	IMP, IEA
CRE upregulated	GO:0044238	primary metabolic process	ENSMUSG00000058093	Zfp729b	IBA, IEA
CRE upregulated	GO:0044238	primary metabolic process	ENSMUSG00000109901	Chmp1b	ISO, IEA
CRE upregulated	GO:0044238	primary metabolic process	ENSMUSG00000044934	Zfp367	ISO, IBA, IEA
CRE upregulated	GO:0044238	primary metabolic process	ENSMUSG00000028226	Mmp16	IEA
CRE upregulated	GO:0044238	primary metabolic process	ENSMUSG00000030272	Camk1	ISS, IEA
CRE upregulated	GO:0044238	primary metabolic process	ENSMUSG00000004846	Plod3	IDA, ISS, IEA
CRE upregulated	GO:0044238	primary metabolic process	ENSMUSG00000033983	Coil	IBA
CRE upregulated	GO:0044238	primary metabolic process	ENSMUSG00000001542	Ell2	ISS, ISO, IBA, IEA
CRE upregulated	GO:0044238	primary metabolic process	ENSMUSG00000031681	Smad1	IDA, IMP, IGI, ISO, IBA, IEA
CRE upregulated	GO:0044238	primary metabolic process	ENSMUSG00000050989	Selenon	IMP
CRE upregulated	GO:0044238	primary metabolic process	ENSMUSG00000026558	Uck2	ISS, ISO, IEA
CRE upregulated	GO:0044238	primary metabolic process	ENSMUSG00000035673	Sbno2	IMP, IBA, IEA
CRE upregulated	GO:0044238	primary metabolic process	ENSMUSG00000030095	Tmem43	IBA
CRE upregulated	GO:0044238	primary metabolic process	ENSMUSG00000037280	Galnt6	ISS, IBA, IEA
CRE upregulated	GO:0044238	primary metabolic process	ENSMUSG00000033060	Lmo7	IDA, ISS, ISO
CRE upregulated	GO:0044238	primary metabolic process	ENSMUSG00000028793	Rnf19b	ISS, IBA, IEA
CRE upregulated	GO:0044238	primary metabolic process	ENSMUSG00000024691	Fam111a	ISS, IBA, IEA
CRE upregulated	GO:0044238	primary metabolic process	ENSMUSG00000003644	Rps6ka1	ISO, IBA, IEA
CRE upregulated	GO:0044238	primary metabolic process	ENSMUSG00000029378	Areg	IDA
CRE upregulated	GO:0044238	primary metabolic process	ENSMUSG00000042688	Mapk6	IDA, IEA
CRE upregulated	GO:0044238	primary metabolic process	ENSMUSG00000005087	Cd44	IEA
CRE upregulated	GO:0044238	primary metabolic process	ENSMUSG00000026836	Acvr1	IMP, IEA
CRE upregulated	GO:0044238	primary metabolic process	ENSMUSG00000021400	Wrnip1	ISS, IBA, IEA
CRE upregulated	GO:0044238	primary metabolic process	ENSMUSG00000048482	Bdnf	IMP, ISO, IEA
CRE upregulated	GO:0044238	primary metabolic process	ENSMUSG00000024256	Adcyap1	ISS, ISO, IEA
CRE upregulated	GO:0044238	primary metabolic process	ENSMUSG00000034832	Tet3	ISS, IBA, IEA
CRE upregulated	GO:0044238	primary metabolic process	ENSMUSG00000056076	Eif3b	IDA, IBA, IEA
CRE upregulated	GO:0044238	primary metabolic process	ENSMUSG00000037458	Azin1	ISS, ISO, IBA, IEA
CRE upregulated	GO:0044238	primary metabolic process	ENSMUSG00000014195	Dnajc7	IEA
CRE upregulated	GO:0044238	primary metabolic process	ENSMUSG00000021070	Bdkrb2	IMP
CRE upregulated	GO:0044238	primary metabolic process	ENSMUSG00000079442	St6galnac4	IEA
CRE upregulated	GO:0044238	primary metabolic process	ENSMUSG00000002250	Ppard	IDA, IMP, IEP, ISS, ISO, IBA, IEA
CRE upregulated	GO:0044238	primary metabolic process	ENSMUSG00000027198	Ext2	IDA, IMP, IGI, IEA
CRE upregulated	GO:0044238	primary metabolic process	ENSMUSG00000044734	Serpinb1a	IPI
CRE upregulated	GO:0044238	primary metabolic process	ENSMUSG00000037638	Zbtb42	IDA, IBA
CRE upregulated	GO:0044238	primary metabolic process	ENSMUSG00000021501	Caml	ISS, IEA
CRE upregulated	GO:0044238	primary metabolic process	ENSMUSG00000038894	Irs2	IEA
CRE upregulated	GO:0044238	primary metabolic process	ENSMUSG00000025648	Pfkfb4	IEA
CRE upregulated	GO:0044238	primary metabolic process	ENSMUSG00000037568	Vash2	IDA, IEA
CRE upregulated	GO:0044238	primary metabolic process	ENSMUSG00000066838	Zfp772	IBA, IEA
CRE upregulated	GO:0044238	primary metabolic process	ENSMUSG00000025337	Sbds	IEA
CRE upregulated	GO:0044238	primary metabolic process	ENSMUSG00000035828	Pim3	ISS, IEA
CRE upregulated	GO:0044238	primary metabolic process	ENSMUSG00000032578	Cish	IBA, IEA
CRE upregulated	GO:0044238	primary metabolic process	ENSMUSG00000007812	Zfp655	IBA, IEA
CRE upregulated	GO:0044238	primary metabolic process	ENSMUSG00000031545	Gpat4	IMP, IEA
CRE upregulated	GO:0044238	primary metabolic process	ENSMUSG00000005069	Pex5	IMP
CRE upregulated	GO:0044238	primary metabolic process	ENSMUSG00000029201	Ugdh	IMP, ISS, IEA
CRE upregulated	GO:0044238	primary metabolic process	ENSMUSG00000042507	Mideas	IBA
CRE upregulated	GO:0044238	primary metabolic process	ENSMUSG00000027313	Chac1	ISS, IEA
CRE upregulated	GO:0044238	primary metabolic process	ENSMUSG00000028789	Azin2	IDA, IBA, IEA
CRE upregulated	GO:0044238	primary metabolic process	ENSMUSG00000026796	Niban2	IEA
CRE upregulated	GO:0044238	primary metabolic process	ENSMUSG00000039954	Stk32a	IEA
CRE upregulated	GO:0044238	primary metabolic process	ENSMUSG00000027540	Ptpn1	IMP, IGI, ISS, IEA
CRE upregulated	GO:0044238	primary metabolic process	ENSMUSG00000019461	Plscr3	ISS, IEA
CRE upregulated	GO:0044238	primary metabolic process	ENSMUSG00000043895	S1pr2	IMP, IEA
CRE upregulated	GO:0044238	primary metabolic process	ENSMUSG00000011179	Odc1	IDA, IBA, IEA
CRE upregulated	GO:0044238	primary metabolic process	ENSMUSG00000027035	Cers6	IDA, IMP, IBA, IEA
CRE upregulated	GO:0044238	primary metabolic process	ENSMUSG00000027583	Zbtb46	IDA, IBA, IEA
CRE upregulated	GO:0044238	primary metabolic process	ENSMUSG00000000278	Scpep1	IEA
CRE upregulated	GO:0044238	primary metabolic process	ENSMUSG00000026675	Hsd17b7	IDA, ISO, IBA, IEA
CRE upregulated	GO:0044238	primary metabolic process	ENSMUSG00000024785	Rcl1	IMP, ISA, IBA, IEA
CRE upregulated	GO:0044238	primary metabolic process	ENSMUSG00000015341	Golga7	ISS
CRE upregulated	GO:0044238	primary metabolic process	ENSMUSG00000026254	Eif4e2	ISS, ISO, IBA, IEA
CRE upregulated	GO:0044238	primary metabolic process	ENSMUSG00000030678	Maz	IEA
CRE upregulated	GO:0044238	primary metabolic process	ENSMUSG00000027597	Ahcy	IDA, ISO
CRE upregulated	GO:0044238	primary metabolic process	ENSMUSG00000053436	Mapk14	IDA, IMP, ISO, IEA
CRE upregulated	GO:0044238	primary metabolic process	ENSMUSG00000025809	Itgb1	ISO
CRE upregulated	GO:0044238	primary metabolic process	ENSMUSG00000040025	Ythdf2	IMP, ISS, IBA, IEA
CRE upregulated	GO:0044238	primary metabolic process	ENSMUSG00000028156	Eif4e	IDA, IMP, IEP, ISS, IBA, NAS, IEA
CRE upregulated	GO:0044238	primary metabolic process	ENSMUSG00000025503	Taldo1	IDA, IMP, ISO, IBA, IEA
CRE upregulated	GO:0044238	primary metabolic process	ENSMUSG00000025239	Limd1	ISS, IBA, IEA
CRE upregulated	GO:0044238	primary metabolic process	ENSMUSG00000005370	Msh6	IMP, IGI, ISO, IBA, IEA
CRE upregulated	GO:0044238	primary metabolic process	ENSMUSG00000057561	Eif1a	IBA, IEA
CRE upregulated	GO:0044238	primary metabolic process	ENSMUSG00000048490	Nrip1	IDA, IBA, IEA
CRE upregulated	GO:0044238	primary metabolic process	ENSMUSG00000015243	Abca1	IDA, IMP, ISO, IEA
CRE upregulated	GO:0044238	primary metabolic process	ENSMUSG00000022096	Hr	IDA, IBA
CRE upregulated	GO:0044238	primary metabolic process	ENSMUSG00000013089	Etv5	IDA, IBA, IEA
CRE upregulated	GO:0044238	primary metabolic process	ENSMUSG00000025139	Tollip	ISO, IBA, IEA
CRE upregulated	GO:0044238	primary metabolic process	ENSMUSG00000025746	Il6	IDA, IGI, ISO
CRE upregulated	GO:0044238	primary metabolic process	ENSMUSG00000046378	Asphd1	IEA
CRE upregulated	GO:0044238	primary metabolic process	ENSMUSG00000032231	Anxa2	IDA, IMP, ISO, IEA
CRE upregulated	GO:0044238	primary metabolic process	ENSMUSG00000047368	Abhd17b	IMP
CRE upregulated	GO:0044238	primary metabolic process	ENSMUSG00000032280	Tle3	ISO, IEA
CRE upregulated	GO:0044238	primary metabolic process	ENSMUSG00000073563	Csnk1g3	IEA
CRE upregulated	GO:0044238	primary metabolic process	ENSMUSG00000022607	Ptk2	IDA, IMP, ISS, IEA
CRE upregulated	GO:0044238	primary metabolic process	ENSMUSG00000055994	Nod2	IDA, IMP, ISS, IEA
CRE upregulated	GO:0044238	primary metabolic process	ENSMUSG00000024014	Pim1	IDA, IMP, IEA
CRE upregulated	GO:0044238	primary metabolic process	ENSMUSG00000037062	Sh3glb1	IDA
CRE upregulated	GO:0044238	primary metabolic process	ENSMUSG00000023169	Slc38a1	IMP, ISS, ISO, IEA
CRE upregulated	GO:0044238	primary metabolic process	ENSMUSG00000027293	Ehd4	ISO, IEA
CRE upregulated	GO:0044238	primary metabolic process	ENSMUSG00000020580	Rock2	IEA
CRE upregulated	GO:0044238	primary metabolic process	ENSMUSG00000063889	Crem	IMP, IGI, IBA, IEA
CRE upregulated	GO:0044238	primary metabolic process	ENSMUSG00000069094	Pde7a	IEA
CRE upregulated	GO:0044238	primary metabolic process	ENSMUSG00000027613	Eif6	IMP, ISS, IBA, IEA
CRE upregulated	GO:0044238	primary metabolic process	ENSMUSG00000042406	Atf4	IDA, IMP, IGI, ISS, ISO, IBA, IEA
CRE upregulated	GO:0044238	primary metabolic process	ENSMUSG00000052557	Gan	ISS, IEA
CRE upregulated	GO:0044238	primary metabolic process	ENSMUSG00000023079	Gtf2ird1	IEA
CRE upregulated	GO:0044238	primary metabolic process	ENSMUSG00000017929	B4galt5	IMP, IBA, IEA
CRE upregulated	GO:0044238	primary metabolic process	ENSMUSG00000029777	Gars1	IMP, ISS, IBA, IEA
CRE upregulated	GO:0044238	primary metabolic process	ENSMUSG00000020271	Fbxw11	IDA, IMP, ISS, IEA
CRE upregulated	GO:0044238	primary metabolic process	ENSMUSG00000046854	Pip5kl1	IBA, IEA
CRE upregulated	GO:0044238	primary metabolic process	ENSMUSG00000029641	Rasl11a	IDA
CRE upregulated	GO:0044238	primary metabolic process	ENSMUSG00000031628	Casp3	IDA, ISS, ISO, IBA, RCA, IEA
CRE upregulated	GO:0044238	primary metabolic process	ENSMUSG00000025408	Ddit3	IDA, IMP, IGI, ISS, ISO, IBA, NAS, IEA
CRE upregulated	GO:0044238	primary metabolic process	ENSMUSG00000010755	Cars1	ISS, IBA, IEA
CRE upregulated	GO:0044238	primary metabolic process	ENSMUSG00000040435	Ppp1r15a	IDA, ISO, IEA
CRE upregulated	GO:0044238	primary metabolic process	ENSMUSG00000032078	Zpr1	IMP, ISS, IEA
CRE upregulated	GO:0044238	primary metabolic process	ENSMUSG00000001847	Rac1	ISS, ISO
CRE upregulated	GO:0044238	primary metabolic process	ENSMUSG00000042121	Ssh1	ISO, IEA
CRE upregulated	GO:0044238	primary metabolic process	ENSMUSG00000050271	Prag1	IEA
CRE upregulated	GO:0044238	primary metabolic process	ENSMUSG00000033316	Galnt9	IBA, IEA
CRE upregulated	GO:0044238	primary metabolic process	ENSMUSG00000018909	Arrb1	IMP, ISS, ISO, IEA
CRE upregulated	GO:0044238	primary metabolic process	ENSMUSG00000020248	Nfyb	IDA, ISO, IBA, IEA
CRE upregulated	GO:0044238	primary metabolic process	ENSMUSG00000024349	Sting1	IDA, IEA
CRE upregulated	GO:0044238	primary metabolic process	ENSMUSG00000030057	Cnbp	IDA, IBA, IEA
CRE upregulated	GO:0044238	primary metabolic process	ENSMUSG00000020064	Herc4	IBA, TAS, IEA
CRE upregulated	GO:0044238	primary metabolic process	ENSMUSG00000026317	Cln8	IMP, ISS, IBA, IEA
CRE upregulated	GO:0044238	primary metabolic process	ENSMUSG00000074115	Saa1	IDA
CRE upregulated	GO:0044238	primary metabolic process	ENSMUSG00000044667	Plppr4	ISO, IBA, IEA
CRE upregulated	GO:0044238	primary metabolic process	ENSMUSG00000033955	Tnks1bp1	IBA, IEA
CRE upregulated	GO:0044238	primary metabolic process	ENSMUSG00000028145	Them4	ISS, IEA
CRE upregulated	GO:0044238	primary metabolic process	ENSMUSG00000026107	Nabp1	ISS, ISO, IBA, IEA
CRE upregulated	GO:0044238	primary metabolic process	ENSMUSG00000024360	Etf1	ISO, IBA, IEA
CRE upregulated	GO:0044238	primary metabolic process	ENSMUSG00000027455	Nsfl1c	IBA
CRE upregulated	GO:0044238	primary metabolic process	ENSMUSG00000054008	Ndst1	IDA, IMP, ISO, IEA
CRE upregulated	GO:0044238	primary metabolic process	ENSMUSG00000057531	Dtnbp1	IMP, ISO
CRE upregulated	GO:0044238	primary metabolic process	ENSMUSG00000058355	Abce1	ISS, IBA, IEA
CRE upregulated	GO:0044238	primary metabolic process	ENSMUSG00000000134	Tfe3	IDA, IMP, IBA, IEA
CRE upregulated	GO:0044238	primary metabolic process	ENSMUSG00000008393	Carhsp1	IMP, IBA, IEA
CRE upregulated	GO:0044238	primary metabolic process	ENSMUSG00000004768	Rab23	IEA
CRE upregulated	GO:0044238	primary metabolic process	ENSMUSG00000015837	Sqstm1	IDA, IMP, ISS, ISO, IEA
CRE upregulated	GO:0044238	primary metabolic process	ENSMUSG00000028901	Gmeb1	IDA, IBA
CRE upregulated	GO:0044238	primary metabolic process	ENSMUSG00000030677	Kif22	IEA
CRE upregulated	GO:0044238	primary metabolic process	ENSMUSG00000030309	Caprin2	IEA
CRE upregulated	GO:0044238	primary metabolic process	ENSMUSG00000029131	Dnajb6	IDA, ISO, IBA, IEA
CRE upregulated	GO:0044238	primary metabolic process	ENSMUSG00000036737	Oxsr1	IGI, ISS, IEA
CRE upregulated	GO:0044238	primary metabolic process	ENSMUSG00000037580	Gch1	ISO, IEA
CRE upregulated	GO:0044238	primary metabolic process	ENSMUSG00000023286	Ube2j2	ISS, IBA, IEA
CRE upregulated	GO:0044238	primary metabolic process	ENSMUSG00000023087	Noct	IMP, IGI, ISS, IEA
CRE upregulated	GO:0044238	primary metabolic process	ENSMUSG00000017428	Psmd11	ISS, IBA, IEA
CRE upregulated	GO:0044238	primary metabolic process	ENSMUSG00000044626	Liph	IBA, IEA
CRE upregulated	GO:0044238	primary metabolic process	ENSMUSG00000001627	Ifrd1	ISO
CRE upregulated	GO:0044238	primary metabolic process	ENSMUSG00000036057	Ptpn23	ISS, IBA, IEA
CRE upregulated	GO:0044238	primary metabolic process	ENSMUSG00000020015	Cdk17	IEA
CRE upregulated	GO:0044238	primary metabolic process	ENSMUSG00000022433	Csnk1e	IDA, IMP, IGI, ISO, IBA, IEA
CRE upregulated	GO:0044238	primary metabolic process	ENSMUSG00000022346	Myc	IDA, IMP, IGI, ISS, ISO, IBA, IEA
CRE upregulated	GO:0044238	primary metabolic process	ENSMUSG00000053113	Socs3	IDA, IBA, IEA
CRE upregulated	GO:0044238	primary metabolic process	ENSMUSG00000036437	Npy1r	IMP
CRE upregulated	GO:0044238	primary metabolic process	ENSMUSG00000035572	Dcaf10	IEA
CRE upregulated	GO:0044238	primary metabolic process	ENSMUSG00000005813	Metap1	IDA, IEA
CRE upregulated	GO:0044238	primary metabolic process	ENSMUSG00000027954	Efna1	IDA, IMP, IEA
CRE upregulated	GO:0044238	primary metabolic process	ENSMUSG00000026247	Ecel1	IBA, IEA
CRE upregulated	GO:0044238	primary metabolic process	ENSMUSG00000024789	Jak2	IDA, IGI, ISS, IEA
CRE upregulated	GO:0044238	primary metabolic process	ENSMUSG00000010095	Slc3a2	IEA
CRE upregulated	GO:0044238	primary metabolic process	ENSMUSG00000004040	ENSMUSG00000004040	IDA, IMP, IGI, ISO, IBA, NAS, IEA
CRE upregulated	GO:0044238	primary metabolic process	ENSMUSG00000042292	Mrtfa	IDA, ISS, ISO, IBA, IEA
CRE upregulated	GO:0044238	primary metabolic process	ENSMUSG00000061589	Dot1l	ISO, IBA, IEA
CRE upregulated	GO:0044238	primary metabolic process	ENSMUSG00000025178	Pi4k2a	ISS, IBA, IEA
CRE upregulated	GO:0044238	primary metabolic process	ENSMUSG00000022555	Dgat1	IDA, IMP, ISO, IBA, IEA
CRE upregulated	GO:0044238	primary metabolic process	ENSMUSG00000020027	Socs2	ISS, IBA, IEA
CRE upregulated	GO:0044238	primary metabolic process	ENSMUSG00000029578	Wipi2	IBA
CRE upregulated	GO:0044238	primary metabolic process	ENSMUSG00000109511	Nup62	IMP, IEA
CRE upregulated	GO:0044238	primary metabolic process	ENSMUSG00000035778	Ggta1	IBA, IEA
CRE upregulated	GO:0044238	primary metabolic process	ENSMUSG00000029135	Fosl2	IDA, IMP, ISO, IBA, IEA
CRE upregulated	GO:0044238	primary metabolic process	ENSMUSG00000020395	Itk	IMP, IEA
CRE upregulated	GO:0044238	primary metabolic process	ENSMUSG00000036990	Otud4	IDA, ISS, IBA, IEA
CRE upregulated	GO:0044238	primary metabolic process	ENSMUSG00000047554	Tmem41b	IEA
CRE upregulated	GO:0044238	primary metabolic process	ENSMUSG00000018143	Mafk	IDA, IBA, IEA
CRE upregulated	GO:0044238	primary metabolic process	ENSMUSG00000037722	Gnpnat1	IMP, TAS, IEA
CRE upregulated	GO:0044238	primary metabolic process	ENSMUSG00000029826	Zc3hav1	ISS, ISO, IBA, IEA
CRE upregulated	GO:0044238	primary metabolic process	ENSMUSG00000050335	Lgals3	IEA
CRE upregulated	GO:0044238	primary metabolic process	ENSMUSG00000037851	Iars1	IDA, ISO, IBA, IEA
CRE upregulated	GO:0044238	primary metabolic process	ENSMUSG00000047649	Polr1g	IDA, IEA
CRE upregulated	GO:0044238	primary metabolic process	ENSMUSG00000028255	Clca1	IEA
CRE upregulated	GO:0044238	primary metabolic process	ENSMUSG00000024190	Dusp1	IMP, ISS, ISO, IEA
CRE upregulated	GO:0044238	primary metabolic process	ENSMUSG00000063919	Srrm4	IDA, IMP, ISS, IBA, IEA
CRE upregulated	GO:0044238	primary metabolic process	ENSMUSG00000032307	Ube2q2	ISS, IBA, IEA
CRE upregulated	GO:0044238	primary metabolic process	ENSMUSG00000030223	ENSMUSG00000030223	IDA, IEA
CRE upregulated	GO:0044238	primary metabolic process	ENSMUSG00000035236	Scai	IEA
CRE upregulated	GO:0044238	primary metabolic process	ENSMUSG00000027797	Dclk1	IEA
CRE upregulated	GO:0044238	primary metabolic process	ENSMUSG00000031960	Aars1	IDA, IMP, ISO, IBA, IEA
CRE upregulated	GO:0044238	primary metabolic process	ENSMUSG00000020358	Hnrnpab	IDA, IGI, ISO, IEA
CRE upregulated	GO:0044238	primary metabolic process	ENSMUSG00000059866	Tnip2	ISS, IBA, IEA
CRE upregulated	GO:0044238	primary metabolic process	ENSMUSG00000004865	ENSMUSG00000004865	IDA, IBA, IEA
CRE upregulated	GO:0044238	primary metabolic process	ENSMUSG00000041594	ENSMUSG00000041594	ISS, IBA, IEA
CRE upregulated	GO:0044238	primary metabolic process	ENSMUSG00000027806	Tsc22d2	IEA
CRE upregulated	GO:0044238	primary metabolic process	ENSMUSG00000017615	Tnfaip1	ISS, ISO, IBA, IEA
CRE upregulated	GO:0044238	primary metabolic process	ENSMUSG00000033545	Znrf1	IDA, IBA, IEA
CRE upregulated	GO:0044238	primary metabolic process	ENSMUSG00000057421	Las1l	ISS, IBA, IEA
CRE upregulated	GO:0044238	primary metabolic process	ENSMUSG00000040033	ENSMUSG00000040033	IEA
CRE upregulated	GO:0044238	primary metabolic process	ENSMUSG00000021360	ENSMUSG00000021360	IEA
CRE upregulated	GO:0044238	primary metabolic process	ENSMUSG00000059316	Slc27a4	IDA, IMP, IBA, TAS, IEA
CRE upregulated	GO:0044238	primary metabolic process	ENSMUSG00000050747	Trim15	IBA
CRE upregulated	GO:0044238	primary metabolic process	ENSMUSG00000024803	Ankrd1	IDA, ISO, IBA, IEA
CRE upregulated	GO:0044238	primary metabolic process	ENSMUSG00000018565	Elp5	IBA, IEA
CRE upregulated	GO:0044238	primary metabolic process	ENSMUSG00000038733	Wdr26	IBA
CRE upregulated	GO:0044238	primary metabolic process	ENSMUSG00000019188	ENSMUSG00000019188	ISS, IBA, IEA
CRE upregulated	GO:0044238	primary metabolic process	ENSMUSG00000032497	Lrrfip2	IEA
CRE upregulated	GO:0044238	primary metabolic process	ENSMUSG00000024912	Fosl1	ISO, IBA, IEA
CRE upregulated	GO:0044238	primary metabolic process	ENSMUSG00000024927	Rela	IDA, IMP, ISS, ISO, IBA, TAS, IEA
CRE upregulated	GO:0044238	primary metabolic process	ENSMUSG00000038335	Tsr1	IBA
CRE upregulated	GO:0044238	primary metabolic process	ENSMUSG00000029458	ENSMUSG00000029458	IBA, IEA
CRE upregulated	GO:0044238	primary metabolic process	ENSMUSG00000042608	Stk40	IMP, IEA
CRE upregulated	GO:0044238	primary metabolic process	ENSMUSG00000053716	Dusp7	IEA
CRE upregulated	GO:0044238	primary metabolic process	ENSMUSG00000023232	ENSMUSG00000023232	ISO
CRE upregulated	GO:0044238	primary metabolic process	ENSMUSG00000038591	Colec10	IEA
CRE upregulated	GO:0044238	primary metabolic process	ENSMUSG00000027692	Tnik	ISS, IEA
CRE upregulated	GO:0044238	primary metabolic process	ENSMUSG00000003435	ENSMUSG00000003435	ISO, IBA, IEA
CRE upregulated	GO:0044238	primary metabolic process	ENSMUSG00000027952	Pmvk	ISO, IBA, IEA
CRE upregulated	GO:0044238	primary metabolic process	ENSMUSG00000055044	Pdlim1	IDA, IEA
CRE upregulated	GO:0044238	primary metabolic process	ENSMUSG00000024238	Zeb1	IDA, IMP, IGI, ISS, ISO, IBA, IEA
CRE upregulated	GO:0044238	primary metabolic process	ENSMUSG00000026718	ENSMUSG00000026718	IBA
CRE upregulated	GO:0044238	primary metabolic process	ENSMUSG00000026078	Pdcl3	ISO, IBA, IEA
CRE upregulated	GO:0044238	primary metabolic process	ENSMUSG00000028893	Sesn2	IMP, IGI, IEA
CRE upregulated	GO:0044238	primary metabolic process	ENSMUSG00000025279	ENSMUSG00000025279	IDA, IBA, IEA
CRE upregulated	GO:0044238	primary metabolic process	ENSMUSG00000046598	ENSMUSG00000046598	IBA, IEA
CRE upregulated	GO:0044238	primary metabolic process	ENSMUSG00000038861	Pi4kb	IBA, IEA
CRE upregulated	GO:0044238	primary metabolic process	ENSMUSG00000024947	Men1	IDA, IMP, IGI, ISO, IBA, IEA
CRE upregulated	GO:0044238	primary metabolic process	ENSMUSG00000029071	ENSMUSG00000029071	IDA, IGI, IEA
CRE upregulated	GO:0044238	primary metabolic process	ENSMUSG00000036894	Rap2b	IDA, IEA
CRE upregulated	GO:0044238	primary metabolic process	ENSMUSG00000022125	Cln5	ISS, IEA
CRE upregulated	GO:0044238	primary metabolic process	ENSMUSG00000040433	Zbtb38	ISO, IBA, IEA
CRE upregulated	GO:0044238	primary metabolic process	ENSMUSG00000037514	Pank2	IMP, IGI, IBA, IEA
CRE upregulated	GO:0044238	primary metabolic process	ENSMUSG00000032902	Slc16a1	IMP
CRE upregulated	GO:0044238	primary metabolic process	ENSMUSG00000032715	Trib3	IDA, IMP, ISS, IBA, TAS, IC, IEA
CRE upregulated	GO:0044238	primary metabolic process	ENSMUSG00000024777	ENSMUSG00000024777	ISO, IEA
CRE upregulated	GO:0044238	primary metabolic process	ENSMUSG00000024335	Brd2	IDA, ISS, IBA, IEA
CRE upregulated	GO:0044238	primary metabolic process	ENSMUSG00000026074	Map4k4	IEA
CRE upregulated	GO:0044238	primary metabolic process	ENSMUSG00000040365	Trim41	ISS, IBA, IEA
CRE upregulated	GO:0044238	primary metabolic process	ENSMUSG00000048047	Zbtb33	ISS, ISA, IBA, IEA
CRE upregulated	GO:0044238	primary metabolic process	ENSMUSG00000020547	Bzw2	ISS, IEA
CRE upregulated	GO:0044238	primary metabolic process	ENSMUSG00000020694	ENSMUSG00000020694	ISS, IEA
CRE upregulated	GO:0044238	primary metabolic process	ENSMUSG00000028466	Creb3	IEA
CRE upregulated	GO:0044238	primary metabolic process	ENSMUSG00000031168	ENSMUSG00000031168	IMP, ISS, ISO, IBA, IC, IEA
CRE upregulated	GO:0044238	primary metabolic process	ENSMUSG00000037876	Jmjd1c	IBA
CRE upregulated	GO:0044238	primary metabolic process	ENSMUSG00000022526	Zfp251	IBA, IEA
CRE upregulated	GO:0044238	primary metabolic process	ENSMUSG00000025007	Aldh18a1	ISS, TAS, IEA
CRE upregulated	GO:0044238	primary metabolic process	ENSMUSG00000071637	Cebpd	IDA, ISO, IBA, IEA
CRE upregulated	GO:0044238	primary metabolic process	ENSMUSG00000066441	ENSMUSG00000066441	IMP, ISS, ISO, IEA
CRE upregulated	GO:0044238	primary metabolic process	ENSMUSG00000025162	ENSMUSG00000025162	IDA, IMP, IGI, ISS, IBA, IEA
CRE upregulated	GO:0044238	primary metabolic process	ENSMUSG00000028811	ENSMUSG00000028811	IEA
CRE upregulated	GO:0044238	primary metabolic process	ENSMUSG00000010660	Plcd1	ISS, ISO, IBA, IEA
CRE upregulated	GO:0044238	primary metabolic process	ENSMUSG00000015776	Med22	NAS, IEA
CRE upregulated	GO:0044238	primary metabolic process	ENSMUSG00000031278	ENSMUSG00000031278	ISS, ISO, IBA, TAS, IEA
CRE upregulated	GO:0044238	primary metabolic process	ENSMUSG00000031668	ENSMUSG00000031668	IEA
CRE upregulated	GO:0044238	primary metabolic process	ENSMUSG00000028233	ENSMUSG00000028233	IBA, IEA
CRE upregulated	GO:0044238	primary metabolic process	ENSMUSG00000053175	Bcl3	IDA, IBA, IEA
CRE upregulated	GO:0044238	primary metabolic process	ENSMUSG00000068739	ENSMUSG00000068739	ISS, IBA, IEA
CRE upregulated	GO:0044238	primary metabolic process	ENSMUSG00000059796	Eif4a1	ISS, IBA, NAS, IEA
CRE upregulated	GO:0044238	primary metabolic process	ENSMUSG00000032599	ENSMUSG00000032599	IMP, IBA, IEA
CRE upregulated	GO:0044238	primary metabolic process	ENSMUSG00000036693	ENSMUSG00000036693	IBA, IEA
CRE upregulated	GO:0044238	primary metabolic process	ENSMUSG00000030199	Etv6	IDA, IBA, IEA
CRE upregulated	GO:0044238	primary metabolic process	ENSMUSG00000003154	Foxj2	IBA, IEA
CRE upregulated	GO:0044238	primary metabolic process	ENSMUSG00000040857	Erf	IEA
CRE upregulated	GO:0044238	primary metabolic process	ENSMUSG00000020349	ENSMUSG00000020349	IMP, ISS, ISO
CRE upregulated	GO:0044238	primary metabolic process	ENSMUSG00000026773	ENSMUSG00000026773	IEA
CRE upregulated	GO:0044238	primary metabolic process	ENSMUSG00000023307	Marchf5	ISS, IBA, IEA
CRE upregulated	GO:0044238	primary metabolic process	ENSMUSG00000025340	Rabgef1	IMP
CRE upregulated	GO:0044238	primary metabolic process	ENSMUSG00000039108	ENSMUSG00000039108	IMP, IEA
CRE upregulated	GO:0044238	primary metabolic process	ENSMUSG00000029752	ENSMUSG00000029752	ISO, IBA, IEA
CRE upregulated	GO:0044238	primary metabolic process	ENSMUSG00000021587	Pcsk1	IDA, IMP, ISO, IBA, IEA
CRE upregulated	GO:0044238	primary metabolic process	ENSMUSG00000033159	ENSMUSG00000033159	IEA
CRE upregulated	GO:0044238	primary metabolic process	ENSMUSG00000028599	Tnfrsf1b	IMP, IBA, IEA
CRE upregulated	GO:0044238	primary metabolic process	ENSMUSG00000033350	Chst2	IEA
CRE upregulated	GO:0044238	primary metabolic process	ENSMUSG00000004530	ENSMUSG00000004530	IEA
CRE upregulated	GO:0044238	primary metabolic process	ENSMUSG00000027605	Acss2	IDA, ISO, IBA, IEA
CRE upregulated	GO:0044238	primary metabolic process	ENSMUSG00000018648	Dusp14	IEA
CRE upregulated	GO:0044238	primary metabolic process	ENSMUSG00000036180	ENSMUSG00000036180	ISS, IBA, NAS, IEA
CRE upregulated	GO:0044238	primary metabolic process	ENSMUSG00000011877	Git1	IMP
CRE upregulated	GO:0044238	primary metabolic process	ENSMUSG00000040046	Tph1	IEA
CRE upregulated	GO:0044238	primary metabolic process	ENSMUSG00000039985	Sinhcaf	NAS
CRE upregulated	GO:0044238	primary metabolic process	ENSMUSG00000009566	Fpgs	IEA
CRE upregulated	GO:0044238	primary metabolic process	ENSMUSG00000025060	ENSMUSG00000025060	ISS, IEA
CRE upregulated	GO:0044238	primary metabolic process	ENSMUSG00000008435	Rdh13	ISS, IBA, IEA
CRE upregulated	GO:0044238	primary metabolic process	ENSMUSG00000055491	ENSMUSG00000055491	IBA
CRE upregulated	GO:0044238	primary metabolic process	ENSMUSG00000062234	ENSMUSG00000062234	IEA
CRE upregulated	GO:0044238	primary metabolic process	ENSMUSG00000052837	ENSMUSG00000052837	IDA, IMP, ISO, IBA, IEA
CRE upregulated	GO:0044238	primary metabolic process	ENSMUSG00000007411	ENSMUSG00000007411	ISS, IEA
CRE upregulated	GO:0044238	primary metabolic process	ENSMUSG00000013483	Card14	ISS
CRE upregulated	GO:0044238	primary metabolic process	ENSMUSG00000028840	Zfp593	IEA
CRE upregulated	GO:0044238	primary metabolic process	ENSMUSG00000047281	ENSMUSG00000047281	IDA
CRE upregulated	GO:0044238	primary metabolic process	ENSMUSG00000021111	ENSMUSG00000021111	IDA, ISS, IEA
CRE upregulated	GO:0044238	primary metabolic process	ENSMUSG00000021796	Bmpr1a	IDA, IMP, IEA
CRE upregulated	GO:0044238	primary metabolic process	ENSMUSG00000031383	Dusp9	IEA
CRE upregulated	GO:0044238	primary metabolic process	ENSMUSG00000028703	ENSMUSG00000028703	IEA
CRE upregulated	GO:0044238	primary metabolic process	ENSMUSG00000019842	ENSMUSG00000019842	IDA, IMP, IEA
CRE upregulated	GO:0044238	primary metabolic process	ENSMUSG00000016534	ENSMUSG00000016534	IMP, IGI, ISS, ISO, IBA, IEA
CRE upregulated	GO:0044238	primary metabolic process	ENSMUSG00000034543	ENSMUSG00000034543	IMP, ISS
CRE upregulated	GO:0044238	primary metabolic process	ENSMUSG00000029110	ENSMUSG00000029110	IDA, ISS, ISO, IBA, IEA
CRE upregulated	GO:0044238	primary metabolic process	ENSMUSG00000021890	ENSMUSG00000021890	ISO, IBA, IEA
CRE upregulated	GO:0044238	primary metabolic process	ENSMUSG00000045763	ENSMUSG00000045763	ISS, IBA, IEA
CRE upregulated	GO:0044238	primary metabolic process	ENSMUSG00000020250	ENSMUSG00000020250	ISO
CRE upregulated	GO:0044238	primary metabolic process	ENSMUSG00000109336	ENSMUSG00000109336	IEA
CRE upregulated	GO:0044238	primary metabolic process	ENSMUSG00000039191	Rbpj	IDA, IMP, IGI, ISS, ISO, IEA
CRE upregulated	GO:0044238	primary metabolic process	ENSMUSG00000000001	ENSMUSG00000000001	ISS, IEA
CRE upregulated	GO:0044238	primary metabolic process	ENSMUSG00000048668	Rhno1	IEA
CRE upregulated	GO:0044238	primary metabolic process	ENSMUSG00000019256	ENSMUSG00000019256	IEA
CRE upregulated	GO:0044238	primary metabolic process	ENSMUSG00000035725	ENSMUSG00000035725	ISS, IEA
CRE upregulated	GO:0044238	primary metabolic process	ENSMUSG00000046962	ENSMUSG00000046962	IBA, IEA
CRE upregulated	GO:0044238	primary metabolic process	ENSMUSG00000019763	ENSMUSG00000019763	ISS, IBA, IEA
CRE upregulated	GO:0044238	primary metabolic process	ENSMUSG00000051316	Taf7	IDA, ISS, ISO, IBA, NAS, IEA
CRE upregulated	GO:0044238	primary metabolic process	ENSMUSG00000001552	ENSMUSG00000001552	IBA
CRE upregulated	GO:0044238	primary metabolic process	ENSMUSG00000017677	Wsb1	IDA, IBA, IEA
CRE upregulated	GO:0044238	primary metabolic process	ENSMUSG00000040463	ENSMUSG00000040463	IDA, ISO, NAS, IEA
CRE upregulated	GO:0044238	primary metabolic process	ENSMUSG00000004099	ENSMUSG00000004099	IDA, IMP
CRE upregulated	GO:0044238	primary metabolic process	ENSMUSG00000022858	ENSMUSG00000022858	IMP, ISS, IBA, IEA
CRE upregulated	GO:0044238	primary metabolic process	ENSMUSG00000027997	Casp6	ISS, RCA, IEA
CRE upregulated	GO:0044238	primary metabolic process	ENSMUSG00000018848	ENSMUSG00000018848	IDA, ISO, IBA, IEA
CRE upregulated	GO:0044238	primary metabolic process	ENSMUSG00000053007	Creb5	IEA
CRE upregulated	GO:0044238	primary metabolic process	ENSMUSG00000023952	ENSMUSG00000023952	IMP, IBA
CRE upregulated	GO:0044238	primary metabolic process	ENSMUSG00000020594	ENSMUSG00000020594	ISS, ISO, IBA, IEA
CRE upregulated	GO:0044238	primary metabolic process	ENSMUSG00000011256	ENSMUSG00000011256	IDA, IMP, IBA, IEA
CRE upregulated	GO:0044238	primary metabolic process	ENSMUSG00000020448	Rnf185	ISS, IBA, IEA
CRE upregulated	GO:0044238	primary metabolic process	ENSMUSG00000053289	ENSMUSG00000053289	IBA
CRE upregulated	GO:0044238	primary metabolic process	ENSMUSG00000000787	ENSMUSG00000000787	IDA, IMP, ISS, IEA
CRE upregulated	GO:0044238	primary metabolic process	ENSMUSG00000008730	Hipk1	ISS, IEA
CRE upregulated	GO:0044238	primary metabolic process	ENSMUSG00000059288	ENSMUSG00000059288	IDA, IEA
CRE upregulated	GO:0044238	primary metabolic process	ENSMUSG00000050022	ENSMUSG00000050022	IEA
CRE upregulated	GO:0044238	primary metabolic process	ENSMUSG00000029310	Nudt9	IDA
CRE upregulated	GO:0044238	primary metabolic process	ENSMUSG00000022948	Setd4	IBA, IEA
CRE upregulated	GO:0044238	primary metabolic process	ENSMUSG00000022094	ENSMUSG00000022094	IMP
CRE upregulated	GO:0044238	primary metabolic process	ENSMUSG00000038676	Ucn	IMP, ISO, IEA
CRE upregulated	GO:0044238	primary metabolic process	ENSMUSG00000059743	ENSMUSG00000059743	ISO, IBA, IEA
CRE upregulated	GO:0044238	primary metabolic process	ENSMUSG00000038467	ENSMUSG00000038467	ISO, IEA
CRE upregulated	GO:0044238	primary metabolic process	ENSMUSG00000066595	ENSMUSG00000066595	ISS, IEA
CRE upregulated	GO:0044238	primary metabolic process	ENSMUSG00000037553	ENSMUSG00000037553	ISS
CRE upregulated	GO:0044238	primary metabolic process	ENSMUSG00000020097	ENSMUSG00000020097	IMP, ISS, IBA, IEA
CRE upregulated	GO:0044238	primary metabolic process	ENSMUSG00000042185	ENSMUSG00000042185	IDA, IMP, ISO, IEA
CRE upregulated	GO:0044238	primary metabolic process	ENSMUSG00000025403	ENSMUSG00000025403	IMP, ISS, ISO, IBA, IEA
CRE upregulated	GO:0044238	primary metabolic process	ENSMUSG00000039372	ENSMUSG00000039372	IEA
CRE upregulated	GO:0044238	primary metabolic process	ENSMUSG00000032508	Myd88	IMP, IEA
CRE upregulated	GO:0044238	primary metabolic process	ENSMUSG00000028370	Pappa	ISO, IBA, IEA
CRE upregulated	GO:0044238	primary metabolic process	ENSMUSG00000026864	ENSMUSG00000026864	IDA, IMP, IBA
CRE upregulated	GO:0044238	primary metabolic process	ENSMUSG00000021072	Tmx1	ISS, IEA
CRE upregulated	GO:0044238	primary metabolic process	ENSMUSG00000002633	Shh	IDA, IMP, IGI, IEA
CRE upregulated	GO:0044238	primary metabolic process	ENSMUSG00000008384	Sertad1	IDA, IGI
CRE upregulated	GO:0044238	primary metabolic process	ENSMUSG00000026209	ENSMUSG00000026209	IEA
CRE upregulated	GO:0044238	primary metabolic process	ENSMUSG00000032540	ENSMUSG00000032540	IDA, IMP, ISS, ISO, IBA, IEA
CRE upregulated	GO:0044238	primary metabolic process	ENSMUSG00000028680	ENSMUSG00000028680	IEA
CRE upregulated	GO:0044238	primary metabolic process	ENSMUSG00000027978	Prss12	IDA, IMP, IBA, IEA
CRE upregulated	GO:0044238	primary metabolic process	ENSMUSG00000003623	ENSMUSG00000003623	IDA, IEA
CRE upregulated	GO:0044238	primary metabolic process	ENSMUSG00000053581	ENSMUSG00000053581	IMP, IBA
CRE upregulated	GO:0044238	primary metabolic process	ENSMUSG00000006344	ENSMUSG00000006344	IDA, IMP, IBA, IEA
CRE upregulated	GO:0044238	primary metabolic process	ENSMUSG00000015357	ENSMUSG00000015357	ISS, IBA, IEA
CRE upregulated	GO:0044238	primary metabolic process	ENSMUSG00000032462	ENSMUSG00000032462	ISS, ISO, IBA, IEA
CRE upregulated	GO:0044238	primary metabolic process	ENSMUSG00000025198	ENSMUSG00000025198	IEA
CRE upregulated	GO:0044238	primary metabolic process	ENSMUSG00000004270	ENSMUSG00000004270	IMP, ISS, IBA, IEA
CRE upregulated	GO:0044238	primary metabolic process	ENSMUSG00000027944	Hax1	IEA
CRE upregulated	GO:0044238	primary metabolic process	ENSMUSG00000039671	ENSMUSG00000039671	IEA
CRE upregulated	GO:0044238	primary metabolic process	ENSMUSG00000029145	ENSMUSG00000029145	ISS, IEA
CRE upregulated	GO:0044238	primary metabolic process	ENSMUSG00000038250	ENSMUSG00000038250	IBA, IEA
CRE upregulated	GO:0044238	primary metabolic process	ENSMUSG00000063952	Brpf3	ISS, IBA, IEA
CRE upregulated	GO:0044238	primary metabolic process	ENSMUSG00000020794	Ube2g1	IDA, ISS, ISO, IBA, IEA
CRE upregulated	GO:0044238	primary metabolic process	ENSMUSG00000040652	ENSMUSG00000040652	IDA, IBA
CRE upregulated	GO:0044238	primary metabolic process	ENSMUSG00000048027	ENSMUSG00000048027	IDA
CRE upregulated	GO:0044238	primary metabolic process	ENSMUSG00000028291	ENSMUSG00000028291	IDA, IMP, ISS, ISO, IBA, IEA
CRE upregulated	GO:0044238	primary metabolic process	ENSMUSG00000037411	Serpine1	IEA
CRE upregulated	GO:0044238	primary metabolic process	ENSMUSG00000032786	ENSMUSG00000032786	IBA
CRE upregulated	GO:0044238	primary metabolic process	ENSMUSG00000078676	ENSMUSG00000078676	ISS, ISO, IEA
CRE upregulated	GO:0044238	primary metabolic process	ENSMUSG00000020340	ENSMUSG00000020340	IEA
CRE upregulated	GO:0044238	primary metabolic process	ENSMUSG00000028382	ENSMUSG00000028382	IMP, IBA, IEA
CRE upregulated	GO:0044238	primary metabolic process	ENSMUSG00000037465	Klf10	IDA, IMP, IBA, IEA
CRE upregulated	GO:0044238	primary metabolic process	ENSMUSG00000038712	ENSMUSG00000038712	IBA, IEA
CRE upregulated	GO:0044238	primary metabolic process	ENSMUSG00000024613	ENSMUSG00000024613	IMP, ISS, IBA, IEA
CRE upregulated	GO:0044238	primary metabolic process	ENSMUSG00000019843	ENSMUSG00000019843	IDA, IMP, IGI, IEA
CRE upregulated	GO:0044238	primary metabolic process	ENSMUSG00000020755	ENSMUSG00000020755	IEA
CRE upregulated	GO:0044238	primary metabolic process	ENSMUSG00000024493	ENSMUSG00000024493	IDA, IBA, IEA
CRE upregulated	GO:0044238	primary metabolic process	ENSMUSG00000027646	ENSMUSG00000027646	IDA, IGI, ISO, IEA
CRE upregulated	GO:0044238	primary metabolic process	ENSMUSG00000024843	ENSMUSG00000024843	IDA, ISS, IBA, IEA
CRE upregulated	GO:0044238	primary metabolic process	ENSMUSG00000020680	ENSMUSG00000020680	IMP, ISO, IEA
CRE upregulated	GO:0044238	primary metabolic process	ENSMUSG00000037306	ENSMUSG00000037306	ISO, IEA
CRE upregulated	GO:0044238	primary metabolic process	ENSMUSG00000021340	ENSMUSG00000021340	IEA
CRE upregulated	GO:0044238	primary metabolic process	ENSMUSG00000033991	ENSMUSG00000033991	ISS, IBA, IEA
CRE upregulated	GO:0044238	primary metabolic process	ENSMUSG00000004698	ENSMUSG00000004698	IEA
CRE upregulated	GO:0044238	primary metabolic process	ENSMUSG00000032501	Trib1	IDA, ISS, IBA, IC, IEA
CRE upregulated	GO:0044238	primary metabolic process	ENSMUSG00000003119	ENSMUSG00000003119	ISS, ISO, IBA, IEA
CRE upregulated	GO:0044238	primary metabolic process	ENSMUSG00000025027	Xpnpep1	ISS, ISO, IEA
CRE upregulated	GO:0044238	primary metabolic process	ENSMUSG00000031642	Sh3rf1	IEA
CRE upregulated	GO:0044238	primary metabolic process	ENSMUSG00000042197	ENSMUSG00000042197	ISS, IBA, IEA
CRE upregulated	GO:0044238	primary metabolic process	ENSMUSG00000055067	ENSMUSG00000055067	IMP
CRE upregulated	GO:0044238	primary metabolic process	ENSMUSG00000026384	Ptpn4	IEA
CRE upregulated	GO:0044238	primary metabolic process	ENSMUSG00000074886	ENSMUSG00000074886	IEA
CRE upregulated	GO:0044238	primary metabolic process	ENSMUSG00000021282	ENSMUSG00000021282	ISO, IBA, IEA
CRE upregulated	GO:0044238	primary metabolic process	ENSMUSG00000031073	Fgf15	IGI, IEA
CRE upregulated	GO:0044238	primary metabolic process	ENSMUSG00000027433	ENSMUSG00000027433	IGI, ISS, IBA, NAS, IEA
CRE upregulated	GO:0044238	primary metabolic process	ENSMUSG00000038205	ENSMUSG00000038205	IEA
CRE upregulated	GO:0044238	primary metabolic process	ENSMUSG00000029762	Akr1b8	IEA
CRE upregulated	GO:0044238	primary metabolic process	ENSMUSG00000015839	Nfe2l2	IDA, IMP, IGI, ISS, ISO, IBA, IEA
CRE upregulated	GO:0044238	primary metabolic process	ENSMUSG00000025236	ENSMUSG00000025236	IEA
CRE upregulated	GO:0044238	primary metabolic process	ENSMUSG00000021477	ENSMUSG00000021477	IDA, IMP, ISS, ISO, IBA, IEA
CRE upregulated	GO:0044238	primary metabolic process	ENSMUSG00000022332	ENSMUSG00000022332	IDA, ISO, IBA, IEA
CRE upregulated	GO:0044238	primary metabolic process	ENSMUSG00000074656	Eif2s2	ISS, IBA, IEA
CRE upregulated	GO:0044238	primary metabolic process	ENSMUSG00000024907	Gal	ISS, ISO, IEA
CRE upregulated	GO:0044238	primary metabolic process	ENSMUSG00000031751	ENSMUSG00000031751	ISS, IBA, IEA
CRE upregulated	GO:0044238	primary metabolic process	ENSMUSG00000046707	ENSMUSG00000046707	ISS, IEA
CRE upregulated	GO:0044238	primary metabolic process	ENSMUSG00000003541	ENSMUSG00000003541	IDA, IMP
CRE upregulated	GO:0044238	primary metabolic process	ENSMUSG00000026994	ENSMUSG00000026994	IDA, IMP, IBA, IEA
CRE upregulated	GO:0044238	primary metabolic process	ENSMUSG00000024287	ENSMUSG00000024287	IEA
CRE upregulated	GO:0044238	primary metabolic process	ENSMUSG00000024026	ENSMUSG00000024026	IDA
CRE upregulated	GO:0044238	primary metabolic process	ENSMUSG00000029475	ENSMUSG00000029475	IDA, IMP, IBA
CRE upregulated	GO:2000147	positive regulation of cell motility	ENSMUSG00000052684	Jun	IMP
CRE upregulated	GO:2000147	positive regulation of cell motility	ENSMUSG00000019647	Sema6a	IMP, IBA
CRE upregulated	GO:2000147	positive regulation of cell motility	ENSMUSG00000004951	Hspb1	IEA
CRE upregulated	GO:2000147	positive regulation of cell motility	ENSMUSG00000025473	Adam8	IMP, IBA, IEA
CRE upregulated	GO:2000147	positive regulation of cell motility	ENSMUSG00000014599	Csf1	IGI, ISO, IEA
CRE upregulated	GO:2000147	positive regulation of cell motility	ENSMUSG00000006304	Arpc2	ISO
CRE upregulated	GO:2000147	positive regulation of cell motility	ENSMUSG00000026836	Acvr1	IEA
CRE upregulated	GO:2000147	positive regulation of cell motility	ENSMUSG00000068566	Myadm	IEA
CRE upregulated	GO:2000147	positive regulation of cell motility	ENSMUSG00000038894	Irs2	IGI
CRE upregulated	GO:2000147	positive regulation of cell motility	ENSMUSG00000030678	Maz	IEA
CRE upregulated	GO:2000147	positive regulation of cell motility	ENSMUSG00000025809	Itgb1	ISS, ISO, IEA
CRE upregulated	GO:2000147	positive regulation of cell motility	ENSMUSG00000002233	Rhoc	IEA
CRE upregulated	GO:2000147	positive regulation of cell motility	ENSMUSG00000022607	Ptk2	ISS, ISO, IBA
CRE upregulated	GO:2000147	positive regulation of cell motility	ENSMUSG00000020580	Rock2	IEA
CRE upregulated	GO:2000147	positive regulation of cell motility	ENSMUSG00000001507	Itga3	ISO, IEA
CRE upregulated	GO:2000147	positive regulation of cell motility	ENSMUSG00000055723	Rras2	IGI
CRE upregulated	GO:2000147	positive regulation of cell motility	ENSMUSG00000001847	Rac1	IMP, IEA
CRE upregulated	GO:2000147	positive regulation of cell motility	ENSMUSG00000042121	Ssh1	ISO, IEA
CRE upregulated	GO:2000147	positive regulation of cell motility	ENSMUSG00000036737	Oxsr1	IMP, IBA, IEA
CRE upregulated	GO:2000147	positive regulation of cell motility	ENSMUSG00000031955	Bcar1	ISS, IEA
CRE upregulated	GO:2000147	positive regulation of cell motility	ENSMUSG00000015316	Slamf1	IMP
CRE upregulated	GO:2000147	positive regulation of cell motility	ENSMUSG00000022346	Myc	ISO
CRE upregulated	GO:2000147	positive regulation of cell motility	ENSMUSG00000026072	Il1r1	IMP, ISO
CRE upregulated	GO:2000147	positive regulation of cell motility	ENSMUSG00000024789	Jak2	ISS, ISO, IEA
CRE upregulated	GO:2000147	positive regulation of cell motility	ENSMUSG00000004040	ENSMUSG00000004040	IEA
CRE upregulated	GO:2000147	positive regulation of cell motility	ENSMUSG00000050335	Lgals3	IEA
CRE upregulated	GO:2000147	positive regulation of cell motility	ENSMUSG00000021360	ENSMUSG00000021360	IEA
CRE upregulated	GO:2000147	positive regulation of cell motility	ENSMUSG00000018565	Elp5	IMP
CRE upregulated	GO:2000147	positive regulation of cell motility	ENSMUSG00000064210	ENSMUSG00000064210	IMP, IEA
CRE upregulated	GO:2000147	positive regulation of cell motility	ENSMUSG00000028466	Creb3	IEA
CRE upregulated	GO:2000147	positive regulation of cell motility	ENSMUSG00000044147	Arf6	IMP
CRE upregulated	GO:2000147	positive regulation of cell motility	ENSMUSG00000028434	Epb41l4b	IEA
CRE upregulated	GO:2000147	positive regulation of cell motility	ENSMUSG00000026864	ENSMUSG00000026864	ISS, IEA
CRE upregulated	GO:2000147	positive regulation of cell motility	ENSMUSG00000002633	Shh	ISO
CRE upregulated	GO:2000147	positive regulation of cell motility	ENSMUSG00000032462	ENSMUSG00000032462	IGI, IEA
CRE upregulated	GO:2000147	positive regulation of cell motility	ENSMUSG00000056050	ENSMUSG00000056050	IEA
CRE upregulated	GO:2000147	positive regulation of cell motility	ENSMUSG00000037411	Serpine1	IEA
CRE upregulated	GO:2000147	positive regulation of cell motility	ENSMUSG00000027646	ENSMUSG00000027646	ISO, IEA
CRE upregulated	GO:2000147	positive regulation of cell motility	ENSMUSG00000052316	ENSMUSG00000052316	IEA
CRE upregulated	GO:2000147	positive regulation of cell motility	ENSMUSG00000021340	ENSMUSG00000021340	IEA
CRE upregulated	GO:2000147	positive regulation of cell motility	ENSMUSG00000004698	ENSMUSG00000004698	IEA
CRE upregulated	GO:2000147	positive regulation of cell motility	ENSMUSG00000046761	ENSMUSG00000046761	ISS, IBA, IEA
CRE upregulated	GO:2000147	positive regulation of cell motility	ENSMUSG00000015839	Nfe2l2	ISO, IEA
CRE upregulated	GO:2000147	positive regulation of cell motility	ENSMUSG00000000627	ENSMUSG00000000627	IBA
CRE upregulated	GO:0006355	regulation of DNA-templated transcription	ENSMUSG00000026628	Atf3	IDA, IGI, ISO, IBA, IEA
CRE upregulated	GO:0006355	regulation of DNA-templated transcription	ENSMUSG00000036390	Gadd45a	IEA
CRE upregulated	GO:0006355	regulation of DNA-templated transcription	ENSMUSG00000052684	Jun	IDA, IMP, IGI, ISS, ISO, IBA, NAS, IEA
CRE upregulated	GO:0006355	regulation of DNA-templated transcription	ENSMUSG00000063632	Sox11	IDA, IMP, ISO, IBA, IEA
CRE upregulated	GO:0006355	regulation of DNA-templated transcription	ENSMUSG00000056749	Nfil3	IDA, IMP, IBA, IEA
CRE upregulated	GO:0006355	regulation of DNA-templated transcription	ENSMUSG00000024143	Rhoq	IEA
CRE upregulated	GO:0006355	regulation of DNA-templated transcription	ENSMUSG00000022895	Ets2	ISO, IBA, IEA
CRE upregulated	GO:0006355	regulation of DNA-templated transcription	ENSMUSG00000037447	Arid5a	IGI, IBA, IEA
CRE upregulated	GO:0006355	regulation of DNA-templated transcription	ENSMUSG00000032515	Csrnp1	IDA, IMP, IBA
CRE upregulated	GO:0006355	regulation of DNA-templated transcription	ENSMUSG00000021765	Fst	IEA
CRE upregulated	GO:0006355	regulation of DNA-templated transcription	ENSMUSG00000030256	Bhlhe41	IDA, IBA, TAS, IEA
CRE upregulated	GO:0006355	regulation of DNA-templated transcription	ENSMUSG00000025612	Bach1	IDA, ISS, IBA, IEA
CRE upregulated	GO:0006355	regulation of DNA-templated transcription	ENSMUSG00000000078	Klf6	IEA
CRE upregulated	GO:0006355	regulation of DNA-templated transcription	ENSMUSG00000058093	Zfp729b	IBA, IEA
CRE upregulated	GO:0006355	regulation of DNA-templated transcription	ENSMUSG00000044934	Zfp367	ISO, IBA, IEA
CRE upregulated	GO:0006355	regulation of DNA-templated transcription	ENSMUSG00000030272	Camk1	IEA
CRE upregulated	GO:0006355	regulation of DNA-templated transcription	ENSMUSG00000001542	Ell2	ISO, IBA
CRE upregulated	GO:0006355	regulation of DNA-templated transcription	ENSMUSG00000031681	Smad1	IDA, IMP, IGI, IBA, IEA
CRE upregulated	GO:0006355	regulation of DNA-templated transcription	ENSMUSG00000035673	Sbno2	IMP, IBA, IEA
CRE upregulated	GO:0006355	regulation of DNA-templated transcription	ENSMUSG00000033060	Lmo7	IDA, ISS, ISO
CRE upregulated	GO:0006355	regulation of DNA-templated transcription	ENSMUSG00000003644	Rps6ka1	ISO, IBA, IEA
CRE upregulated	GO:0006355	regulation of DNA-templated transcription	ENSMUSG00000026836	Acvr1	IMP, IEA
CRE upregulated	GO:0006355	regulation of DNA-templated transcription	ENSMUSG00000024256	Adcyap1	ISS, ISO, IEA
CRE upregulated	GO:0006355	regulation of DNA-templated transcription	ENSMUSG00000034832	Tet3	ISS, IBA, IEA
CRE upregulated	GO:0006355	regulation of DNA-templated transcription	ENSMUSG00000002250	Ppard	IDA, ISS, IBA, IEA
CRE upregulated	GO:0006355	regulation of DNA-templated transcription	ENSMUSG00000037638	Zbtb42	IDA, IBA
CRE upregulated	GO:0006355	regulation of DNA-templated transcription	ENSMUSG00000066838	Zfp772	IBA, IEA
CRE upregulated	GO:0006355	regulation of DNA-templated transcription	ENSMUSG00000007812	Zfp655	IBA, IEA
CRE upregulated	GO:0006355	regulation of DNA-templated transcription	ENSMUSG00000042507	Mideas	IBA
CRE upregulated	GO:0006355	regulation of DNA-templated transcription	ENSMUSG00000026796	Niban2	IEA
CRE upregulated	GO:0006355	regulation of DNA-templated transcription	ENSMUSG00000027583	Zbtb46	IDA, IBA, IEA
CRE upregulated	GO:0006355	regulation of DNA-templated transcription	ENSMUSG00000030678	Maz	IEA
CRE upregulated	GO:0006355	regulation of DNA-templated transcription	ENSMUSG00000053436	Mapk14	IDA, IMP, ISO
CRE upregulated	GO:0006355	regulation of DNA-templated transcription	ENSMUSG00000025239	Limd1	ISS, IBA, IEA
CRE upregulated	GO:0006355	regulation of DNA-templated transcription	ENSMUSG00000048490	Nrip1	IDA, IBA, IEA
CRE upregulated	GO:0006355	regulation of DNA-templated transcription	ENSMUSG00000022096	Hr	IDA, IBA
CRE upregulated	GO:0006355	regulation of DNA-templated transcription	ENSMUSG00000013089	Etv5	IDA, IBA, IEA
CRE upregulated	GO:0006355	regulation of DNA-templated transcription	ENSMUSG00000025746	Il6	IDA, IGI, ISO
CRE upregulated	GO:0006355	regulation of DNA-templated transcription	ENSMUSG00000032231	Anxa2	IDA
CRE upregulated	GO:0006355	regulation of DNA-templated transcription	ENSMUSG00000032280	Tle3	ISO, IEA
CRE upregulated	GO:0006355	regulation of DNA-templated transcription	ENSMUSG00000055994	Nod2	ISS, IEA
CRE upregulated	GO:0006355	regulation of DNA-templated transcription	ENSMUSG00000024014	Pim1	IMP
CRE upregulated	GO:0006355	regulation of DNA-templated transcription	ENSMUSG00000063889	Crem	IGI, IBA, IEA
CRE upregulated	GO:0006355	regulation of DNA-templated transcription	ENSMUSG00000042406	Atf4	IDA, IMP, IGI, ISS, ISO, IBA, IEA
CRE upregulated	GO:0006355	regulation of DNA-templated transcription	ENSMUSG00000023079	Gtf2ird1	IEA
CRE upregulated	GO:0006355	regulation of DNA-templated transcription	ENSMUSG00000020271	Fbxw11	IMP
CRE upregulated	GO:0006355	regulation of DNA-templated transcription	ENSMUSG00000029641	Rasl11a	IDA
CRE upregulated	GO:0006355	regulation of DNA-templated transcription	ENSMUSG00000025408	Ddit3	IDA, IMP, IGI, ISS, ISO, IBA, NAS, IEA
CRE upregulated	GO:0006355	regulation of DNA-templated transcription	ENSMUSG00000040435	Ppp1r15a	IDA
CRE upregulated	GO:0006355	regulation of DNA-templated transcription	ENSMUSG00000018909	Arrb1	ISO, IEA
CRE upregulated	GO:0006355	regulation of DNA-templated transcription	ENSMUSG00000020248	Nfyb	IDA, ISO, IBA, IEA
CRE upregulated	GO:0006355	regulation of DNA-templated transcription	ENSMUSG00000024349	Sting1	IDA, IEA
CRE upregulated	GO:0006355	regulation of DNA-templated transcription	ENSMUSG00000030057	Cnbp	IDA, IEA
CRE upregulated	GO:0006355	regulation of DNA-templated transcription	ENSMUSG00000000134	Tfe3	IDA, IMP, IBA, IEA
CRE upregulated	GO:0006355	regulation of DNA-templated transcription	ENSMUSG00000015837	Sqstm1	IMP
CRE upregulated	GO:0006355	regulation of DNA-templated transcription	ENSMUSG00000028901	Gmeb1	IDA, IBA
CRE upregulated	GO:0006355	regulation of DNA-templated transcription	ENSMUSG00000029131	Dnajb6	IDA
CRE upregulated	GO:0006355	regulation of DNA-templated transcription	ENSMUSG00000001627	Ifrd1	ISO
CRE upregulated	GO:0006355	regulation of DNA-templated transcription	ENSMUSG00000022346	Myc	IDA, IMP, IGI, ISS, ISO, IBA, IEA
CRE upregulated	GO:0006355	regulation of DNA-templated transcription	ENSMUSG00000027954	Efna1	IMP
CRE upregulated	GO:0006355	regulation of DNA-templated transcription	ENSMUSG00000024789	Jak2	IGI, ISS
CRE upregulated	GO:0006355	regulation of DNA-templated transcription	ENSMUSG00000004040	ENSMUSG00000004040	IDA, IMP, IGI, ISO, IBA, NAS, IEA
CRE upregulated	GO:0006355	regulation of DNA-templated transcription	ENSMUSG00000042292	Mrtfa	IDA, ISS, ISO, IBA, IEA
CRE upregulated	GO:0006355	regulation of DNA-templated transcription	ENSMUSG00000061589	Dot1l	ISO, IEA
CRE upregulated	GO:0006355	regulation of DNA-templated transcription	ENSMUSG00000109511	Nup62	IEA
CRE upregulated	GO:0006355	regulation of DNA-templated transcription	ENSMUSG00000029135	Fosl2	IDA, IMP, ISO, IBA, IEA
CRE upregulated	GO:0006355	regulation of DNA-templated transcription	ENSMUSG00000018143	Mafk	IDA, IBA, IEA
CRE upregulated	GO:0006355	regulation of DNA-templated transcription	ENSMUSG00000035236	Scai	IEA
CRE upregulated	GO:0006355	regulation of DNA-templated transcription	ENSMUSG00000020358	Hnrnpab	IDA, IGI
CRE upregulated	GO:0006355	regulation of DNA-templated transcription	ENSMUSG00000059866	Tnip2	ISS, IBA, IEA
CRE upregulated	GO:0006355	regulation of DNA-templated transcription	ENSMUSG00000027806	Tsc22d2	IEA
CRE upregulated	GO:0006355	regulation of DNA-templated transcription	ENSMUSG00000040033	ENSMUSG00000040033	IEA
CRE upregulated	GO:0006355	regulation of DNA-templated transcription	ENSMUSG00000024803	Ankrd1	IDA, ISO, IBA, IEA
CRE upregulated	GO:0006355	regulation of DNA-templated transcription	ENSMUSG00000032497	Lrrfip2	IEA
CRE upregulated	GO:0006355	regulation of DNA-templated transcription	ENSMUSG00000024912	Fosl1	ISO, IBA, IEA
CRE upregulated	GO:0006355	regulation of DNA-templated transcription	ENSMUSG00000024927	Rela	IDA, IMP, ISS, ISO, IBA, TAS, IEA
CRE upregulated	GO:0006355	regulation of DNA-templated transcription	ENSMUSG00000003435	ENSMUSG00000003435	ISO, IEA
CRE upregulated	GO:0006355	regulation of DNA-templated transcription	ENSMUSG00000055044	Pdlim1	IDA, IEA
CRE upregulated	GO:0006355	regulation of DNA-templated transcription	ENSMUSG00000024238	Zeb1	IDA, IMP, IGI, ISS, ISO, IBA, IEA
CRE upregulated	GO:0006355	regulation of DNA-templated transcription	ENSMUSG00000024947	Men1	IDA, IMP, IGI, ISO, IBA, IEA
CRE upregulated	GO:0006355	regulation of DNA-templated transcription	ENSMUSG00000029071	ENSMUSG00000029071	IEA
CRE upregulated	GO:0006355	regulation of DNA-templated transcription	ENSMUSG00000040433	Zbtb38	ISO, IBA, IEA
CRE upregulated	GO:0006355	regulation of DNA-templated transcription	ENSMUSG00000032715	Trib3	ISS, IEA
CRE upregulated	GO:0006355	regulation of DNA-templated transcription	ENSMUSG00000024777	ENSMUSG00000024777	ISO, IEA
CRE upregulated	GO:0006355	regulation of DNA-templated transcription	ENSMUSG00000024335	Brd2	IDA, ISS, IBA, IEA
CRE upregulated	GO:0006355	regulation of DNA-templated transcription	ENSMUSG00000048047	Zbtb33	ISS, IBA, IEA
CRE upregulated	GO:0006355	regulation of DNA-templated transcription	ENSMUSG00000028466	Creb3	IEA
CRE upregulated	GO:0006355	regulation of DNA-templated transcription	ENSMUSG00000037876	Jmjd1c	IBA
CRE upregulated	GO:0006355	regulation of DNA-templated transcription	ENSMUSG00000022526	Zfp251	IBA, IEA
CRE upregulated	GO:0006355	regulation of DNA-templated transcription	ENSMUSG00000071637	Cebpd	IDA, ISO, IBA, IEA
CRE upregulated	GO:0006355	regulation of DNA-templated transcription	ENSMUSG00000015776	Med22	NAS, IEA
CRE upregulated	GO:0006355	regulation of DNA-templated transcription	ENSMUSG00000031668	ENSMUSG00000031668	IEA
CRE upregulated	GO:0006355	regulation of DNA-templated transcription	ENSMUSG00000053175	Bcl3	IDA, IBA, IEA
CRE upregulated	GO:0006355	regulation of DNA-templated transcription	ENSMUSG00000068739	ENSMUSG00000068739	ISS, IEA
CRE upregulated	GO:0006355	regulation of DNA-templated transcription	ENSMUSG00000059796	Eif4a1	ISS, IEA
CRE upregulated	GO:0006355	regulation of DNA-templated transcription	ENSMUSG00000030199	Etv6	IDA, IBA, IEA
CRE upregulated	GO:0006355	regulation of DNA-templated transcription	ENSMUSG00000003154	Foxj2	IBA, IEA
CRE upregulated	GO:0006355	regulation of DNA-templated transcription	ENSMUSG00000040857	Erf	IEA
CRE upregulated	GO:0006355	regulation of DNA-templated transcription	ENSMUSG00000027605	Acss2	IEA
CRE upregulated	GO:0006355	regulation of DNA-templated transcription	ENSMUSG00000036180	ENSMUSG00000036180	ISS, IBA, NAS, IEA
CRE upregulated	GO:0006355	regulation of DNA-templated transcription	ENSMUSG00000039985	Sinhcaf	NAS
CRE upregulated	GO:0006355	regulation of DNA-templated transcription	ENSMUSG00000055491	ENSMUSG00000055491	IBA
CRE upregulated	GO:0006355	regulation of DNA-templated transcription	ENSMUSG00000052837	ENSMUSG00000052837	IDA, IMP, IBA, IEA
CRE upregulated	GO:0006355	regulation of DNA-templated transcription	ENSMUSG00000013483	Card14	ISS
CRE upregulated	GO:0006355	regulation of DNA-templated transcription	ENSMUSG00000028840	Zfp593	IEA
CRE upregulated	GO:0006355	regulation of DNA-templated transcription	ENSMUSG00000047281	ENSMUSG00000047281	IDA
CRE upregulated	GO:0006355	regulation of DNA-templated transcription	ENSMUSG00000021796	Bmpr1a	IDA, IMP, IEA
CRE upregulated	GO:0006355	regulation of DNA-templated transcription	ENSMUSG00000029110	ENSMUSG00000029110	IDA, ISS, ISO, IBA, IEA
CRE upregulated	GO:0006355	regulation of DNA-templated transcription	ENSMUSG00000021890	ENSMUSG00000021890	ISO, IEA
CRE upregulated	GO:0006355	regulation of DNA-templated transcription	ENSMUSG00000045763	ENSMUSG00000045763	ISS, IBA, IEA
CRE upregulated	GO:0006355	regulation of DNA-templated transcription	ENSMUSG00000039191	Rbpj	IDA, IMP, IGI, ISS, ISO, IEA
CRE upregulated	GO:0006355	regulation of DNA-templated transcription	ENSMUSG00000019256	ENSMUSG00000019256	IEA
CRE upregulated	GO:0006355	regulation of DNA-templated transcription	ENSMUSG00000046962	ENSMUSG00000046962	IBA, IEA
CRE upregulated	GO:0006355	regulation of DNA-templated transcription	ENSMUSG00000051316	Taf7	IDA, ISS, ISO, IBA, NAS, IEA
CRE upregulated	GO:0006355	regulation of DNA-templated transcription	ENSMUSG00000001552	ENSMUSG00000001552	IBA
CRE upregulated	GO:0006355	regulation of DNA-templated transcription	ENSMUSG00000040463	ENSMUSG00000040463	IDA, ISO, NAS, IEA
CRE upregulated	GO:0006355	regulation of DNA-templated transcription	ENSMUSG00000004099	ENSMUSG00000004099	IDA, IMP
CRE upregulated	GO:0006355	regulation of DNA-templated transcription	ENSMUSG00000053007	Creb5	IEA
CRE upregulated	GO:0006355	regulation of DNA-templated transcription	ENSMUSG00000000787	ENSMUSG00000000787	ISS
CRE upregulated	GO:0006355	regulation of DNA-templated transcription	ENSMUSG00000008730	Hipk1	ISS
CRE upregulated	GO:0006355	regulation of DNA-templated transcription	ENSMUSG00000059288	ENSMUSG00000059288	IEA
CRE upregulated	GO:0006355	regulation of DNA-templated transcription	ENSMUSG00000022948	Setd4	IBA
CRE upregulated	GO:0006355	regulation of DNA-templated transcription	ENSMUSG00000038676	Ucn	IMP
CRE upregulated	GO:0006355	regulation of DNA-templated transcription	ENSMUSG00000042185	ENSMUSG00000042185	ISO, IEA
CRE upregulated	GO:0006355	regulation of DNA-templated transcription	ENSMUSG00000032508	Myd88	IMP
CRE upregulated	GO:0006355	regulation of DNA-templated transcription	ENSMUSG00000002633	Shh	IDA, IMP, IGI, IEA
CRE upregulated	GO:0006355	regulation of DNA-templated transcription	ENSMUSG00000008384	Sertad1	IDA, IGI
CRE upregulated	GO:0006355	regulation of DNA-templated transcription	ENSMUSG00000028680	ENSMUSG00000028680	IEA
CRE upregulated	GO:0006355	regulation of DNA-templated transcription	ENSMUSG00000027944	Hax1	IEA
CRE upregulated	GO:0006355	regulation of DNA-templated transcription	ENSMUSG00000039671	ENSMUSG00000039671	IEA
CRE upregulated	GO:0006355	regulation of DNA-templated transcription	ENSMUSG00000063952	Brpf3	ISS, IBA
CRE upregulated	GO:0006355	regulation of DNA-templated transcription	ENSMUSG00000048027	ENSMUSG00000048027	IDA
CRE upregulated	GO:0006355	regulation of DNA-templated transcription	ENSMUSG00000028291	ENSMUSG00000028291	IDA, IMP, ISO, IBA, IEA
CRE upregulated	GO:0006355	regulation of DNA-templated transcription	ENSMUSG00000037465	Klf10	IDA, IMP, IBA, IEA
CRE upregulated	GO:0006355	regulation of DNA-templated transcription	ENSMUSG00000020755	ENSMUSG00000020755	IEA
CRE upregulated	GO:0006355	regulation of DNA-templated transcription	ENSMUSG00000027646	ENSMUSG00000027646	IEA
CRE upregulated	GO:0006355	regulation of DNA-templated transcription	ENSMUSG00000020680	ENSMUSG00000020680	IEA
CRE upregulated	GO:0006355	regulation of DNA-templated transcription	ENSMUSG00000004698	ENSMUSG00000004698	IEA
CRE upregulated	GO:0006355	regulation of DNA-templated transcription	ENSMUSG00000032501	Trib1	IDA
CRE upregulated	GO:0006355	regulation of DNA-templated transcription	ENSMUSG00000003119	ENSMUSG00000003119	ISS, ISO, IBA, IEA
CRE upregulated	GO:0006355	regulation of DNA-templated transcription	ENSMUSG00000042197	ENSMUSG00000042197	ISS, IBA, IEA
CRE upregulated	GO:0006355	regulation of DNA-templated transcription	ENSMUSG00000055067	ENSMUSG00000055067	IMP
CRE upregulated	GO:0006355	regulation of DNA-templated transcription	ENSMUSG00000015839	Nfe2l2	IDA, IMP, IGI, ISO, IBA, IEA
CRE upregulated	GO:0006355	regulation of DNA-templated transcription	ENSMUSG00000024907	Gal	ISS, IEA
CRE upregulated	GO:0006355	regulation of DNA-templated transcription	ENSMUSG00000024026	ENSMUSG00000024026	IDA
CRE upregulated	GO:0006355	regulation of DNA-templated transcription	ENSMUSG00000029475	ENSMUSG00000029475	IDA, IMP, IBA
CRE upregulated	GO:0060429	epithelium development	ENSMUSG00000051379	Flrt3	IMP
CRE upregulated	GO:0060429	epithelium development	ENSMUSG00000052684	Jun	IMP
CRE upregulated	GO:0060429	epithelium development	ENSMUSG00000063632	Sox11	IMP
CRE upregulated	GO:0060429	epithelium development	ENSMUSG00000046223	Plaur	ISO
CRE upregulated	GO:0060429	epithelium development	ENSMUSG00000021765	Fst	IMP, IGI, ISO, IEA
CRE upregulated	GO:0060429	epithelium development	ENSMUSG00000040151	Hs2st1	IMP
CRE upregulated	GO:0060429	epithelium development	ENSMUSG00000037705	Tecta	IGI
CRE upregulated	GO:0060429	epithelium development	ENSMUSG00000014599	Csf1	IMP
CRE upregulated	GO:0060429	epithelium development	ENSMUSG00000023067	Cdkn1a	IGI
CRE upregulated	GO:0060429	epithelium development	ENSMUSG00000004846	Plod3	IMP
CRE upregulated	GO:0060429	epithelium development	ENSMUSG00000031681	Smad1	IEP, IEA
CRE upregulated	GO:0060429	epithelium development	ENSMUSG00000029378	Areg	IMP
CRE upregulated	GO:0060429	epithelium development	ENSMUSG00000005087	Cd44	IEA
CRE upregulated	GO:0060429	epithelium development	ENSMUSG00000026836	Acvr1	IMP, IEA
CRE upregulated	GO:0060429	epithelium development	ENSMUSG00000068566	Myadm	IEA
CRE upregulated	GO:0060429	epithelium development	ENSMUSG00000048482	Bdnf	IDA
CRE upregulated	GO:0060429	epithelium development	ENSMUSG00000039473	Ubn1	TAS
CRE upregulated	GO:0060429	epithelium development	ENSMUSG00000031545	Gpat4	IMP
CRE upregulated	GO:0060429	epithelium development	ENSMUSG00000043895	S1pr2	IEA
CRE upregulated	GO:0060429	epithelium development	ENSMUSG00000050359	Sprr1a	IEA
CRE upregulated	GO:0060429	epithelium development	ENSMUSG00000001420	Tmem79	IMP
CRE upregulated	GO:0060429	epithelium development	ENSMUSG00000013089	Etv5	IDA
CRE upregulated	GO:0060429	epithelium development	ENSMUSG00000025139	Tollip	IEA
CRE upregulated	GO:0060429	epithelium development	ENSMUSG00000020592	Sdc1	IEA
CRE upregulated	GO:0060429	epithelium development	ENSMUSG00000025746	Il6	IDA, IMP
CRE upregulated	GO:0060429	epithelium development	ENSMUSG00000002233	Rhoc	ISS
CRE upregulated	GO:0060429	epithelium development	ENSMUSG00000020580	Rock2	IEA
CRE upregulated	GO:0060429	epithelium development	ENSMUSG00000059923	Grb2	IMP
CRE upregulated	GO:0060429	epithelium development	ENSMUSG00000042406	Atf4	IMP
CRE upregulated	GO:0060429	epithelium development	ENSMUSG00000031628	Casp3	IMP, IBA
CRE upregulated	GO:0060429	epithelium development	ENSMUSG00000001847	Rac1	IMP
CRE upregulated	GO:0060429	epithelium development	ENSMUSG00000029765	Plxna4	IMP, IGI
CRE upregulated	GO:0060429	epithelium development	ENSMUSG00000022346	Myc	IMP
CRE upregulated	GO:0060429	epithelium development	ENSMUSG00000036478	Btg1	ISS, IEA
CRE upregulated	GO:0060429	epithelium development	ENSMUSG00000053113	Socs3	IMP
CRE upregulated	GO:0060429	epithelium development	ENSMUSG00000024789	Jak2	IMP
CRE upregulated	GO:0060429	epithelium development	ENSMUSG00000103523	2210017I01Rik	IEA
CRE upregulated	GO:0060429	epithelium development	ENSMUSG00000029135	Fosl2	IMP
CRE upregulated	GO:0060429	epithelium development	ENSMUSG00000050335	Lgals3	IEA
CRE upregulated	GO:0060429	epithelium development	ENSMUSG00000030223	ENSMUSG00000030223	IMP, IBA
CRE upregulated	GO:0060429	epithelium development	ENSMUSG00000024927	Rela	IMP
CRE upregulated	GO:0060429	epithelium development	ENSMUSG00000024238	Zeb1	IMP, IEA
CRE upregulated	GO:0060429	epithelium development	ENSMUSG00000024947	Men1	ISO
CRE upregulated	GO:0060429	epithelium development	ENSMUSG00000067006	ENSMUSG00000067006	IMP
CRE upregulated	GO:0060429	epithelium development	ENSMUSG00000029071	ENSMUSG00000029071	IMP, IGI, IEA
CRE upregulated	GO:0060429	epithelium development	ENSMUSG00000024335	Brd2	IMP
CRE upregulated	GO:0060429	epithelium development	ENSMUSG00000027919	Lce1g	IEA
CRE upregulated	GO:0060429	epithelium development	ENSMUSG00000037876	Jmjd1c	IMP
CRE upregulated	GO:0060429	epithelium development	ENSMUSG00000003154	Foxj2	IEA
CRE upregulated	GO:0060429	epithelium development	ENSMUSG00000036180	ENSMUSG00000036180	IMP
CRE upregulated	GO:0060429	epithelium development	ENSMUSG00000047281	ENSMUSG00000047281	IMP, IGI
CRE upregulated	GO:0060429	epithelium development	ENSMUSG00000025351	Cd63	ISO
CRE upregulated	GO:0060429	epithelium development	ENSMUSG00000021796	Bmpr1a	IMP
CRE upregulated	GO:0060429	epithelium development	ENSMUSG00000027465	Tbc1d20	IMP
CRE upregulated	GO:0060429	epithelium development	ENSMUSG00000045763	ENSMUSG00000045763	IDA
CRE upregulated	GO:0060429	epithelium development	ENSMUSG00000039191	Rbpj	IMP, IGI, TAS
CRE upregulated	GO:0060429	epithelium development	ENSMUSG00000035725	ENSMUSG00000035725	ISS, IEA
CRE upregulated	GO:0060429	epithelium development	ENSMUSG00000020671	ENSMUSG00000020671	ISS
CRE upregulated	GO:0060429	epithelium development	ENSMUSG00000027997	Casp6	IEA
CRE upregulated	GO:0060429	epithelium development	ENSMUSG00000058354	Krt6a	IMP, IGI, IBA
CRE upregulated	GO:0060429	epithelium development	ENSMUSG00000020594	ENSMUSG00000020594	IDA
CRE upregulated	GO:0060429	epithelium development	ENSMUSG00000008859	ENSMUSG00000008859	IMP
CRE upregulated	GO:0060429	epithelium development	ENSMUSG00000052681	Rap1b	ISS, IEA
CRE upregulated	GO:0060429	epithelium development	ENSMUSG00000032508	Myd88	IMP
CRE upregulated	GO:0060429	epithelium development	ENSMUSG00000002633	Shh	IDA, IMP, IGI, ISO, IEA
CRE upregulated	GO:0060429	epithelium development	ENSMUSG00000061244	ENSMUSG00000061244	IMP
CRE upregulated	GO:0060429	epithelium development	ENSMUSG00000067586	ENSMUSG00000067586	IEA
CRE upregulated	GO:0060429	epithelium development	ENSMUSG00000037411	Serpine1	IEA
CRE upregulated	GO:0060429	epithelium development	ENSMUSG00000027646	ENSMUSG00000027646	IDA, IMP, IEA
CRE upregulated	GO:0060429	epithelium development	ENSMUSG00000021477	ENSMUSG00000021477	IMP, ISS
CRE upregulated	GO:0060429	epithelium development	ENSMUSG00000024907	Gal	IEA
CRE upregulated	GO:0060429	epithelium development	ENSMUSG00000053797	ENSMUSG00000053797	IDA, IMP, IBA
CRE upregulated	GO:0060429	epithelium development	ENSMUSG00000029475	ENSMUSG00000029475	IMP
CRE upregulated	GO:0007010	cytoskeleton organization	ENSMUSG00000036390	Gadd45a	IGI
CRE upregulated	GO:0007010	cytoskeleton organization	ENSMUSG00000001473	Tubb6	IBA, IEA
CRE upregulated	GO:0007010	cytoskeleton organization	ENSMUSG00000022044	Stmn4	IBA, IEA
CRE upregulated	GO:0007010	cytoskeleton organization	ENSMUSG00000024143	Rhoq	IMP, IBA, TAS, IEA
CRE upregulated	GO:0007010	cytoskeleton organization	ENSMUSG00000006304	Arpc2	IDA, ISO, IBA, IEA
CRE upregulated	GO:0007010	cytoskeleton organization	ENSMUSG00000038650	Rnh1	IBA
CRE upregulated	GO:0007010	cytoskeleton organization	ENSMUSG00000109901	Chmp1b	ISO, IEA
CRE upregulated	GO:0007010	cytoskeleton organization	ENSMUSG00000038943	Prc1	ISO, IBA, IEA
CRE upregulated	GO:0007010	cytoskeleton organization	ENSMUSG00000028896	Rcc1	ISS, IEA
CRE upregulated	GO:0007010	cytoskeleton organization	ENSMUSG00000068566	Myadm	IEA
CRE upregulated	GO:0007010	cytoskeleton organization	ENSMUSG00000037458	Azin1	ISO
CRE upregulated	GO:0007010	cytoskeleton organization	ENSMUSG00000018736	Ndel1	IMP, IGI, IBA
CRE upregulated	GO:0007010	cytoskeleton organization	ENSMUSG00000025337	Sbds	IEA
CRE upregulated	GO:0007010	cytoskeleton organization	ENSMUSG00000024376	Epb41l4a	IBA
CRE upregulated	GO:0007010	cytoskeleton organization	ENSMUSG00000045136	Tubb2b	IBA, IEA
CRE upregulated	GO:0007010	cytoskeleton organization	ENSMUSG00000054855	Rnd1	IBA, IEA
CRE upregulated	GO:0007010	cytoskeleton organization	ENSMUSG00000027540	Ptpn1	ISS, IEA
CRE upregulated	GO:0007010	cytoskeleton organization	ENSMUSG00000043895	S1pr2	IEA
CRE upregulated	GO:0007010	cytoskeleton organization	ENSMUSG00000028063	Lmna	IMP
CRE upregulated	GO:0007010	cytoskeleton organization	ENSMUSG00000034226	Rhov	IBA
CRE upregulated	GO:0007010	cytoskeleton organization	ENSMUSG00000028849	Map7d1	IBA, IEA
CRE upregulated	GO:0007010	cytoskeleton organization	ENSMUSG00000025809	Itgb1	IMP, IEA
CRE upregulated	GO:0007010	cytoskeleton organization	ENSMUSG00000025239	Limd1	ISS, IBA, IEA
CRE upregulated	GO:0007010	cytoskeleton organization	ENSMUSG00000002233	Rhoc	IBA, IEA
CRE upregulated	GO:0007010	cytoskeleton organization	ENSMUSG00000031078	Cttn	ISS, ISO, IBA, IEA
CRE upregulated	GO:0007010	cytoskeleton organization	ENSMUSG00000022607	Ptk2	IDA
CRE upregulated	GO:0007010	cytoskeleton organization	ENSMUSG00000043091	Tuba1c	IBA, IEA
CRE upregulated	GO:0007010	cytoskeleton organization	ENSMUSG00000020580	Rock2	IEA
CRE upregulated	GO:0007010	cytoskeleton organization	ENSMUSG00000059923	Grb2	IGI, IEA
CRE upregulated	GO:0007010	cytoskeleton organization	ENSMUSG00000052557	Gan	ISO, IEA
CRE upregulated	GO:0007010	cytoskeleton organization	ENSMUSG00000020271	Fbxw11	IBA
CRE upregulated	GO:0007010	cytoskeleton organization	ENSMUSG00000032078	Zpr1	IMP
CRE upregulated	GO:0007010	cytoskeleton organization	ENSMUSG00000055407	Map6	ISO, IBA, IEA
CRE upregulated	GO:0007010	cytoskeleton organization	ENSMUSG00000001847	Rac1	IDA, ISO, IBA, IEA
CRE upregulated	GO:0007010	cytoskeleton organization	ENSMUSG00000042121	Ssh1	IBA, IEA
CRE upregulated	GO:0007010	cytoskeleton organization	ENSMUSG00000018909	Arrb1	IEA
CRE upregulated	GO:0007010	cytoskeleton organization	ENSMUSG00000026317	Cln8	IMP
CRE upregulated	GO:0007010	cytoskeleton organization	ENSMUSG00000027455	Nsfl1c	IEA
CRE upregulated	GO:0007010	cytoskeleton organization	ENSMUSG00000057531	Dtnbp1	IDA
CRE upregulated	GO:0007010	cytoskeleton organization	ENSMUSG00000029131	Dnajb6	IMP, IEA
CRE upregulated	GO:0007010	cytoskeleton organization	ENSMUSG00000031955	Bcar1	ISS, ISO, IEA
CRE upregulated	GO:0007010	cytoskeleton organization	ENSMUSG00000055809	Dnaaf3	ISS, IBA, IEA
CRE upregulated	GO:0007010	cytoskeleton organization	ENSMUSG00000042292	Mrtfa	IDA, IGI
CRE upregulated	GO:0007010	cytoskeleton organization	ENSMUSG00000022602	Arc	ISS, IBA, IEA
CRE upregulated	GO:0007010	cytoskeleton organization	ENSMUSG00000109511	Nup62	IEA
CRE upregulated	GO:0007010	cytoskeleton organization	ENSMUSG00000029860	Zyx	IEA
CRE upregulated	GO:0007010	cytoskeleton organization	ENSMUSG00000031310	ENSMUSG00000031310	ISS, IEA
CRE upregulated	GO:0007010	cytoskeleton organization	ENSMUSG00000027797	Dclk1	IEA
CRE upregulated	GO:0007010	cytoskeleton organization	ENSMUSG00000017615	Tnfaip1	ISS, IEA
CRE upregulated	GO:0007010	cytoskeleton organization	ENSMUSG00000033545	Znrf1	TAS
CRE upregulated	GO:0007010	cytoskeleton organization	ENSMUSG00000026930	Gpsm1	IBA
CRE upregulated	GO:0007010	cytoskeleton organization	ENSMUSG00000027692	Tnik	ISS, IEA
CRE upregulated	GO:0007010	cytoskeleton organization	ENSMUSG00000055044	Pdlim1	ISO, IBA, IEA
CRE upregulated	GO:0007010	cytoskeleton organization	ENSMUSG00000026078	Pdcl3	IEA
CRE upregulated	GO:0007010	cytoskeleton organization	ENSMUSG00000029071	ENSMUSG00000029071	IDA, IGI
CRE upregulated	GO:0007010	cytoskeleton organization	ENSMUSG00000032902	Slc16a1	IEA
CRE upregulated	GO:0007010	cytoskeleton organization	ENSMUSG00000025162	ENSMUSG00000025162	IBA, IEA
CRE upregulated	GO:0007010	cytoskeleton organization	ENSMUSG00000052921	Arhgef15	ISS, ISO
CRE upregulated	GO:0007010	cytoskeleton organization	ENSMUSG00000062866	ENSMUSG00000062866	IBA
CRE upregulated	GO:0007010	cytoskeleton organization	ENSMUSG00000004530	ENSMUSG00000004530	IBA, TAS
CRE upregulated	GO:0007010	cytoskeleton organization	ENSMUSG00000044147	Arf6	IEA
CRE upregulated	GO:0007010	cytoskeleton organization	ENSMUSG00000011877	Git1	ISS, IEA
CRE upregulated	GO:0007010	cytoskeleton organization	ENSMUSG00000025060	ENSMUSG00000025060	IEA
CRE upregulated	GO:0007010	cytoskeleton organization	ENSMUSG00000029110	ENSMUSG00000029110	ISS, IEA
CRE upregulated	GO:0007010	cytoskeleton organization	ENSMUSG00000041598	Cdc42ep4	IBA
CRE upregulated	GO:0007010	cytoskeleton organization	ENSMUSG00000045664	Cdc42ep2	IBA, IEA
CRE upregulated	GO:0007010	cytoskeleton organization	ENSMUSG00000028434	Epb41l4b	ISO, IBA, IEA
CRE upregulated	GO:0007010	cytoskeleton organization	ENSMUSG00000058354	Krt6a	IGI, IBA
CRE upregulated	GO:0007010	cytoskeleton organization	ENSMUSG00000008859	ENSMUSG00000008859	IEA
CRE upregulated	GO:0007010	cytoskeleton organization	ENSMUSG00000038467	ENSMUSG00000038467	ISO, IEA
CRE upregulated	GO:0007010	cytoskeleton organization	ENSMUSG00000002633	Shh	IMP
CRE upregulated	GO:0007010	cytoskeleton organization	ENSMUSG00000028680	ENSMUSG00000028680	IEA
CRE upregulated	GO:0007010	cytoskeleton organization	ENSMUSG00000027944	Hax1	IBA, IEA
CRE upregulated	GO:0007010	cytoskeleton organization	ENSMUSG00000020340	ENSMUSG00000020340	IEA
CRE upregulated	GO:0007010	cytoskeleton organization	ENSMUSG00000023277	ENSMUSG00000023277	IDA, IBA, IEA
CRE upregulated	GO:0007010	cytoskeleton organization	ENSMUSG00000027646	ENSMUSG00000027646	IEA
CRE upregulated	GO:0007010	cytoskeleton organization	ENSMUSG00000046761	ENSMUSG00000046761	ISS, IBA, IEA
CRE upregulated	GO:0007010	cytoskeleton organization	ENSMUSG00000026159	ENSMUSG00000026159	IMP, IBA
CRE upregulated	GO:0007010	cytoskeleton organization	ENSMUSG00000049550	ENSMUSG00000049550	ISS, IBA, IEA
CRE upregulated	GO:0007010	cytoskeleton organization	ENSMUSG00000053797	ENSMUSG00000053797	IDA, IBA
CRE upregulated	GO:0045088	regulation of innate immune response	ENSMUSG00000046688	Tifa	ISS, IBA, IEA
CRE upregulated	GO:0045088	regulation of innate immune response	ENSMUSG00000025473	Adam8	IDA
CRE upregulated	GO:0045088	regulation of innate immune response	ENSMUSG00000024404	Riok3	IEA
CRE upregulated	GO:0045088	regulation of innate immune response	ENSMUSG00000044734	Serpinb1a	IDA
CRE upregulated	GO:0045088	regulation of innate immune response	ENSMUSG00000026254	Eif4e2	IEA
CRE upregulated	GO:0045088	regulation of innate immune response	ENSMUSG00000040025	Ythdf2	ISS, IEA
CRE upregulated	GO:0045088	regulation of innate immune response	ENSMUSG00000055994	Nod2	IDA, IMP, ISS, ISO, IEA
CRE upregulated	GO:0045088	regulation of innate immune response	ENSMUSG00000024014	Pim1	ISS, IEA
CRE upregulated	GO:0045088	regulation of innate immune response	ENSMUSG00000042726	Trafd1	IMP, IBA
CRE upregulated	GO:0045088	regulation of innate immune response	ENSMUSG00000024349	Sting1	IDA, IMP, ISS, IBA, IEA
CRE upregulated	GO:0045088	regulation of innate immune response	ENSMUSG00000015837	Sqstm1	IEA
CRE upregulated	GO:0045088	regulation of innate immune response	ENSMUSG00000036990	Otud4	IDA, IBA, IEA
CRE upregulated	GO:0045088	regulation of innate immune response	ENSMUSG00000029826	Zc3hav1	TAS
CRE upregulated	GO:0045088	regulation of innate immune response	ENSMUSG00000059866	Tnip2	IMP, IBA
CRE upregulated	GO:0045088	regulation of innate immune response	ENSMUSG00000033545	Znrf1	IEA
CRE upregulated	GO:0045088	regulation of innate immune response	ENSMUSG00000040033	ENSMUSG00000040033	IEA
CRE upregulated	GO:0045088	regulation of innate immune response	ENSMUSG00000024912	Fosl1	IMP
CRE upregulated	GO:0045088	regulation of innate immune response	ENSMUSG00000024927	Rela	ISO, IEA
CRE upregulated	GO:0045088	regulation of innate immune response	ENSMUSG00000040365	Trim41	ISS, IEA
CRE upregulated	GO:0045088	regulation of innate immune response	ENSMUSG00000020349	ENSMUSG00000020349	IMP
CRE upregulated	GO:0045088	regulation of innate immune response	ENSMUSG00000044147	Arf6	NAS
CRE upregulated	GO:0045088	regulation of innate immune response	ENSMUSG00000030662	ENSMUSG00000030662	IEA
CRE upregulated	GO:0045088	regulation of innate immune response	ENSMUSG00000047281	ENSMUSG00000047281	ISS, IEA
CRE upregulated	GO:0045088	regulation of innate immune response	ENSMUSG00000070056	ENSMUSG00000070056	IMP, ISS, IEA
CRE upregulated	GO:0045088	regulation of innate immune response	ENSMUSG00000037860	Aim2	IDA, IBA, NAS, IEA
CRE upregulated	GO:0045088	regulation of innate immune response	ENSMUSG00000027997	Casp6	ISS, IEA
CRE upregulated	GO:0045088	regulation of innate immune response	ENSMUSG00000020594	ENSMUSG00000020594	IEA
CRE upregulated	GO:0045088	regulation of innate immune response	ENSMUSG00000020448	Rnf185	ISS, IEA
CRE upregulated	GO:0045088	regulation of innate immune response	ENSMUSG00000000787	ENSMUSG00000000787	IDA, ISS
CRE upregulated	GO:0045088	regulation of innate immune response	ENSMUSG00000037553	ENSMUSG00000037553	ISS, IEA
CRE upregulated	GO:0045088	regulation of innate immune response	ENSMUSG00000032508	Myd88	IMP, IGI, ISS, IBA, IEA
CRE upregulated	GO:0045088	regulation of innate immune response	ENSMUSG00000038250	ENSMUSG00000038250	IEA
CRE upregulated	GO:0045088	regulation of innate immune response	ENSMUSG00000028291	ENSMUSG00000028291	IMP, IBA
CRE upregulated	GO:0045088	regulation of innate immune response	ENSMUSG00000027646	ENSMUSG00000027646	IEA
CRE upregulated	GO:0045088	regulation of innate immune response	ENSMUSG00000015839	Nfe2l2	IMP
CRE upregulated	GO:0030155	regulation of cell adhesion	ENSMUSG00000019647	Sema6a	IEA
CRE upregulated	GO:0030155	regulation of cell adhesion	ENSMUSG00000046223	Plaur	ISO, IEA
CRE upregulated	GO:0030155	regulation of cell adhesion	ENSMUSG00000004951	Hspb1	ISO
CRE upregulated	GO:0030155	regulation of cell adhesion	ENSMUSG00000025473	Adam8	IDA, ISS, IBA, NAS, IEA
CRE upregulated	GO:0030155	regulation of cell adhesion	ENSMUSG00000030748	Il4ra	IGI
CRE upregulated	GO:0030155	regulation of cell adhesion	ENSMUSG00000014599	Csf1	IGI
CRE upregulated	GO:0030155	regulation of cell adhesion	ENSMUSG00000006304	Arpc2	IMP
CRE upregulated	GO:0030155	regulation of cell adhesion	ENSMUSG00000033060	Lmo7	IEA
CRE upregulated	GO:0030155	regulation of cell adhesion	ENSMUSG00000005087	Cd44	IEA
CRE upregulated	GO:0030155	regulation of cell adhesion	ENSMUSG00000068566	Myadm	IBA, IEA
CRE upregulated	GO:0030155	regulation of cell adhesion	ENSMUSG00000054855	Rnd1	IEA
CRE upregulated	GO:0030155	regulation of cell adhesion	ENSMUSG00000027540	Ptpn1	IEA
CRE upregulated	GO:0030155	regulation of cell adhesion	ENSMUSG00000053436	Mapk14	EXP, IDA, IMP, IEP
CRE upregulated	GO:0030155	regulation of cell adhesion	ENSMUSG00000025809	Itgb1	ISO
CRE upregulated	GO:0030155	regulation of cell adhesion	ENSMUSG00000040025	Ythdf2	IMP, ISS
CRE upregulated	GO:0030155	regulation of cell adhesion	ENSMUSG00000022272	Myo10	IGI
CRE upregulated	GO:0030155	regulation of cell adhesion	ENSMUSG00000025746	Il6	IDA
CRE upregulated	GO:0030155	regulation of cell adhesion	ENSMUSG00000022607	Ptk2	ISS, ISO, IBA
CRE upregulated	GO:0030155	regulation of cell adhesion	ENSMUSG00000001507	Itga3	ISO, IEA
CRE upregulated	GO:0030155	regulation of cell adhesion	ENSMUSG00000031628	Casp3	IMP
CRE upregulated	GO:0030155	regulation of cell adhesion	ENSMUSG00000001847	Rac1	IMP, IEA
CRE upregulated	GO:0030155	regulation of cell adhesion	ENSMUSG00000000134	Tfe3	ISS, IEA
CRE upregulated	GO:0030155	regulation of cell adhesion	ENSMUSG00000031955	Bcar1	ISO
CRE upregulated	GO:0030155	regulation of cell adhesion	ENSMUSG00000036057	Ptpn23	IEA
CRE upregulated	GO:0030155	regulation of cell adhesion	ENSMUSG00000015316	Slamf1	IDA
CRE upregulated	GO:0030155	regulation of cell adhesion	ENSMUSG00000029765	Plxna4	IBA
CRE upregulated	GO:0030155	regulation of cell adhesion	ENSMUSG00000027954	Efna1	IEA
CRE upregulated	GO:0030155	regulation of cell adhesion	ENSMUSG00000024789	Jak2	IDA, ISS, ISO, NAS, IEA
CRE upregulated	GO:0030155	regulation of cell adhesion	ENSMUSG00000050335	Lgals3	IEA
CRE upregulated	GO:0030155	regulation of cell adhesion	ENSMUSG00000024190	Dusp1	IEA
CRE upregulated	GO:0030155	regulation of cell adhesion	ENSMUSG00000021360	ENSMUSG00000021360	IEA
CRE upregulated	GO:0030155	regulation of cell adhesion	ENSMUSG00000023915	Tnfrsf21	IMP, IBA
CRE upregulated	GO:0030155	regulation of cell adhesion	ENSMUSG00000024927	Rela	IEA
CRE upregulated	GO:0030155	regulation of cell adhesion	ENSMUSG00000024947	Men1	ISO
CRE upregulated	GO:0030155	regulation of cell adhesion	ENSMUSG00000024335	Brd2	IDA, IEA
CRE upregulated	GO:0030155	regulation of cell adhesion	ENSMUSG00000033350	Chst2	IMP
CRE upregulated	GO:0030155	regulation of cell adhesion	ENSMUSG00000004530	ENSMUSG00000004530	IEA
CRE upregulated	GO:0030155	regulation of cell adhesion	ENSMUSG00000025060	ENSMUSG00000025060	ISS, IEA
CRE upregulated	GO:0030155	regulation of cell adhesion	ENSMUSG00000047281	ENSMUSG00000047281	ISS, IEA
CRE upregulated	GO:0030155	regulation of cell adhesion	ENSMUSG00000025351	Cd63	ISO
CRE upregulated	GO:0030155	regulation of cell adhesion	ENSMUSG00000028434	Epb41l4b	IEA
CRE upregulated	GO:0030155	regulation of cell adhesion	ENSMUSG00000039191	Rbpj	IMP
CRE upregulated	GO:0030155	regulation of cell adhesion	ENSMUSG00000035725	ENSMUSG00000035725	IEA
CRE upregulated	GO:0030155	regulation of cell adhesion	ENSMUSG00000001552	ENSMUSG00000001552	IEA
CRE upregulated	GO:0030155	regulation of cell adhesion	ENSMUSG00000011256	ENSMUSG00000011256	ISS
CRE upregulated	GO:0030155	regulation of cell adhesion	ENSMUSG00000021072	Tmx1	IMP, IEA
CRE upregulated	GO:0030155	regulation of cell adhesion	ENSMUSG00000002633	Shh	IMP
CRE upregulated	GO:0030155	regulation of cell adhesion	ENSMUSG00000032462	ENSMUSG00000032462	IMP, ISO, IEA
CRE upregulated	GO:0030155	regulation of cell adhesion	ENSMUSG00000056050	ENSMUSG00000056050	IEA
CRE upregulated	GO:0030155	regulation of cell adhesion	ENSMUSG00000037411	Serpine1	IEA
CRE upregulated	GO:0030155	regulation of cell adhesion	ENSMUSG00000027646	ENSMUSG00000027646	ISO, IEA
CRE upregulated	GO:1901699	cellular response to nitrogen compound	ENSMUSG00000052684	Jun	IEP
CRE upregulated	GO:1901699	cellular response to nitrogen compound	ENSMUSG00000031574	Star	IEA
CRE upregulated	GO:1901699	cellular response to nitrogen compound	ENSMUSG00000024143	Rhoq	IMP, IEA
CRE upregulated	GO:1901699	cellular response to nitrogen compound	ENSMUSG00000030102	Itpr1	IGI, ISO
CRE upregulated	GO:1901699	cellular response to nitrogen compound	ENSMUSG00000024404	Riok3	IEA
CRE upregulated	GO:1901699	cellular response to nitrogen compound	ENSMUSG00000006304	Arpc2	ISO
CRE upregulated	GO:1901699	cellular response to nitrogen compound	ENSMUSG00000050989	Selenon	IMP
CRE upregulated	GO:1901699	cellular response to nitrogen compound	ENSMUSG00000018736	Ndel1	IDA
CRE upregulated	GO:1901699	cellular response to nitrogen compound	ENSMUSG00000038894	Irs2	IDA, IMP, ISO, IBA, IEA
CRE upregulated	GO:1901699	cellular response to nitrogen compound	ENSMUSG00000027540	Ptpn1	IMP, ISO, IEA
CRE upregulated	GO:1901699	cellular response to nitrogen compound	ENSMUSG00000055994	Nod2	IMP, ISS, IEA
CRE upregulated	GO:1901699	cellular response to nitrogen compound	ENSMUSG00000059923	Grb2	IDA, IEA
CRE upregulated	GO:1901699	cellular response to nitrogen compound	ENSMUSG00000020838	Slc6a4	ISO, IEA
CRE upregulated	GO:1901699	cellular response to nitrogen compound	ENSMUSG00000031628	Casp3	IEA
CRE upregulated	GO:1901699	cellular response to nitrogen compound	ENSMUSG00000001847	Rac1	IDA
CRE upregulated	GO:1901699	cellular response to nitrogen compound	ENSMUSG00000042121	Ssh1	ISO, IEA
CRE upregulated	GO:1901699	cellular response to nitrogen compound	ENSMUSG00000024349	Sting1	IEA
CRE upregulated	GO:1901699	cellular response to nitrogen compound	ENSMUSG00000057531	Dtnbp1	ISS, ISO, IEA
CRE upregulated	GO:1901699	cellular response to nitrogen compound	ENSMUSG00000031955	Bcar1	ISS, ISO
CRE upregulated	GO:1901699	cellular response to nitrogen compound	ENSMUSG00000053113	Socs3	IDA
CRE upregulated	GO:1901699	cellular response to nitrogen compound	ENSMUSG00000024789	Jak2	IDA, IMP, ISS, ISO, IBA, IEA
CRE upregulated	GO:1901699	cellular response to nitrogen compound	ENSMUSG00000004040	ENSMUSG00000004040	IDA, IBA, IEA
CRE upregulated	GO:1901699	cellular response to nitrogen compound	ENSMUSG00000020027	Socs2	IMP, IEA
CRE upregulated	GO:1901699	cellular response to nitrogen compound	ENSMUSG00000029826	Zc3hav1	IDA
CRE upregulated	GO:1901699	cellular response to nitrogen compound	ENSMUSG00000059316	Slc27a4	IMP, IEA
CRE upregulated	GO:1901699	cellular response to nitrogen compound	ENSMUSG00000024927	Rela	ISO, IEA
CRE upregulated	GO:1901699	cellular response to nitrogen compound	ENSMUSG00000028893	Sesn2	IBA, IEA
CRE upregulated	GO:1901699	cellular response to nitrogen compound	ENSMUSG00000032715	Trib3	IDA
CRE upregulated	GO:1901699	cellular response to nitrogen compound	ENSMUSG00000035594	Chrna5	IBA
CRE upregulated	GO:1901699	cellular response to nitrogen compound	ENSMUSG00000040365	Trim41	ISS, IEA
CRE upregulated	GO:1901699	cellular response to nitrogen compound	ENSMUSG00000037815	Ctnna1	IEA
CRE upregulated	GO:1901699	cellular response to nitrogen compound	ENSMUSG00000040118	ENSMUSG00000040118	IEA
CRE upregulated	GO:1901699	cellular response to nitrogen compound	ENSMUSG00000029110	ENSMUSG00000029110	ISO
CRE upregulated	GO:1901699	cellular response to nitrogen compound	ENSMUSG00000000001	ENSMUSG00000000001	IBA
CRE upregulated	GO:1901699	cellular response to nitrogen compound	ENSMUSG00000019256	ENSMUSG00000019256	IEA
CRE upregulated	GO:1901699	cellular response to nitrogen compound	ENSMUSG00000001552	ENSMUSG00000001552	IEA
CRE upregulated	GO:1901699	cellular response to nitrogen compound	ENSMUSG00000040010	Slc7a5	IEA
CRE upregulated	GO:1901699	cellular response to nitrogen compound	ENSMUSG00000020671	ENSMUSG00000020671	IMP, IEA
CRE upregulated	GO:1901699	cellular response to nitrogen compound	ENSMUSG00000027997	Casp6	IEA
CRE upregulated	GO:1901699	cellular response to nitrogen compound	ENSMUSG00000022094	ENSMUSG00000022094	IMP
CRE upregulated	GO:1901699	cellular response to nitrogen compound	ENSMUSG00000052681	Rap1b	ISS, IBA, IEA
CRE upregulated	GO:1901699	cellular response to nitrogen compound	ENSMUSG00000005089	Slc1a2	IDA
CRE upregulated	GO:1901699	cellular response to nitrogen compound	ENSMUSG00000019843	ENSMUSG00000019843	ISO, IEA
CRE upregulated	GO:1901699	cellular response to nitrogen compound	ENSMUSG00000024493	ENSMUSG00000024493	IEA
CRE upregulated	GO:1901699	cellular response to nitrogen compound	ENSMUSG00000027646	ENSMUSG00000027646	IGI, ISO, IEA
CRE upregulated	GO:1901699	cellular response to nitrogen compound	ENSMUSG00000021340	ENSMUSG00000021340	IEA
CRE upregulated	GO:1901699	cellular response to nitrogen compound	ENSMUSG00000004698	ENSMUSG00000004698	IEA
CRE upregulated	GO:1901699	cellular response to nitrogen compound	ENSMUSG00000015839	Nfe2l2	ISO, IEA
CRE upregulated	GO:0002831	regulation of response to biotic stimulus	ENSMUSG00000046688	Tifa	ISS, IBA, IEA
CRE upregulated	GO:0002831	regulation of response to biotic stimulus	ENSMUSG00000025473	Adam8	IDA
CRE upregulated	GO:0002831	regulation of response to biotic stimulus	ENSMUSG00000033902	Mapkbp1	IEA
CRE upregulated	GO:0002831	regulation of response to biotic stimulus	ENSMUSG00000024404	Riok3	IEA
CRE upregulated	GO:0002831	regulation of response to biotic stimulus	ENSMUSG00000044734	Serpinb1a	IDA
CRE upregulated	GO:0002831	regulation of response to biotic stimulus	ENSMUSG00000026254	Eif4e2	IEA
CRE upregulated	GO:0002831	regulation of response to biotic stimulus	ENSMUSG00000040025	Ythdf2	ISS, IEA
CRE upregulated	GO:0002831	regulation of response to biotic stimulus	ENSMUSG00000055994	Nod2	IDA, IMP, ISS, ISO, IEA
CRE upregulated	GO:0002831	regulation of response to biotic stimulus	ENSMUSG00000024014	Pim1	ISS, IEA
CRE upregulated	GO:0002831	regulation of response to biotic stimulus	ENSMUSG00000042726	Trafd1	IMP, IBA
CRE upregulated	GO:0002831	regulation of response to biotic stimulus	ENSMUSG00000024349	Sting1	IDA, IMP, ISS, IBA, IEA
CRE upregulated	GO:0002831	regulation of response to biotic stimulus	ENSMUSG00000015837	Sqstm1	IEA
CRE upregulated	GO:0002831	regulation of response to biotic stimulus	ENSMUSG00000036990	Otud4	IDA, IBA, IEA
CRE upregulated	GO:0002831	regulation of response to biotic stimulus	ENSMUSG00000029826	Zc3hav1	ISO, TAS
CRE upregulated	GO:0002831	regulation of response to biotic stimulus	ENSMUSG00000059866	Tnip2	IMP, IBA
CRE upregulated	GO:0002831	regulation of response to biotic stimulus	ENSMUSG00000033545	Znrf1	IEA
CRE upregulated	GO:0002831	regulation of response to biotic stimulus	ENSMUSG00000040033	ENSMUSG00000040033	IEA
CRE upregulated	GO:0002831	regulation of response to biotic stimulus	ENSMUSG00000024912	Fosl1	IMP
CRE upregulated	GO:0002831	regulation of response to biotic stimulus	ENSMUSG00000024927	Rela	ISO, IEA
CRE upregulated	GO:0002831	regulation of response to biotic stimulus	ENSMUSG00000040365	Trim41	ISS, IEA
CRE upregulated	GO:0002831	regulation of response to biotic stimulus	ENSMUSG00000020349	ENSMUSG00000020349	IMP
CRE upregulated	GO:0002831	regulation of response to biotic stimulus	ENSMUSG00000044147	Arf6	NAS
CRE upregulated	GO:0002831	regulation of response to biotic stimulus	ENSMUSG00000030662	ENSMUSG00000030662	IEA
CRE upregulated	GO:0002831	regulation of response to biotic stimulus	ENSMUSG00000047281	ENSMUSG00000047281	ISS, IEA
CRE upregulated	GO:0002831	regulation of response to biotic stimulus	ENSMUSG00000019842	ENSMUSG00000019842	IEA
CRE upregulated	GO:0002831	regulation of response to biotic stimulus	ENSMUSG00000070056	ENSMUSG00000070056	IMP, ISS, IEA
CRE upregulated	GO:0002831	regulation of response to biotic stimulus	ENSMUSG00000037860	Aim2	IDA, IMP, IBA, NAS, IEA
CRE upregulated	GO:0002831	regulation of response to biotic stimulus	ENSMUSG00000019256	ENSMUSG00000019256	IEA
CRE upregulated	GO:0002831	regulation of response to biotic stimulus	ENSMUSG00000027997	Casp6	ISS, IEA
CRE upregulated	GO:0002831	regulation of response to biotic stimulus	ENSMUSG00000020594	ENSMUSG00000020594	IEA
CRE upregulated	GO:0002831	regulation of response to biotic stimulus	ENSMUSG00000020448	Rnf185	ISS, IEA
CRE upregulated	GO:0002831	regulation of response to biotic stimulus	ENSMUSG00000000787	ENSMUSG00000000787	IDA, ISS
CRE upregulated	GO:0002831	regulation of response to biotic stimulus	ENSMUSG00000037553	ENSMUSG00000037553	ISS, IEA
CRE upregulated	GO:0002831	regulation of response to biotic stimulus	ENSMUSG00000032508	Myd88	IMP, IGI, ISS, IBA, IEA
CRE upregulated	GO:0002831	regulation of response to biotic stimulus	ENSMUSG00000038250	ENSMUSG00000038250	IEA
CRE upregulated	GO:0002831	regulation of response to biotic stimulus	ENSMUSG00000028291	ENSMUSG00000028291	IMP, IBA
CRE upregulated	GO:0002831	regulation of response to biotic stimulus	ENSMUSG00000027646	ENSMUSG00000027646	IEA
CRE upregulated	GO:0002831	regulation of response to biotic stimulus	ENSMUSG00000032501	Trib1	IEA
CRE upregulated	GO:0002831	regulation of response to biotic stimulus	ENSMUSG00000015839	Nfe2l2	IMP
CRE upregulated	GO:0060627	regulation of vesicle-mediated transport	ENSMUSG00000042816	Gpr151	EXP, IDA, IMP
CRE upregulated	GO:0060627	regulation of vesicle-mediated transport	ENSMUSG00000030748	Il4ra	IMP
CRE upregulated	GO:0060627	regulation of vesicle-mediated transport	ENSMUSG00000024261	Syt4	EXP, IDA, IMP, ISO, TAS, IEA
CRE upregulated	GO:0060627	regulation of vesicle-mediated transport	ENSMUSG00000041870	Ankrd13a	ISS, IEA
CRE upregulated	GO:0060627	regulation of vesicle-mediated transport	ENSMUSG00000027540	Ptpn1	ISS, IEA
CRE upregulated	GO:0060627	regulation of vesicle-mediated transport	ENSMUSG00000025809	Itgb1	ISO
CRE upregulated	GO:0060627	regulation of vesicle-mediated transport	ENSMUSG00000020592	Sdc1	IEA
CRE upregulated	GO:0060627	regulation of vesicle-mediated transport	ENSMUSG00000032231	Anxa2	IMP, ISO, IBA, NAS, IEA
CRE upregulated	GO:0060627	regulation of vesicle-mediated transport	ENSMUSG00000022607	Ptk2	ISO
CRE upregulated	GO:0060627	regulation of vesicle-mediated transport	ENSMUSG00000055994	Nod2	IMP
CRE upregulated	GO:0060627	regulation of vesicle-mediated transport	ENSMUSG00000037062	Sh3glb1	ISO
CRE upregulated	GO:0060627	regulation of vesicle-mediated transport	ENSMUSG00000024772	Ehd1	IMP
CRE upregulated	GO:0060627	regulation of vesicle-mediated transport	ENSMUSG00000027293	Ehd4	ISO, IEA
CRE upregulated	GO:0060627	regulation of vesicle-mediated transport	ENSMUSG00000031628	Casp3	IDA, IMP
CRE upregulated	GO:0060627	regulation of vesicle-mediated transport	ENSMUSG00000001847	Rac1	IDA, IMP
CRE upregulated	GO:0060627	regulation of vesicle-mediated transport	ENSMUSG00000018909	Arrb1	ISS, IEA
CRE upregulated	GO:0060627	regulation of vesicle-mediated transport	ENSMUSG00000057531	Dtnbp1	IDA, IMP, ISO, IBA, IEA
CRE upregulated	GO:0060627	regulation of vesicle-mediated transport	ENSMUSG00000036057	Ptpn23	IEA
CRE upregulated	GO:0060627	regulation of vesicle-mediated transport	ENSMUSG00000015316	Slamf1	IMP
CRE upregulated	GO:0060627	regulation of vesicle-mediated transport	ENSMUSG00000036437	Npy1r	ISO
CRE upregulated	GO:0060627	regulation of vesicle-mediated transport	ENSMUSG00000023032	Slc4a8	EXP, IDA, IMP
CRE upregulated	GO:0060627	regulation of vesicle-mediated transport	ENSMUSG00000038949	Cnst	ISS, IBA, IEA
CRE upregulated	GO:0060627	regulation of vesicle-mediated transport	ENSMUSG00000022602	Arc	IDA, IMP
CRE upregulated	GO:0060627	regulation of vesicle-mediated transport	ENSMUSG00000050335	Lgals3	IEA
CRE upregulated	GO:0060627	regulation of vesicle-mediated transport	ENSMUSG00000033545	Znrf1	IEA
CRE upregulated	GO:0060627	regulation of vesicle-mediated transport	ENSMUSG00000025793	ENSMUSG00000025793	IEA
CRE upregulated	GO:0060627	regulation of vesicle-mediated transport	ENSMUSG00000038591	Colec10	IEA
CRE upregulated	GO:0060627	regulation of vesicle-mediated transport	ENSMUSG00000026718	ENSMUSG00000026718	IEA
CRE upregulated	GO:0060627	regulation of vesicle-mediated transport	ENSMUSG00000029071	ENSMUSG00000029071	IDA, IMP
CRE upregulated	GO:0060627	regulation of vesicle-mediated transport	ENSMUSG00000064210	ENSMUSG00000064210	IMP
CRE upregulated	GO:0060627	regulation of vesicle-mediated transport	ENSMUSG00000040640	ENSMUSG00000040640	IDA, IMP
CRE upregulated	GO:0060627	regulation of vesicle-mediated transport	ENSMUSG00000025340	Rabgef1	IMP
CRE upregulated	GO:0060627	regulation of vesicle-mediated transport	ENSMUSG00000011877	Git1	IDA, IMP
CRE upregulated	GO:0060627	regulation of vesicle-mediated transport	ENSMUSG00000025351	Cd63	ISS, ISO, IEA
CRE upregulated	GO:0060627	regulation of vesicle-mediated transport	ENSMUSG00000027465	Tbc1d20	IEA
CRE upregulated	GO:0060627	regulation of vesicle-mediated transport	ENSMUSG00000039844	ENSMUSG00000039844	ISO, IEA
CRE upregulated	GO:0060627	regulation of vesicle-mediated transport	ENSMUSG00000008859	ENSMUSG00000008859	IDA, ISO, IBA, IEA
CRE upregulated	GO:0060627	regulation of vesicle-mediated transport	ENSMUSG00000052681	Rap1b	IGI, IBA, IEA
CRE upregulated	GO:0060627	regulation of vesicle-mediated transport	ENSMUSG00000037907	ENSMUSG00000037907	ISS, IEA
CRE upregulated	GO:0060627	regulation of vesicle-mediated transport	ENSMUSG00000037411	Serpine1	IEA
CRE upregulated	GO:0060627	regulation of vesicle-mediated transport	ENSMUSG00000027646	ENSMUSG00000027646	IEA
CRE upregulated	GO:0060627	regulation of vesicle-mediated transport	ENSMUSG00000053825	ENSMUSG00000053825	IEA
CRE upregulated	GO:0009611	response to wounding	ENSMUSG00000051379	Flrt3	ISS, ISO, IEA
CRE upregulated	GO:0009611	response to wounding	ENSMUSG00000052684	Jun	IMP
CRE upregulated	GO:0009611	response to wounding	ENSMUSG00000046223	Plaur	NAS
CRE upregulated	GO:0009611	response to wounding	ENSMUSG00000023067	Cdkn1a	IMP
CRE upregulated	GO:0009611	response to wounding	ENSMUSG00000109901	Chmp1b	ISO, IEA
CRE upregulated	GO:0009611	response to wounding	ENSMUSG00000005087	Cd44	IEA
CRE upregulated	GO:0009611	response to wounding	ENSMUSG00000027611	Procr	IEA
CRE upregulated	GO:0009611	response to wounding	ENSMUSG00000018736	Ndel1	ISO
CRE upregulated	GO:0009611	response to wounding	ENSMUSG00000002250	Ppard	IMP
CRE upregulated	GO:0009611	response to wounding	ENSMUSG00000025809	Itgb1	IEA
CRE upregulated	GO:0009611	response to wounding	ENSMUSG00000025746	Il6	IDA
CRE upregulated	GO:0009611	response to wounding	ENSMUSG00000002233	Rhoc	ISS
CRE upregulated	GO:0009611	response to wounding	ENSMUSG00000032231	Anxa2	IMP, NAS
CRE upregulated	GO:0009611	response to wounding	ENSMUSG00000020838	Slc6a4	IMP
CRE upregulated	GO:0009611	response to wounding	ENSMUSG00000031628	Casp3	IDA
CRE upregulated	GO:0009611	response to wounding	ENSMUSG00000025408	Ddit3	IMP
CRE upregulated	GO:0009611	response to wounding	ENSMUSG00000030077	Chl1	IEA
CRE upregulated	GO:0009611	response to wounding	ENSMUSG00000057531	Dtnbp1	IMP
CRE upregulated	GO:0009611	response to wounding	ENSMUSG00000024789	Jak2	ISS, ISO, IEA
CRE upregulated	GO:0009611	response to wounding	ENSMUSG00000004040	ENSMUSG00000004040	IDA, IEA
CRE upregulated	GO:0009611	response to wounding	ENSMUSG00000024912	Fosl1	IMP
CRE upregulated	GO:0009611	response to wounding	ENSMUSG00000036894	Rap2b	IEA
CRE upregulated	GO:0009611	response to wounding	ENSMUSG00000064210	ENSMUSG00000064210	IMP, IEA
CRE upregulated	GO:0009611	response to wounding	ENSMUSG00000037815	Ctnna1	IEA
CRE upregulated	GO:0009611	response to wounding	ENSMUSG00000021587	Pcsk1	IEA
CRE upregulated	GO:0009611	response to wounding	ENSMUSG00000011877	Git1	IMP
CRE upregulated	GO:0009611	response to wounding	ENSMUSG00000028434	Epb41l4b	IEA
CRE upregulated	GO:0009611	response to wounding	ENSMUSG00000058354	Krt6a	IMP
CRE upregulated	GO:0009611	response to wounding	ENSMUSG00000061947	ENSMUSG00000061947	IEA
CRE upregulated	GO:0009611	response to wounding	ENSMUSG00000020594	ENSMUSG00000020594	ISO, IEA
CRE upregulated	GO:0009611	response to wounding	ENSMUSG00000038467	ENSMUSG00000038467	ISO, IEA
CRE upregulated	GO:0009611	response to wounding	ENSMUSG00000021072	Tmx1	IMP, IEA
CRE upregulated	GO:0009611	response to wounding	ENSMUSG00000002633	Shh	IMP, ISO
CRE upregulated	GO:0009611	response to wounding	ENSMUSG00000032462	ENSMUSG00000032462	IMP
CRE upregulated	GO:0009611	response to wounding	ENSMUSG00000005089	Slc1a2	IMP
CRE upregulated	GO:0009611	response to wounding	ENSMUSG00000056050	ENSMUSG00000056050	IEA
CRE upregulated	GO:0009611	response to wounding	ENSMUSG00000037411	Serpine1	IEA
CRE upregulated	GO:0009611	response to wounding	ENSMUSG00000047261	ENSMUSG00000047261	IBA
CRE upregulated	GO:0009611	response to wounding	ENSMUSG00000015839	Nfe2l2	IMP
CRE upregulated	GO:0009611	response to wounding	ENSMUSG00000105987	ENSMUSG00000105987	IEP
CRE upregulated	GO:0006351	DNA-templated transcription	ENSMUSG00000026628	Atf3	IDA, IGI, ISO, IBA, IEA
CRE upregulated	GO:0006351	DNA-templated transcription	ENSMUSG00000036390	Gadd45a	IEA
CRE upregulated	GO:0006351	DNA-templated transcription	ENSMUSG00000052684	Jun	IDA, IMP, IGI, ISS, ISO, IBA, NAS, IEA
CRE upregulated	GO:0006351	DNA-templated transcription	ENSMUSG00000063632	Sox11	IDA, IMP, ISO, IBA, IEA
CRE upregulated	GO:0006351	DNA-templated transcription	ENSMUSG00000056749	Nfil3	IDA, IMP, IBA, IEA
CRE upregulated	GO:0006351	DNA-templated transcription	ENSMUSG00000024143	Rhoq	IEA
CRE upregulated	GO:0006351	DNA-templated transcription	ENSMUSG00000022895	Ets2	ISO, IBA, IEA
CRE upregulated	GO:0006351	DNA-templated transcription	ENSMUSG00000037447	Arid5a	IGI, IBA, IEA
CRE upregulated	GO:0006351	DNA-templated transcription	ENSMUSG00000032515	Csrnp1	IDA, IMP, IBA
CRE upregulated	GO:0006351	DNA-templated transcription	ENSMUSG00000021765	Fst	IEA
CRE upregulated	GO:0006351	DNA-templated transcription	ENSMUSG00000030256	Bhlhe41	IDA, IBA, TAS, IEA
CRE upregulated	GO:0006351	DNA-templated transcription	ENSMUSG00000025612	Bach1	IDA, ISS, IBA, IEA
CRE upregulated	GO:0006351	DNA-templated transcription	ENSMUSG00000000078	Klf6	IEA
CRE upregulated	GO:0006351	DNA-templated transcription	ENSMUSG00000058093	Zfp729b	IBA, IEA
CRE upregulated	GO:0006351	DNA-templated transcription	ENSMUSG00000044934	Zfp367	ISO, IBA, IEA
CRE upregulated	GO:0006351	DNA-templated transcription	ENSMUSG00000030272	Camk1	IEA
CRE upregulated	GO:0006351	DNA-templated transcription	ENSMUSG00000001542	Ell2	ISS, ISO, IBA, IEA
CRE upregulated	GO:0006351	DNA-templated transcription	ENSMUSG00000031681	Smad1	IDA, IMP, IGI, ISO, IBA, IEA
CRE upregulated	GO:0006351	DNA-templated transcription	ENSMUSG00000035673	Sbno2	IMP, IBA, IEA
CRE upregulated	GO:0006351	DNA-templated transcription	ENSMUSG00000033060	Lmo7	IDA, ISS, ISO
CRE upregulated	GO:0006351	DNA-templated transcription	ENSMUSG00000003644	Rps6ka1	ISO, IBA, IEA
CRE upregulated	GO:0006351	DNA-templated transcription	ENSMUSG00000026836	Acvr1	IMP, IEA
CRE upregulated	GO:0006351	DNA-templated transcription	ENSMUSG00000024256	Adcyap1	ISS, ISO, IEA
CRE upregulated	GO:0006351	DNA-templated transcription	ENSMUSG00000034832	Tet3	ISS, IBA, IEA
CRE upregulated	GO:0006351	DNA-templated transcription	ENSMUSG00000002250	Ppard	IDA, ISS, IBA, IEA
CRE upregulated	GO:0006351	DNA-templated transcription	ENSMUSG00000037638	Zbtb42	IDA, IBA
CRE upregulated	GO:0006351	DNA-templated transcription	ENSMUSG00000066838	Zfp772	IBA, IEA
CRE upregulated	GO:0006351	DNA-templated transcription	ENSMUSG00000007812	Zfp655	IBA, IEA
CRE upregulated	GO:0006351	DNA-templated transcription	ENSMUSG00000042507	Mideas	IBA
CRE upregulated	GO:0006351	DNA-templated transcription	ENSMUSG00000026796	Niban2	IEA
CRE upregulated	GO:0006351	DNA-templated transcription	ENSMUSG00000027583	Zbtb46	IDA, IBA, IEA
CRE upregulated	GO:0006351	DNA-templated transcription	ENSMUSG00000030678	Maz	IEA
CRE upregulated	GO:0006351	DNA-templated transcription	ENSMUSG00000053436	Mapk14	IDA, IMP, ISO
CRE upregulated	GO:0006351	DNA-templated transcription	ENSMUSG00000025239	Limd1	ISS, IBA, IEA
CRE upregulated	GO:0006351	DNA-templated transcription	ENSMUSG00000048490	Nrip1	IDA, IBA, IEA
CRE upregulated	GO:0006351	DNA-templated transcription	ENSMUSG00000022096	Hr	IDA, IBA
CRE upregulated	GO:0006351	DNA-templated transcription	ENSMUSG00000013089	Etv5	IDA, IBA, IEA
CRE upregulated	GO:0006351	DNA-templated transcription	ENSMUSG00000025746	Il6	IDA, IGI, ISO
CRE upregulated	GO:0006351	DNA-templated transcription	ENSMUSG00000032231	Anxa2	IDA
CRE upregulated	GO:0006351	DNA-templated transcription	ENSMUSG00000032280	Tle3	ISO, IEA
CRE upregulated	GO:0006351	DNA-templated transcription	ENSMUSG00000055994	Nod2	ISS, IEA
CRE upregulated	GO:0006351	DNA-templated transcription	ENSMUSG00000024014	Pim1	IMP
CRE upregulated	GO:0006351	DNA-templated transcription	ENSMUSG00000063889	Crem	IGI, IBA, IEA
CRE upregulated	GO:0006351	DNA-templated transcription	ENSMUSG00000042406	Atf4	IDA, IMP, IGI, ISS, ISO, IBA, IEA
CRE upregulated	GO:0006351	DNA-templated transcription	ENSMUSG00000023079	Gtf2ird1	IEA
CRE upregulated	GO:0006351	DNA-templated transcription	ENSMUSG00000020271	Fbxw11	IMP
CRE upregulated	GO:0006351	DNA-templated transcription	ENSMUSG00000029641	Rasl11a	IDA
CRE upregulated	GO:0006351	DNA-templated transcription	ENSMUSG00000025408	Ddit3	IDA, IMP, IGI, ISS, ISO, IBA, NAS, IEA
CRE upregulated	GO:0006351	DNA-templated transcription	ENSMUSG00000040435	Ppp1r15a	IDA
CRE upregulated	GO:0006351	DNA-templated transcription	ENSMUSG00000018909	Arrb1	ISO, IEA
CRE upregulated	GO:0006351	DNA-templated transcription	ENSMUSG00000020248	Nfyb	IDA, ISO, IBA, IEA
CRE upregulated	GO:0006351	DNA-templated transcription	ENSMUSG00000024349	Sting1	IDA, IEA
CRE upregulated	GO:0006351	DNA-templated transcription	ENSMUSG00000030057	Cnbp	IDA, IEA
CRE upregulated	GO:0006351	DNA-templated transcription	ENSMUSG00000000134	Tfe3	IDA, IMP, IBA, IEA
CRE upregulated	GO:0006351	DNA-templated transcription	ENSMUSG00000015837	Sqstm1	IMP
CRE upregulated	GO:0006351	DNA-templated transcription	ENSMUSG00000028901	Gmeb1	IDA, IBA
CRE upregulated	GO:0006351	DNA-templated transcription	ENSMUSG00000029131	Dnajb6	IDA
CRE upregulated	GO:0006351	DNA-templated transcription	ENSMUSG00000001627	Ifrd1	ISO
CRE upregulated	GO:0006351	DNA-templated transcription	ENSMUSG00000022346	Myc	IDA, IMP, IGI, ISS, ISO, IBA, IEA
CRE upregulated	GO:0006351	DNA-templated transcription	ENSMUSG00000027954	Efna1	IMP
CRE upregulated	GO:0006351	DNA-templated transcription	ENSMUSG00000024789	Jak2	IGI, ISS
CRE upregulated	GO:0006351	DNA-templated transcription	ENSMUSG00000004040	ENSMUSG00000004040	IDA, IMP, IGI, ISO, IBA, NAS, IEA
CRE upregulated	GO:0006351	DNA-templated transcription	ENSMUSG00000042292	Mrtfa	IDA, ISS, ISO, IBA, IEA
CRE upregulated	GO:0006351	DNA-templated transcription	ENSMUSG00000061589	Dot1l	ISO, IEA
CRE upregulated	GO:0006351	DNA-templated transcription	ENSMUSG00000109511	Nup62	IEA
CRE upregulated	GO:0006351	DNA-templated transcription	ENSMUSG00000029135	Fosl2	IDA, IMP, ISO, IBA, IEA
CRE upregulated	GO:0006351	DNA-templated transcription	ENSMUSG00000018143	Mafk	IDA, IBA, IEA
CRE upregulated	GO:0006351	DNA-templated transcription	ENSMUSG00000047649	Polr1g	IDA, IEA
CRE upregulated	GO:0006351	DNA-templated transcription	ENSMUSG00000035236	Scai	IEA
CRE upregulated	GO:0006351	DNA-templated transcription	ENSMUSG00000020358	Hnrnpab	IDA, IGI
CRE upregulated	GO:0006351	DNA-templated transcription	ENSMUSG00000059866	Tnip2	ISS, IBA, IEA
CRE upregulated	GO:0006351	DNA-templated transcription	ENSMUSG00000027806	Tsc22d2	IEA
CRE upregulated	GO:0006351	DNA-templated transcription	ENSMUSG00000040033	ENSMUSG00000040033	IEA
CRE upregulated	GO:0006351	DNA-templated transcription	ENSMUSG00000024803	Ankrd1	IDA, ISO, IBA, IEA
CRE upregulated	GO:0006351	DNA-templated transcription	ENSMUSG00000032497	Lrrfip2	IEA
CRE upregulated	GO:0006351	DNA-templated transcription	ENSMUSG00000024912	Fosl1	ISO, IBA, IEA
CRE upregulated	GO:0006351	DNA-templated transcription	ENSMUSG00000024927	Rela	IDA, IMP, ISS, ISO, IBA, TAS, IEA
CRE upregulated	GO:0006351	DNA-templated transcription	ENSMUSG00000003435	ENSMUSG00000003435	ISO, IBA, IEA
CRE upregulated	GO:0006351	DNA-templated transcription	ENSMUSG00000055044	Pdlim1	IDA, IEA
CRE upregulated	GO:0006351	DNA-templated transcription	ENSMUSG00000024238	Zeb1	IDA, IMP, IGI, ISS, ISO, IBA, IEA
CRE upregulated	GO:0006351	DNA-templated transcription	ENSMUSG00000024947	Men1	IDA, IMP, IGI, ISO, IBA, IEA
CRE upregulated	GO:0006351	DNA-templated transcription	ENSMUSG00000029071	ENSMUSG00000029071	IEA
CRE upregulated	GO:0006351	DNA-templated transcription	ENSMUSG00000040433	Zbtb38	ISO, IBA, IEA
CRE upregulated	GO:0006351	DNA-templated transcription	ENSMUSG00000032715	Trib3	ISS, IEA
CRE upregulated	GO:0006351	DNA-templated transcription	ENSMUSG00000024777	ENSMUSG00000024777	ISO, IEA
CRE upregulated	GO:0006351	DNA-templated transcription	ENSMUSG00000024335	Brd2	IDA, ISS, IBA, IEA
CRE upregulated	GO:0006351	DNA-templated transcription	ENSMUSG00000048047	Zbtb33	ISS, ISA, IBA, IEA
CRE upregulated	GO:0006351	DNA-templated transcription	ENSMUSG00000028466	Creb3	IEA
CRE upregulated	GO:0006351	DNA-templated transcription	ENSMUSG00000037876	Jmjd1c	IBA
CRE upregulated	GO:0006351	DNA-templated transcription	ENSMUSG00000022526	Zfp251	IBA, IEA
CRE upregulated	GO:0006351	DNA-templated transcription	ENSMUSG00000071637	Cebpd	IDA, ISO, IBA, IEA
CRE upregulated	GO:0006351	DNA-templated transcription	ENSMUSG00000015776	Med22	NAS, IEA
CRE upregulated	GO:0006351	DNA-templated transcription	ENSMUSG00000031668	ENSMUSG00000031668	IEA
CRE upregulated	GO:0006351	DNA-templated transcription	ENSMUSG00000053175	Bcl3	IDA, IBA, IEA
CRE upregulated	GO:0006351	DNA-templated transcription	ENSMUSG00000068739	ENSMUSG00000068739	ISS, IEA
CRE upregulated	GO:0006351	DNA-templated transcription	ENSMUSG00000059796	Eif4a1	ISS, IEA
CRE upregulated	GO:0006351	DNA-templated transcription	ENSMUSG00000030199	Etv6	IDA, IBA, IEA
CRE upregulated	GO:0006351	DNA-templated transcription	ENSMUSG00000003154	Foxj2	IBA, IEA
CRE upregulated	GO:0006351	DNA-templated transcription	ENSMUSG00000040857	Erf	IEA
CRE upregulated	GO:0006351	DNA-templated transcription	ENSMUSG00000027605	Acss2	IEA
CRE upregulated	GO:0006351	DNA-templated transcription	ENSMUSG00000036180	ENSMUSG00000036180	ISS, IBA, NAS, IEA
CRE upregulated	GO:0006351	DNA-templated transcription	ENSMUSG00000039985	Sinhcaf	NAS
CRE upregulated	GO:0006351	DNA-templated transcription	ENSMUSG00000055491	ENSMUSG00000055491	IBA
CRE upregulated	GO:0006351	DNA-templated transcription	ENSMUSG00000052837	ENSMUSG00000052837	IDA, IMP, ISO, IBA, IEA
CRE upregulated	GO:0006351	DNA-templated transcription	ENSMUSG00000013483	Card14	ISS
CRE upregulated	GO:0006351	DNA-templated transcription	ENSMUSG00000028840	Zfp593	IEA
CRE upregulated	GO:0006351	DNA-templated transcription	ENSMUSG00000047281	ENSMUSG00000047281	IDA
CRE upregulated	GO:0006351	DNA-templated transcription	ENSMUSG00000021796	Bmpr1a	IDA, IMP, IEA
CRE upregulated	GO:0006351	DNA-templated transcription	ENSMUSG00000029110	ENSMUSG00000029110	IDA, ISS, ISO, IBA, IEA
CRE upregulated	GO:0006351	DNA-templated transcription	ENSMUSG00000021890	ENSMUSG00000021890	ISO, IBA, IEA
CRE upregulated	GO:0006351	DNA-templated transcription	ENSMUSG00000045763	ENSMUSG00000045763	ISS, IBA, IEA
CRE upregulated	GO:0006351	DNA-templated transcription	ENSMUSG00000039191	Rbpj	IDA, IMP, IGI, ISS, ISO, IEA
CRE upregulated	GO:0006351	DNA-templated transcription	ENSMUSG00000019256	ENSMUSG00000019256	IEA
CRE upregulated	GO:0006351	DNA-templated transcription	ENSMUSG00000046962	ENSMUSG00000046962	IBA, IEA
CRE upregulated	GO:0006351	DNA-templated transcription	ENSMUSG00000051316	Taf7	IDA, ISS, ISO, IBA, NAS, IEA
CRE upregulated	GO:0006351	DNA-templated transcription	ENSMUSG00000001552	ENSMUSG00000001552	IBA
CRE upregulated	GO:0006351	DNA-templated transcription	ENSMUSG00000040463	ENSMUSG00000040463	IDA, ISO, NAS, IEA
CRE upregulated	GO:0006351	DNA-templated transcription	ENSMUSG00000004099	ENSMUSG00000004099	IDA, IMP
CRE upregulated	GO:0006351	DNA-templated transcription	ENSMUSG00000053007	Creb5	IEA
CRE upregulated	GO:0006351	DNA-templated transcription	ENSMUSG00000000787	ENSMUSG00000000787	ISS
CRE upregulated	GO:0006351	DNA-templated transcription	ENSMUSG00000008730	Hipk1	ISS
CRE upregulated	GO:0006351	DNA-templated transcription	ENSMUSG00000059288	ENSMUSG00000059288	IEA
CRE upregulated	GO:0006351	DNA-templated transcription	ENSMUSG00000022948	Setd4	IBA
CRE upregulated	GO:0006351	DNA-templated transcription	ENSMUSG00000038676	Ucn	IMP
CRE upregulated	GO:0006351	DNA-templated transcription	ENSMUSG00000042185	ENSMUSG00000042185	ISO, IEA
CRE upregulated	GO:0006351	DNA-templated transcription	ENSMUSG00000032508	Myd88	IMP
CRE upregulated	GO:0006351	DNA-templated transcription	ENSMUSG00000002633	Shh	IDA, IMP, IGI, IEA
CRE upregulated	GO:0006351	DNA-templated transcription	ENSMUSG00000008384	Sertad1	IDA, IGI
CRE upregulated	GO:0006351	DNA-templated transcription	ENSMUSG00000028680	ENSMUSG00000028680	IEA
CRE upregulated	GO:0006351	DNA-templated transcription	ENSMUSG00000027944	Hax1	IEA
CRE upregulated	GO:0006351	DNA-templated transcription	ENSMUSG00000039671	ENSMUSG00000039671	IEA
CRE upregulated	GO:0006351	DNA-templated transcription	ENSMUSG00000063952	Brpf3	ISS, IBA
CRE upregulated	GO:0006351	DNA-templated transcription	ENSMUSG00000048027	ENSMUSG00000048027	IDA
CRE upregulated	GO:0006351	DNA-templated transcription	ENSMUSG00000028291	ENSMUSG00000028291	IDA, IMP, ISO, IBA, IEA
CRE upregulated	GO:0006351	DNA-templated transcription	ENSMUSG00000037465	Klf10	IDA, IMP, IBA, IEA
CRE upregulated	GO:0006351	DNA-templated transcription	ENSMUSG00000024613	ENSMUSG00000024613	IMP, IBA
CRE upregulated	GO:0006351	DNA-templated transcription	ENSMUSG00000020755	ENSMUSG00000020755	IEA
CRE upregulated	GO:0006351	DNA-templated transcription	ENSMUSG00000027646	ENSMUSG00000027646	IEA
CRE upregulated	GO:0006351	DNA-templated transcription	ENSMUSG00000020680	ENSMUSG00000020680	IEA
CRE upregulated	GO:0006351	DNA-templated transcription	ENSMUSG00000004698	ENSMUSG00000004698	IEA
CRE upregulated	GO:0006351	DNA-templated transcription	ENSMUSG00000032501	Trib1	IDA
CRE upregulated	GO:0006351	DNA-templated transcription	ENSMUSG00000003119	ENSMUSG00000003119	ISS, ISO, IBA, IEA
CRE upregulated	GO:0006351	DNA-templated transcription	ENSMUSG00000042197	ENSMUSG00000042197	ISS, IBA, IEA
CRE upregulated	GO:0006351	DNA-templated transcription	ENSMUSG00000055067	ENSMUSG00000055067	IMP
CRE upregulated	GO:0006351	DNA-templated transcription	ENSMUSG00000027433	ENSMUSG00000027433	ISS, IEA
CRE upregulated	GO:0006351	DNA-templated transcription	ENSMUSG00000015839	Nfe2l2	IDA, IMP, IGI, ISO, IBA, IEA
CRE upregulated	GO:0006351	DNA-templated transcription	ENSMUSG00000024907	Gal	ISS, IEA
CRE upregulated	GO:0006351	DNA-templated transcription	ENSMUSG00000024026	ENSMUSG00000024026	IDA
CRE upregulated	GO:0006351	DNA-templated transcription	ENSMUSG00000029475	ENSMUSG00000029475	IDA, IMP, IBA
CRE upregulated	GO:0050807	regulation of synapse organization	ENSMUSG00000051379	Flrt3	IDA
CRE upregulated	GO:0050807	regulation of synapse organization	ENSMUSG00000030272	Camk1	ISS, ISO, IEA
CRE upregulated	GO:0050807	regulation of synapse organization	ENSMUSG00000048482	Bdnf	IEA
CRE upregulated	GO:0050807	regulation of synapse organization	ENSMUSG00000027540	Ptpn1	IEA
CRE upregulated	GO:0050807	regulation of synapse organization	ENSMUSG00000043895	S1pr2	EXP, IDA
CRE upregulated	GO:0050807	regulation of synapse organization	ENSMUSG00000029121	Crmp1	IDA, IEP
CRE upregulated	GO:0050807	regulation of synapse organization	ENSMUSG00000063506	Arhgap22	IEA
CRE upregulated	GO:0050807	regulation of synapse organization	ENSMUSG00000053436	Mapk14	EXP, IDA, IMP, IEP
CRE upregulated	GO:0050807	regulation of synapse organization	ENSMUSG00000025809	Itgb1	IDA, IMP
CRE upregulated	GO:0050807	regulation of synapse organization	ENSMUSG00000013089	Etv5	IMP
CRE upregulated	GO:0050807	regulation of synapse organization	ENSMUSG00000047368	Abhd17b	IMP, ISO, IBA
CRE upregulated	GO:0050807	regulation of synapse organization	ENSMUSG00000022607	Ptk2	IDA, IMP
CRE upregulated	GO:0050807	regulation of synapse organization	ENSMUSG00000001847	Rac1	IDA, IMP
CRE upregulated	GO:0050807	regulation of synapse organization	ENSMUSG00000044667	Plppr4	IDA, IMP
CRE upregulated	GO:0050807	regulation of synapse organization	ENSMUSG00000057531	Dtnbp1	ISO, IEA
CRE upregulated	GO:0050807	regulation of synapse organization	ENSMUSG00000030309	Caprin2	IMP
CRE upregulated	GO:0050807	regulation of synapse organization	ENSMUSG00000027954	Efna1	IDA
CRE upregulated	GO:0050807	regulation of synapse organization	ENSMUSG00000042292	Mrtfa	IEA
CRE upregulated	GO:0050807	regulation of synapse organization	ENSMUSG00000022602	Arc	ISO, IEA
CRE upregulated	GO:0050807	regulation of synapse organization	ENSMUSG00000030223	ENSMUSG00000030223	IDA, IMP
CRE upregulated	GO:0050807	regulation of synapse organization	ENSMUSG00000027797	Dclk1	IDA, IMP
CRE upregulated	GO:0050807	regulation of synapse organization	ENSMUSG00000036882	ENSMUSG00000036882	IDA, IMP, ISO, IEA
CRE upregulated	GO:0050807	regulation of synapse organization	ENSMUSG00000029071	ENSMUSG00000029071	IDA, IMP
CRE upregulated	GO:0050807	regulation of synapse organization	ENSMUSG00000052921	Arhgef15	IDA, IMP
CRE upregulated	GO:0050807	regulation of synapse organization	ENSMUSG00000044147	Arf6	ISO, IEA
CRE upregulated	GO:0050807	regulation of synapse organization	ENSMUSG00000031937	ENSMUSG00000031937	IMP, IBA
CRE upregulated	GO:0050807	regulation of synapse organization	ENSMUSG00000022656	ENSMUSG00000022656	IDA, IMP
CRE upregulated	GO:0050807	regulation of synapse organization	ENSMUSG00000020594	ENSMUSG00000020594	IEA
CRE upregulated	GO:0050807	regulation of synapse organization	ENSMUSG00000039671	ENSMUSG00000039671	ISO, IEA
CRE upregulated	GO:0050807	regulation of synapse organization	ENSMUSG00000020340	ENSMUSG00000020340	IEA
CRE upregulated	GO:0050807	regulation of synapse organization	ENSMUSG00000019843	ENSMUSG00000019843	IGI
CRE upregulated	GO:0050807	regulation of synapse organization	ENSMUSG00000053825	ENSMUSG00000053825	IEA
CRE upregulated	GO:0006508	proteolysis	ENSMUSG00000046223	Plaur	NAS
CRE upregulated	GO:0006508	proteolysis	ENSMUSG00000039328	Rnf122	ISS, IEA
CRE upregulated	GO:0006508	proteolysis	ENSMUSG00000025473	Adam8	IDA, IBA, IEA
CRE upregulated	GO:0006508	proteolysis	ENSMUSG00000001054	Rmnd5b	IBA, IEA
CRE upregulated	GO:0006508	proteolysis	ENSMUSG00000109901	Chmp1b	ISO, IEA
CRE upregulated	GO:0006508	proteolysis	ENSMUSG00000028226	Mmp16	IEA
CRE upregulated	GO:0006508	proteolysis	ENSMUSG00000028793	Rnf19b	IBA
CRE upregulated	GO:0006508	proteolysis	ENSMUSG00000024691	Fam111a	ISS, IEA
CRE upregulated	GO:0006508	proteolysis	ENSMUSG00000021501	Caml	ISS, IEA
CRE upregulated	GO:0006508	proteolysis	ENSMUSG00000037568	Vash2	IDA, IEA
CRE upregulated	GO:0006508	proteolysis	ENSMUSG00000027313	Chac1	ISS, IEA
CRE upregulated	GO:0006508	proteolysis	ENSMUSG00000027540	Ptpn1	IEA
CRE upregulated	GO:0006508	proteolysis	ENSMUSG00000000278	Scpep1	IEA
CRE upregulated	GO:0006508	proteolysis	ENSMUSG00000025139	Tollip	IBA
CRE upregulated	GO:0006508	proteolysis	ENSMUSG00000032231	Anxa2	ISO, IEA
CRE upregulated	GO:0006508	proteolysis	ENSMUSG00000022607	Ptk2	IMP
CRE upregulated	GO:0006508	proteolysis	ENSMUSG00000020271	Fbxw11	IMP, ISS
CRE upregulated	GO:0006508	proteolysis	ENSMUSG00000031628	Casp3	IDA, ISO, IBA, RCA, IEA
CRE upregulated	GO:0006508	proteolysis	ENSMUSG00000025408	Ddit3	IEA
CRE upregulated	GO:0006508	proteolysis	ENSMUSG00000040435	Ppp1r15a	ISO
CRE upregulated	GO:0006508	proteolysis	ENSMUSG00000018909	Arrb1	IMP, ISS, IEA
CRE upregulated	GO:0006508	proteolysis	ENSMUSG00000020064	Herc4	IBA
CRE upregulated	GO:0006508	proteolysis	ENSMUSG00000027455	Nsfl1c	IBA
CRE upregulated	GO:0006508	proteolysis	ENSMUSG00000023286	Ube2j2	IBA, IEA
CRE upregulated	GO:0006508	proteolysis	ENSMUSG00000017428	Psmd11	ISS, IBA, IEA
CRE upregulated	GO:0006508	proteolysis	ENSMUSG00000036057	Ptpn23	ISS, IBA, IEA
CRE upregulated	GO:0006508	proteolysis	ENSMUSG00000022433	Csnk1e	IMP, IBA
CRE upregulated	GO:0006508	proteolysis	ENSMUSG00000022346	Myc	IMP
CRE upregulated	GO:0006508	proteolysis	ENSMUSG00000005813	Metap1	IEA
CRE upregulated	GO:0006508	proteolysis	ENSMUSG00000027954	Efna1	IEA
CRE upregulated	GO:0006508	proteolysis	ENSMUSG00000026247	Ecel1	IBA, IEA
CRE upregulated	GO:0006508	proteolysis	ENSMUSG00000020027	Socs2	ISS, IEA
CRE upregulated	GO:0006508	proteolysis	ENSMUSG00000036990	Otud4	IEA
CRE upregulated	GO:0006508	proteolysis	ENSMUSG00000028255	Clca1	IEA
CRE upregulated	GO:0006508	proteolysis	ENSMUSG00000017615	Tnfaip1	ISS, IBA, IEA
CRE upregulated	GO:0006508	proteolysis	ENSMUSG00000033545	Znrf1	IDA, IBA
CRE upregulated	GO:0006508	proteolysis	ENSMUSG00000038733	Wdr26	IBA
CRE upregulated	GO:0006508	proteolysis	ENSMUSG00000019188	ENSMUSG00000019188	ISS, IBA, IEA
CRE upregulated	GO:0006508	proteolysis	ENSMUSG00000038591	Colec10	IEA
CRE upregulated	GO:0006508	proteolysis	ENSMUSG00000026718	ENSMUSG00000026718	IBA
CRE upregulated	GO:0006508	proteolysis	ENSMUSG00000026078	Pdcl3	ISO, IEA
CRE upregulated	GO:0006508	proteolysis	ENSMUSG00000029071	ENSMUSG00000029071	IEA
CRE upregulated	GO:0006508	proteolysis	ENSMUSG00000022125	Cln5	ISS, IEA
CRE upregulated	GO:0006508	proteolysis	ENSMUSG00000032715	Trib3	IBA, TAS
CRE upregulated	GO:0006508	proteolysis	ENSMUSG00000020694	ENSMUSG00000020694	ISS, IEA
CRE upregulated	GO:0006508	proteolysis	ENSMUSG00000025162	ENSMUSG00000025162	IMP, IBA, IEA
CRE upregulated	GO:0006508	proteolysis	ENSMUSG00000021587	Pcsk1	IDA, IMP, ISO, IBA, IEA
CRE upregulated	GO:0006508	proteolysis	ENSMUSG00000028599	Tnfrsf1b	IBA, IEA
CRE upregulated	GO:0006508	proteolysis	ENSMUSG00000029110	ENSMUSG00000029110	ISS, IEA
CRE upregulated	GO:0006508	proteolysis	ENSMUSG00000027997	Casp6	ISS, RCA, IEA
CRE upregulated	GO:0006508	proteolysis	ENSMUSG00000011256	ENSMUSG00000011256	IDA, IMP, IBA, IEA
CRE upregulated	GO:0006508	proteolysis	ENSMUSG00000020448	Rnf185	ISS, IBA, IEA
CRE upregulated	GO:0006508	proteolysis	ENSMUSG00000050022	ENSMUSG00000050022	IEA
CRE upregulated	GO:0006508	proteolysis	ENSMUSG00000038467	ENSMUSG00000038467	ISO, IEA
CRE upregulated	GO:0006508	proteolysis	ENSMUSG00000028370	Pappa	IBA, IEA
CRE upregulated	GO:0006508	proteolysis	ENSMUSG00000026864	ENSMUSG00000026864	IDA, IBA
CRE upregulated	GO:0006508	proteolysis	ENSMUSG00000021072	Tmx1	ISS, IEA
CRE upregulated	GO:0006508	proteolysis	ENSMUSG00000002633	Shh	IDA, IMP, IEA
CRE upregulated	GO:0006508	proteolysis	ENSMUSG00000026209	ENSMUSG00000026209	IEA
CRE upregulated	GO:0006508	proteolysis	ENSMUSG00000032540	ENSMUSG00000032540	IEA
CRE upregulated	GO:0006508	proteolysis	ENSMUSG00000027978	Prss12	IDA, IMP, IBA, IEA
CRE upregulated	GO:0006508	proteolysis	ENSMUSG00000053581	ENSMUSG00000053581	IMP, IBA
CRE upregulated	GO:0006508	proteolysis	ENSMUSG00000006344	ENSMUSG00000006344	IEA
CRE upregulated	GO:0006508	proteolysis	ENSMUSG00000015357	ENSMUSG00000015357	ISS, IBA, IEA
CRE upregulated	GO:0006508	proteolysis	ENSMUSG00000025198	ENSMUSG00000025198	IEA
CRE upregulated	GO:0006508	proteolysis	ENSMUSG00000038250	ENSMUSG00000038250	IEA
CRE upregulated	GO:0006508	proteolysis	ENSMUSG00000020794	Ube2g1	IBA, IEA
CRE upregulated	GO:0006508	proteolysis	ENSMUSG00000028291	ENSMUSG00000028291	ISS, IEA
CRE upregulated	GO:0006508	proteolysis	ENSMUSG00000037411	Serpine1	IEA
CRE upregulated	GO:0006508	proteolysis	ENSMUSG00000020340	ENSMUSG00000020340	IEA
CRE upregulated	GO:0006508	proteolysis	ENSMUSG00000038712	ENSMUSG00000038712	IEA
CRE upregulated	GO:0006508	proteolysis	ENSMUSG00000027646	ENSMUSG00000027646	IGI
CRE upregulated	GO:0006508	proteolysis	ENSMUSG00000021340	ENSMUSG00000021340	IEA
CRE upregulated	GO:0006508	proteolysis	ENSMUSG00000032501	Trib1	IDA, IBA
CRE upregulated	GO:0006508	proteolysis	ENSMUSG00000025027	Xpnpep1	ISS, ISO, IEA
CRE upregulated	GO:0006508	proteolysis	ENSMUSG00000015839	Nfe2l2	ISS, IEA
CRE upregulated	GO:0006508	proteolysis	ENSMUSG00000021477	ENSMUSG00000021477	IDA, IMP, ISS, ISO, IBA, IEA
CRE upregulated	GO:0006508	proteolysis	ENSMUSG00000031751	ENSMUSG00000031751	ISS, IBA, IEA
CRE upregulated	GO:0006508	proteolysis	ENSMUSG00000046707	ENSMUSG00000046707	IEA
CRE upregulated	GO:0010976	positive regulation of neuron projection development	ENSMUSG00000004951	Hspb1	ISO
CRE upregulated	GO:0010976	positive regulation of neuron projection development	ENSMUSG00000030102	Itpr1	ISO
CRE upregulated	GO:0010976	positive regulation of neuron projection development	ENSMUSG00000030272	Camk1	ISS, IEA
CRE upregulated	GO:0010976	positive regulation of neuron projection development	ENSMUSG00000048482	Bdnf	IGI
CRE upregulated	GO:0010976	positive regulation of neuron projection development	ENSMUSG00000024256	Adcyap1	ISO, IEA
CRE upregulated	GO:0010976	positive regulation of neuron projection development	ENSMUSG00000018736	Ndel1	ISO
CRE upregulated	GO:0010976	positive regulation of neuron projection development	ENSMUSG00000045136	Tubb2b	ISS, IEA
CRE upregulated	GO:0010976	positive regulation of neuron projection development	ENSMUSG00000025809	Itgb1	ISO
CRE upregulated	GO:0010976	positive regulation of neuron projection development	ENSMUSG00000025746	Il6	ISO
CRE upregulated	GO:0010976	positive regulation of neuron projection development	ENSMUSG00000024772	Ehd1	ISO, IEA
CRE upregulated	GO:0010976	positive regulation of neuron projection development	ENSMUSG00000001507	Itga3	ISO, IEA
CRE upregulated	GO:0010976	positive regulation of neuron projection development	ENSMUSG00000030309	Caprin2	IMP
CRE upregulated	GO:0010976	positive regulation of neuron projection development	ENSMUSG00000024803	Ankrd1	ISO
CRE upregulated	GO:0010976	positive regulation of neuron projection development	ENSMUSG00000029071	ENSMUSG00000029071	IMP
CRE upregulated	GO:0010976	positive regulation of neuron projection development	ENSMUSG00000024777	ENSMUSG00000024777	ISO, IEA
CRE upregulated	GO:0010976	positive regulation of neuron projection development	ENSMUSG00000044147	Arf6	IEA
CRE upregulated	GO:0010976	positive regulation of neuron projection development	ENSMUSG00000039844	ENSMUSG00000039844	ISO, IEA
CRE upregulated	GO:0010976	positive regulation of neuron projection development	ENSMUSG00000020594	ENSMUSG00000020594	ISO, IEA
CRE upregulated	GO:0010976	positive regulation of neuron projection development	ENSMUSG00000026864	ENSMUSG00000026864	ISO
CRE upregulated	GO:0010976	positive regulation of neuron projection development	ENSMUSG00000023277	ENSMUSG00000023277	IBA, IEA
CRE upregulated	GO:0010976	positive regulation of neuron projection development	ENSMUSG00000019843	ENSMUSG00000019843	IGI
CRE upregulated	GO:0010976	positive regulation of neuron projection development	ENSMUSG00000015839	Nfe2l2	ISO, IEA
CRE upregulated	GO:0010976	positive regulation of neuron projection development	ENSMUSG00000049550	ENSMUSG00000049550	ISO
CRE upregulated	GO:0010976	positive regulation of neuron projection development	ENSMUSG00000054204	ENSMUSG00000054204	ISS, IEA
CRE upregulated	GO:0001817	regulation of cytokine production	ENSMUSG00000004951	Hspb1	IDA
CRE upregulated	GO:0001817	regulation of cytokine production	ENSMUSG00000025473	Adam8	IMP
CRE upregulated	GO:0001817	regulation of cytokine production	ENSMUSG00000037447	Arid5a	IMP
CRE upregulated	GO:0001817	regulation of cytokine production	ENSMUSG00000033902	Mapkbp1	IEA
CRE upregulated	GO:0001817	regulation of cytokine production	ENSMUSG00000030748	Il4ra	IMP
CRE upregulated	GO:0001817	regulation of cytokine production	ENSMUSG00000024404	Riok3	IEA
CRE upregulated	GO:0001817	regulation of cytokine production	ENSMUSG00000026670	Uap1	IEA
CRE upregulated	GO:0001817	regulation of cytokine production	ENSMUSG00000024256	Adcyap1	ISO, IEA
CRE upregulated	GO:0001817	regulation of cytokine production	ENSMUSG00000044734	Serpinb1a	IMP, IBA
CRE upregulated	GO:0001817	regulation of cytokine production	ENSMUSG00000022661	Cd200	IEA
CRE upregulated	GO:0001817	regulation of cytokine production	ENSMUSG00000053436	Mapk14	IEA
CRE upregulated	GO:0001817	regulation of cytokine production	ENSMUSG00000011008	Mcoln2	IMP
CRE upregulated	GO:0001817	regulation of cytokine production	ENSMUSG00000025746	Il6	IDA, IMP
CRE upregulated	GO:0001817	regulation of cytokine production	ENSMUSG00000055994	Nod2	IDA, IMP, IGI, ISS, ISO, IEA
CRE upregulated	GO:0001817	regulation of cytokine production	ENSMUSG00000042406	Atf4	IEA
CRE upregulated	GO:0001817	regulation of cytokine production	ENSMUSG00000079049	Serpinb1c	IMP, IBA
CRE upregulated	GO:0001817	regulation of cytokine production	ENSMUSG00000031628	Casp3	IEA
CRE upregulated	GO:0001817	regulation of cytokine production	ENSMUSG00000025408	Ddit3	IEA
CRE upregulated	GO:0001817	regulation of cytokine production	ENSMUSG00000001847	Rac1	IEA
CRE upregulated	GO:0001817	regulation of cytokine production	ENSMUSG00000018909	Arrb1	IEA
CRE upregulated	GO:0001817	regulation of cytokine production	ENSMUSG00000024349	Sting1	IDA, IMP, ISS, ISO, IBA, IEA
CRE upregulated	GO:0001817	regulation of cytokine production	ENSMUSG00000015316	Slamf1	IDA, IBA, IEA
CRE upregulated	GO:0001817	regulation of cytokine production	ENSMUSG00000026072	Il1r1	ISS, IEA
CRE upregulated	GO:0001817	regulation of cytokine production	ENSMUSG00000024789	Jak2	IDA, IGI, ISS, ISO, NAS, IEA
CRE upregulated	GO:0001817	regulation of cytokine production	ENSMUSG00000004040	ENSMUSG00000004040	ISO, IEA
CRE upregulated	GO:0001817	regulation of cytokine production	ENSMUSG00000020395	Itk	IMP
CRE upregulated	GO:0001817	regulation of cytokine production	ENSMUSG00000029826	Zc3hav1	IDA, IBA
CRE upregulated	GO:0001817	regulation of cytokine production	ENSMUSG00000031934	ENSMUSG00000031934	IMP, IEA
CRE upregulated	GO:0001817	regulation of cytokine production	ENSMUSG00000023915	Tnfrsf21	IMP
CRE upregulated	GO:0001817	regulation of cytokine production	ENSMUSG00000024927	Rela	IDA, IEA
CRE upregulated	GO:0001817	regulation of cytokine production	ENSMUSG00000044453	Ffar1	IEA
CRE upregulated	GO:0001817	regulation of cytokine production	ENSMUSG00000048047	Zbtb33	IBA
CRE upregulated	GO:0001817	regulation of cytokine production	ENSMUSG00000031668	ENSMUSG00000031668	IEA
CRE upregulated	GO:0001817	regulation of cytokine production	ENSMUSG00000053175	Bcl3	IMP, IEA
CRE upregulated	GO:0001817	regulation of cytokine production	ENSMUSG00000068739	ENSMUSG00000068739	ISS, IEA
CRE upregulated	GO:0001817	regulation of cytokine production	ENSMUSG00000025340	Rabgef1	IMP
CRE upregulated	GO:0001817	regulation of cytokine production	ENSMUSG00000028599	Tnfrsf1b	IMP, IGI, IBA
CRE upregulated	GO:0001817	regulation of cytokine production	ENSMUSG00000011877	Git1	IMP
CRE upregulated	GO:0001817	regulation of cytokine production	ENSMUSG00000021796	Bmpr1a	IMP
CRE upregulated	GO:0001817	regulation of cytokine production	ENSMUSG00000037860	Aim2	IDA, IMP, IGI, ISO, IEA
CRE upregulated	GO:0001817	regulation of cytokine production	ENSMUSG00000040010	Slc7a5	IEA
CRE upregulated	GO:0001817	regulation of cytokine production	ENSMUSG00000000787	ENSMUSG00000000787	ISS
CRE upregulated	GO:0001817	regulation of cytokine production	ENSMUSG00000022948	Setd4	IDA
CRE upregulated	GO:0001817	regulation of cytokine production	ENSMUSG00000038676	Ucn	ISO, IEA
CRE upregulated	GO:0001817	regulation of cytokine production	ENSMUSG00000032508	Myd88	IMP, IGI, ISS, IEA
CRE upregulated	GO:0001817	regulation of cytokine production	ENSMUSG00000067586	ENSMUSG00000067586	IMP
CRE upregulated	GO:0001817	regulation of cytokine production	ENSMUSG00000028291	ENSMUSG00000028291	IDA, IMP
CRE upregulated	GO:0001817	regulation of cytokine production	ENSMUSG00000037411	Serpine1	IEA
CRE upregulated	GO:0001817	regulation of cytokine production	ENSMUSG00000027646	ENSMUSG00000027646	ISO, IEA
CRE upregulated	GO:0001817	regulation of cytokine production	ENSMUSG00000004698	ENSMUSG00000004698	IEA
CRE upregulated	GO:0034976	response to endoplasmic reticulum stress	ENSMUSG00000026628	Atf3	IMP, IEA
CRE upregulated	GO:0034976	response to endoplasmic reticulum stress	ENSMUSG00000052684	Jun	IMP
CRE upregulated	GO:0034976	response to endoplasmic reticulum stress	ENSMUSG00000030102	Itpr1	IMP
CRE upregulated	GO:0034976	response to endoplasmic reticulum stress	ENSMUSG00000027313	Chac1	ISS, IEA
CRE upregulated	GO:0034976	response to endoplasmic reticulum stress	ENSMUSG00000027540	Ptpn1	IMP, ISS, IBA, IEA
CRE upregulated	GO:0034976	response to endoplasmic reticulum stress	ENSMUSG00000055994	Nod2	IDA
CRE upregulated	GO:0034976	response to endoplasmic reticulum stress	ENSMUSG00000042406	Atf4	IDA, IMP, IEA
CRE upregulated	GO:0034976	response to endoplasmic reticulum stress	ENSMUSG00000031628	Casp3	NAS
CRE upregulated	GO:0034976	response to endoplasmic reticulum stress	ENSMUSG00000025408	Ddit3	IDA, IMP, ISO, IBA, IEA
CRE upregulated	GO:0034976	response to endoplasmic reticulum stress	ENSMUSG00000040435	Ppp1r15a	IDA, IMP, IBA
CRE upregulated	GO:0034976	response to endoplasmic reticulum stress	ENSMUSG00000024521	Pmaip1	IMP
CRE upregulated	GO:0034976	response to endoplasmic reticulum stress	ENSMUSG00000023286	Ube2j2	IBA, IEA
CRE upregulated	GO:0034976	response to endoplasmic reticulum stress	ENSMUSG00000041594	ENSMUSG00000041594	IMP, IBA
CRE upregulated	GO:0034976	response to endoplasmic reticulum stress	ENSMUSG00000019188	ENSMUSG00000019188	IEA
CRE upregulated	GO:0034976	response to endoplasmic reticulum stress	ENSMUSG00000028893	Sesn2	IMP, IEA
CRE upregulated	GO:0034976	response to endoplasmic reticulum stress	ENSMUSG00000032715	Trib3	ISS, IEA
CRE upregulated	GO:0034976	response to endoplasmic reticulum stress	ENSMUSG00000028466	Creb3	IEA
CRE upregulated	GO:0034976	response to endoplasmic reticulum stress	ENSMUSG00000031668	ENSMUSG00000031668	IEA
CRE upregulated	GO:0034976	response to endoplasmic reticulum stress	ENSMUSG00000020448	Rnf185	ISS, IBA, IEA
CRE upregulated	GO:0034976	response to endoplasmic reticulum stress	ENSMUSG00000000787	ENSMUSG00000000787	ISS
CRE upregulated	GO:0034976	response to endoplasmic reticulum stress	ENSMUSG00000026864	ENSMUSG00000026864	IDA, IMP, ISS, ISO, IBA
CRE upregulated	GO:0034976	response to endoplasmic reticulum stress	ENSMUSG00000021072	Tmx1	ISS, IEA
CRE upregulated	GO:0034976	response to endoplasmic reticulum stress	ENSMUSG00000025198	ENSMUSG00000025198	IEA
CRE upregulated	GO:0034976	response to endoplasmic reticulum stress	ENSMUSG00000004270	ENSMUSG00000004270	IDA
CRE upregulated	GO:0034976	response to endoplasmic reticulum stress	ENSMUSG00000015839	Nfe2l2	IDA, IMP
CRE upregulated	GO:0034976	response to endoplasmic reticulum stress	ENSMUSG00000031751	ENSMUSG00000031751	ISS, IBA, IEA
CRE upregulated	GO:1903530	regulation of secretion by cell	ENSMUSG00000063632	Sox11	IMP
CRE upregulated	GO:1903530	regulation of secretion by cell	ENSMUSG00000042816	Gpr151	EXP, IDA, IMP
CRE upregulated	GO:1903530	regulation of secretion by cell	ENSMUSG00000030898	Cckbr	ISO
CRE upregulated	GO:1903530	regulation of secretion by cell	ENSMUSG00000030748	Il4ra	IMP
CRE upregulated	GO:1903530	regulation of secretion by cell	ENSMUSG00000030102	Itpr1	IMP, IGI
CRE upregulated	GO:1903530	regulation of secretion by cell	ENSMUSG00000020427	Igfbp3	ISO
CRE upregulated	GO:1903530	regulation of secretion by cell	ENSMUSG00000035621	Midn	ISO, IEA
CRE upregulated	GO:1903530	regulation of secretion by cell	ENSMUSG00000024261	Syt4	EXP, IDA, IMP, ISO, TAS, IEA
CRE upregulated	GO:1903530	regulation of secretion by cell	ENSMUSG00000024256	Adcyap1	ISS, ISO, IEA
CRE upregulated	GO:1903530	regulation of secretion by cell	ENSMUSG00000002250	Ppard	ISO, NAS
CRE upregulated	GO:1903530	regulation of secretion by cell	ENSMUSG00000038894	Irs2	IMP
CRE upregulated	GO:1903530	regulation of secretion by cell	ENSMUSG00000035828	Pim3	IMP
CRE upregulated	GO:1903530	regulation of secretion by cell	ENSMUSG00000022661	Cd200	IEA
CRE upregulated	GO:1903530	regulation of secretion by cell	ENSMUSG00000020592	Sdc1	IEA
CRE upregulated	GO:1903530	regulation of secretion by cell	ENSMUSG00000025746	Il6	IDA
CRE upregulated	GO:1903530	regulation of secretion by cell	ENSMUSG00000032231	Anxa2	NAS
CRE upregulated	GO:1903530	regulation of secretion by cell	ENSMUSG00000020838	Slc6a4	ISO, IEA
CRE upregulated	GO:1903530	regulation of secretion by cell	ENSMUSG00000001847	Rac1	IMP, ISO
CRE upregulated	GO:1903530	regulation of secretion by cell	ENSMUSG00000018909	Arrb1	IMP
CRE upregulated	GO:1903530	regulation of secretion by cell	ENSMUSG00000057531	Dtnbp1	IDA, IMP, ISO, IBA, IEA
CRE upregulated	GO:1903530	regulation of secretion by cell	ENSMUSG00000036057	Ptpn23	IEA
CRE upregulated	GO:1903530	regulation of secretion by cell	ENSMUSG00000036437	Npy1r	ISO
CRE upregulated	GO:1903530	regulation of secretion by cell	ENSMUSG00000023032	Slc4a8	EXP, IDA, IMP
CRE upregulated	GO:1903530	regulation of secretion by cell	ENSMUSG00000024789	Jak2	ISS, ISO, IEA
CRE upregulated	GO:1903530	regulation of secretion by cell	ENSMUSG00000004347	ENSMUSG00000004347	ISO
CRE upregulated	GO:1903530	regulation of secretion by cell	ENSMUSG00000024803	Ankrd1	IEA
CRE upregulated	GO:1903530	regulation of secretion by cell	ENSMUSG00000025793	ENSMUSG00000025793	IEA
CRE upregulated	GO:1903530	regulation of secretion by cell	ENSMUSG00000026718	ENSMUSG00000026718	IEA
CRE upregulated	GO:1903530	regulation of secretion by cell	ENSMUSG00000029071	ENSMUSG00000029071	IDA, IMP
CRE upregulated	GO:1903530	regulation of secretion by cell	ENSMUSG00000044453	Ffar1	IDA, IMP, ISO, IBA
CRE upregulated	GO:1903530	regulation of secretion by cell	ENSMUSG00000032902	Slc16a1	IMP
CRE upregulated	GO:1903530	regulation of secretion by cell	ENSMUSG00000026074	Map4k4	IEA
CRE upregulated	GO:1903530	regulation of secretion by cell	ENSMUSG00000010660	Plcd1	ISO
CRE upregulated	GO:1903530	regulation of secretion by cell	ENSMUSG00000031278	ENSMUSG00000031278	ISS, ISO
CRE upregulated	GO:1903530	regulation of secretion by cell	ENSMUSG00000024517	Grp	ISS
CRE upregulated	GO:1903530	regulation of secretion by cell	ENSMUSG00000025340	Rabgef1	IMP
CRE upregulated	GO:1903530	regulation of secretion by cell	ENSMUSG00000021587	Pcsk1	ISO, IEA
CRE upregulated	GO:1903530	regulation of secretion by cell	ENSMUSG00000028599	Tnfrsf1b	IGI
CRE upregulated	GO:1903530	regulation of secretion by cell	ENSMUSG00000044147	Arf6	IEA
CRE upregulated	GO:1903530	regulation of secretion by cell	ENSMUSG00000011877	Git1	IDA, IMP
CRE upregulated	GO:1903530	regulation of secretion by cell	ENSMUSG00000008859	ENSMUSG00000008859	IDA, IBA, IEA
CRE upregulated	GO:1903530	regulation of secretion by cell	ENSMUSG00000038676	Ucn	ISO, IEA
CRE upregulated	GO:1903530	regulation of secretion by cell	ENSMUSG00000052681	Rap1b	IGI, IBA, IEA
CRE upregulated	GO:1903530	regulation of secretion by cell	ENSMUSG00000053825	ENSMUSG00000053825	IEA
CRE upregulated	GO:1903530	regulation of secretion by cell	ENSMUSG00000024907	Gal	IEA
CRE upregulated	GO:0048638	regulation of developmental growth	ENSMUSG00000023905	Tnfrsf12a	IDA
CRE upregulated	GO:0048638	regulation of developmental growth	ENSMUSG00000014599	Csf1	IMP
CRE upregulated	GO:0048638	regulation of developmental growth	ENSMUSG00000023067	Cdkn1a	IMP
CRE upregulated	GO:0048638	regulation of developmental growth	ENSMUSG00000024261	Syt4	IEA
CRE upregulated	GO:0048638	regulation of developmental growth	ENSMUSG00000048482	Bdnf	IDA, IMP, IGI, ISO, IEA
CRE upregulated	GO:0048638	regulation of developmental growth	ENSMUSG00000018736	Ndel1	ISO
CRE upregulated	GO:0048638	regulation of developmental growth	ENSMUSG00000002250	Ppard	IMP
CRE upregulated	GO:0048638	regulation of developmental growth	ENSMUSG00000018507	Trpv2	IMP
CRE upregulated	GO:0048638	regulation of developmental growth	ENSMUSG00000031545	Gpat4	IMP
CRE upregulated	GO:0048638	regulation of developmental growth	ENSMUSG00000005069	Pex5	IMP
CRE upregulated	GO:0048638	regulation of developmental growth	ENSMUSG00000053436	Mapk14	IGI
CRE upregulated	GO:0048638	regulation of developmental growth	ENSMUSG00000031078	Cttn	ISS, ISO
CRE upregulated	GO:0048638	regulation of developmental growth	ENSMUSG00000022607	Ptk2	IGI
CRE upregulated	GO:0048638	regulation of developmental growth	ENSMUSG00000024014	Pim1	IEA
CRE upregulated	GO:0048638	regulation of developmental growth	ENSMUSG00000037062	Sh3glb1	ISO
CRE upregulated	GO:0048638	regulation of developmental growth	ENSMUSG00000020838	Slc6a4	IMP
CRE upregulated	GO:0048638	regulation of developmental growth	ENSMUSG00000001627	Ifrd1	IGI
CRE upregulated	GO:0048638	regulation of developmental growth	ENSMUSG00000029765	Plxna4	IMP
CRE upregulated	GO:0048638	regulation of developmental growth	ENSMUSG00000036437	Npy1r	IMP
CRE upregulated	GO:0048638	regulation of developmental growth	ENSMUSG00000004040	ENSMUSG00000004040	IMP
CRE upregulated	GO:0048638	regulation of developmental growth	ENSMUSG00000020027	Socs2	IMP, IGI
CRE upregulated	GO:0048638	regulation of developmental growth	ENSMUSG00000029135	Fosl2	IDA, IMP
CRE upregulated	GO:0048638	regulation of developmental growth	ENSMUSG00000024947	Men1	IDA
CRE upregulated	GO:0048638	regulation of developmental growth	ENSMUSG00000021796	Bmpr1a	IMP
CRE upregulated	GO:0048638	regulation of developmental growth	ENSMUSG00000039191	Rbpj	IMP
CRE upregulated	GO:0048638	regulation of developmental growth	ENSMUSG00000020594	ENSMUSG00000020594	ISO, IEA
CRE upregulated	GO:0048638	regulation of developmental growth	ENSMUSG00000059743	ENSMUSG00000059743	ISO
CRE upregulated	GO:0048638	regulation of developmental growth	ENSMUSG00000066595	ENSMUSG00000066595	IMP
CRE upregulated	GO:0048638	regulation of developmental growth	ENSMUSG00000020097	ENSMUSG00000020097	IMP
CRE upregulated	GO:0048638	regulation of developmental growth	ENSMUSG00000023277	ENSMUSG00000023277	IEA
CRE upregulated	GO:0048638	regulation of developmental growth	ENSMUSG00000000627	ENSMUSG00000000627	ISO, IEA
CRE upregulated	GO:0001816	cytokine production	ENSMUSG00000004951	Hspb1	IDA
CRE upregulated	GO:0001816	cytokine production	ENSMUSG00000025473	Adam8	IMP
CRE upregulated	GO:0001816	cytokine production	ENSMUSG00000037447	Arid5a	IMP
CRE upregulated	GO:0001816	cytokine production	ENSMUSG00000033902	Mapkbp1	IEA
CRE upregulated	GO:0001816	cytokine production	ENSMUSG00000030748	Il4ra	IMP
CRE upregulated	GO:0001816	cytokine production	ENSMUSG00000024404	Riok3	IEA
CRE upregulated	GO:0001816	cytokine production	ENSMUSG00000026670	Uap1	IEA
CRE upregulated	GO:0001816	cytokine production	ENSMUSG00000024256	Adcyap1	ISO, IEA
CRE upregulated	GO:0001816	cytokine production	ENSMUSG00000044734	Serpinb1a	IMP, IBA
CRE upregulated	GO:0001816	cytokine production	ENSMUSG00000022661	Cd200	IEA
CRE upregulated	GO:0001816	cytokine production	ENSMUSG00000053436	Mapk14	IEA
CRE upregulated	GO:0001816	cytokine production	ENSMUSG00000011008	Mcoln2	IMP
CRE upregulated	GO:0001816	cytokine production	ENSMUSG00000025746	Il6	IDA, IMP, ISS
CRE upregulated	GO:0001816	cytokine production	ENSMUSG00000055994	Nod2	IDA, IMP, IGI, ISS, ISO, IEA
CRE upregulated	GO:0001816	cytokine production	ENSMUSG00000042406	Atf4	IEA
CRE upregulated	GO:0001816	cytokine production	ENSMUSG00000079049	Serpinb1c	IMP, IBA
CRE upregulated	GO:0001816	cytokine production	ENSMUSG00000031628	Casp3	IEA
CRE upregulated	GO:0001816	cytokine production	ENSMUSG00000025408	Ddit3	IEA
CRE upregulated	GO:0001816	cytokine production	ENSMUSG00000001847	Rac1	IEA
CRE upregulated	GO:0001816	cytokine production	ENSMUSG00000018909	Arrb1	IEA
CRE upregulated	GO:0001816	cytokine production	ENSMUSG00000024349	Sting1	IDA, IMP, ISS, ISO, IBA, IEA
CRE upregulated	GO:0001816	cytokine production	ENSMUSG00000015316	Slamf1	IDA, IBA, IEA
CRE upregulated	GO:0001816	cytokine production	ENSMUSG00000026072	Il1r1	ISS, IEA
CRE upregulated	GO:0001816	cytokine production	ENSMUSG00000024789	Jak2	IDA, IGI, ISS, ISO, NAS, IEA
CRE upregulated	GO:0001816	cytokine production	ENSMUSG00000004040	ENSMUSG00000004040	ISO, IEA
CRE upregulated	GO:0001816	cytokine production	ENSMUSG00000020395	Itk	IMP
CRE upregulated	GO:0001816	cytokine production	ENSMUSG00000029826	Zc3hav1	IDA, IBA
CRE upregulated	GO:0001816	cytokine production	ENSMUSG00000031934	ENSMUSG00000031934	IMP, IEA
CRE upregulated	GO:0001816	cytokine production	ENSMUSG00000023915	Tnfrsf21	IMP
CRE upregulated	GO:0001816	cytokine production	ENSMUSG00000024927	Rela	IDA, IEA
CRE upregulated	GO:0001816	cytokine production	ENSMUSG00000044453	Ffar1	IEA
CRE upregulated	GO:0001816	cytokine production	ENSMUSG00000048047	Zbtb33	IBA
CRE upregulated	GO:0001816	cytokine production	ENSMUSG00000031668	ENSMUSG00000031668	IEA
CRE upregulated	GO:0001816	cytokine production	ENSMUSG00000053175	Bcl3	IMP, IEA
CRE upregulated	GO:0001816	cytokine production	ENSMUSG00000068739	ENSMUSG00000068739	ISS, IEA
CRE upregulated	GO:0001816	cytokine production	ENSMUSG00000025340	Rabgef1	IMP
CRE upregulated	GO:0001816	cytokine production	ENSMUSG00000028599	Tnfrsf1b	IMP, IGI, IBA
CRE upregulated	GO:0001816	cytokine production	ENSMUSG00000011877	Git1	IMP
CRE upregulated	GO:0001816	cytokine production	ENSMUSG00000021796	Bmpr1a	IMP
CRE upregulated	GO:0001816	cytokine production	ENSMUSG00000037860	Aim2	IDA, IMP, IGI, ISO, IEA
CRE upregulated	GO:0001816	cytokine production	ENSMUSG00000040010	Slc7a5	IEA
CRE upregulated	GO:0001816	cytokine production	ENSMUSG00000000787	ENSMUSG00000000787	ISS
CRE upregulated	GO:0001816	cytokine production	ENSMUSG00000022948	Setd4	IDA
CRE upregulated	GO:0001816	cytokine production	ENSMUSG00000038676	Ucn	ISO, IEA
CRE upregulated	GO:0001816	cytokine production	ENSMUSG00000032508	Myd88	IMP, IGI, ISS, IEA
CRE upregulated	GO:0001816	cytokine production	ENSMUSG00000067586	ENSMUSG00000067586	IMP
CRE upregulated	GO:0001816	cytokine production	ENSMUSG00000028291	ENSMUSG00000028291	IDA, IMP
CRE upregulated	GO:0001816	cytokine production	ENSMUSG00000037411	Serpine1	IEA
CRE upregulated	GO:0001816	cytokine production	ENSMUSG00000027646	ENSMUSG00000027646	ISO, IEA
CRE upregulated	GO:0001816	cytokine production	ENSMUSG00000004698	ENSMUSG00000004698	IEA
CRE upregulated	GO:0050803	regulation of synapse structure or activity	ENSMUSG00000051379	Flrt3	IDA
CRE upregulated	GO:0050803	regulation of synapse structure or activity	ENSMUSG00000030272	Camk1	ISS, ISO, IEA
CRE upregulated	GO:0050803	regulation of synapse structure or activity	ENSMUSG00000048482	Bdnf	IEA
CRE upregulated	GO:0050803	regulation of synapse structure or activity	ENSMUSG00000027540	Ptpn1	IEA
CRE upregulated	GO:0050803	regulation of synapse structure or activity	ENSMUSG00000043895	S1pr2	EXP, IDA
CRE upregulated	GO:0050803	regulation of synapse structure or activity	ENSMUSG00000029121	Crmp1	IDA, IEP
CRE upregulated	GO:0050803	regulation of synapse structure or activity	ENSMUSG00000063506	Arhgap22	IEA
CRE upregulated	GO:0050803	regulation of synapse structure or activity	ENSMUSG00000053436	Mapk14	EXP, IDA, IMP, IEP
CRE upregulated	GO:0050803	regulation of synapse structure or activity	ENSMUSG00000025809	Itgb1	IDA, IMP
CRE upregulated	GO:0050803	regulation of synapse structure or activity	ENSMUSG00000013089	Etv5	IMP
CRE upregulated	GO:0050803	regulation of synapse structure or activity	ENSMUSG00000047368	Abhd17b	IMP, ISO, IBA
CRE upregulated	GO:0050803	regulation of synapse structure or activity	ENSMUSG00000022607	Ptk2	IDA, IMP
CRE upregulated	GO:0050803	regulation of synapse structure or activity	ENSMUSG00000001847	Rac1	IDA, IMP
CRE upregulated	GO:0050803	regulation of synapse structure or activity	ENSMUSG00000044667	Plppr4	IDA, IMP
CRE upregulated	GO:0050803	regulation of synapse structure or activity	ENSMUSG00000057531	Dtnbp1	ISO, IEA
CRE upregulated	GO:0050803	regulation of synapse structure or activity	ENSMUSG00000030309	Caprin2	IMP
CRE upregulated	GO:0050803	regulation of synapse structure or activity	ENSMUSG00000027954	Efna1	IDA
CRE upregulated	GO:0050803	regulation of synapse structure or activity	ENSMUSG00000042292	Mrtfa	IEA
CRE upregulated	GO:0050803	regulation of synapse structure or activity	ENSMUSG00000022602	Arc	ISO, IEA
CRE upregulated	GO:0050803	regulation of synapse structure or activity	ENSMUSG00000030223	ENSMUSG00000030223	IDA, IMP
CRE upregulated	GO:0050803	regulation of synapse structure or activity	ENSMUSG00000027797	Dclk1	IDA, IMP
CRE upregulated	GO:0050803	regulation of synapse structure or activity	ENSMUSG00000036882	ENSMUSG00000036882	IDA, IMP, ISO, IEA
CRE upregulated	GO:0050803	regulation of synapse structure or activity	ENSMUSG00000029071	ENSMUSG00000029071	IDA, IMP
CRE upregulated	GO:0050803	regulation of synapse structure or activity	ENSMUSG00000052921	Arhgef15	IDA, IMP
CRE upregulated	GO:0050803	regulation of synapse structure or activity	ENSMUSG00000044147	Arf6	ISO, IEA
CRE upregulated	GO:0050803	regulation of synapse structure or activity	ENSMUSG00000031937	ENSMUSG00000031937	IMP, IBA
CRE upregulated	GO:0050803	regulation of synapse structure or activity	ENSMUSG00000022656	ENSMUSG00000022656	IDA, IMP
CRE upregulated	GO:0050803	regulation of synapse structure or activity	ENSMUSG00000020594	ENSMUSG00000020594	IEA
CRE upregulated	GO:0050803	regulation of synapse structure or activity	ENSMUSG00000039671	ENSMUSG00000039671	ISO, IEA
CRE upregulated	GO:0050803	regulation of synapse structure or activity	ENSMUSG00000020340	ENSMUSG00000020340	IEA
CRE upregulated	GO:0050803	regulation of synapse structure or activity	ENSMUSG00000019843	ENSMUSG00000019843	IGI
CRE upregulated	GO:0050803	regulation of synapse structure or activity	ENSMUSG00000053825	ENSMUSG00000053825	IEA
CRE upregulated	GO:0000902	cell morphogenesis	ENSMUSG00000051379	Flrt3	IMP, ISS, ISO, IEA
CRE upregulated	GO:0000902	cell morphogenesis	ENSMUSG00000019647	Sema6a	IMP, IBA, NAS
CRE upregulated	GO:0000902	cell morphogenesis	ENSMUSG00000025473	Adam8	IMP
CRE upregulated	GO:0000902	cell morphogenesis	ENSMUSG00000024143	Rhoq	IDA
CRE upregulated	GO:0000902	cell morphogenesis	ENSMUSG00000023905	Tnfrsf12a	IDA
CRE upregulated	GO:0000902	cell morphogenesis	ENSMUSG00000030102	Itpr1	IMP
CRE upregulated	GO:0000902	cell morphogenesis	ENSMUSG00000037705	Tecta	IGI
CRE upregulated	GO:0000902	cell morphogenesis	ENSMUSG00000004846	Plod3	IMP
CRE upregulated	GO:0000902	cell morphogenesis	ENSMUSG00000024261	Syt4	IEA
CRE upregulated	GO:0000902	cell morphogenesis	ENSMUSG00000005087	Cd44	IEA
CRE upregulated	GO:0000902	cell morphogenesis	ENSMUSG00000048482	Bdnf	IDA, IMP, IGI, ISO, IBA, IEA
CRE upregulated	GO:0000902	cell morphogenesis	ENSMUSG00000015745	Plekho1	IDA, IMP
CRE upregulated	GO:0000902	cell morphogenesis	ENSMUSG00000018736	Ndel1	IMP, IGI, ISO
CRE upregulated	GO:0000902	cell morphogenesis	ENSMUSG00000018507	Trpv2	IMP
CRE upregulated	GO:0000902	cell morphogenesis	ENSMUSG00000045136	Tubb2b	ISS, IEA
CRE upregulated	GO:0000902	cell morphogenesis	ENSMUSG00000053436	Mapk14	IGI
CRE upregulated	GO:0000902	cell morphogenesis	ENSMUSG00000025809	Itgb1	IMP, IGI
CRE upregulated	GO:0000902	cell morphogenesis	ENSMUSG00000040025	Ythdf2	ISS
CRE upregulated	GO:0000902	cell morphogenesis	ENSMUSG00000025239	Limd1	ISS, IEA
CRE upregulated	GO:0000902	cell morphogenesis	ENSMUSG00000023030	Slc11a2	IMP
CRE upregulated	GO:0000902	cell morphogenesis	ENSMUSG00000022272	Myo10	ISS, IBA, IEA
CRE upregulated	GO:0000902	cell morphogenesis	ENSMUSG00000025746	Il6	ISO
CRE upregulated	GO:0000902	cell morphogenesis	ENSMUSG00000031078	Cttn	ISS, ISO
CRE upregulated	GO:0000902	cell morphogenesis	ENSMUSG00000022607	Ptk2	IMP, ISS
CRE upregulated	GO:0000902	cell morphogenesis	ENSMUSG00000037062	Sh3glb1	ISO
CRE upregulated	GO:0000902	cell morphogenesis	ENSMUSG00000042406	Atf4	IMP
CRE upregulated	GO:0000902	cell morphogenesis	ENSMUSG00000017929	B4galt5	IMP
CRE upregulated	GO:0000902	cell morphogenesis	ENSMUSG00000055407	Map6	ISS, ISO, IBA, IEA
CRE upregulated	GO:0000902	cell morphogenesis	ENSMUSG00000001847	Rac1	IMP, IGI, IBA, IEA
CRE upregulated	GO:0000902	cell morphogenesis	ENSMUSG00000042121	Ssh1	IEA
CRE upregulated	GO:0000902	cell morphogenesis	ENSMUSG00000050271	Prag1	ISS, ISO, IEA
CRE upregulated	GO:0000902	cell morphogenesis	ENSMUSG00000030077	Chl1	IMP
CRE upregulated	GO:0000902	cell morphogenesis	ENSMUSG00000044667	Plppr4	ISO, IBA
CRE upregulated	GO:0000902	cell morphogenesis	ENSMUSG00000057531	Dtnbp1	IDA, IMP, ISO, IEA
CRE upregulated	GO:0000902	cell morphogenesis	ENSMUSG00000030309	Caprin2	IMP
CRE upregulated	GO:0000902	cell morphogenesis	ENSMUSG00000001627	Ifrd1	IGI
CRE upregulated	GO:0000902	cell morphogenesis	ENSMUSG00000029765	Plxna4	IMP, IGI, IBA
CRE upregulated	GO:0000902	cell morphogenesis	ENSMUSG00000027954	Efna1	IDA, IBA
CRE upregulated	GO:0000902	cell morphogenesis	ENSMUSG00000022602	Arc	ISS, ISO, IEA
CRE upregulated	GO:0000902	cell morphogenesis	ENSMUSG00000029135	Fosl2	IMP
CRE upregulated	GO:0000902	cell morphogenesis	ENSMUSG00000031310	ENSMUSG00000031310	ISS, IEA
CRE upregulated	GO:0000902	cell morphogenesis	ENSMUSG00000030223	ENSMUSG00000030223	IMP, IBA
CRE upregulated	GO:0000902	cell morphogenesis	ENSMUSG00000027797	Dclk1	IMP, IGI, IBA
CRE upregulated	GO:0000902	cell morphogenesis	ENSMUSG00000036882	ENSMUSG00000036882	ISO, IEA
CRE upregulated	GO:0000902	cell morphogenesis	ENSMUSG00000027692	Tnik	ISS, ISO, IBA, IEA
CRE upregulated	GO:0000902	cell morphogenesis	ENSMUSG00000029071	ENSMUSG00000029071	IDA, IMP, ISO, IEA
CRE upregulated	GO:0000902	cell morphogenesis	ENSMUSG00000037876	Jmjd1c	IMP
CRE upregulated	GO:0000902	cell morphogenesis	ENSMUSG00000004530	ENSMUSG00000004530	IEA
CRE upregulated	GO:0000902	cell morphogenesis	ENSMUSG00000052298	Cdc42se2	IEA
CRE upregulated	GO:0000902	cell morphogenesis	ENSMUSG00000041598	Cdc42ep4	IBA, IEA
CRE upregulated	GO:0000902	cell morphogenesis	ENSMUSG00000045664	Cdc42ep2	IBA, IEA
CRE upregulated	GO:0000902	cell morphogenesis	ENSMUSG00000027465	Tbc1d20	IMP
CRE upregulated	GO:0000902	cell morphogenesis	ENSMUSG00000020671	ENSMUSG00000020671	ISS, ISO
CRE upregulated	GO:0000902	cell morphogenesis	ENSMUSG00000046722	ENSMUSG00000046722	ISS, IEA
CRE upregulated	GO:0000902	cell morphogenesis	ENSMUSG00000002633	Shh	IDA, IMP, ISO
CRE upregulated	GO:0000902	cell morphogenesis	ENSMUSG00000020340	ENSMUSG00000020340	IMP, IBA
CRE upregulated	GO:0000902	cell morphogenesis	ENSMUSG00000023277	ENSMUSG00000023277	IEA
CRE upregulated	GO:0000902	cell morphogenesis	ENSMUSG00000019843	ENSMUSG00000019843	IDA, IMP
CRE upregulated	GO:0000902	cell morphogenesis	ENSMUSG00000027646	ENSMUSG00000027646	IEA
CRE upregulated	GO:0000902	cell morphogenesis	ENSMUSG00000053825	ENSMUSG00000053825	IEA
CRE upregulated	GO:0000902	cell morphogenesis	ENSMUSG00000047261	ENSMUSG00000047261	IMP, IBA
CRE upregulated	GO:0000902	cell morphogenesis	ENSMUSG00000000627	ENSMUSG00000000627	ISO, IBA, IEA
CRE upregulated	GO:0099175	regulation of postsynapse organization	ENSMUSG00000027540	Ptpn1	IEA
CRE upregulated	GO:0099175	regulation of postsynapse organization	ENSMUSG00000043895	S1pr2	EXP, IDA
CRE upregulated	GO:0099175	regulation of postsynapse organization	ENSMUSG00000029121	Crmp1	IDA, IEP
CRE upregulated	GO:0099175	regulation of postsynapse organization	ENSMUSG00000063506	Arhgap22	IEA
CRE upregulated	GO:0099175	regulation of postsynapse organization	ENSMUSG00000047368	Abhd17b	IMP, ISO, IBA
CRE upregulated	GO:0099175	regulation of postsynapse organization	ENSMUSG00000001847	Rac1	IDA, IMP
CRE upregulated	GO:0099175	regulation of postsynapse organization	ENSMUSG00000044667	Plppr4	IDA, IMP
CRE upregulated	GO:0099175	regulation of postsynapse organization	ENSMUSG00000057531	Dtnbp1	ISO, IEA
CRE upregulated	GO:0099175	regulation of postsynapse organization	ENSMUSG00000030309	Caprin2	IMP
CRE upregulated	GO:0099175	regulation of postsynapse organization	ENSMUSG00000027954	Efna1	IDA
CRE upregulated	GO:0099175	regulation of postsynapse organization	ENSMUSG00000022602	Arc	ISO, IEA
CRE upregulated	GO:0099175	regulation of postsynapse organization	ENSMUSG00000027797	Dclk1	IDA, IMP
CRE upregulated	GO:0099175	regulation of postsynapse organization	ENSMUSG00000036882	ENSMUSG00000036882	IDA, IMP, ISO, IEA
CRE upregulated	GO:0099175	regulation of postsynapse organization	ENSMUSG00000029071	ENSMUSG00000029071	IDA, IMP
CRE upregulated	GO:0099175	regulation of postsynapse organization	ENSMUSG00000052921	Arhgef15	IDA, IMP
CRE upregulated	GO:0099175	regulation of postsynapse organization	ENSMUSG00000022656	ENSMUSG00000022656	IDA, IMP
CRE upregulated	GO:0099175	regulation of postsynapse organization	ENSMUSG00000020594	ENSMUSG00000020594	IEA
CRE upregulated	GO:0099175	regulation of postsynapse organization	ENSMUSG00000039671	ENSMUSG00000039671	ISO, IEA
CRE upregulated	GO:0099175	regulation of postsynapse organization	ENSMUSG00000020340	ENSMUSG00000020340	IEA
CRE upregulated	GO:0099175	regulation of postsynapse organization	ENSMUSG00000019843	ENSMUSG00000019843	IGI
CRE upregulated	GO:0099175	regulation of postsynapse organization	ENSMUSG00000053825	ENSMUSG00000053825	IEA
CRE upregulated	GO:0045934	negative regulation of nucleobase-containing compound metabolic process	ENSMUSG00000026628	Atf3	IDA, IEA
CRE upregulated	GO:0045934	negative regulation of nucleobase-containing compound metabolic process	ENSMUSG00000036390	Gadd45a	IEA
CRE upregulated	GO:0045934	negative regulation of nucleobase-containing compound metabolic process	ENSMUSG00000052684	Jun	IDA
CRE upregulated	GO:0045934	negative regulation of nucleobase-containing compound metabolic process	ENSMUSG00000063632	Sox11	IDA, IBA, IEA
CRE upregulated	GO:0045934	negative regulation of nucleobase-containing compound metabolic process	ENSMUSG00000056749	Nfil3	IDA, IEA
CRE upregulated	GO:0045934	negative regulation of nucleobase-containing compound metabolic process	ENSMUSG00000022895	Ets2	IEA
CRE upregulated	GO:0045934	negative regulation of nucleobase-containing compound metabolic process	ENSMUSG00000037447	Arid5a	ISS, IEA
CRE upregulated	GO:0045934	negative regulation of nucleobase-containing compound metabolic process	ENSMUSG00000021765	Fst	IEA
CRE upregulated	GO:0045934	negative regulation of nucleobase-containing compound metabolic process	ENSMUSG00000030256	Bhlhe41	IDA, TAS, IEA
CRE upregulated	GO:0045934	negative regulation of nucleobase-containing compound metabolic process	ENSMUSG00000025612	Bach1	IDA, ISS, IEA
CRE upregulated	GO:0045934	negative regulation of nucleobase-containing compound metabolic process	ENSMUSG00000023067	Cdkn1a	IEA
CRE upregulated	GO:0045934	negative regulation of nucleobase-containing compound metabolic process	ENSMUSG00000035673	Sbno2	IMP, IBA, IEA
CRE upregulated	GO:0045934	negative regulation of nucleobase-containing compound metabolic process	ENSMUSG00000002250	Ppard	IDA, IBA, IEA
CRE upregulated	GO:0045934	negative regulation of nucleobase-containing compound metabolic process	ENSMUSG00000037638	Zbtb42	IDA
CRE upregulated	GO:0045934	negative regulation of nucleobase-containing compound metabolic process	ENSMUSG00000042507	Mideas	IBA
CRE upregulated	GO:0045934	negative regulation of nucleobase-containing compound metabolic process	ENSMUSG00000026796	Niban2	IEA
CRE upregulated	GO:0045934	negative regulation of nucleobase-containing compound metabolic process	ENSMUSG00000027583	Zbtb46	IDA
CRE upregulated	GO:0045934	negative regulation of nucleobase-containing compound metabolic process	ENSMUSG00000030678	Maz	IEA
CRE upregulated	GO:0045934	negative regulation of nucleobase-containing compound metabolic process	ENSMUSG00000025239	Limd1	ISS, IEA
CRE upregulated	GO:0045934	negative regulation of nucleobase-containing compound metabolic process	ENSMUSG00000005370	Msh6	IMP, IEA
CRE upregulated	GO:0045934	negative regulation of nucleobase-containing compound metabolic process	ENSMUSG00000048490	Nrip1	IDA, IBA, IEA
CRE upregulated	GO:0045934	negative regulation of nucleobase-containing compound metabolic process	ENSMUSG00000022096	Hr	IDA
CRE upregulated	GO:0045934	negative regulation of nucleobase-containing compound metabolic process	ENSMUSG00000013089	Etv5	IEA
CRE upregulated	GO:0045934	negative regulation of nucleobase-containing compound metabolic process	ENSMUSG00000032280	Tle3	IEA
CRE upregulated	GO:0045934	negative regulation of nucleobase-containing compound metabolic process	ENSMUSG00000063889	Crem	IEA
CRE upregulated	GO:0045934	negative regulation of nucleobase-containing compound metabolic process	ENSMUSG00000042406	Atf4	IMP
CRE upregulated	GO:0045934	negative regulation of nucleobase-containing compound metabolic process	ENSMUSG00000023079	Gtf2ird1	IEA
CRE upregulated	GO:0045934	negative regulation of nucleobase-containing compound metabolic process	ENSMUSG00000025408	Ddit3	IDA, IMP, IGI, ISS, ISO, IBA, IEA
CRE upregulated	GO:0045934	negative regulation of nucleobase-containing compound metabolic process	ENSMUSG00000040435	Ppp1r15a	IDA
CRE upregulated	GO:0045934	negative regulation of nucleobase-containing compound metabolic process	ENSMUSG00000030057	Cnbp	IEA
CRE upregulated	GO:0045934	negative regulation of nucleobase-containing compound metabolic process	ENSMUSG00000015837	Sqstm1	IMP
CRE upregulated	GO:0045934	negative regulation of nucleobase-containing compound metabolic process	ENSMUSG00000029131	Dnajb6	IDA
CRE upregulated	GO:0045934	negative regulation of nucleobase-containing compound metabolic process	ENSMUSG00000023087	Noct	IMP
CRE upregulated	GO:0045934	negative regulation of nucleobase-containing compound metabolic process	ENSMUSG00000022346	Myc	IDA, ISO, IEA
CRE upregulated	GO:0045934	negative regulation of nucleobase-containing compound metabolic process	ENSMUSG00000027954	Efna1	IMP
CRE upregulated	GO:0045934	negative regulation of nucleobase-containing compound metabolic process	ENSMUSG00000004040	ENSMUSG00000004040	IMP
CRE upregulated	GO:0045934	negative regulation of nucleobase-containing compound metabolic process	ENSMUSG00000018143	Mafk	IEA
CRE upregulated	GO:0045934	negative regulation of nucleobase-containing compound metabolic process	ENSMUSG00000024190	Dusp1	ISO
CRE upregulated	GO:0045934	negative regulation of nucleobase-containing compound metabolic process	ENSMUSG00000035236	Scai	IEA
CRE upregulated	GO:0045934	negative regulation of nucleobase-containing compound metabolic process	ENSMUSG00000020358	Hnrnpab	IGI, ISO, IEA
CRE upregulated	GO:0045934	negative regulation of nucleobase-containing compound metabolic process	ENSMUSG00000024803	Ankrd1	ISO, IEA
CRE upregulated	GO:0045934	negative regulation of nucleobase-containing compound metabolic process	ENSMUSG00000024927	Rela	IDA, IEA
CRE upregulated	GO:0045934	negative regulation of nucleobase-containing compound metabolic process	ENSMUSG00000003435	ENSMUSG00000003435	IEA
CRE upregulated	GO:0045934	negative regulation of nucleobase-containing compound metabolic process	ENSMUSG00000024238	Zeb1	IDA, IMP, ISS, ISO, IEA
CRE upregulated	GO:0045934	negative regulation of nucleobase-containing compound metabolic process	ENSMUSG00000024947	Men1	IDA, ISO, IEA
CRE upregulated	GO:0045934	negative regulation of nucleobase-containing compound metabolic process	ENSMUSG00000040433	Zbtb38	IEA
CRE upregulated	GO:0045934	negative regulation of nucleobase-containing compound metabolic process	ENSMUSG00000032715	Trib3	ISS, IEA
CRE upregulated	GO:0045934	negative regulation of nucleobase-containing compound metabolic process	ENSMUSG00000048047	Zbtb33	ISS, IBA, IEA
CRE upregulated	GO:0045934	negative regulation of nucleobase-containing compound metabolic process	ENSMUSG00000071637	Cebpd	IDA
CRE upregulated	GO:0045934	negative regulation of nucleobase-containing compound metabolic process	ENSMUSG00000053175	Bcl3	IEA
CRE upregulated	GO:0045934	negative regulation of nucleobase-containing compound metabolic process	ENSMUSG00000068739	ENSMUSG00000068739	ISS, IEA
CRE upregulated	GO:0045934	negative regulation of nucleobase-containing compound metabolic process	ENSMUSG00000030199	Etv6	IEA
CRE upregulated	GO:0045934	negative regulation of nucleobase-containing compound metabolic process	ENSMUSG00000040857	Erf	IEA
CRE upregulated	GO:0045934	negative regulation of nucleobase-containing compound metabolic process	ENSMUSG00000020349	ENSMUSG00000020349	IMP
CRE upregulated	GO:0045934	negative regulation of nucleobase-containing compound metabolic process	ENSMUSG00000036180	ENSMUSG00000036180	ISS, IBA, NAS, IEA
CRE upregulated	GO:0045934	negative regulation of nucleobase-containing compound metabolic process	ENSMUSG00000011877	Git1	IMP
CRE upregulated	GO:0045934	negative regulation of nucleobase-containing compound metabolic process	ENSMUSG00000039985	Sinhcaf	NAS
CRE upregulated	GO:0045934	negative regulation of nucleobase-containing compound metabolic process	ENSMUSG00000047281	ENSMUSG00000047281	IDA
CRE upregulated	GO:0045934	negative regulation of nucleobase-containing compound metabolic process	ENSMUSG00000019842	ENSMUSG00000019842	IDA, IMP
CRE upregulated	GO:0045934	negative regulation of nucleobase-containing compound metabolic process	ENSMUSG00000034543	ENSMUSG00000034543	IMP, ISS
CRE upregulated	GO:0045934	negative regulation of nucleobase-containing compound metabolic process	ENSMUSG00000045763	ENSMUSG00000045763	ISS, IBA, IEA
CRE upregulated	GO:0045934	negative regulation of nucleobase-containing compound metabolic process	ENSMUSG00000039191	Rbpj	IDA, IMP, IEA
CRE upregulated	GO:0045934	negative regulation of nucleobase-containing compound metabolic process	ENSMUSG00000046962	ENSMUSG00000046962	IBA, IEA
CRE upregulated	GO:0045934	negative regulation of nucleobase-containing compound metabolic process	ENSMUSG00000051316	Taf7	IEA
CRE upregulated	GO:0045934	negative regulation of nucleobase-containing compound metabolic process	ENSMUSG00000040463	ENSMUSG00000040463	IDA
CRE upregulated	GO:0045934	negative regulation of nucleobase-containing compound metabolic process	ENSMUSG00000004099	ENSMUSG00000004099	IDA, IMP
CRE upregulated	GO:0045934	negative regulation of nucleobase-containing compound metabolic process	ENSMUSG00000008730	Hipk1	ISS
CRE upregulated	GO:0045934	negative regulation of nucleobase-containing compound metabolic process	ENSMUSG00000059288	ENSMUSG00000059288	IEA
CRE upregulated	GO:0045934	negative regulation of nucleobase-containing compound metabolic process	ENSMUSG00000032508	Myd88	IEA
CRE upregulated	GO:0045934	negative regulation of nucleobase-containing compound metabolic process	ENSMUSG00000002633	Shh	IDA, IMP
CRE upregulated	GO:0045934	negative regulation of nucleobase-containing compound metabolic process	ENSMUSG00000028680	ENSMUSG00000028680	IEA
CRE upregulated	GO:0045934	negative regulation of nucleobase-containing compound metabolic process	ENSMUSG00000039671	ENSMUSG00000039671	IEA
CRE upregulated	GO:0045934	negative regulation of nucleobase-containing compound metabolic process	ENSMUSG00000028291	ENSMUSG00000028291	ISO, IEA
CRE upregulated	GO:0045934	negative regulation of nucleobase-containing compound metabolic process	ENSMUSG00000028382	ENSMUSG00000028382	IMP
CRE upregulated	GO:0045934	negative regulation of nucleobase-containing compound metabolic process	ENSMUSG00000037465	Klf10	IDA
CRE upregulated	GO:0045934	negative regulation of nucleobase-containing compound metabolic process	ENSMUSG00000027646	ENSMUSG00000027646	IEA
CRE upregulated	GO:0045934	negative regulation of nucleobase-containing compound metabolic process	ENSMUSG00000020680	ENSMUSG00000020680	ISO, IEA
CRE upregulated	GO:0045934	negative regulation of nucleobase-containing compound metabolic process	ENSMUSG00000004698	ENSMUSG00000004698	IEA
CRE upregulated	GO:0045934	negative regulation of nucleobase-containing compound metabolic process	ENSMUSG00000042197	ENSMUSG00000042197	ISS, IBA, IEA
CRE upregulated	GO:0045934	negative regulation of nucleobase-containing compound metabolic process	ENSMUSG00000003541	ENSMUSG00000003541	IMP
CRE upregulated	GO:0045934	negative regulation of nucleobase-containing compound metabolic process	ENSMUSG00000029475	ENSMUSG00000029475	IDA, IMP
CRE upregulated	GO:0023061	signal release	ENSMUSG00000063632	Sox11	IMP
CRE upregulated	GO:0023061	signal release	ENSMUSG00000037428	Vgf	IGI
CRE upregulated	GO:0023061	signal release	ENSMUSG00000042816	Gpr151	EXP, IDA, IMP
CRE upregulated	GO:0023061	signal release	ENSMUSG00000025473	Adam8	IEA
CRE upregulated	GO:0023061	signal release	ENSMUSG00000030898	Cckbr	ISO
CRE upregulated	GO:0023061	signal release	ENSMUSG00000030102	Itpr1	IMP, IGI
CRE upregulated	GO:0023061	signal release	ENSMUSG00000020427	Igfbp3	ISO
CRE upregulated	GO:0023061	signal release	ENSMUSG00000035621	Midn	ISO, IEA
CRE upregulated	GO:0023061	signal release	ENSMUSG00000024261	Syt4	IDA, IMP, ISO, IBA, IEA
CRE upregulated	GO:0023061	signal release	ENSMUSG00000024256	Adcyap1	IDA, ISS, ISO, IEA
CRE upregulated	GO:0023061	signal release	ENSMUSG00000002250	Ppard	ISO, NAS
CRE upregulated	GO:0023061	signal release	ENSMUSG00000038894	Irs2	IMP
CRE upregulated	GO:0023061	signal release	ENSMUSG00000035828	Pim3	IMP
CRE upregulated	GO:0023061	signal release	ENSMUSG00000026796	Niban2	IEA
CRE upregulated	GO:0023061	signal release	ENSMUSG00000051343	Rab11fip5	IMP
CRE upregulated	GO:0023061	signal release	ENSMUSG00000015243	Abca1	IMP, IEA
CRE upregulated	GO:0023061	signal release	ENSMUSG00000025746	Il6	IDA, IMP
CRE upregulated	GO:0023061	signal release	ENSMUSG00000049303	Syt12	ISO, IEA
CRE upregulated	GO:0023061	signal release	ENSMUSG00000020838	Slc6a4	ISO, IEA
CRE upregulated	GO:0023061	signal release	ENSMUSG00000001847	Rac1	IMP, ISO
CRE upregulated	GO:0023061	signal release	ENSMUSG00000018909	Arrb1	IMP
CRE upregulated	GO:0023061	signal release	ENSMUSG00000057531	Dtnbp1	IDA, IMP, ISO, IBA, IEA
CRE upregulated	GO:0023061	signal release	ENSMUSG00000036057	Ptpn23	IEA
CRE upregulated	GO:0023061	signal release	ENSMUSG00000036437	Npy1r	ISO
CRE upregulated	GO:0023061	signal release	ENSMUSG00000023032	Slc4a8	EXP, IDA, IMP
CRE upregulated	GO:0023061	signal release	ENSMUSG00000024789	Jak2	ISS, ISO, IEA
CRE upregulated	GO:0023061	signal release	ENSMUSG00000022555	Dgat1	ISO
CRE upregulated	GO:0023061	signal release	ENSMUSG00000004347	ENSMUSG00000004347	ISO
CRE upregulated	GO:0023061	signal release	ENSMUSG00000029071	ENSMUSG00000029071	IDA, IMP, IGI
CRE upregulated	GO:0023061	signal release	ENSMUSG00000044453	Ffar1	IDA, IMP, ISO, IBA
CRE upregulated	GO:0023061	signal release	ENSMUSG00000032902	Slc16a1	IMP
CRE upregulated	GO:0023061	signal release	ENSMUSG00000026074	Map4k4	IEA
CRE upregulated	GO:0023061	signal release	ENSMUSG00000010660	Plcd1	ISO
CRE upregulated	GO:0023061	signal release	ENSMUSG00000031278	ENSMUSG00000031278	ISS, ISO
CRE upregulated	GO:0023061	signal release	ENSMUSG00000040640	ENSMUSG00000040640	IDA, IMP
CRE upregulated	GO:0023061	signal release	ENSMUSG00000024517	Grp	ISS
CRE upregulated	GO:0023061	signal release	ENSMUSG00000011877	Git1	IDA, IMP
CRE upregulated	GO:0023061	signal release	ENSMUSG00000038676	Ucn	ISO, IEA
CRE upregulated	GO:0023061	signal release	ENSMUSG00000052681	Rap1b	IGI, IBA, IEA
CRE upregulated	GO:0023061	signal release	ENSMUSG00000051209	ENSMUSG00000051209	IDA
CRE upregulated	GO:0023061	signal release	ENSMUSG00000053825	ENSMUSG00000053825	IEA
CRE upregulated	GO:0023061	signal release	ENSMUSG00000024907	Gal	IEA
CRE upregulated	GO:0031667	response to nutrient levels	ENSMUSG00000026628	Atf3	IMP
CRE upregulated	GO:0031667	response to nutrient levels	ENSMUSG00000052684	Jun	IMP, IEP, ISO
CRE upregulated	GO:0031667	response to nutrient levels	ENSMUSG00000037428	Vgf	IDA, IGI
CRE upregulated	GO:0031667	response to nutrient levels	ENSMUSG00000031574	Star	IEA
CRE upregulated	GO:0031667	response to nutrient levels	ENSMUSG00000028494	Plin2	ISS, IEA
CRE upregulated	GO:0031667	response to nutrient levels	ENSMUSG00000023067	Cdkn1a	IMP, IEA
CRE upregulated	GO:0031667	response to nutrient levels	ENSMUSG00000024256	Adcyap1	IEA
CRE upregulated	GO:0031667	response to nutrient levels	ENSMUSG00000002250	Ppard	IEA
CRE upregulated	GO:0031667	response to nutrient levels	ENSMUSG00000027540	Ptpn1	IEA
CRE upregulated	GO:0031667	response to nutrient levels	ENSMUSG00000028645	Slc2a1	IDA
CRE upregulated	GO:0031667	response to nutrient levels	ENSMUSG00000027597	Ahcy	ISO
CRE upregulated	GO:0031667	response to nutrient levels	ENSMUSG00000053436	Mapk14	IMP
CRE upregulated	GO:0031667	response to nutrient levels	ENSMUSG00000015243	Abca1	IEA
CRE upregulated	GO:0031667	response to nutrient levels	ENSMUSG00000055994	Nod2	IMP, IEA
CRE upregulated	GO:0031667	response to nutrient levels	ENSMUSG00000024014	Pim1	IEA
CRE upregulated	GO:0031667	response to nutrient levels	ENSMUSG00000037062	Sh3glb1	IEA
CRE upregulated	GO:0031667	response to nutrient levels	ENSMUSG00000042406	Atf4	IDA, IMP, ISO, IEA
CRE upregulated	GO:0031667	response to nutrient levels	ENSMUSG00000020838	Slc6a4	IEA
CRE upregulated	GO:0031667	response to nutrient levels	ENSMUSG00000025408	Ddit3	IDA
CRE upregulated	GO:0031667	response to nutrient levels	ENSMUSG00000029578	Wipi2	ISS, IEA
CRE upregulated	GO:0031667	response to nutrient levels	ENSMUSG00000059316	Slc27a4	IEA
CRE upregulated	GO:0031667	response to nutrient levels	ENSMUSG00000024927	Rela	IEA
CRE upregulated	GO:0031667	response to nutrient levels	ENSMUSG00000024238	Zeb1	IEA
CRE upregulated	GO:0031667	response to nutrient levels	ENSMUSG00000028893	Sesn2	ISS, IBA, IEA
CRE upregulated	GO:0031667	response to nutrient levels	ENSMUSG00000032902	Slc16a1	IMP
CRE upregulated	GO:0031667	response to nutrient levels	ENSMUSG00000028811	ENSMUSG00000028811	IEA
CRE upregulated	GO:0031667	response to nutrient levels	ENSMUSG00000031668	ENSMUSG00000031668	IEA
CRE upregulated	GO:0031667	response to nutrient levels	ENSMUSG00000029752	ENSMUSG00000029752	IEA
CRE upregulated	GO:0031667	response to nutrient levels	ENSMUSG00000021587	Pcsk1	IEA
CRE upregulated	GO:0031667	response to nutrient levels	ENSMUSG00000016534	ENSMUSG00000016534	IMP, IBA
CRE upregulated	GO:0031667	response to nutrient levels	ENSMUSG00000040010	Slc7a5	IEA
CRE upregulated	GO:0031667	response to nutrient levels	ENSMUSG00000040463	ENSMUSG00000040463	IEA
CRE upregulated	GO:0031667	response to nutrient levels	ENSMUSG00000038676	Ucn	ISO, IEA
CRE upregulated	GO:0031667	response to nutrient levels	ENSMUSG00000026864	ENSMUSG00000026864	IEA
CRE upregulated	GO:0031667	response to nutrient levels	ENSMUSG00000037465	Klf10	IDA
CRE upregulated	GO:0031667	response to nutrient levels	ENSMUSG00000024493	ENSMUSG00000024493	IEA
CRE upregulated	GO:0031667	response to nutrient levels	ENSMUSG00000027646	ENSMUSG00000027646	IEA
CRE upregulated	GO:0031667	response to nutrient levels	ENSMUSG00000024843	ENSMUSG00000024843	ISS
CRE upregulated	GO:0031667	response to nutrient levels	ENSMUSG00000038205	ENSMUSG00000038205	ISO, NAS, IEA
CRE upregulated	GO:0031667	response to nutrient levels	ENSMUSG00000015839	Nfe2l2	IMP, IEA
CRE upregulated	GO:0031667	response to nutrient levels	ENSMUSG00000021477	ENSMUSG00000021477	ISS
CRE upregulated	GO:2000146	negative regulation of cell motility	ENSMUSG00000036390	Gadd45a	IMP, IEA
CRE upregulated	GO:2000146	negative regulation of cell motility	ENSMUSG00000020427	Igfbp3	IEA
CRE upregulated	GO:2000146	negative regulation of cell motility	ENSMUSG00000002250	Ppard	ISO
CRE upregulated	GO:2000146	negative regulation of cell motility	ENSMUSG00000027540	Ptpn1	IEA
CRE upregulated	GO:2000146	negative regulation of cell motility	ENSMUSG00000043895	S1pr2	ISO
CRE upregulated	GO:2000146	negative regulation of cell motility	ENSMUSG00000022607	Ptk2	ISO
CRE upregulated	GO:2000146	negative regulation of cell motility	ENSMUSG00000046854	Pip5kl1	IEA
CRE upregulated	GO:2000146	negative regulation of cell motility	ENSMUSG00000001847	Rac1	IEA
CRE upregulated	GO:2000146	negative regulation of cell motility	ENSMUSG00000036057	Ptpn23	IEA
CRE upregulated	GO:2000146	negative regulation of cell motility	ENSMUSG00000004040	ENSMUSG00000004040	IGI
CRE upregulated	GO:2000146	negative regulation of cell motility	ENSMUSG00000024190	Dusp1	IEA
CRE upregulated	GO:2000146	negative regulation of cell motility	ENSMUSG00000035236	Scai	IGI, IEA
CRE upregulated	GO:2000146	negative regulation of cell motility	ENSMUSG00000036894	Rap2b	IDA, IBA, IEA
CRE upregulated	GO:2000146	negative regulation of cell motility	ENSMUSG00000037815	Ctnna1	IMP
CRE upregulated	GO:2000146	negative regulation of cell motility	ENSMUSG00000025340	Rabgef1	IMP
CRE upregulated	GO:2000146	negative regulation of cell motility	ENSMUSG00000004530	ENSMUSG00000004530	IEA
CRE upregulated	GO:2000146	negative regulation of cell motility	ENSMUSG00000039985	Sinhcaf	ISS, IBA, NAS, IEA
CRE upregulated	GO:2000146	negative regulation of cell motility	ENSMUSG00000025351	Cd63	ISO
CRE upregulated	GO:2000146	negative regulation of cell motility	ENSMUSG00000021796	Bmpr1a	IEA
CRE upregulated	GO:2000146	negative regulation of cell motility	ENSMUSG00000001552	ENSMUSG00000001552	IEA
CRE upregulated	GO:2000146	negative regulation of cell motility	ENSMUSG00000002633	Shh	IDA
CRE upregulated	GO:2000146	negative regulation of cell motility	ENSMUSG00000039671	ENSMUSG00000039671	IEA
CRE upregulated	GO:2000146	negative regulation of cell motility	ENSMUSG00000056050	ENSMUSG00000056050	IEA
CRE upregulated	GO:2000146	negative regulation of cell motility	ENSMUSG00000037411	Serpine1	IEA
CRE upregulated	GO:2000146	negative regulation of cell motility	ENSMUSG00000032501	Trib1	IEA
CRE upregulated	GO:2000146	negative regulation of cell motility	ENSMUSG00000036667	ENSMUSG00000036667	IEA
CRE upregulated	GO:2000146	negative regulation of cell motility	ENSMUSG00000015839	Nfe2l2	ISO, IEA
CRE upregulated	GO:2000146	negative regulation of cell motility	ENSMUSG00000053797	ENSMUSG00000053797	IEA
CRE upregulated	GO:0002684	positive regulation of immune system process	ENSMUSG00000052684	Jun	IDA, ISO
CRE upregulated	GO:0002684	positive regulation of immune system process	ENSMUSG00000046688	Tifa	ISS, IBA, IEA
CRE upregulated	GO:0002684	positive regulation of immune system process	ENSMUSG00000025473	Adam8	IDA, IMP, IBA, IEA
CRE upregulated	GO:0002684	positive regulation of immune system process	ENSMUSG00000037447	Arid5a	IMP
CRE upregulated	GO:0002684	positive regulation of immune system process	ENSMUSG00000030748	Il4ra	IMP, IGI
CRE upregulated	GO:0002684	positive regulation of immune system process	ENSMUSG00000014599	Csf1	IDA, IMP, IGI, ISO, IBA, IEA
CRE upregulated	GO:0002684	positive regulation of immune system process	ENSMUSG00000023067	Cdkn1a	IGI
CRE upregulated	GO:0002684	positive regulation of immune system process	ENSMUSG00000024404	Riok3	IEA
CRE upregulated	GO:0002684	positive regulation of immune system process	ENSMUSG00000038894	Irs2	IDA
CRE upregulated	GO:0002684	positive regulation of immune system process	ENSMUSG00000027583	Zbtb46	IMP
CRE upregulated	GO:0002684	positive regulation of immune system process	ENSMUSG00000025746	Il6	IDA, IMP
CRE upregulated	GO:0002684	positive regulation of immune system process	ENSMUSG00000055994	Nod2	IDA, IMP, IGI, ISS, ISO, IEA
CRE upregulated	GO:0002684	positive regulation of immune system process	ENSMUSG00000059923	Grb2	IDA
CRE upregulated	GO:0002684	positive regulation of immune system process	ENSMUSG00000001847	Rac1	IMP, IEA
CRE upregulated	GO:0002684	positive regulation of immune system process	ENSMUSG00000024349	Sting1	IDA, IMP, ISS, IBA, IEA
CRE upregulated	GO:0002684	positive regulation of immune system process	ENSMUSG00000015837	Sqstm1	IEA
CRE upregulated	GO:0002684	positive regulation of immune system process	ENSMUSG00000036737	Oxsr1	IMP, IBA, IEA
CRE upregulated	GO:0002684	positive regulation of immune system process	ENSMUSG00000031955	Bcar1	ISS, IEA
CRE upregulated	GO:0002684	positive regulation of immune system process	ENSMUSG00000015316	Slamf1	IDA, IMP
CRE upregulated	GO:0002684	positive regulation of immune system process	ENSMUSG00000026072	Il1r1	IMP, ISS, IEA
CRE upregulated	GO:0002684	positive regulation of immune system process	ENSMUSG00000024789	Jak2	IDA, ISO, NAS, IEA
CRE upregulated	GO:0002684	positive regulation of immune system process	ENSMUSG00000029135	Fosl2	IDA, IMP
CRE upregulated	GO:0002684	positive regulation of immune system process	ENSMUSG00000020395	Itk	IMP, IBA
CRE upregulated	GO:0002684	positive regulation of immune system process	ENSMUSG00000036990	Otud4	IDA, IBA, IEA
CRE upregulated	GO:0002684	positive regulation of immune system process	ENSMUSG00000029826	Zc3hav1	TAS
CRE upregulated	GO:0002684	positive regulation of immune system process	ENSMUSG00000050335	Lgals3	IEA
CRE upregulated	GO:0002684	positive regulation of immune system process	ENSMUSG00000059866	Tnip2	IMP, IBA
CRE upregulated	GO:0002684	positive regulation of immune system process	ENSMUSG00000033545	Znrf1	IEA
CRE upregulated	GO:0002684	positive regulation of immune system process	ENSMUSG00000031934	ENSMUSG00000031934	IMP
CRE upregulated	GO:0002684	positive regulation of immune system process	ENSMUSG00000023915	Tnfrsf21	IMP
CRE upregulated	GO:0002684	positive regulation of immune system process	ENSMUSG00000024912	Fosl1	IMP
CRE upregulated	GO:0002684	positive regulation of immune system process	ENSMUSG00000024927	Rela	ISO, IEA
CRE upregulated	GO:0002684	positive regulation of immune system process	ENSMUSG00000038591	Colec10	IEA
CRE upregulated	GO:0002684	positive regulation of immune system process	ENSMUSG00000064210	ENSMUSG00000064210	IMP, IEA
CRE upregulated	GO:0002684	positive regulation of immune system process	ENSMUSG00000024335	Brd2	IDA, IEA
CRE upregulated	GO:0002684	positive regulation of immune system process	ENSMUSG00000040365	Trim41	ISS, IEA
CRE upregulated	GO:0002684	positive regulation of immune system process	ENSMUSG00000028466	Creb3	IEA
CRE upregulated	GO:0002684	positive regulation of immune system process	ENSMUSG00000020349	ENSMUSG00000020349	IMP
CRE upregulated	GO:0002684	positive regulation of immune system process	ENSMUSG00000025340	Rabgef1	IDA, IMP
CRE upregulated	GO:0002684	positive regulation of immune system process	ENSMUSG00000044147	Arf6	NAS
CRE upregulated	GO:0002684	positive regulation of immune system process	ENSMUSG00000030662	ENSMUSG00000030662	IEA
CRE upregulated	GO:0002684	positive regulation of immune system process	ENSMUSG00000024270	ENSMUSG00000024270	ISS, IEA
CRE upregulated	GO:0002684	positive regulation of immune system process	ENSMUSG00000070056	ENSMUSG00000070056	IMP, ISS, IEA
CRE upregulated	GO:0002684	positive regulation of immune system process	ENSMUSG00000037860	Aim2	IDA, IBA, NAS, IEA
CRE upregulated	GO:0002684	positive regulation of immune system process	ENSMUSG00000039844	ENSMUSG00000039844	ISO, IEA
CRE upregulated	GO:0002684	positive regulation of immune system process	ENSMUSG00000027997	Casp6	ISS, IEA
CRE upregulated	GO:0002684	positive regulation of immune system process	ENSMUSG00000020594	ENSMUSG00000020594	IEA
CRE upregulated	GO:0002684	positive regulation of immune system process	ENSMUSG00000020448	Rnf185	ISS, IEA
CRE upregulated	GO:0002684	positive regulation of immune system process	ENSMUSG00000000787	ENSMUSG00000000787	IDA, ISS
CRE upregulated	GO:0002684	positive regulation of immune system process	ENSMUSG00000037553	ENSMUSG00000037553	IEA
CRE upregulated	GO:0002684	positive regulation of immune system process	ENSMUSG00000032508	Myd88	IMP, IGI, ISS, IBA, IEA
CRE upregulated	GO:0002684	positive regulation of immune system process	ENSMUSG00000002633	Shh	IMP
CRE upregulated	GO:0002684	positive regulation of immune system process	ENSMUSG00000032462	ENSMUSG00000032462	IEA
CRE upregulated	GO:0002684	positive regulation of immune system process	ENSMUSG00000027944	Hax1	IEA
CRE upregulated	GO:0002684	positive regulation of immune system process	ENSMUSG00000029145	ENSMUSG00000029145	ISS, IEA
CRE upregulated	GO:0002684	positive regulation of immune system process	ENSMUSG00000056050	ENSMUSG00000056050	IEA
CRE upregulated	GO:0002684	positive regulation of immune system process	ENSMUSG00000028291	ENSMUSG00000028291	IMP, IBA
CRE upregulated	GO:0002684	positive regulation of immune system process	ENSMUSG00000037411	Serpine1	IEA
CRE upregulated	GO:0002684	positive regulation of immune system process	ENSMUSG00000037465	Klf10	IMP
CRE upregulated	GO:0002684	positive regulation of immune system process	ENSMUSG00000019843	ENSMUSG00000019843	IBA, IEA
CRE upregulated	GO:0002684	positive regulation of immune system process	ENSMUSG00000027646	ENSMUSG00000027646	IEA
CRE upregulated	GO:0002684	positive regulation of immune system process	ENSMUSG00000021340	ENSMUSG00000021340	IEA
CRE upregulated	GO:0002684	positive regulation of immune system process	ENSMUSG00000032501	Trib1	IMP
CRE upregulated	GO:0002684	positive regulation of immune system process	ENSMUSG00000019998	ENSMUSG00000019998	IEA
CRE upregulated	GO:0045597	positive regulation of cell differentiation	ENSMUSG00000052684	Jun	IDA, ISO
CRE upregulated	GO:0045597	positive regulation of cell differentiation	ENSMUSG00000063632	Sox11	IDA, IMP, ISS, IEA
CRE upregulated	GO:0045597	positive regulation of cell differentiation	ENSMUSG00000031574	Star	ISO, IEA
CRE upregulated	GO:0045597	positive regulation of cell differentiation	ENSMUSG00000025473	Adam8	IDA, IMP
CRE upregulated	GO:0045597	positive regulation of cell differentiation	ENSMUSG00000046731	Kctd11	IDA, IBA
CRE upregulated	GO:0045597	positive regulation of cell differentiation	ENSMUSG00000030748	Il4ra	IGI
CRE upregulated	GO:0045597	positive regulation of cell differentiation	ENSMUSG00000023905	Tnfrsf12a	IDA
CRE upregulated	GO:0045597	positive regulation of cell differentiation	ENSMUSG00000014599	Csf1	IDA, IMP, IGI, IBA, IEA
CRE upregulated	GO:0045597	positive regulation of cell differentiation	ENSMUSG00000020427	Igfbp3	ISS, IEA
CRE upregulated	GO:0045597	positive regulation of cell differentiation	ENSMUSG00000027495	Fam210b	ISS, IEA
CRE upregulated	GO:0045597	positive regulation of cell differentiation	ENSMUSG00000030272	Camk1	IEA
CRE upregulated	GO:0045597	positive regulation of cell differentiation	ENSMUSG00000031681	Smad1	IGI, ISO
CRE upregulated	GO:0045597	positive regulation of cell differentiation	ENSMUSG00000026836	Acvr1	IMP, IEA
CRE upregulated	GO:0045597	positive regulation of cell differentiation	ENSMUSG00000048482	Bdnf	IDA, IMP, ISO, IEA
CRE upregulated	GO:0045597	positive regulation of cell differentiation	ENSMUSG00000018736	Ndel1	ISO
CRE upregulated	GO:0045597	positive regulation of cell differentiation	ENSMUSG00000018507	Trpv2	IMP
CRE upregulated	GO:0045597	positive regulation of cell differentiation	ENSMUSG00000007041	Clic1	IDA
CRE upregulated	GO:0045597	positive regulation of cell differentiation	ENSMUSG00000043895	S1pr2	IEA
CRE upregulated	GO:0045597	positive regulation of cell differentiation	ENSMUSG00000027583	Zbtb46	IMP
CRE upregulated	GO:0045597	positive regulation of cell differentiation	ENSMUSG00000028063	Lmna	ISO
CRE upregulated	GO:0045597	positive regulation of cell differentiation	ENSMUSG00000053436	Mapk14	IMP, IEA
CRE upregulated	GO:0045597	positive regulation of cell differentiation	ENSMUSG00000025809	Itgb1	IMP, ISO
CRE upregulated	GO:0045597	positive regulation of cell differentiation	ENSMUSG00000013089	Etv5	ISO, IEA
CRE upregulated	GO:0045597	positive regulation of cell differentiation	ENSMUSG00000025746	Il6	IDA, IMP, ISO
CRE upregulated	GO:0045597	positive regulation of cell differentiation	ENSMUSG00000022607	Ptk2	ISO
CRE upregulated	GO:0045597	positive regulation of cell differentiation	ENSMUSG00000024014	Pim1	IMP
CRE upregulated	GO:0045597	positive regulation of cell differentiation	ENSMUSG00000037062	Sh3glb1	ISO
CRE upregulated	GO:0045597	positive regulation of cell differentiation	ENSMUSG00000055407	Map6	ISO, IBA
CRE upregulated	GO:0045597	positive regulation of cell differentiation	ENSMUSG00000000134	Tfe3	IMP
CRE upregulated	GO:0045597	positive regulation of cell differentiation	ENSMUSG00000030309	Caprin2	IMP
CRE upregulated	GO:0045597	positive regulation of cell differentiation	ENSMUSG00000023087	Noct	IMP
CRE upregulated	GO:0045597	positive regulation of cell differentiation	ENSMUSG00000029765	Plxna4	IBA
CRE upregulated	GO:0045597	positive regulation of cell differentiation	ENSMUSG00000022346	Myc	ISO
CRE upregulated	GO:0045597	positive regulation of cell differentiation	ENSMUSG00000036478	Btg1	ISS, ISO, IEA
CRE upregulated	GO:0045597	positive regulation of cell differentiation	ENSMUSG00000053113	Socs3	IDA, IGI
CRE upregulated	GO:0045597	positive regulation of cell differentiation	ENSMUSG00000024789	Jak2	ISS, ISO, IEA
CRE upregulated	GO:0045597	positive regulation of cell differentiation	ENSMUSG00000004040	ENSMUSG00000004040	ISS, IEA
CRE upregulated	GO:0045597	positive regulation of cell differentiation	ENSMUSG00000020027	Socs2	IDA
CRE upregulated	GO:0045597	positive regulation of cell differentiation	ENSMUSG00000021360	ENSMUSG00000021360	IMP, IEA
CRE upregulated	GO:0045597	positive regulation of cell differentiation	ENSMUSG00000024927	Rela	ISO, IEA
CRE upregulated	GO:0045597	positive regulation of cell differentiation	ENSMUSG00000027692	Tnik	ISO
CRE upregulated	GO:0045597	positive regulation of cell differentiation	ENSMUSG00000024238	Zeb1	IDA
CRE upregulated	GO:0045597	positive regulation of cell differentiation	ENSMUSG00000024947	Men1	IMP, IGI
CRE upregulated	GO:0045597	positive regulation of cell differentiation	ENSMUSG00000024335	Brd2	IDA, IEA
CRE upregulated	GO:0045597	positive regulation of cell differentiation	ENSMUSG00000071637	Cebpd	IDA
CRE upregulated	GO:0045597	positive regulation of cell differentiation	ENSMUSG00000028599	Tnfrsf1b	IMP, IBA
CRE upregulated	GO:0045597	positive regulation of cell differentiation	ENSMUSG00000040046	Tph1	IMP
CRE upregulated	GO:0045597	positive regulation of cell differentiation	ENSMUSG00000052837	ENSMUSG00000052837	IDA
CRE upregulated	GO:0045597	positive regulation of cell differentiation	ENSMUSG00000047281	ENSMUSG00000047281	IMP
CRE upregulated	GO:0045597	positive regulation of cell differentiation	ENSMUSG00000021796	Bmpr1a	IEA
CRE upregulated	GO:0045597	positive regulation of cell differentiation	ENSMUSG00000040010	Slc7a5	ISO, IEA
CRE upregulated	GO:0045597	positive regulation of cell differentiation	ENSMUSG00000059743	ENSMUSG00000059743	ISO
CRE upregulated	GO:0045597	positive regulation of cell differentiation	ENSMUSG00000002633	Shh	IDA, IMP, ISO
CRE upregulated	GO:0045597	positive regulation of cell differentiation	ENSMUSG00000027944	Hax1	IEA
CRE upregulated	GO:0045597	positive regulation of cell differentiation	ENSMUSG00000037411	Serpine1	IEA
CRE upregulated	GO:0045597	positive regulation of cell differentiation	ENSMUSG00000037465	Klf10	IMP
CRE upregulated	GO:0045597	positive regulation of cell differentiation	ENSMUSG00000023277	ENSMUSG00000023277	IEA
CRE upregulated	GO:0045597	positive regulation of cell differentiation	ENSMUSG00000032501	Trib1	IMP
CRE upregulated	GO:0035295	tube development	ENSMUSG00000036390	Gadd45a	IMP
CRE upregulated	GO:0035295	tube development	ENSMUSG00000052684	Jun	IMP, ISO
CRE upregulated	GO:0035295	tube development	ENSMUSG00000063632	Sox11	IMP
CRE upregulated	GO:0035295	tube development	ENSMUSG00000019647	Sema6a	IEA
CRE upregulated	GO:0035295	tube development	ENSMUSG00000004951	Hspb1	IEA
CRE upregulated	GO:0035295	tube development	ENSMUSG00000025473	Adam8	IDA
CRE upregulated	GO:0035295	tube development	ENSMUSG00000030898	Cckbr	IMP
CRE upregulated	GO:0035295	tube development	ENSMUSG00000023905	Tnfrsf12a	IDA, IEA
CRE upregulated	GO:0035295	tube development	ENSMUSG00000040151	Hs2st1	IMP
CRE upregulated	GO:0035295	tube development	ENSMUSG00000014599	Csf1	IMP
CRE upregulated	GO:0035295	tube development	ENSMUSG00000038650	Rnh1	IBA, IEA
CRE upregulated	GO:0035295	tube development	ENSMUSG00000004846	Plod3	IMP
CRE upregulated	GO:0035295	tube development	ENSMUSG00000031681	Smad1	IEP, IEA
CRE upregulated	GO:0035295	tube development	ENSMUSG00000050989	Selenon	IMP
CRE upregulated	GO:0035295	tube development	ENSMUSG00000029378	Areg	IMP
CRE upregulated	GO:0035295	tube development	ENSMUSG00000026836	Acvr1	IMP, IEA
CRE upregulated	GO:0035295	tube development	ENSMUSG00000048482	Bdnf	IDA
CRE upregulated	GO:0035295	tube development	ENSMUSG00000037568	Vash2	IMP, ISO, IBA, IEA
CRE upregulated	GO:0035295	tube development	ENSMUSG00000063506	Arhgap22	IEA
CRE upregulated	GO:0035295	tube development	ENSMUSG00000053436	Mapk14	IMP
CRE upregulated	GO:0035295	tube development	ENSMUSG00000025809	Itgb1	IMP, IEA
CRE upregulated	GO:0035295	tube development	ENSMUSG00000013089	Etv5	IDA
CRE upregulated	GO:0035295	tube development	ENSMUSG00000020592	Sdc1	IEA
CRE upregulated	GO:0035295	tube development	ENSMUSG00000032231	Anxa2	IMP, IEA
CRE upregulated	GO:0035295	tube development	ENSMUSG00000022607	Ptk2	IMP, IEA
CRE upregulated	GO:0035295	tube development	ENSMUSG00000020580	Rock2	IEA
CRE upregulated	GO:0035295	tube development	ENSMUSG00000001507	Itga3	IEA
CRE upregulated	GO:0035295	tube development	ENSMUSG00000031628	Casp3	IMP
CRE upregulated	GO:0035295	tube development	ENSMUSG00000040435	Ppp1r15a	ISO
CRE upregulated	GO:0035295	tube development	ENSMUSG00000029765	Plxna4	IMP, IGI
CRE upregulated	GO:0035295	tube development	ENSMUSG00000022346	Myc	IMP
CRE upregulated	GO:0035295	tube development	ENSMUSG00000036478	Btg1	ISS, IEA
CRE upregulated	GO:0035295	tube development	ENSMUSG00000027954	Efna1	IDA, IEA
CRE upregulated	GO:0035295	tube development	ENSMUSG00000004040	ENSMUSG00000004040	IDA
CRE upregulated	GO:0035295	tube development	ENSMUSG00000029135	Fosl2	IMP
CRE upregulated	GO:0035295	tube development	ENSMUSG00000054136	Adm2	ISO, IEA
CRE upregulated	GO:0035295	tube development	ENSMUSG00000024927	Rela	IEA
CRE upregulated	GO:0035295	tube development	ENSMUSG00000042608	Stk40	IMP
CRE upregulated	GO:0035295	tube development	ENSMUSG00000025793	ENSMUSG00000025793	IEA
CRE upregulated	GO:0035295	tube development	ENSMUSG00000024238	Zeb1	IMP
CRE upregulated	GO:0035295	tube development	ENSMUSG00000026078	Pdcl3	IMP, ISO, IBA, IEA
CRE upregulated	GO:0035295	tube development	ENSMUSG00000029071	ENSMUSG00000029071	IGI, IEA
CRE upregulated	GO:0035295	tube development	ENSMUSG00000037514	Pank2	IEA
CRE upregulated	GO:0035295	tube development	ENSMUSG00000024335	Brd2	IMP
CRE upregulated	GO:0035295	tube development	ENSMUSG00000037876	Jmjd1c	IMP
CRE upregulated	GO:0035295	tube development	ENSMUSG00000010660	Plcd1	IGI
CRE upregulated	GO:0035295	tube development	ENSMUSG00000031668	ENSMUSG00000031668	IEA
CRE upregulated	GO:0035295	tube development	ENSMUSG00000068739	ENSMUSG00000068739	ISS, IEA
CRE upregulated	GO:0035295	tube development	ENSMUSG00000003154	Foxj2	IEA
CRE upregulated	GO:0035295	tube development	ENSMUSG00000036180	ENSMUSG00000036180	IMP
CRE upregulated	GO:0035295	tube development	ENSMUSG00000052837	ENSMUSG00000052837	IMP
CRE upregulated	GO:0035295	tube development	ENSMUSG00000021796	Bmpr1a	IMP, IEA
CRE upregulated	GO:0035295	tube development	ENSMUSG00000027465	Tbc1d20	IMP
CRE upregulated	GO:0035295	tube development	ENSMUSG00000039191	Rbpj	IMP, TAS
CRE upregulated	GO:0035295	tube development	ENSMUSG00000035725	ENSMUSG00000035725	IMP, ISS, IEA
CRE upregulated	GO:0035295	tube development	ENSMUSG00000001552	ENSMUSG00000001552	IEA
CRE upregulated	GO:0035295	tube development	ENSMUSG00000008859	ENSMUSG00000008859	IMP
CRE upregulated	GO:0035295	tube development	ENSMUSG00000020097	ENSMUSG00000020097	IMP
CRE upregulated	GO:0035295	tube development	ENSMUSG00000002633	Shh	IDA, IMP, IGI, ISO, TAS, IEA
CRE upregulated	GO:0035295	tube development	ENSMUSG00000032462	ENSMUSG00000032462	IMP, IEA
CRE upregulated	GO:0035295	tube development	ENSMUSG00000056050	ENSMUSG00000056050	IEA
CRE upregulated	GO:0035295	tube development	ENSMUSG00000037411	Serpine1	IEA
CRE upregulated	GO:0035295	tube development	ENSMUSG00000027646	ENSMUSG00000027646	IDA, IMP, IEA
CRE upregulated	GO:0035295	tube development	ENSMUSG00000021340	ENSMUSG00000021340	IEA
CRE upregulated	GO:0035295	tube development	ENSMUSG00000004698	ENSMUSG00000004698	IEA
CRE upregulated	GO:0035295	tube development	ENSMUSG00000015839	Nfe2l2	ISO, IEA
CRE upregulated	GO:0035295	tube development	ENSMUSG00000029475	ENSMUSG00000029475	IMP
CRE upregulated	GO:0070201	regulation of establishment of protein localization	ENSMUSG00000030102	Itpr1	IMP, IGI
CRE upregulated	GO:0070201	regulation of establishment of protein localization	ENSMUSG00000006304	Arpc2	ISO
CRE upregulated	GO:0070201	regulation of establishment of protein localization	ENSMUSG00000030272	Camk1	IDA, IEA
CRE upregulated	GO:0070201	regulation of establishment of protein localization	ENSMUSG00000035621	Midn	ISO, IEA
CRE upregulated	GO:0070201	regulation of establishment of protein localization	ENSMUSG00000024261	Syt4	IMP
CRE upregulated	GO:0070201	regulation of establishment of protein localization	ENSMUSG00000018736	Ndel1	IEA
CRE upregulated	GO:0070201	regulation of establishment of protein localization	ENSMUSG00000002250	Ppard	ISO, NAS
CRE upregulated	GO:0070201	regulation of establishment of protein localization	ENSMUSG00000038894	Irs2	IMP
CRE upregulated	GO:0070201	regulation of establishment of protein localization	ENSMUSG00000035828	Pim3	IMP
CRE upregulated	GO:0070201	regulation of establishment of protein localization	ENSMUSG00000027540	Ptpn1	IEA
CRE upregulated	GO:0070201	regulation of establishment of protein localization	ENSMUSG00000022661	Cd200	IEA
CRE upregulated	GO:0070201	regulation of establishment of protein localization	ENSMUSG00000053436	Mapk14	IMP
CRE upregulated	GO:0070201	regulation of establishment of protein localization	ENSMUSG00000025746	Il6	IDA, ISO
CRE upregulated	GO:0070201	regulation of establishment of protein localization	ENSMUSG00000037062	Sh3glb1	IMP
CRE upregulated	GO:0070201	regulation of establishment of protein localization	ENSMUSG00000032078	Zpr1	IMP, ISS, IBA, IEA
CRE upregulated	GO:0070201	regulation of establishment of protein localization	ENSMUSG00000001847	Rac1	IMP, ISO
CRE upregulated	GO:0070201	regulation of establishment of protein localization	ENSMUSG00000018909	Arrb1	IMP
CRE upregulated	GO:0070201	regulation of establishment of protein localization	ENSMUSG00000024521	Pmaip1	IMP
CRE upregulated	GO:0070201	regulation of establishment of protein localization	ENSMUSG00000004768	Rab23	IEA
CRE upregulated	GO:0070201	regulation of establishment of protein localization	ENSMUSG00000036057	Ptpn23	IEA
CRE upregulated	GO:0070201	regulation of establishment of protein localization	ENSMUSG00000047604	Frat2	ISS
CRE upregulated	GO:0070201	regulation of establishment of protein localization	ENSMUSG00000024789	Jak2	ISS, ISO, IEA
CRE upregulated	GO:0070201	regulation of establishment of protein localization	ENSMUSG00000038949	Cnst	ISS, IBA, IEA
CRE upregulated	GO:0070201	regulation of establishment of protein localization	ENSMUSG00000109511	Nup62	ISO, IEA
CRE upregulated	GO:0070201	regulation of establishment of protein localization	ENSMUSG00000004347	ENSMUSG00000004347	ISO
CRE upregulated	GO:0070201	regulation of establishment of protein localization	ENSMUSG00000024803	Ankrd1	IEA
CRE upregulated	GO:0070201	regulation of establishment of protein localization	ENSMUSG00000044453	Ffar1	IDA, IMP, ISO, IBA
CRE upregulated	GO:0070201	regulation of establishment of protein localization	ENSMUSG00000032902	Slc16a1	IMP
CRE upregulated	GO:0070201	regulation of establishment of protein localization	ENSMUSG00000026074	Map4k4	IEA
CRE upregulated	GO:0070201	regulation of establishment of protein localization	ENSMUSG00000031278	ENSMUSG00000031278	ISS, ISO
CRE upregulated	GO:0070201	regulation of establishment of protein localization	ENSMUSG00000021587	Pcsk1	ISO, IEA
CRE upregulated	GO:0070201	regulation of establishment of protein localization	ENSMUSG00000044147	Arf6	IEA
CRE upregulated	GO:0070201	regulation of establishment of protein localization	ENSMUSG00000030662	ENSMUSG00000030662	IMP
CRE upregulated	GO:0070201	regulation of establishment of protein localization	ENSMUSG00000047281	ENSMUSG00000047281	IDA
CRE upregulated	GO:0070201	regulation of establishment of protein localization	ENSMUSG00000001552	ENSMUSG00000001552	IEA
CRE upregulated	GO:0070201	regulation of establishment of protein localization	ENSMUSG00000002633	Shh	IGI
CRE upregulated	GO:0070201	regulation of establishment of protein localization	ENSMUSG00000028680	ENSMUSG00000028680	IEA
CRE upregulated	GO:0070201	regulation of establishment of protein localization	ENSMUSG00000040652	ENSMUSG00000040652	IDA
CRE upregulated	GO:0070201	regulation of establishment of protein localization	ENSMUSG00000019843	ENSMUSG00000019843	IGI
CRE upregulated	GO:0070201	regulation of establishment of protein localization	ENSMUSG00000027646	ENSMUSG00000027646	ISO, IEA
CRE upregulated	GO:0070201	regulation of establishment of protein localization	ENSMUSG00000036667	ENSMUSG00000036667	IBA, IEA
CRE upregulated	GO:0042594	response to starvation	ENSMUSG00000026628	Atf3	IMP
CRE upregulated	GO:0042594	response to starvation	ENSMUSG00000052684	Jun	IMP, IEP, ISO
CRE upregulated	GO:0042594	response to starvation	ENSMUSG00000028494	Plin2	ISS, IEA
CRE upregulated	GO:0042594	response to starvation	ENSMUSG00000023067	Cdkn1a	IMP, IEA
CRE upregulated	GO:0042594	response to starvation	ENSMUSG00000024256	Adcyap1	IEA
CRE upregulated	GO:0042594	response to starvation	ENSMUSG00000028645	Slc2a1	IDA
CRE upregulated	GO:0042594	response to starvation	ENSMUSG00000037062	Sh3glb1	IEA
CRE upregulated	GO:0042594	response to starvation	ENSMUSG00000042406	Atf4	IDA, IMP, ISO, IEA
CRE upregulated	GO:0042594	response to starvation	ENSMUSG00000025408	Ddit3	IDA
CRE upregulated	GO:0042594	response to starvation	ENSMUSG00000029578	Wipi2	ISS, IEA
CRE upregulated	GO:0042594	response to starvation	ENSMUSG00000028893	Sesn2	ISS, IBA, IEA
CRE upregulated	GO:0042594	response to starvation	ENSMUSG00000028811	ENSMUSG00000028811	IEA
CRE upregulated	GO:0042594	response to starvation	ENSMUSG00000031668	ENSMUSG00000031668	IEA
CRE upregulated	GO:0042594	response to starvation	ENSMUSG00000029752	ENSMUSG00000029752	IEA
CRE upregulated	GO:0042594	response to starvation	ENSMUSG00000016534	ENSMUSG00000016534	IMP, IBA
CRE upregulated	GO:0042594	response to starvation	ENSMUSG00000040010	Slc7a5	IEA
CRE upregulated	GO:0042594	response to starvation	ENSMUSG00000040463	ENSMUSG00000040463	IEA
CRE upregulated	GO:0042594	response to starvation	ENSMUSG00000026864	ENSMUSG00000026864	IEA
CRE upregulated	GO:0042594	response to starvation	ENSMUSG00000037465	Klf10	IDA
CRE upregulated	GO:0042594	response to starvation	ENSMUSG00000024493	ENSMUSG00000024493	IEA
CRE upregulated	GO:0042594	response to starvation	ENSMUSG00000024843	ENSMUSG00000024843	ISS
CRE upregulated	GO:0042594	response to starvation	ENSMUSG00000015839	Nfe2l2	IMP
CRE upregulated	GO:0042594	response to starvation	ENSMUSG00000021477	ENSMUSG00000021477	ISS
CRE upregulated	GO:0061024	membrane organization	ENSMUSG00000025473	Adam8	TAS
CRE upregulated	GO:0061024	membrane organization	ENSMUSG00000109901	Chmp1b	ISO, NAS, IEA
CRE upregulated	GO:0061024	membrane organization	ENSMUSG00000030095	Tmem43	IDA, ISO, IBA, IEA
CRE upregulated	GO:0061024	membrane organization	ENSMUSG00000024261	Syt4	IMP, ISO, IBA, IEA
CRE upregulated	GO:0061024	membrane organization	ENSMUSG00000032939	Nup93	ISS, IEA
CRE upregulated	GO:0061024	membrane organization	ENSMUSG00000068566	Myadm	IEA
CRE upregulated	GO:0061024	membrane organization	ENSMUSG00000018736	Ndel1	ISS
CRE upregulated	GO:0061024	membrane organization	ENSMUSG00000021501	Caml	ISS, ISO, IBA, IEA
CRE upregulated	GO:0061024	membrane organization	ENSMUSG00000005069	Pex5	IMP
CRE upregulated	GO:0061024	membrane organization	ENSMUSG00000028789	Azin2	ISS, IEA
CRE upregulated	GO:0061024	membrane organization	ENSMUSG00000019461	Plscr3	IBA, IEA
CRE upregulated	GO:0061024	membrane organization	ENSMUSG00000039232	Stx11	IEA
CRE upregulated	GO:0061024	membrane organization	ENSMUSG00000028063	Lmna	IGI, ISS, IBA, IEA
CRE upregulated	GO:0061024	membrane organization	ENSMUSG00000025809	Itgb1	ISO
CRE upregulated	GO:0061024	membrane organization	ENSMUSG00000015243	Abca1	IMP, IEA
CRE upregulated	GO:0061024	membrane organization	ENSMUSG00000013089	Etv5	IMP
CRE upregulated	GO:0061024	membrane organization	ENSMUSG00000032231	Anxa2	NAS, IEA
CRE upregulated	GO:0061024	membrane organization	ENSMUSG00000037062	Sh3glb1	IBA, IEA
CRE upregulated	GO:0061024	membrane organization	ENSMUSG00000034247	Plekhm1	ISS, IEA
CRE upregulated	GO:0061024	membrane organization	ENSMUSG00000033039	Micall1	ISS, IEA
CRE upregulated	GO:0061024	membrane organization	ENSMUSG00000001847	Rac1	IDA, IMP, IGI, IBA, IEA
CRE upregulated	GO:0061024	membrane organization	ENSMUSG00000042121	Ssh1	ISO, IEA
CRE upregulated	GO:0061024	membrane organization	ENSMUSG00000026317	Cln8	IMP
CRE upregulated	GO:0061024	membrane organization	ENSMUSG00000028145	Them4	ISS, IEA
CRE upregulated	GO:0061024	membrane organization	ENSMUSG00000027455	Nsfl1c	ISO, IBA
CRE upregulated	GO:0061024	membrane organization	ENSMUSG00000015316	Slamf1	IMP
CRE upregulated	GO:0061024	membrane organization	ENSMUSG00000022346	Myc	ISO
CRE upregulated	GO:0061024	membrane organization	ENSMUSG00000004040	ENSMUSG00000004040	ISO
CRE upregulated	GO:0061024	membrane organization	ENSMUSG00000047554	Tmem41b	IEA
CRE upregulated	GO:0061024	membrane organization	ENSMUSG00000033769	Exoc6b	NAS
CRE upregulated	GO:0061024	membrane organization	ENSMUSG00000033545	Znrf1	IEA
CRE upregulated	GO:0061024	membrane organization	ENSMUSG00000025793	ENSMUSG00000025793	IEA
CRE upregulated	GO:0061024	membrane organization	ENSMUSG00000029071	ENSMUSG00000029071	IMP
CRE upregulated	GO:0061024	membrane organization	ENSMUSG00000064210	ENSMUSG00000064210	IDA, IMP, IBA, IEA
CRE upregulated	GO:0061024	membrane organization	ENSMUSG00000029175	Slc35f6	ISS, IEA
CRE upregulated	GO:0061024	membrane organization	ENSMUSG00000040640	ENSMUSG00000040640	IDA, IMP
CRE upregulated	GO:0061024	membrane organization	ENSMUSG00000022353	ENSMUSG00000022353	IEA
CRE upregulated	GO:0061024	membrane organization	ENSMUSG00000004530	ENSMUSG00000004530	ISS, IEA
CRE upregulated	GO:0061024	membrane organization	ENSMUSG00000025366	ENSMUSG00000025366	ISS, IEA
CRE upregulated	GO:0061024	membrane organization	ENSMUSG00000027465	Tbc1d20	IEA
CRE upregulated	GO:0061024	membrane organization	ENSMUSG00000000001	ENSMUSG00000000001	ISO
CRE upregulated	GO:0061024	membrane organization	ENSMUSG00000038467	ENSMUSG00000038467	ISS, ISO, IBA, NAS, IEA
CRE upregulated	GO:0061024	membrane organization	ENSMUSG00000004270	ENSMUSG00000004270	IMP
CRE upregulated	GO:0061024	membrane organization	ENSMUSG00000039671	ENSMUSG00000039671	ISO, IEA
CRE upregulated	GO:0061024	membrane organization	ENSMUSG00000061244	ENSMUSG00000061244	NAS
CRE upregulated	GO:0061024	membrane organization	ENSMUSG00000056050	ENSMUSG00000056050	IEA
CRE upregulated	GO:0061024	membrane organization	ENSMUSG00000049550	ENSMUSG00000049550	IMP
CRE upregulated	GO:0061024	membrane organization	ENSMUSG00000034006	ENSMUSG00000034006	IBA
CRE upregulated	GO:0061024	membrane organization	ENSMUSG00000019998	ENSMUSG00000019998	IEA
CRE upregulated	GO:0061024	membrane organization	ENSMUSG00000003541	ENSMUSG00000003541	IDA
CRE upregulated	GO:0030336	negative regulation of cell migration	ENSMUSG00000036390	Gadd45a	IMP, IEA
CRE upregulated	GO:0030336	negative regulation of cell migration	ENSMUSG00000020427	Igfbp3	IEA
CRE upregulated	GO:0030336	negative regulation of cell migration	ENSMUSG00000002250	Ppard	ISO
CRE upregulated	GO:0030336	negative regulation of cell migration	ENSMUSG00000027540	Ptpn1	IEA
CRE upregulated	GO:0030336	negative regulation of cell migration	ENSMUSG00000043895	S1pr2	ISO
CRE upregulated	GO:0030336	negative regulation of cell migration	ENSMUSG00000022607	Ptk2	ISO
CRE upregulated	GO:0030336	negative regulation of cell migration	ENSMUSG00000046854	Pip5kl1	IEA
CRE upregulated	GO:0030336	negative regulation of cell migration	ENSMUSG00000001847	Rac1	IEA
CRE upregulated	GO:0030336	negative regulation of cell migration	ENSMUSG00000036057	Ptpn23	IEA
CRE upregulated	GO:0030336	negative regulation of cell migration	ENSMUSG00000004040	ENSMUSG00000004040	IGI
CRE upregulated	GO:0030336	negative regulation of cell migration	ENSMUSG00000024190	Dusp1	IEA
CRE upregulated	GO:0030336	negative regulation of cell migration	ENSMUSG00000035236	Scai	IGI, IEA
CRE upregulated	GO:0030336	negative regulation of cell migration	ENSMUSG00000036894	Rap2b	IDA, IBA, IEA
CRE upregulated	GO:0030336	negative regulation of cell migration	ENSMUSG00000025340	Rabgef1	IMP
CRE upregulated	GO:0030336	negative regulation of cell migration	ENSMUSG00000004530	ENSMUSG00000004530	IEA
CRE upregulated	GO:0030336	negative regulation of cell migration	ENSMUSG00000039985	Sinhcaf	ISS, IBA, NAS, IEA
CRE upregulated	GO:0030336	negative regulation of cell migration	ENSMUSG00000025351	Cd63	ISO
CRE upregulated	GO:0030336	negative regulation of cell migration	ENSMUSG00000021796	Bmpr1a	IEA
CRE upregulated	GO:0030336	negative regulation of cell migration	ENSMUSG00000001552	ENSMUSG00000001552	IEA
CRE upregulated	GO:0030336	negative regulation of cell migration	ENSMUSG00000002633	Shh	IDA
CRE upregulated	GO:0030336	negative regulation of cell migration	ENSMUSG00000039671	ENSMUSG00000039671	IEA
CRE upregulated	GO:0030336	negative regulation of cell migration	ENSMUSG00000056050	ENSMUSG00000056050	IEA
CRE upregulated	GO:0030336	negative regulation of cell migration	ENSMUSG00000037411	Serpine1	IEA
CRE upregulated	GO:0030336	negative regulation of cell migration	ENSMUSG00000032501	Trib1	IEA
CRE upregulated	GO:0030336	negative regulation of cell migration	ENSMUSG00000036667	ENSMUSG00000036667	IEA
CRE upregulated	GO:0030336	negative regulation of cell migration	ENSMUSG00000015839	Nfe2l2	ISO, IEA
CRE upregulated	GO:0030336	negative regulation of cell migration	ENSMUSG00000053797	ENSMUSG00000053797	IEA
CRE upregulated	GO:0010562	positive regulation of phosphorus metabolic process	ENSMUSG00000025089	Gfra1	ISO, IEA
CRE upregulated	GO:0010562	positive regulation of phosphorus metabolic process	ENSMUSG00000030272	Camk1	ISS
CRE upregulated	GO:0010562	positive regulation of phosphorus metabolic process	ENSMUSG00000029378	Areg	IDA, ISO, IEA
CRE upregulated	GO:0010562	positive regulation of phosphorus metabolic process	ENSMUSG00000005087	Cd44	IEA
CRE upregulated	GO:0010562	positive regulation of phosphorus metabolic process	ENSMUSG00000026836	Acvr1	IEA
CRE upregulated	GO:0010562	positive regulation of phosphorus metabolic process	ENSMUSG00000048482	Bdnf	IMP, ISO, IEA
CRE upregulated	GO:0010562	positive regulation of phosphorus metabolic process	ENSMUSG00000024256	Adcyap1	ISS
CRE upregulated	GO:0010562	positive regulation of phosphorus metabolic process	ENSMUSG00000027540	Ptpn1	IMP
CRE upregulated	GO:0010562	positive regulation of phosphorus metabolic process	ENSMUSG00000043895	S1pr2	IMP, IEA
CRE upregulated	GO:0010562	positive regulation of phosphorus metabolic process	ENSMUSG00000025809	Itgb1	ISO
CRE upregulated	GO:0010562	positive regulation of phosphorus metabolic process	ENSMUSG00000025746	Il6	ISO
CRE upregulated	GO:0010562	positive regulation of phosphorus metabolic process	ENSMUSG00000032231	Anxa2	ISO
CRE upregulated	GO:0010562	positive regulation of phosphorus metabolic process	ENSMUSG00000022607	Ptk2	ISS
CRE upregulated	GO:0010562	positive regulation of phosphorus metabolic process	ENSMUSG00000055994	Nod2	IMP
CRE upregulated	GO:0010562	positive regulation of phosphorus metabolic process	ENSMUSG00000027293	Ehd4	ISO, IEA
CRE upregulated	GO:0010562	positive regulation of phosphorus metabolic process	ENSMUSG00000040435	Ppp1r15a	IDA, ISO
CRE upregulated	GO:0010562	positive regulation of phosphorus metabolic process	ENSMUSG00000001847	Rac1	ISS
CRE upregulated	GO:0010562	positive regulation of phosphorus metabolic process	ENSMUSG00000018909	Arrb1	IMP, ISS, ISO
CRE upregulated	GO:0010562	positive regulation of phosphorus metabolic process	ENSMUSG00000033955	Tnks1bp1	IEA
CRE upregulated	GO:0010562	positive regulation of phosphorus metabolic process	ENSMUSG00000057531	Dtnbp1	ISO
CRE upregulated	GO:0010562	positive regulation of phosphorus metabolic process	ENSMUSG00000015837	Sqstm1	ISO
CRE upregulated	GO:0010562	positive regulation of phosphorus metabolic process	ENSMUSG00000022346	Myc	ISO
CRE upregulated	GO:0010562	positive regulation of phosphorus metabolic process	ENSMUSG00000027954	Efna1	IEA
CRE upregulated	GO:0010562	positive regulation of phosphorus metabolic process	ENSMUSG00000024789	Jak2	IDA
CRE upregulated	GO:0010562	positive regulation of phosphorus metabolic process	ENSMUSG00000004040	ENSMUSG00000004040	ISO
CRE upregulated	GO:0010562	positive regulation of phosphorus metabolic process	ENSMUSG00000029071	ENSMUSG00000029071	IDA
CRE upregulated	GO:0010562	positive regulation of phosphorus metabolic process	ENSMUSG00000036894	Rap2b	IDA, IEA
CRE upregulated	GO:0010562	positive regulation of phosphorus metabolic process	ENSMUSG00000010660	Plcd1	ISO
CRE upregulated	GO:0010562	positive regulation of phosphorus metabolic process	ENSMUSG00000032599	ENSMUSG00000032599	IMP
CRE upregulated	GO:0010562	positive regulation of phosphorus metabolic process	ENSMUSG00000020349	ENSMUSG00000020349	ISO
CRE upregulated	GO:0010562	positive regulation of phosphorus metabolic process	ENSMUSG00000000787	ENSMUSG00000000787	ISS
CRE upregulated	GO:0010562	positive regulation of phosphorus metabolic process	ENSMUSG00000038676	Ucn	ISO
CRE upregulated	GO:0010562	positive regulation of phosphorus metabolic process	ENSMUSG00000027944	Hax1	IEA
CRE upregulated	GO:0010562	positive regulation of phosphorus metabolic process	ENSMUSG00000019843	ENSMUSG00000019843	IMP
CRE upregulated	GO:0010562	positive regulation of phosphorus metabolic process	ENSMUSG00000027646	ENSMUSG00000027646	IDA, IGI, ISO, IEA
CRE upregulated	GO:0010562	positive regulation of phosphorus metabolic process	ENSMUSG00000055067	ENSMUSG00000055067	IMP
CRE upregulated	GO:0010562	positive regulation of phosphorus metabolic process	ENSMUSG00000031073	Fgf15	IEA
CRE upregulated	GO:0045937	positive regulation of phosphate metabolic process	ENSMUSG00000025089	Gfra1	ISO, IEA
CRE upregulated	GO:0045937	positive regulation of phosphate metabolic process	ENSMUSG00000030272	Camk1	ISS
CRE upregulated	GO:0045937	positive regulation of phosphate metabolic process	ENSMUSG00000029378	Areg	IDA, ISO, IEA
CRE upregulated	GO:0045937	positive regulation of phosphate metabolic process	ENSMUSG00000005087	Cd44	IEA
CRE upregulated	GO:0045937	positive regulation of phosphate metabolic process	ENSMUSG00000026836	Acvr1	IEA
CRE upregulated	GO:0045937	positive regulation of phosphate metabolic process	ENSMUSG00000048482	Bdnf	IMP, ISO, IEA
CRE upregulated	GO:0045937	positive regulation of phosphate metabolic process	ENSMUSG00000024256	Adcyap1	ISS
CRE upregulated	GO:0045937	positive regulation of phosphate metabolic process	ENSMUSG00000027540	Ptpn1	IMP
CRE upregulated	GO:0045937	positive regulation of phosphate metabolic process	ENSMUSG00000043895	S1pr2	IMP, IEA
CRE upregulated	GO:0045937	positive regulation of phosphate metabolic process	ENSMUSG00000025809	Itgb1	ISO
CRE upregulated	GO:0045937	positive regulation of phosphate metabolic process	ENSMUSG00000025746	Il6	ISO
CRE upregulated	GO:0045937	positive regulation of phosphate metabolic process	ENSMUSG00000032231	Anxa2	ISO
CRE upregulated	GO:0045937	positive regulation of phosphate metabolic process	ENSMUSG00000022607	Ptk2	ISS
CRE upregulated	GO:0045937	positive regulation of phosphate metabolic process	ENSMUSG00000055994	Nod2	IMP
CRE upregulated	GO:0045937	positive regulation of phosphate metabolic process	ENSMUSG00000027293	Ehd4	ISO, IEA
CRE upregulated	GO:0045937	positive regulation of phosphate metabolic process	ENSMUSG00000040435	Ppp1r15a	IDA, ISO
CRE upregulated	GO:0045937	positive regulation of phosphate metabolic process	ENSMUSG00000001847	Rac1	ISS
CRE upregulated	GO:0045937	positive regulation of phosphate metabolic process	ENSMUSG00000018909	Arrb1	IMP, ISS, ISO
CRE upregulated	GO:0045937	positive regulation of phosphate metabolic process	ENSMUSG00000033955	Tnks1bp1	IEA
CRE upregulated	GO:0045937	positive regulation of phosphate metabolic process	ENSMUSG00000057531	Dtnbp1	ISO
CRE upregulated	GO:0045937	positive regulation of phosphate metabolic process	ENSMUSG00000015837	Sqstm1	ISO
CRE upregulated	GO:0045937	positive regulation of phosphate metabolic process	ENSMUSG00000022346	Myc	ISO
CRE upregulated	GO:0045937	positive regulation of phosphate metabolic process	ENSMUSG00000027954	Efna1	IEA
CRE upregulated	GO:0045937	positive regulation of phosphate metabolic process	ENSMUSG00000024789	Jak2	IDA
CRE upregulated	GO:0045937	positive regulation of phosphate metabolic process	ENSMUSG00000004040	ENSMUSG00000004040	ISO
CRE upregulated	GO:0045937	positive regulation of phosphate metabolic process	ENSMUSG00000029071	ENSMUSG00000029071	IDA
CRE upregulated	GO:0045937	positive regulation of phosphate metabolic process	ENSMUSG00000036894	Rap2b	IDA, IEA
CRE upregulated	GO:0045937	positive regulation of phosphate metabolic process	ENSMUSG00000010660	Plcd1	ISO
CRE upregulated	GO:0045937	positive regulation of phosphate metabolic process	ENSMUSG00000032599	ENSMUSG00000032599	IMP
CRE upregulated	GO:0045937	positive regulation of phosphate metabolic process	ENSMUSG00000020349	ENSMUSG00000020349	ISO
CRE upregulated	GO:0045937	positive regulation of phosphate metabolic process	ENSMUSG00000000787	ENSMUSG00000000787	ISS
CRE upregulated	GO:0045937	positive regulation of phosphate metabolic process	ENSMUSG00000038676	Ucn	ISO
CRE upregulated	GO:0045937	positive regulation of phosphate metabolic process	ENSMUSG00000027944	Hax1	IEA
CRE upregulated	GO:0045937	positive regulation of phosphate metabolic process	ENSMUSG00000019843	ENSMUSG00000019843	IMP
CRE upregulated	GO:0045937	positive regulation of phosphate metabolic process	ENSMUSG00000027646	ENSMUSG00000027646	IDA, IGI, ISO, IEA
CRE upregulated	GO:0045937	positive regulation of phosphate metabolic process	ENSMUSG00000055067	ENSMUSG00000055067	IMP
CRE upregulated	GO:0045937	positive regulation of phosphate metabolic process	ENSMUSG00000031073	Fgf15	IEA
CRE upregulated	GO:0009790	embryo development	ENSMUSG00000051379	Flrt3	IMP
CRE upregulated	GO:0009790	embryo development	ENSMUSG00000063632	Sox11	IMP
CRE upregulated	GO:0009790	embryo development	ENSMUSG00000022895	Ets2	IMP, IGI
CRE upregulated	GO:0009790	embryo development	ENSMUSG00000025348	Itga7	IEA
CRE upregulated	GO:0009790	embryo development	ENSMUSG00000040151	Hs2st1	IMP
CRE upregulated	GO:0009790	embryo development	ENSMUSG00000037705	Tecta	IGI
CRE upregulated	GO:0009790	embryo development	ENSMUSG00000023067	Cdkn1a	IGI
CRE upregulated	GO:0009790	embryo development	ENSMUSG00000028226	Mmp16	IGI
CRE upregulated	GO:0009790	embryo development	ENSMUSG00000004846	Plod3	IMP
CRE upregulated	GO:0009790	embryo development	ENSMUSG00000031681	Smad1	IGI, ISS
CRE upregulated	GO:0009790	embryo development	ENSMUSG00000026836	Acvr1	IMP, IEA
CRE upregulated	GO:0009790	embryo development	ENSMUSG00000068566	Myadm	IBA, IEA
CRE upregulated	GO:0009790	embryo development	ENSMUSG00000018736	Ndel1	IMP
CRE upregulated	GO:0009790	embryo development	ENSMUSG00000027198	Ext2	IMP
CRE upregulated	GO:0009790	embryo development	ENSMUSG00000037568	Vash2	IMP
CRE upregulated	GO:0009790	embryo development	ENSMUSG00000025337	Sbds	IMP
CRE upregulated	GO:0009790	embryo development	ENSMUSG00000045136	Tubb2b	IMP
CRE upregulated	GO:0009790	embryo development	ENSMUSG00000029201	Ugdh	IMP
CRE upregulated	GO:0009790	embryo development	ENSMUSG00000026675	Hsd17b7	IMP
CRE upregulated	GO:0009790	embryo development	ENSMUSG00000026254	Eif4e2	IMP
CRE upregulated	GO:0009790	embryo development	ENSMUSG00000025809	Itgb1	IMP, IEA
CRE upregulated	GO:0009790	embryo development	ENSMUSG00000040025	Ythdf2	ISS
CRE upregulated	GO:0009790	embryo development	ENSMUSG00000059923	Grb2	IMP
CRE upregulated	GO:0009790	embryo development	ENSMUSG00000042406	Atf4	IMP
CRE upregulated	GO:0009790	embryo development	ENSMUSG00000017929	B4galt5	IMP
CRE upregulated	GO:0009790	embryo development	ENSMUSG00000001507	Itga3	IEA
CRE upregulated	GO:0009790	embryo development	ENSMUSG00000031628	Casp3	IMP
CRE upregulated	GO:0009790	embryo development	ENSMUSG00000032078	Zpr1	IMP
CRE upregulated	GO:0009790	embryo development	ENSMUSG00000001847	Rac1	IMP
CRE upregulated	GO:0009790	embryo development	ENSMUSG00000054008	Ndst1	IMP
CRE upregulated	GO:0009790	embryo development	ENSMUSG00000029131	Dnajb6	IMP
CRE upregulated	GO:0009790	embryo development	ENSMUSG00000023087	Noct	IMP
CRE upregulated	GO:0009790	embryo development	ENSMUSG00000029765	Plxna4	IMP, IGI
CRE upregulated	GO:0009790	embryo development	ENSMUSG00000022346	Myc	IMP
CRE upregulated	GO:0009790	embryo development	ENSMUSG00000053113	Socs3	IMP
CRE upregulated	GO:0009790	embryo development	ENSMUSG00000027954	Efna1	IGI
CRE upregulated	GO:0009790	embryo development	ENSMUSG00000021209	ENSMUSG00000021209	IMP
CRE upregulated	GO:0009790	embryo development	ENSMUSG00000024190	Dusp1	IBA, IEA
CRE upregulated	GO:0009790	embryo development	ENSMUSG00000030029	Lrig1	IGI
CRE upregulated	GO:0009790	embryo development	ENSMUSG00000019188	ENSMUSG00000019188	IMP
CRE upregulated	GO:0009790	embryo development	ENSMUSG00000024912	Fosl1	IMP
CRE upregulated	GO:0009790	embryo development	ENSMUSG00000038591	Colec10	NAS
CRE upregulated	GO:0009790	embryo development	ENSMUSG00000024238	Zeb1	IMP, IGI
CRE upregulated	GO:0009790	embryo development	ENSMUSG00000024947	Men1	IMP
CRE upregulated	GO:0009790	embryo development	ENSMUSG00000029071	ENSMUSG00000029071	IGI, IEA
CRE upregulated	GO:0009790	embryo development	ENSMUSG00000024335	Brd2	IMP
CRE upregulated	GO:0009790	embryo development	ENSMUSG00000025485	ENSMUSG00000025485	IMP
CRE upregulated	GO:0009790	embryo development	ENSMUSG00000010660	Plcd1	IGI
CRE upregulated	GO:0009790	embryo development	ENSMUSG00000031278	ENSMUSG00000031278	IMP
CRE upregulated	GO:0009790	embryo development	ENSMUSG00000036180	ENSMUSG00000036180	IMP
CRE upregulated	GO:0009790	embryo development	ENSMUSG00000052837	ENSMUSG00000052837	IDA, IMP
CRE upregulated	GO:0009790	embryo development	ENSMUSG00000021796	Bmpr1a	IMP, IGI
CRE upregulated	GO:0009790	embryo development	ENSMUSG00000024750	ENSMUSG00000024750	IMP
CRE upregulated	GO:0009790	embryo development	ENSMUSG00000020250	ENSMUSG00000020250	IMP
CRE upregulated	GO:0009790	embryo development	ENSMUSG00000039191	Rbpj	IMP, TAS
CRE upregulated	GO:0009790	embryo development	ENSMUSG00000022858	ENSMUSG00000022858	IMP
CRE upregulated	GO:0009790	embryo development	ENSMUSG00000008859	ENSMUSG00000008859	IMP
CRE upregulated	GO:0009790	embryo development	ENSMUSG00000008730	Hipk1	IMP
CRE upregulated	GO:0009790	embryo development	ENSMUSG00000066595	ENSMUSG00000066595	IMP
CRE upregulated	GO:0009790	embryo development	ENSMUSG00000042185	ENSMUSG00000042185	IMP
CRE upregulated	GO:0009790	embryo development	ENSMUSG00000026864	ENSMUSG00000026864	TAS
CRE upregulated	GO:0009790	embryo development	ENSMUSG00000002633	Shh	IDA, IMP, IGI, ISO, TAS, IEA
CRE upregulated	GO:0009790	embryo development	ENSMUSG00000032462	ENSMUSG00000032462	IMP
CRE upregulated	GO:0009790	embryo development	ENSMUSG00000028291	ENSMUSG00000028291	IMP
CRE upregulated	GO:0009790	embryo development	ENSMUSG00000024613	ENSMUSG00000024613	ISS, IEA
CRE upregulated	GO:0009790	embryo development	ENSMUSG00000015839	Nfe2l2	IGI
CRE upregulated	GO:0009790	embryo development	ENSMUSG00000074656	Eif2s2	IMP
CRE upregulated	GO:0009790	embryo development	ENSMUSG00000034390	ENSMUSG00000034390	IMP
CRE upregulated	GO:0009790	embryo development	ENSMUSG00000029475	ENSMUSG00000029475	IMP
CRE upregulated	GO:0001934	positive regulation of protein phosphorylation	ENSMUSG00000025089	Gfra1	ISO, IEA
CRE upregulated	GO:0001934	positive regulation of protein phosphorylation	ENSMUSG00000030272	Camk1	ISS
CRE upregulated	GO:0001934	positive regulation of protein phosphorylation	ENSMUSG00000029378	Areg	IDA
CRE upregulated	GO:0001934	positive regulation of protein phosphorylation	ENSMUSG00000005087	Cd44	IEA
CRE upregulated	GO:0001934	positive regulation of protein phosphorylation	ENSMUSG00000026836	Acvr1	IEA
CRE upregulated	GO:0001934	positive regulation of protein phosphorylation	ENSMUSG00000048482	Bdnf	IMP, ISO, IEA
CRE upregulated	GO:0001934	positive regulation of protein phosphorylation	ENSMUSG00000024256	Adcyap1	ISS
CRE upregulated	GO:0001934	positive regulation of protein phosphorylation	ENSMUSG00000027540	Ptpn1	IMP
CRE upregulated	GO:0001934	positive regulation of protein phosphorylation	ENSMUSG00000043895	S1pr2	IMP, IEA
CRE upregulated	GO:0001934	positive regulation of protein phosphorylation	ENSMUSG00000025809	Itgb1	ISO
CRE upregulated	GO:0001934	positive regulation of protein phosphorylation	ENSMUSG00000025746	Il6	ISO
CRE upregulated	GO:0001934	positive regulation of protein phosphorylation	ENSMUSG00000032231	Anxa2	ISO
CRE upregulated	GO:0001934	positive regulation of protein phosphorylation	ENSMUSG00000022607	Ptk2	ISS
CRE upregulated	GO:0001934	positive regulation of protein phosphorylation	ENSMUSG00000055994	Nod2	IMP
CRE upregulated	GO:0001934	positive regulation of protein phosphorylation	ENSMUSG00000027293	Ehd4	ISO, IEA
CRE upregulated	GO:0001934	positive regulation of protein phosphorylation	ENSMUSG00000040435	Ppp1r15a	IDA, ISO
CRE upregulated	GO:0001934	positive regulation of protein phosphorylation	ENSMUSG00000001847	Rac1	ISS
CRE upregulated	GO:0001934	positive regulation of protein phosphorylation	ENSMUSG00000018909	Arrb1	IMP, ISS, ISO
CRE upregulated	GO:0001934	positive regulation of protein phosphorylation	ENSMUSG00000033955	Tnks1bp1	IEA
CRE upregulated	GO:0001934	positive regulation of protein phosphorylation	ENSMUSG00000057531	Dtnbp1	ISO
CRE upregulated	GO:0001934	positive regulation of protein phosphorylation	ENSMUSG00000015837	Sqstm1	ISO
CRE upregulated	GO:0001934	positive regulation of protein phosphorylation	ENSMUSG00000027954	Efna1	IEA
CRE upregulated	GO:0001934	positive regulation of protein phosphorylation	ENSMUSG00000024789	Jak2	IDA
CRE upregulated	GO:0001934	positive regulation of protein phosphorylation	ENSMUSG00000029071	ENSMUSG00000029071	IDA
CRE upregulated	GO:0001934	positive regulation of protein phosphorylation	ENSMUSG00000036894	Rap2b	IDA, IEA
CRE upregulated	GO:0001934	positive regulation of protein phosphorylation	ENSMUSG00000032599	ENSMUSG00000032599	IMP
CRE upregulated	GO:0001934	positive regulation of protein phosphorylation	ENSMUSG00000000787	ENSMUSG00000000787	ISS
CRE upregulated	GO:0001934	positive regulation of protein phosphorylation	ENSMUSG00000038676	Ucn	ISO
CRE upregulated	GO:0001934	positive regulation of protein phosphorylation	ENSMUSG00000027944	Hax1	IEA
CRE upregulated	GO:0001934	positive regulation of protein phosphorylation	ENSMUSG00000019843	ENSMUSG00000019843	IMP
CRE upregulated	GO:0001934	positive regulation of protein phosphorylation	ENSMUSG00000027646	ENSMUSG00000027646	IGI, ISO, IEA
CRE upregulated	GO:0001934	positive regulation of protein phosphorylation	ENSMUSG00000055067	ENSMUSG00000055067	IMP
CRE upregulated	GO:0001934	positive regulation of protein phosphorylation	ENSMUSG00000031073	Fgf15	IEA
CRE upregulated	GO:0035239	tube morphogenesis	ENSMUSG00000036390	Gadd45a	IMP
CRE upregulated	GO:0035239	tube morphogenesis	ENSMUSG00000052684	Jun	IMP, ISO
CRE upregulated	GO:0035239	tube morphogenesis	ENSMUSG00000063632	Sox11	IMP
CRE upregulated	GO:0035239	tube morphogenesis	ENSMUSG00000019647	Sema6a	IEA
CRE upregulated	GO:0035239	tube morphogenesis	ENSMUSG00000004951	Hspb1	IEA
CRE upregulated	GO:0035239	tube morphogenesis	ENSMUSG00000025473	Adam8	IDA
CRE upregulated	GO:0035239	tube morphogenesis	ENSMUSG00000023905	Tnfrsf12a	IDA, IEA
CRE upregulated	GO:0035239	tube morphogenesis	ENSMUSG00000040151	Hs2st1	IMP
CRE upregulated	GO:0035239	tube morphogenesis	ENSMUSG00000014599	Csf1	IMP
CRE upregulated	GO:0035239	tube morphogenesis	ENSMUSG00000038650	Rnh1	IBA, IEA
CRE upregulated	GO:0035239	tube morphogenesis	ENSMUSG00000031681	Smad1	IEA
CRE upregulated	GO:0035239	tube morphogenesis	ENSMUSG00000029378	Areg	IMP
CRE upregulated	GO:0035239	tube morphogenesis	ENSMUSG00000026836	Acvr1	IMP, IEA
CRE upregulated	GO:0035239	tube morphogenesis	ENSMUSG00000037568	Vash2	IMP, ISO, IBA, IEA
CRE upregulated	GO:0035239	tube morphogenesis	ENSMUSG00000063506	Arhgap22	IEA
CRE upregulated	GO:0035239	tube morphogenesis	ENSMUSG00000053436	Mapk14	IMP
CRE upregulated	GO:0035239	tube morphogenesis	ENSMUSG00000025809	Itgb1	IMP, IEA
CRE upregulated	GO:0035239	tube morphogenesis	ENSMUSG00000013089	Etv5	IDA
CRE upregulated	GO:0035239	tube morphogenesis	ENSMUSG00000032231	Anxa2	IMP, IEA
CRE upregulated	GO:0035239	tube morphogenesis	ENSMUSG00000022607	Ptk2	IMP, IEA
CRE upregulated	GO:0035239	tube morphogenesis	ENSMUSG00000020580	Rock2	IEA
CRE upregulated	GO:0035239	tube morphogenesis	ENSMUSG00000031628	Casp3	IMP
CRE upregulated	GO:0035239	tube morphogenesis	ENSMUSG00000040435	Ppp1r15a	ISO
CRE upregulated	GO:0035239	tube morphogenesis	ENSMUSG00000022346	Myc	IMP
CRE upregulated	GO:0035239	tube morphogenesis	ENSMUSG00000036478	Btg1	ISS, IEA
CRE upregulated	GO:0035239	tube morphogenesis	ENSMUSG00000027954	Efna1	IDA, IEA
CRE upregulated	GO:0035239	tube morphogenesis	ENSMUSG00000004040	ENSMUSG00000004040	IDA
CRE upregulated	GO:0035239	tube morphogenesis	ENSMUSG00000054136	Adm2	ISO, IEA
CRE upregulated	GO:0035239	tube morphogenesis	ENSMUSG00000024927	Rela	IEA
CRE upregulated	GO:0035239	tube morphogenesis	ENSMUSG00000025793	ENSMUSG00000025793	IEA
CRE upregulated	GO:0035239	tube morphogenesis	ENSMUSG00000024238	Zeb1	IMP
CRE upregulated	GO:0035239	tube morphogenesis	ENSMUSG00000026078	Pdcl3	IMP, ISO, IBA, IEA
CRE upregulated	GO:0035239	tube morphogenesis	ENSMUSG00000029071	ENSMUSG00000029071	IGI
CRE upregulated	GO:0035239	tube morphogenesis	ENSMUSG00000037514	Pank2	IEA
CRE upregulated	GO:0035239	tube morphogenesis	ENSMUSG00000024335	Brd2	IMP
CRE upregulated	GO:0035239	tube morphogenesis	ENSMUSG00000010660	Plcd1	IGI
CRE upregulated	GO:0035239	tube morphogenesis	ENSMUSG00000031668	ENSMUSG00000031668	IEA
CRE upregulated	GO:0035239	tube morphogenesis	ENSMUSG00000068739	ENSMUSG00000068739	ISS, IEA
CRE upregulated	GO:0035239	tube morphogenesis	ENSMUSG00000003154	Foxj2	IEA
CRE upregulated	GO:0035239	tube morphogenesis	ENSMUSG00000036180	ENSMUSG00000036180	IMP
CRE upregulated	GO:0035239	tube morphogenesis	ENSMUSG00000052837	ENSMUSG00000052837	IMP
CRE upregulated	GO:0035239	tube morphogenesis	ENSMUSG00000021796	Bmpr1a	IMP, IEA
CRE upregulated	GO:0035239	tube morphogenesis	ENSMUSG00000039191	Rbpj	IMP, TAS
CRE upregulated	GO:0035239	tube morphogenesis	ENSMUSG00000035725	ENSMUSG00000035725	IMP, ISS, IEA
CRE upregulated	GO:0035239	tube morphogenesis	ENSMUSG00000001552	ENSMUSG00000001552	IEA
CRE upregulated	GO:0035239	tube morphogenesis	ENSMUSG00000008859	ENSMUSG00000008859	IMP
CRE upregulated	GO:0035239	tube morphogenesis	ENSMUSG00000020097	ENSMUSG00000020097	IMP
CRE upregulated	GO:0035239	tube morphogenesis	ENSMUSG00000002633	Shh	IDA, IMP, IGI, ISO, TAS
CRE upregulated	GO:0035239	tube morphogenesis	ENSMUSG00000032462	ENSMUSG00000032462	IMP, IEA
CRE upregulated	GO:0035239	tube morphogenesis	ENSMUSG00000056050	ENSMUSG00000056050	IEA
CRE upregulated	GO:0035239	tube morphogenesis	ENSMUSG00000037411	Serpine1	IEA
CRE upregulated	GO:0035239	tube morphogenesis	ENSMUSG00000027646	ENSMUSG00000027646	IMP
CRE upregulated	GO:0035239	tube morphogenesis	ENSMUSG00000021340	ENSMUSG00000021340	IEA
CRE upregulated	GO:0035239	tube morphogenesis	ENSMUSG00000004698	ENSMUSG00000004698	IEA
CRE upregulated	GO:0035239	tube morphogenesis	ENSMUSG00000015839	Nfe2l2	ISO, IEA
CRE upregulated	GO:0035239	tube morphogenesis	ENSMUSG00000029475	ENSMUSG00000029475	IMP
CRE upregulated	GO:1901701	cellular response to oxygen-containing compound	ENSMUSG00000052684	Jun	IMP, IEP
CRE upregulated	GO:1901701	cellular response to oxygen-containing compound	ENSMUSG00000031574	Star	IEA
CRE upregulated	GO:1901701	cellular response to oxygen-containing compound	ENSMUSG00000024143	Rhoq	IMP, IEA
CRE upregulated	GO:1901701	cellular response to oxygen-containing compound	ENSMUSG00000037447	Arid5a	IMP
CRE upregulated	GO:1901701	cellular response to oxygen-containing compound	ENSMUSG00000030102	Itpr1	IGI, ISO
CRE upregulated	GO:1901701	cellular response to oxygen-containing compound	ENSMUSG00000006304	Arpc2	ISO
CRE upregulated	GO:1901701	cellular response to oxygen-containing compound	ENSMUSG00000027495	Fam210b	ISS, IEA
CRE upregulated	GO:1901701	cellular response to oxygen-containing compound	ENSMUSG00000035673	Sbno2	IDA
CRE upregulated	GO:1901701	cellular response to oxygen-containing compound	ENSMUSG00000018736	Ndel1	IDA
CRE upregulated	GO:1901701	cellular response to oxygen-containing compound	ENSMUSG00000002250	Ppard	ISO
CRE upregulated	GO:1901701	cellular response to oxygen-containing compound	ENSMUSG00000038894	Irs2	IDA, IMP, ISO, IBA, IEA
CRE upregulated	GO:1901701	cellular response to oxygen-containing compound	ENSMUSG00000035828	Pim3	IMP
CRE upregulated	GO:1901701	cellular response to oxygen-containing compound	ENSMUSG00000005069	Pex5	IEA
CRE upregulated	GO:1901701	cellular response to oxygen-containing compound	ENSMUSG00000027540	Ptpn1	IMP, ISO, IEA
CRE upregulated	GO:1901701	cellular response to oxygen-containing compound	ENSMUSG00000019461	Plscr3	IEP
CRE upregulated	GO:1901701	cellular response to oxygen-containing compound	ENSMUSG00000051343	Rab11fip5	IMP
CRE upregulated	GO:1901701	cellular response to oxygen-containing compound	ENSMUSG00000053436	Mapk14	IDA, ISO, IEA
CRE upregulated	GO:1901701	cellular response to oxygen-containing compound	ENSMUSG00000028156	Eif4e	IDA
CRE upregulated	GO:1901701	cellular response to oxygen-containing compound	ENSMUSG00000048490	Nrip1	IBA, IEA
CRE upregulated	GO:1901701	cellular response to oxygen-containing compound	ENSMUSG00000015243	Abca1	IDA, IEA
CRE upregulated	GO:1901701	cellular response to oxygen-containing compound	ENSMUSG00000025746	Il6	IDA, ISO
CRE upregulated	GO:1901701	cellular response to oxygen-containing compound	ENSMUSG00000055994	Nod2	IMP, ISS, IEA
CRE upregulated	GO:1901701	cellular response to oxygen-containing compound	ENSMUSG00000024014	Pim1	IEA
CRE upregulated	GO:1901701	cellular response to oxygen-containing compound	ENSMUSG00000020580	Rock2	IEA
CRE upregulated	GO:1901701	cellular response to oxygen-containing compound	ENSMUSG00000059923	Grb2	IDA, IEA
CRE upregulated	GO:1901701	cellular response to oxygen-containing compound	ENSMUSG00000021996	Esd	IEA
CRE upregulated	GO:1901701	cellular response to oxygen-containing compound	ENSMUSG00000020838	Slc6a4	ISO, IEA
CRE upregulated	GO:1901701	cellular response to oxygen-containing compound	ENSMUSG00000001847	Rac1	IDA, IMP, ISO
CRE upregulated	GO:1901701	cellular response to oxygen-containing compound	ENSMUSG00000042121	Ssh1	ISO, IEA
CRE upregulated	GO:1901701	cellular response to oxygen-containing compound	ENSMUSG00000018909	Arrb1	IMP
CRE upregulated	GO:1901701	cellular response to oxygen-containing compound	ENSMUSG00000057531	Dtnbp1	ISS, ISO, IEA
CRE upregulated	GO:1901701	cellular response to oxygen-containing compound	ENSMUSG00000037580	Gch1	TAS, IEA
CRE upregulated	GO:1901701	cellular response to oxygen-containing compound	ENSMUSG00000031955	Bcar1	ISS, ISO
CRE upregulated	GO:1901701	cellular response to oxygen-containing compound	ENSMUSG00000053113	Socs3	IDA
CRE upregulated	GO:1901701	cellular response to oxygen-containing compound	ENSMUSG00000024789	Jak2	IDA, IMP, ISS, ISO, IBA, IEA
CRE upregulated	GO:1901701	cellular response to oxygen-containing compound	ENSMUSG00000004040	ENSMUSG00000004040	IDA, IBA, IEA
CRE upregulated	GO:1901701	cellular response to oxygen-containing compound	ENSMUSG00000020027	Socs2	IMP, IEA
CRE upregulated	GO:1901701	cellular response to oxygen-containing compound	ENSMUSG00000004347	ENSMUSG00000004347	ISO
CRE upregulated	GO:1901701	cellular response to oxygen-containing compound	ENSMUSG00000059866	Tnip2	IMP, IBA
CRE upregulated	GO:1901701	cellular response to oxygen-containing compound	ENSMUSG00000059316	Slc27a4	IMP, IEA
CRE upregulated	GO:1901701	cellular response to oxygen-containing compound	ENSMUSG00000024803	Ankrd1	IDA, IEA
CRE upregulated	GO:1901701	cellular response to oxygen-containing compound	ENSMUSG00000024927	Rela	IEP, ISS, ISO, IBA, IEA
CRE upregulated	GO:1901701	cellular response to oxygen-containing compound	ENSMUSG00000028893	Sesn2	IBA, IEA
CRE upregulated	GO:1901701	cellular response to oxygen-containing compound	ENSMUSG00000032715	Trib3	IDA
CRE upregulated	GO:1901701	cellular response to oxygen-containing compound	ENSMUSG00000035594	Chrna5	IBA
CRE upregulated	GO:1901701	cellular response to oxygen-containing compound	ENSMUSG00000026074	Map4k4	IEA
CRE upregulated	GO:1901701	cellular response to oxygen-containing compound	ENSMUSG00000040365	Trim41	ISS, IEA
CRE upregulated	GO:1901701	cellular response to oxygen-containing compound	ENSMUSG00000066441	ENSMUSG00000066441	IDA, IEA
CRE upregulated	GO:1901701	cellular response to oxygen-containing compound	ENSMUSG00000032599	ENSMUSG00000032599	ISS, IEA
CRE upregulated	GO:1901701	cellular response to oxygen-containing compound	ENSMUSG00000037815	Ctnna1	IEA
CRE upregulated	GO:1901701	cellular response to oxygen-containing compound	ENSMUSG00000040118	ENSMUSG00000040118	IEA
CRE upregulated	GO:1901701	cellular response to oxygen-containing compound	ENSMUSG00000028599	Tnfrsf1b	IEA
CRE upregulated	GO:1901701	cellular response to oxygen-containing compound	ENSMUSG00000011877	Git1	IMP
CRE upregulated	GO:1901701	cellular response to oxygen-containing compound	ENSMUSG00000029110	ENSMUSG00000029110	ISO
CRE upregulated	GO:1901701	cellular response to oxygen-containing compound	ENSMUSG00000000001	ENSMUSG00000000001	IBA
CRE upregulated	GO:1901701	cellular response to oxygen-containing compound	ENSMUSG00000019256	ENSMUSG00000019256	IEA
CRE upregulated	GO:1901701	cellular response to oxygen-containing compound	ENSMUSG00000001552	ENSMUSG00000001552	IEA
CRE upregulated	GO:1901701	cellular response to oxygen-containing compound	ENSMUSG00000040010	Slc7a5	IEA
CRE upregulated	GO:1901701	cellular response to oxygen-containing compound	ENSMUSG00000020671	ENSMUSG00000020671	IMP, IEA
CRE upregulated	GO:1901701	cellular response to oxygen-containing compound	ENSMUSG00000004099	ENSMUSG00000004099	IDA
CRE upregulated	GO:1901701	cellular response to oxygen-containing compound	ENSMUSG00000022858	ENSMUSG00000022858	IEA
CRE upregulated	GO:1901701	cellular response to oxygen-containing compound	ENSMUSG00000022094	ENSMUSG00000022094	IDA, IMP
CRE upregulated	GO:1901701	cellular response to oxygen-containing compound	ENSMUSG00000052681	Rap1b	ISS, IBA, IEA
CRE upregulated	GO:1901701	cellular response to oxygen-containing compound	ENSMUSG00000032508	Myd88	IMP
CRE upregulated	GO:1901701	cellular response to oxygen-containing compound	ENSMUSG00000005089	Slc1a2	IDA
CRE upregulated	GO:1901701	cellular response to oxygen-containing compound	ENSMUSG00000037411	Serpine1	IEA
CRE upregulated	GO:1901701	cellular response to oxygen-containing compound	ENSMUSG00000023277	ENSMUSG00000023277	IEA
CRE upregulated	GO:1901701	cellular response to oxygen-containing compound	ENSMUSG00000019843	ENSMUSG00000019843	ISO, IEA
CRE upregulated	GO:1901701	cellular response to oxygen-containing compound	ENSMUSG00000024493	ENSMUSG00000024493	IEA
CRE upregulated	GO:1901701	cellular response to oxygen-containing compound	ENSMUSG00000027646	ENSMUSG00000027646	IDA, IMP, IGI, ISO, IEA
CRE upregulated	GO:1901701	cellular response to oxygen-containing compound	ENSMUSG00000021340	ENSMUSG00000021340	IEA
CRE upregulated	GO:1901701	cellular response to oxygen-containing compound	ENSMUSG00000004698	ENSMUSG00000004698	IEA
CRE upregulated	GO:1901701	cellular response to oxygen-containing compound	ENSMUSG00000032501	Trib1	IEA
CRE upregulated	GO:1901701	cellular response to oxygen-containing compound	ENSMUSG00000055067	ENSMUSG00000055067	IDA
CRE upregulated	GO:1901701	cellular response to oxygen-containing compound	ENSMUSG00000015839	Nfe2l2	IMP, ISO, IEA
CRE upregulated	GO:1902533	positive regulation of intracellular signal transduction	ENSMUSG00000036390	Gadd45a	IEA
CRE upregulated	GO:1902533	positive regulation of intracellular signal transduction	ENSMUSG00000052684	Jun	IMP
CRE upregulated	GO:1902533	positive regulation of intracellular signal transduction	ENSMUSG00000063632	Sox11	IMP
CRE upregulated	GO:1902533	positive regulation of intracellular signal transduction	ENSMUSG00000046688	Tifa	IDA, ISS, IBA, IEA
CRE upregulated	GO:1902533	positive regulation of intracellular signal transduction	ENSMUSG00000025473	Adam8	IDA
CRE upregulated	GO:1902533	positive regulation of intracellular signal transduction	ENSMUSG00000014599	Csf1	IDA
CRE upregulated	GO:1902533	positive regulation of intracellular signal transduction	ENSMUSG00000020427	Igfbp3	IGI
CRE upregulated	GO:1902533	positive regulation of intracellular signal transduction	ENSMUSG00000032939	Nup93	IDA, IEA
CRE upregulated	GO:1902533	positive regulation of intracellular signal transduction	ENSMUSG00000005087	Cd44	IEA
CRE upregulated	GO:1902533	positive regulation of intracellular signal transduction	ENSMUSG00000026836	Acvr1	IMP, IEA
CRE upregulated	GO:1902533	positive regulation of intracellular signal transduction	ENSMUSG00000021453	Gadd45g	IEA
CRE upregulated	GO:1902533	positive regulation of intracellular signal transduction	ENSMUSG00000048482	Bdnf	ISO
CRE upregulated	GO:1902533	positive regulation of intracellular signal transduction	ENSMUSG00000024256	Adcyap1	ISS, ISO, IBA, IEA
CRE upregulated	GO:1902533	positive regulation of intracellular signal transduction	ENSMUSG00000002250	Ppard	IDA
CRE upregulated	GO:1902533	positive regulation of intracellular signal transduction	ENSMUSG00000038894	Irs2	IMP
CRE upregulated	GO:1902533	positive regulation of intracellular signal transduction	ENSMUSG00000027540	Ptpn1	IMP
CRE upregulated	GO:1902533	positive regulation of intracellular signal transduction	ENSMUSG00000030678	Maz	IEA
CRE upregulated	GO:1902533	positive regulation of intracellular signal transduction	ENSMUSG00000025809	Itgb1	IEA
CRE upregulated	GO:1902533	positive regulation of intracellular signal transduction	ENSMUSG00000025746	Il6	ISO
CRE upregulated	GO:1902533	positive regulation of intracellular signal transduction	ENSMUSG00000022607	Ptk2	ISS
CRE upregulated	GO:1902533	positive regulation of intracellular signal transduction	ENSMUSG00000055994	Nod2	IDA, IMP, ISS, ISO, IBA, IEA
CRE upregulated	GO:1902533	positive regulation of intracellular signal transduction	ENSMUSG00000024014	Pim1	ISS, IEA
CRE upregulated	GO:1902533	positive regulation of intracellular signal transduction	ENSMUSG00000037062	Sh3glb1	IDA
CRE upregulated	GO:1902533	positive regulation of intracellular signal transduction	ENSMUSG00000027560	Dok5	IDA, IBA
CRE upregulated	GO:1902533	positive regulation of intracellular signal transduction	ENSMUSG00000025408	Ddit3	ISS, IEA
CRE upregulated	GO:1902533	positive regulation of intracellular signal transduction	ENSMUSG00000035199	Arl6ip5	IEA
CRE upregulated	GO:1902533	positive regulation of intracellular signal transduction	ENSMUSG00000001847	Rac1	IMP
CRE upregulated	GO:1902533	positive regulation of intracellular signal transduction	ENSMUSG00000050271	Prag1	ISS, ISO, IEA
CRE upregulated	GO:1902533	positive regulation of intracellular signal transduction	ENSMUSG00000018909	Arrb1	IMP, ISO, IBA, IEA
CRE upregulated	GO:1902533	positive regulation of intracellular signal transduction	ENSMUSG00000024521	Pmaip1	IMP
CRE upregulated	GO:1902533	positive regulation of intracellular signal transduction	ENSMUSG00000054008	Ndst1	IMP
CRE upregulated	GO:1902533	positive regulation of intracellular signal transduction	ENSMUSG00000015316	Slamf1	IEA
CRE upregulated	GO:1902533	positive regulation of intracellular signal transduction	ENSMUSG00000022346	Myc	IEA
CRE upregulated	GO:1902533	positive regulation of intracellular signal transduction	ENSMUSG00000027954	Efna1	IDA
CRE upregulated	GO:1902533	positive regulation of intracellular signal transduction	ENSMUSG00000024789	Jak2	IMP, ISO, IEA
CRE upregulated	GO:1902533	positive regulation of intracellular signal transduction	ENSMUSG00000109511	Nup62	ISS, IEA
CRE upregulated	GO:1902533	positive regulation of intracellular signal transduction	ENSMUSG00000029826	Zc3hav1	ISO, TAS
CRE upregulated	GO:1902533	positive regulation of intracellular signal transduction	ENSMUSG00000031960	Aars1	ISS, IEA
CRE upregulated	GO:1902533	positive regulation of intracellular signal transduction	ENSMUSG00000059866	Tnip2	ISS, IBA, IEA
CRE upregulated	GO:1902533	positive regulation of intracellular signal transduction	ENSMUSG00000021360	ENSMUSG00000021360	IMP, IEA
CRE upregulated	GO:1902533	positive regulation of intracellular signal transduction	ENSMUSG00000024803	Ankrd1	IEA
CRE upregulated	GO:1902533	positive regulation of intracellular signal transduction	ENSMUSG00000021306	Gpr137b	IEA
CRE upregulated	GO:1902533	positive regulation of intracellular signal transduction	ENSMUSG00000024927	Rela	IDA, IEA
CRE upregulated	GO:1902533	positive regulation of intracellular signal transduction	ENSMUSG00000027692	Tnik	ISS, IEA
CRE upregulated	GO:1902533	positive regulation of intracellular signal transduction	ENSMUSG00000028893	Sesn2	IMP, IEA
CRE upregulated	GO:1902533	positive regulation of intracellular signal transduction	ENSMUSG00000020349	ENSMUSG00000020349	IMP
CRE upregulated	GO:1902533	positive regulation of intracellular signal transduction	ENSMUSG00000021796	Bmpr1a	IEA
CRE upregulated	GO:1902533	positive regulation of intracellular signal transduction	ENSMUSG00000049649	Gpr3	ISO, IEA
CRE upregulated	GO:1902533	positive regulation of intracellular signal transduction	ENSMUSG00000019842	ENSMUSG00000019842	IBA, IEA
CRE upregulated	GO:1902533	positive regulation of intracellular signal transduction	ENSMUSG00000070056	ENSMUSG00000070056	ISS, IEA
CRE upregulated	GO:1902533	positive regulation of intracellular signal transduction	ENSMUSG00000039844	ENSMUSG00000039844	ISO, IEA
CRE upregulated	GO:1902533	positive regulation of intracellular signal transduction	ENSMUSG00000020594	ENSMUSG00000020594	IEA
CRE upregulated	GO:1902533	positive regulation of intracellular signal transduction	ENSMUSG00000000787	ENSMUSG00000000787	IDA, ISS
CRE upregulated	GO:1902533	positive regulation of intracellular signal transduction	ENSMUSG00000038676	Ucn	ISO, IEA
CRE upregulated	GO:1902533	positive regulation of intracellular signal transduction	ENSMUSG00000052681	Rap1b	IGI
CRE upregulated	GO:1902533	positive regulation of intracellular signal transduction	ENSMUSG00000032508	Myd88	IMP, IGI, ISS, IEA
CRE upregulated	GO:1902533	positive regulation of intracellular signal transduction	ENSMUSG00000032462	ENSMUSG00000032462	IGI, IEA
CRE upregulated	GO:1902533	positive regulation of intracellular signal transduction	ENSMUSG00000027944	Hax1	IEA
CRE upregulated	GO:1902533	positive regulation of intracellular signal transduction	ENSMUSG00000019843	ENSMUSG00000019843	ISO
CRE upregulated	GO:1902533	positive regulation of intracellular signal transduction	ENSMUSG00000024493	ENSMUSG00000024493	IEA
CRE upregulated	GO:1902533	positive regulation of intracellular signal transduction	ENSMUSG00000027646	ENSMUSG00000027646	IMP, ISO, IEA
CRE upregulated	GO:1902533	positive regulation of intracellular signal transduction	ENSMUSG00000031073	Fgf15	IBA
CRE upregulated	GO:1902533	positive regulation of intracellular signal transduction	ENSMUSG00000054204	ENSMUSG00000054204	IBA, IEA
CRE upregulated	GO:0001525	angiogenesis	ENSMUSG00000036390	Gadd45a	IMP
CRE upregulated	GO:0001525	angiogenesis	ENSMUSG00000052684	Jun	IMP, ISO
CRE upregulated	GO:0001525	angiogenesis	ENSMUSG00000019647	Sema6a	IEA
CRE upregulated	GO:0001525	angiogenesis	ENSMUSG00000004951	Hspb1	IEA
CRE upregulated	GO:0001525	angiogenesis	ENSMUSG00000025473	Adam8	IDA
CRE upregulated	GO:0001525	angiogenesis	ENSMUSG00000023905	Tnfrsf12a	IDA, IEA
CRE upregulated	GO:0001525	angiogenesis	ENSMUSG00000038650	Rnh1	IBA, IEA
CRE upregulated	GO:0001525	angiogenesis	ENSMUSG00000031681	Smad1	IEA
CRE upregulated	GO:0001525	angiogenesis	ENSMUSG00000026836	Acvr1	IMP
CRE upregulated	GO:0001525	angiogenesis	ENSMUSG00000037568	Vash2	IMP, ISO, IBA, IEA
CRE upregulated	GO:0001525	angiogenesis	ENSMUSG00000063506	Arhgap22	IEA
CRE upregulated	GO:0001525	angiogenesis	ENSMUSG00000053436	Mapk14	IMP
CRE upregulated	GO:0001525	angiogenesis	ENSMUSG00000025809	Itgb1	IMP, IEA
CRE upregulated	GO:0001525	angiogenesis	ENSMUSG00000032231	Anxa2	IMP, IEA
CRE upregulated	GO:0001525	angiogenesis	ENSMUSG00000022607	Ptk2	IMP, IEA
CRE upregulated	GO:0001525	angiogenesis	ENSMUSG00000020580	Rock2	IEA
CRE upregulated	GO:0001525	angiogenesis	ENSMUSG00000040435	Ppp1r15a	ISO
CRE upregulated	GO:0001525	angiogenesis	ENSMUSG00000036478	Btg1	ISS, IEA
CRE upregulated	GO:0001525	angiogenesis	ENSMUSG00000027954	Efna1	IDA, IEA
CRE upregulated	GO:0001525	angiogenesis	ENSMUSG00000004040	ENSMUSG00000004040	IDA
CRE upregulated	GO:0001525	angiogenesis	ENSMUSG00000054136	Adm2	ISO, IEA
CRE upregulated	GO:0001525	angiogenesis	ENSMUSG00000024927	Rela	IEA
CRE upregulated	GO:0001525	angiogenesis	ENSMUSG00000025793	ENSMUSG00000025793	IEA
CRE upregulated	GO:0001525	angiogenesis	ENSMUSG00000026078	Pdcl3	IMP, ISO, IBA, IEA
CRE upregulated	GO:0001525	angiogenesis	ENSMUSG00000037514	Pank2	IEA
CRE upregulated	GO:0001525	angiogenesis	ENSMUSG00000010660	Plcd1	IGI
CRE upregulated	GO:0001525	angiogenesis	ENSMUSG00000031668	ENSMUSG00000031668	IEA
CRE upregulated	GO:0001525	angiogenesis	ENSMUSG00000068739	ENSMUSG00000068739	ISS, IEA
CRE upregulated	GO:0001525	angiogenesis	ENSMUSG00000003154	Foxj2	IEA
CRE upregulated	GO:0001525	angiogenesis	ENSMUSG00000021796	Bmpr1a	IEA
CRE upregulated	GO:0001525	angiogenesis	ENSMUSG00000039191	Rbpj	IMP
CRE upregulated	GO:0001525	angiogenesis	ENSMUSG00000035725	ENSMUSG00000035725	IMP, IEA
CRE upregulated	GO:0001525	angiogenesis	ENSMUSG00000001552	ENSMUSG00000001552	IEA
CRE upregulated	GO:0001525	angiogenesis	ENSMUSG00000002633	Shh	IDA, IMP, IGI, ISO
CRE upregulated	GO:0001525	angiogenesis	ENSMUSG00000032462	ENSMUSG00000032462	IMP, IEA
CRE upregulated	GO:0001525	angiogenesis	ENSMUSG00000056050	ENSMUSG00000056050	IEA
CRE upregulated	GO:0001525	angiogenesis	ENSMUSG00000037411	Serpine1	IEA
CRE upregulated	GO:0001525	angiogenesis	ENSMUSG00000021340	ENSMUSG00000021340	IEA
CRE upregulated	GO:0001525	angiogenesis	ENSMUSG00000004698	ENSMUSG00000004698	IEA
CRE upregulated	GO:0001525	angiogenesis	ENSMUSG00000015839	Nfe2l2	ISO, IEA
CRE upregulated	GO:0034504	protein localization to nucleus	ENSMUSG00000023067	Cdkn1a	IMP
CRE upregulated	GO:0034504	protein localization to nucleus	ENSMUSG00000034300	Fam53c	IBA
CRE upregulated	GO:0034504	protein localization to nucleus	ENSMUSG00000032939	Nup93	IBA
CRE upregulated	GO:0034504	protein localization to nucleus	ENSMUSG00000028063	Lmna	IMP, IBA
CRE upregulated	GO:0034504	protein localization to nucleus	ENSMUSG00000053436	Mapk14	IMP
CRE upregulated	GO:0034504	protein localization to nucleus	ENSMUSG00000018362	Kpna2	IDA, ISS, IBA, IEA
CRE upregulated	GO:0034504	protein localization to nucleus	ENSMUSG00000025746	Il6	ISO
CRE upregulated	GO:0034504	protein localization to nucleus	ENSMUSG00000032078	Zpr1	IMP, ISS, IBA, IEA
CRE upregulated	GO:0034504	protein localization to nucleus	ENSMUSG00000004768	Rab23	IEA
CRE upregulated	GO:0034504	protein localization to nucleus	ENSMUSG00000015837	Sqstm1	IDA, IMP
CRE upregulated	GO:0034504	protein localization to nucleus	ENSMUSG00000029131	Dnajb6	IMP
CRE upregulated	GO:0034504	protein localization to nucleus	ENSMUSG00000024789	Jak2	ISO, IEA
CRE upregulated	GO:0034504	protein localization to nucleus	ENSMUSG00000004040	ENSMUSG00000004040	ISS, IEA
CRE upregulated	GO:0034504	protein localization to nucleus	ENSMUSG00000109511	Nup62	ISO, IBA, IEA
CRE upregulated	GO:0034504	protein localization to nucleus	ENSMUSG00000027797	Dclk1	IDA
CRE upregulated	GO:0034504	protein localization to nucleus	ENSMUSG00000028893	Sesn2	ISS, IEA
CRE upregulated	GO:0034504	protein localization to nucleus	ENSMUSG00000029071	ENSMUSG00000029071	IEA
CRE upregulated	GO:0034504	protein localization to nucleus	ENSMUSG00000053175	Bcl3	IEA
CRE upregulated	GO:0034504	protein localization to nucleus	ENSMUSG00000037815	Ctnna1	IMP
CRE upregulated	GO:0034504	protein localization to nucleus	ENSMUSG00000030662	ENSMUSG00000030662	IDA, IMP, IBA, IEA
CRE upregulated	GO:0034504	protein localization to nucleus	ENSMUSG00000007411	ENSMUSG00000007411	ISS, IEA
CRE upregulated	GO:0034504	protein localization to nucleus	ENSMUSG00000019842	ENSMUSG00000019842	IDA
CRE upregulated	GO:0034504	protein localization to nucleus	ENSMUSG00000070056	ENSMUSG00000070056	ISS, IEA
CRE upregulated	GO:0034504	protein localization to nucleus	ENSMUSG00000001552	ENSMUSG00000001552	IEA
CRE upregulated	GO:0034504	protein localization to nucleus	ENSMUSG00000002633	Shh	IDA, IGI, IEA
CRE upregulated	GO:0034504	protein localization to nucleus	ENSMUSG00000028291	ENSMUSG00000028291	ISS, IEA
CRE upregulated	GO:0034504	protein localization to nucleus	ENSMUSG00000019843	ENSMUSG00000019843	IDA, IMP
CRE upregulated	GO:0034504	protein localization to nucleus	ENSMUSG00000027646	ENSMUSG00000027646	IGI
CRE upregulated	GO:0001568	blood vessel development	ENSMUSG00000036390	Gadd45a	IMP
CRE upregulated	GO:0001568	blood vessel development	ENSMUSG00000052684	Jun	IMP, ISO
CRE upregulated	GO:0001568	blood vessel development	ENSMUSG00000019647	Sema6a	IEA
CRE upregulated	GO:0001568	blood vessel development	ENSMUSG00000004951	Hspb1	IEA
CRE upregulated	GO:0001568	blood vessel development	ENSMUSG00000025473	Adam8	IDA
CRE upregulated	GO:0001568	blood vessel development	ENSMUSG00000023905	Tnfrsf12a	IDA, IEA
CRE upregulated	GO:0001568	blood vessel development	ENSMUSG00000038650	Rnh1	IBA, IEA
CRE upregulated	GO:0001568	blood vessel development	ENSMUSG00000031681	Smad1	IEA
CRE upregulated	GO:0001568	blood vessel development	ENSMUSG00000026836	Acvr1	IMP
CRE upregulated	GO:0001568	blood vessel development	ENSMUSG00000037568	Vash2	IMP, ISO, IBA, IEA
CRE upregulated	GO:0001568	blood vessel development	ENSMUSG00000063506	Arhgap22	IEA
CRE upregulated	GO:0001568	blood vessel development	ENSMUSG00000053436	Mapk14	IMP
CRE upregulated	GO:0001568	blood vessel development	ENSMUSG00000025809	Itgb1	IMP, IEA
CRE upregulated	GO:0001568	blood vessel development	ENSMUSG00000032231	Anxa2	IMP, IEA
CRE upregulated	GO:0001568	blood vessel development	ENSMUSG00000022607	Ptk2	IMP, IEA
CRE upregulated	GO:0001568	blood vessel development	ENSMUSG00000020580	Rock2	IEA
CRE upregulated	GO:0001568	blood vessel development	ENSMUSG00000025408	Ddit3	IMP
CRE upregulated	GO:0001568	blood vessel development	ENSMUSG00000040435	Ppp1r15a	ISO
CRE upregulated	GO:0001568	blood vessel development	ENSMUSG00000054008	Ndst1	IMP
CRE upregulated	GO:0001568	blood vessel development	ENSMUSG00000036478	Btg1	ISS, IEA
CRE upregulated	GO:0001568	blood vessel development	ENSMUSG00000053113	Socs3	IMP
CRE upregulated	GO:0001568	blood vessel development	ENSMUSG00000027954	Efna1	IDA, IEA
CRE upregulated	GO:0001568	blood vessel development	ENSMUSG00000004040	ENSMUSG00000004040	IDA
CRE upregulated	GO:0001568	blood vessel development	ENSMUSG00000054136	Adm2	ISO, IEA
CRE upregulated	GO:0001568	blood vessel development	ENSMUSG00000024912	Fosl1	IMP
CRE upregulated	GO:0001568	blood vessel development	ENSMUSG00000024927	Rela	IEA
CRE upregulated	GO:0001568	blood vessel development	ENSMUSG00000025793	ENSMUSG00000025793	IEA
CRE upregulated	GO:0001568	blood vessel development	ENSMUSG00000026078	Pdcl3	IMP, ISO, IBA, IEA
CRE upregulated	GO:0001568	blood vessel development	ENSMUSG00000037514	Pank2	IEA
CRE upregulated	GO:0001568	blood vessel development	ENSMUSG00000010660	Plcd1	IGI
CRE upregulated	GO:0001568	blood vessel development	ENSMUSG00000031668	ENSMUSG00000031668	IEA
CRE upregulated	GO:0001568	blood vessel development	ENSMUSG00000068739	ENSMUSG00000068739	ISS, IEA
CRE upregulated	GO:0001568	blood vessel development	ENSMUSG00000003154	Foxj2	IEA
CRE upregulated	GO:0001568	blood vessel development	ENSMUSG00000036180	ENSMUSG00000036180	IMP
CRE upregulated	GO:0001568	blood vessel development	ENSMUSG00000052837	ENSMUSG00000052837	IMP
CRE upregulated	GO:0001568	blood vessel development	ENSMUSG00000021796	Bmpr1a	IMP, IEA
CRE upregulated	GO:0001568	blood vessel development	ENSMUSG00000039191	Rbpj	IMP, IGI
CRE upregulated	GO:0001568	blood vessel development	ENSMUSG00000039844	ENSMUSG00000039844	IMP
CRE upregulated	GO:0001568	blood vessel development	ENSMUSG00000035725	ENSMUSG00000035725	IMP, IEA
CRE upregulated	GO:0001568	blood vessel development	ENSMUSG00000001552	ENSMUSG00000001552	IEA
CRE upregulated	GO:0001568	blood vessel development	ENSMUSG00000066595	ENSMUSG00000066595	IMP
CRE upregulated	GO:0001568	blood vessel development	ENSMUSG00000020097	ENSMUSG00000020097	IMP
CRE upregulated	GO:0001568	blood vessel development	ENSMUSG00000002633	Shh	IDA, IMP, IGI, ISO, TAS
CRE upregulated	GO:0001568	blood vessel development	ENSMUSG00000032462	ENSMUSG00000032462	IMP, IEA
CRE upregulated	GO:0001568	blood vessel development	ENSMUSG00000056050	ENSMUSG00000056050	IEA
CRE upregulated	GO:0001568	blood vessel development	ENSMUSG00000037411	Serpine1	IEA
CRE upregulated	GO:0001568	blood vessel development	ENSMUSG00000021340	ENSMUSG00000021340	IEA
CRE upregulated	GO:0001568	blood vessel development	ENSMUSG00000004698	ENSMUSG00000004698	IEA
CRE upregulated	GO:0001568	blood vessel development	ENSMUSG00000015839	Nfe2l2	ISO, IEA
CRE upregulated	GO:0006887	exocytosis	ENSMUSG00000042816	Gpr151	EXP, IDA, IMP
CRE upregulated	GO:0006887	exocytosis	ENSMUSG00000030748	Il4ra	IMP
CRE upregulated	GO:0006887	exocytosis	ENSMUSG00000041831	Sytl3	IDA, IBA, IEA
CRE upregulated	GO:0006887	exocytosis	ENSMUSG00000024261	Syt4	EXP, IDA, IMP, ISO, IBA, TAS, IEA
CRE upregulated	GO:0006887	exocytosis	ENSMUSG00000051343	Rab11fip5	IMP, IBA
CRE upregulated	GO:0006887	exocytosis	ENSMUSG00000001420	Tmem79	IMP, IBA
CRE upregulated	GO:0006887	exocytosis	ENSMUSG00000020592	Sdc1	IEA
CRE upregulated	GO:0006887	exocytosis	ENSMUSG00000032231	Anxa2	NAS
CRE upregulated	GO:0006887	exocytosis	ENSMUSG00000049303	Syt12	ISO, IBA, IEA
CRE upregulated	GO:0006887	exocytosis	ENSMUSG00000057531	Dtnbp1	IDA, IMP, IBA
CRE upregulated	GO:0006887	exocytosis	ENSMUSG00000036437	Npy1r	ISO
CRE upregulated	GO:0006887	exocytosis	ENSMUSG00000030616	Sytl2	IDA, IBA, IEA
CRE upregulated	GO:0006887	exocytosis	ENSMUSG00000023032	Slc4a8	EXP, IDA, IMP
CRE upregulated	GO:0006887	exocytosis	ENSMUSG00000025178	Pi4k2a	ISO
CRE upregulated	GO:0006887	exocytosis	ENSMUSG00000033769	Exoc6b	IBA, NAS, IEA
CRE upregulated	GO:0006887	exocytosis	ENSMUSG00000025793	ENSMUSG00000025793	IEA
CRE upregulated	GO:0006887	exocytosis	ENSMUSG00000026718	ENSMUSG00000026718	IEA
CRE upregulated	GO:0006887	exocytosis	ENSMUSG00000029071	ENSMUSG00000029071	IDA, IMP
CRE upregulated	GO:0006887	exocytosis	ENSMUSG00000040640	ENSMUSG00000040640	IDA, IMP
CRE upregulated	GO:0006887	exocytosis	ENSMUSG00000024517	Grp	IDA, IEA
CRE upregulated	GO:0006887	exocytosis	ENSMUSG00000025340	Rabgef1	IMP
CRE upregulated	GO:0006887	exocytosis	ENSMUSG00000011877	Git1	IDA, IMP
CRE upregulated	GO:0006887	exocytosis	ENSMUSG00000040046	Tph1	IMP
CRE upregulated	GO:0006887	exocytosis	ENSMUSG00000020671	ENSMUSG00000020671	IBA, IEA
CRE upregulated	GO:0006887	exocytosis	ENSMUSG00000008859	ENSMUSG00000008859	IDA, IBA, IEA
CRE upregulated	GO:0006887	exocytosis	ENSMUSG00000052681	Rap1b	IGI, IBA, IEA
CRE upregulated	GO:0006887	exocytosis	ENSMUSG00000027978	Prss12	IDA
CRE upregulated	GO:0006887	exocytosis	ENSMUSG00000061244	ENSMUSG00000061244	IBA, NAS, IEA
CRE upregulated	GO:0006887	exocytosis	ENSMUSG00000056050	ENSMUSG00000056050	IEA
CRE upregulated	GO:0006887	exocytosis	ENSMUSG00000053825	ENSMUSG00000053825	IEA
CRE upregulated	GO:0040008	regulation of growth	ENSMUSG00000023905	Tnfrsf12a	IDA
CRE upregulated	GO:0040008	regulation of growth	ENSMUSG00000014599	Csf1	IMP
CRE upregulated	GO:0040008	regulation of growth	ENSMUSG00000020427	Igfbp3	IGI
CRE upregulated	GO:0040008	regulation of growth	ENSMUSG00000023067	Cdkn1a	IMP, IEA
CRE upregulated	GO:0040008	regulation of growth	ENSMUSG00000024261	Syt4	IEA
CRE upregulated	GO:0040008	regulation of growth	ENSMUSG00000048482	Bdnf	IDA, IMP, IGI, ISO, IEA
CRE upregulated	GO:0040008	regulation of growth	ENSMUSG00000018736	Ndel1	ISO
CRE upregulated	GO:0040008	regulation of growth	ENSMUSG00000002250	Ppard	IMP, ISO
CRE upregulated	GO:0040008	regulation of growth	ENSMUSG00000018507	Trpv2	IMP
CRE upregulated	GO:0040008	regulation of growth	ENSMUSG00000031545	Gpat4	IMP
CRE upregulated	GO:0040008	regulation of growth	ENSMUSG00000005069	Pex5	IMP
CRE upregulated	GO:0040008	regulation of growth	ENSMUSG00000053436	Mapk14	IGI
CRE upregulated	GO:0040008	regulation of growth	ENSMUSG00000031078	Cttn	ISS, ISO
CRE upregulated	GO:0040008	regulation of growth	ENSMUSG00000022607	Ptk2	IGI, ISO
CRE upregulated	GO:0040008	regulation of growth	ENSMUSG00000024014	Pim1	IEA
CRE upregulated	GO:0040008	regulation of growth	ENSMUSG00000037062	Sh3glb1	ISO
CRE upregulated	GO:0040008	regulation of growth	ENSMUSG00000020838	Slc6a4	IMP
CRE upregulated	GO:0040008	regulation of growth	ENSMUSG00000032078	Zpr1	IMP
CRE upregulated	GO:0040008	regulation of growth	ENSMUSG00000030309	Caprin2	ISS
CRE upregulated	GO:0040008	regulation of growth	ENSMUSG00000001627	Ifrd1	IGI
CRE upregulated	GO:0040008	regulation of growth	ENSMUSG00000029765	Plxna4	IMP
CRE upregulated	GO:0040008	regulation of growth	ENSMUSG00000036437	Npy1r	IMP
CRE upregulated	GO:0040008	regulation of growth	ENSMUSG00000004040	ENSMUSG00000004040	IMP
CRE upregulated	GO:0040008	regulation of growth	ENSMUSG00000020027	Socs2	IMP, IGI
CRE upregulated	GO:0040008	regulation of growth	ENSMUSG00000029135	Fosl2	IDA, IMP
CRE upregulated	GO:0040008	regulation of growth	ENSMUSG00000036206	Sh3bp4	ISS, IEA
CRE upregulated	GO:0040008	regulation of growth	ENSMUSG00000028893	Sesn2	IDA
CRE upregulated	GO:0040008	regulation of growth	ENSMUSG00000024947	Men1	IDA
CRE upregulated	GO:0040008	regulation of growth	ENSMUSG00000032599	ENSMUSG00000032599	IEA
CRE upregulated	GO:0040008	regulation of growth	ENSMUSG00000047281	ENSMUSG00000047281	IDA
CRE upregulated	GO:0040008	regulation of growth	ENSMUSG00000021796	Bmpr1a	IMP
CRE upregulated	GO:0040008	regulation of growth	ENSMUSG00000039191	Rbpj	IMP
CRE upregulated	GO:0040008	regulation of growth	ENSMUSG00000020594	ENSMUSG00000020594	ISO, IEA
CRE upregulated	GO:0040008	regulation of growth	ENSMUSG00000000787	ENSMUSG00000000787	ISS
CRE upregulated	GO:0040008	regulation of growth	ENSMUSG00000038676	Ucn	ISO, IEA
CRE upregulated	GO:0040008	regulation of growth	ENSMUSG00000059743	ENSMUSG00000059743	ISO
CRE upregulated	GO:0040008	regulation of growth	ENSMUSG00000066595	ENSMUSG00000066595	IMP
CRE upregulated	GO:0040008	regulation of growth	ENSMUSG00000020097	ENSMUSG00000020097	IMP
CRE upregulated	GO:0040008	regulation of growth	ENSMUSG00000008384	Sertad1	ISO, IEA
CRE upregulated	GO:0040008	regulation of growth	ENSMUSG00000023277	ENSMUSG00000023277	IEA
CRE upregulated	GO:0040008	regulation of growth	ENSMUSG00000047261	ENSMUSG00000047261	IEA
CRE upregulated	GO:0040008	regulation of growth	ENSMUSG00000000627	ENSMUSG00000000627	ISO, IEA
CRE upregulated	GO:0040008	regulation of growth	ENSMUSG00000029475	ENSMUSG00000029475	IDA
CRE upregulated	GO:1904951	positive regulation of establishment of protein localization	ENSMUSG00000030102	Itpr1	IMP, IGI
CRE upregulated	GO:1904951	positive regulation of establishment of protein localization	ENSMUSG00000006304	Arpc2	ISO
CRE upregulated	GO:1904951	positive regulation of establishment of protein localization	ENSMUSG00000030272	Camk1	IDA, IEA
CRE upregulated	GO:1904951	positive regulation of establishment of protein localization	ENSMUSG00000002250	Ppard	ISO
CRE upregulated	GO:1904951	positive regulation of establishment of protein localization	ENSMUSG00000038894	Irs2	IMP
CRE upregulated	GO:1904951	positive regulation of establishment of protein localization	ENSMUSG00000053436	Mapk14	IMP
CRE upregulated	GO:1904951	positive regulation of establishment of protein localization	ENSMUSG00000025746	Il6	ISO
CRE upregulated	GO:1904951	positive regulation of establishment of protein localization	ENSMUSG00000037062	Sh3glb1	IMP
CRE upregulated	GO:1904951	positive regulation of establishment of protein localization	ENSMUSG00000032078	Zpr1	IMP, ISS, IBA, IEA
CRE upregulated	GO:1904951	positive regulation of establishment of protein localization	ENSMUSG00000001847	Rac1	IMP, ISO
CRE upregulated	GO:1904951	positive regulation of establishment of protein localization	ENSMUSG00000018909	Arrb1	IMP
CRE upregulated	GO:1904951	positive regulation of establishment of protein localization	ENSMUSG00000024521	Pmaip1	IMP
CRE upregulated	GO:1904951	positive regulation of establishment of protein localization	ENSMUSG00000036057	Ptpn23	IEA
CRE upregulated	GO:1904951	positive regulation of establishment of protein localization	ENSMUSG00000024789	Jak2	ISS, ISO, IEA
CRE upregulated	GO:1904951	positive regulation of establishment of protein localization	ENSMUSG00000038949	Cnst	ISS, IBA, IEA
CRE upregulated	GO:1904951	positive regulation of establishment of protein localization	ENSMUSG00000024803	Ankrd1	IEA
CRE upregulated	GO:1904951	positive regulation of establishment of protein localization	ENSMUSG00000044453	Ffar1	IDA, IMP, ISO, IBA
CRE upregulated	GO:1904951	positive regulation of establishment of protein localization	ENSMUSG00000031278	ENSMUSG00000031278	ISS, ISO
CRE upregulated	GO:1904951	positive regulation of establishment of protein localization	ENSMUSG00000021587	Pcsk1	ISO, IEA
CRE upregulated	GO:1904951	positive regulation of establishment of protein localization	ENSMUSG00000044147	Arf6	IEA
CRE upregulated	GO:1904951	positive regulation of establishment of protein localization	ENSMUSG00000030662	ENSMUSG00000030662	IMP
CRE upregulated	GO:1904951	positive regulation of establishment of protein localization	ENSMUSG00000047281	ENSMUSG00000047281	IDA
CRE upregulated	GO:1904951	positive regulation of establishment of protein localization	ENSMUSG00000001552	ENSMUSG00000001552	IEA
CRE upregulated	GO:1904951	positive regulation of establishment of protein localization	ENSMUSG00000002633	Shh	IGI
CRE upregulated	GO:1904951	positive regulation of establishment of protein localization	ENSMUSG00000028680	ENSMUSG00000028680	IEA
CRE upregulated	GO:1904951	positive regulation of establishment of protein localization	ENSMUSG00000040652	ENSMUSG00000040652	IDA
CRE upregulated	GO:1904951	positive regulation of establishment of protein localization	ENSMUSG00000019843	ENSMUSG00000019843	IGI
CRE upregulated	GO:1904951	positive regulation of establishment of protein localization	ENSMUSG00000027646	ENSMUSG00000027646	ISO, IEA
CRE upregulated	GO:1904951	positive regulation of establishment of protein localization	ENSMUSG00000036667	ENSMUSG00000036667	IBA, IEA
CRE upregulated	GO:0009267	cellular response to starvation	ENSMUSG00000026628	Atf3	IMP
CRE upregulated	GO:0009267	cellular response to starvation	ENSMUSG00000052684	Jun	IMP, IEP, ISO
CRE upregulated	GO:0009267	cellular response to starvation	ENSMUSG00000028494	Plin2	ISS, IEA
CRE upregulated	GO:0009267	cellular response to starvation	ENSMUSG00000023067	Cdkn1a	IMP, IEA
CRE upregulated	GO:0009267	cellular response to starvation	ENSMUSG00000028645	Slc2a1	IDA
CRE upregulated	GO:0009267	cellular response to starvation	ENSMUSG00000037062	Sh3glb1	IEA
CRE upregulated	GO:0009267	cellular response to starvation	ENSMUSG00000042406	Atf4	IDA, IMP, ISO, IEA
CRE upregulated	GO:0009267	cellular response to starvation	ENSMUSG00000029578	Wipi2	ISS, IEA
CRE upregulated	GO:0009267	cellular response to starvation	ENSMUSG00000028893	Sesn2	ISS, IBA, IEA
CRE upregulated	GO:0009267	cellular response to starvation	ENSMUSG00000031668	ENSMUSG00000031668	IEA
CRE upregulated	GO:0009267	cellular response to starvation	ENSMUSG00000029752	ENSMUSG00000029752	IEA
CRE upregulated	GO:0009267	cellular response to starvation	ENSMUSG00000016534	ENSMUSG00000016534	IMP, IBA
CRE upregulated	GO:0009267	cellular response to starvation	ENSMUSG00000040010	Slc7a5	IEA
CRE upregulated	GO:0009267	cellular response to starvation	ENSMUSG00000040463	ENSMUSG00000040463	IEA
CRE upregulated	GO:0009267	cellular response to starvation	ENSMUSG00000026864	ENSMUSG00000026864	IEA
CRE upregulated	GO:0009267	cellular response to starvation	ENSMUSG00000037465	Klf10	IDA
CRE upregulated	GO:0009267	cellular response to starvation	ENSMUSG00000024493	ENSMUSG00000024493	IEA
CRE upregulated	GO:0009267	cellular response to starvation	ENSMUSG00000024843	ENSMUSG00000024843	ISS
CRE upregulated	GO:0009267	cellular response to starvation	ENSMUSG00000015839	Nfe2l2	IMP
CRE upregulated	GO:0009267	cellular response to starvation	ENSMUSG00000021477	ENSMUSG00000021477	ISS
CRE upregulated	GO:0040013	negative regulation of locomotion	ENSMUSG00000036390	Gadd45a	IMP, IEA
CRE upregulated	GO:0040013	negative regulation of locomotion	ENSMUSG00000020427	Igfbp3	IEA
CRE upregulated	GO:0040013	negative regulation of locomotion	ENSMUSG00000002250	Ppard	ISO
CRE upregulated	GO:0040013	negative regulation of locomotion	ENSMUSG00000027540	Ptpn1	IEA
CRE upregulated	GO:0040013	negative regulation of locomotion	ENSMUSG00000043895	S1pr2	ISO
CRE upregulated	GO:0040013	negative regulation of locomotion	ENSMUSG00000022607	Ptk2	ISO
CRE upregulated	GO:0040013	negative regulation of locomotion	ENSMUSG00000046854	Pip5kl1	IEA
CRE upregulated	GO:0040013	negative regulation of locomotion	ENSMUSG00000001847	Rac1	IEA
CRE upregulated	GO:0040013	negative regulation of locomotion	ENSMUSG00000036057	Ptpn23	IEA
CRE upregulated	GO:0040013	negative regulation of locomotion	ENSMUSG00000004040	ENSMUSG00000004040	IGI
CRE upregulated	GO:0040013	negative regulation of locomotion	ENSMUSG00000024190	Dusp1	IEA
CRE upregulated	GO:0040013	negative regulation of locomotion	ENSMUSG00000035236	Scai	IGI, IEA
CRE upregulated	GO:0040013	negative regulation of locomotion	ENSMUSG00000036894	Rap2b	IDA, IBA, IEA
CRE upregulated	GO:0040013	negative regulation of locomotion	ENSMUSG00000037815	Ctnna1	IMP
CRE upregulated	GO:0040013	negative regulation of locomotion	ENSMUSG00000025340	Rabgef1	IMP
CRE upregulated	GO:0040013	negative regulation of locomotion	ENSMUSG00000004530	ENSMUSG00000004530	IEA
CRE upregulated	GO:0040013	negative regulation of locomotion	ENSMUSG00000039985	Sinhcaf	ISS, IBA, NAS, IEA
CRE upregulated	GO:0040013	negative regulation of locomotion	ENSMUSG00000025351	Cd63	ISO
CRE upregulated	GO:0040013	negative regulation of locomotion	ENSMUSG00000021796	Bmpr1a	IEA
CRE upregulated	GO:0040013	negative regulation of locomotion	ENSMUSG00000001552	ENSMUSG00000001552	IEA
CRE upregulated	GO:0040013	negative regulation of locomotion	ENSMUSG00000002633	Shh	IDA
CRE upregulated	GO:0040013	negative regulation of locomotion	ENSMUSG00000039671	ENSMUSG00000039671	IEA
CRE upregulated	GO:0040013	negative regulation of locomotion	ENSMUSG00000056050	ENSMUSG00000056050	IEA
CRE upregulated	GO:0040013	negative regulation of locomotion	ENSMUSG00000037411	Serpine1	IEA
CRE upregulated	GO:0040013	negative regulation of locomotion	ENSMUSG00000032501	Trib1	IEA
CRE upregulated	GO:0040013	negative regulation of locomotion	ENSMUSG00000036667	ENSMUSG00000036667	IEA
CRE upregulated	GO:0040013	negative regulation of locomotion	ENSMUSG00000015839	Nfe2l2	ISO, IEA
CRE upregulated	GO:0040013	negative regulation of locomotion	ENSMUSG00000053797	ENSMUSG00000053797	IEA
CRE upregulated	GO:0009890	negative regulation of biosynthetic process	ENSMUSG00000026628	Atf3	IDA, IEA
CRE upregulated	GO:0009890	negative regulation of biosynthetic process	ENSMUSG00000036390	Gadd45a	IEA
CRE upregulated	GO:0009890	negative regulation of biosynthetic process	ENSMUSG00000052684	Jun	IDA
CRE upregulated	GO:0009890	negative regulation of biosynthetic process	ENSMUSG00000063632	Sox11	IDA, IMP, IBA, IEA
CRE upregulated	GO:0009890	negative regulation of biosynthetic process	ENSMUSG00000056749	Nfil3	IDA, IEA
CRE upregulated	GO:0009890	negative regulation of biosynthetic process	ENSMUSG00000022895	Ets2	IEA
CRE upregulated	GO:0009890	negative regulation of biosynthetic process	ENSMUSG00000037447	Arid5a	ISS, IEA
CRE upregulated	GO:0009890	negative regulation of biosynthetic process	ENSMUSG00000033902	Mapkbp1	IEA
CRE upregulated	GO:0009890	negative regulation of biosynthetic process	ENSMUSG00000021765	Fst	IEA
CRE upregulated	GO:0009890	negative regulation of biosynthetic process	ENSMUSG00000030256	Bhlhe41	IDA, TAS, IEA
CRE upregulated	GO:0009890	negative regulation of biosynthetic process	ENSMUSG00000025612	Bach1	IDA, ISS, IEA
CRE upregulated	GO:0009890	negative regulation of biosynthetic process	ENSMUSG00000023067	Cdkn1a	IMP, IEA
CRE upregulated	GO:0009890	negative regulation of biosynthetic process	ENSMUSG00000035673	Sbno2	IMP, IBA, IEA
CRE upregulated	GO:0009890	negative regulation of biosynthetic process	ENSMUSG00000068566	Myadm	IEA
CRE upregulated	GO:0009890	negative regulation of biosynthetic process	ENSMUSG00000002250	Ppard	IDA, ISO, IBA, IEA
CRE upregulated	GO:0009890	negative regulation of biosynthetic process	ENSMUSG00000044734	Serpinb1a	IMP, IBA
CRE upregulated	GO:0009890	negative regulation of biosynthetic process	ENSMUSG00000037638	Zbtb42	IDA
CRE upregulated	GO:0009890	negative regulation of biosynthetic process	ENSMUSG00000042507	Mideas	IBA
CRE upregulated	GO:0009890	negative regulation of biosynthetic process	ENSMUSG00000027313	Chac1	ISS, IEA
CRE upregulated	GO:0009890	negative regulation of biosynthetic process	ENSMUSG00000026796	Niban2	IEA
CRE upregulated	GO:0009890	negative regulation of biosynthetic process	ENSMUSG00000027583	Zbtb46	IDA
CRE upregulated	GO:0009890	negative regulation of biosynthetic process	ENSMUSG00000028063	Lmna	IBA
CRE upregulated	GO:0009890	negative regulation of biosynthetic process	ENSMUSG00000026254	Eif4e2	ISS, ISO, IEA
CRE upregulated	GO:0009890	negative regulation of biosynthetic process	ENSMUSG00000030678	Maz	IEA
CRE upregulated	GO:0009890	negative regulation of biosynthetic process	ENSMUSG00000040025	Ythdf2	IMP, IBA, IEA
CRE upregulated	GO:0009890	negative regulation of biosynthetic process	ENSMUSG00000028156	Eif4e	IMP
CRE upregulated	GO:0009890	negative regulation of biosynthetic process	ENSMUSG00000025239	Limd1	ISS, ISO, IEA
CRE upregulated	GO:0009890	negative regulation of biosynthetic process	ENSMUSG00000048490	Nrip1	IDA, IBA, IEA
CRE upregulated	GO:0009890	negative regulation of biosynthetic process	ENSMUSG00000022096	Hr	IDA
CRE upregulated	GO:0009890	negative regulation of biosynthetic process	ENSMUSG00000013089	Etv5	IEA
CRE upregulated	GO:0009890	negative regulation of biosynthetic process	ENSMUSG00000025746	Il6	IDA, IMP, ISO
CRE upregulated	GO:0009890	negative regulation of biosynthetic process	ENSMUSG00000032280	Tle3	IEA
CRE upregulated	GO:0009890	negative regulation of biosynthetic process	ENSMUSG00000055994	Nod2	IDA, IMP
CRE upregulated	GO:0009890	negative regulation of biosynthetic process	ENSMUSG00000020580	Rock2	IEA
CRE upregulated	GO:0009890	negative regulation of biosynthetic process	ENSMUSG00000063889	Crem	IEA
CRE upregulated	GO:0009890	negative regulation of biosynthetic process	ENSMUSG00000027613	Eif6	ISS, IEA
CRE upregulated	GO:0009890	negative regulation of biosynthetic process	ENSMUSG00000042406	Atf4	IMP
CRE upregulated	GO:0009890	negative regulation of biosynthetic process	ENSMUSG00000079049	Serpinb1c	IMP, IBA
CRE upregulated	GO:0009890	negative regulation of biosynthetic process	ENSMUSG00000023079	Gtf2ird1	IEA
CRE upregulated	GO:0009890	negative regulation of biosynthetic process	ENSMUSG00000031628	Casp3	IEA
CRE upregulated	GO:0009890	negative regulation of biosynthetic process	ENSMUSG00000025408	Ddit3	IDA, IMP, IGI, ISS, ISO, IBA, IEA
CRE upregulated	GO:0009890	negative regulation of biosynthetic process	ENSMUSG00000040435	Ppp1r15a	IDA, ISO
CRE upregulated	GO:0009890	negative regulation of biosynthetic process	ENSMUSG00000001847	Rac1	IEA
CRE upregulated	GO:0009890	negative regulation of biosynthetic process	ENSMUSG00000018909	Arrb1	IEA
CRE upregulated	GO:0009890	negative regulation of biosynthetic process	ENSMUSG00000030057	Cnbp	IEA
CRE upregulated	GO:0009890	negative regulation of biosynthetic process	ENSMUSG00000024360	Etf1	IEA
CRE upregulated	GO:0009890	negative regulation of biosynthetic process	ENSMUSG00000008393	Carhsp1	IMP, IBA, IEA
CRE upregulated	GO:0009890	negative regulation of biosynthetic process	ENSMUSG00000015837	Sqstm1	IMP
CRE upregulated	GO:0009890	negative regulation of biosynthetic process	ENSMUSG00000030309	Caprin2	IEA
CRE upregulated	GO:0009890	negative regulation of biosynthetic process	ENSMUSG00000029131	Dnajb6	IDA
CRE upregulated	GO:0009890	negative regulation of biosynthetic process	ENSMUSG00000023087	Noct	IMP, IGI
CRE upregulated	GO:0009890	negative regulation of biosynthetic process	ENSMUSG00000015316	Slamf1	IDA, IEA
CRE upregulated	GO:0009890	negative regulation of biosynthetic process	ENSMUSG00000022346	Myc	IDA, ISO, IEA
CRE upregulated	GO:0009890	negative regulation of biosynthetic process	ENSMUSG00000027954	Efna1	IMP
CRE upregulated	GO:0009890	negative regulation of biosynthetic process	ENSMUSG00000004040	ENSMUSG00000004040	ISO, IEA
CRE upregulated	GO:0009890	negative regulation of biosynthetic process	ENSMUSG00000061589	Dot1l	IEA
CRE upregulated	GO:0009890	negative regulation of biosynthetic process	ENSMUSG00000018143	Mafk	IEA
CRE upregulated	GO:0009890	negative regulation of biosynthetic process	ENSMUSG00000029826	Zc3hav1	ISS, ISO, IBA, IEA
CRE upregulated	GO:0009890	negative regulation of biosynthetic process	ENSMUSG00000024190	Dusp1	ISO
CRE upregulated	GO:0009890	negative regulation of biosynthetic process	ENSMUSG00000035236	Scai	IEA
CRE upregulated	GO:0009890	negative regulation of biosynthetic process	ENSMUSG00000020358	Hnrnpab	IGI, ISO, IEA
CRE upregulated	GO:0009890	negative regulation of biosynthetic process	ENSMUSG00000024803	Ankrd1	ISO, IEA
CRE upregulated	GO:0009890	negative regulation of biosynthetic process	ENSMUSG00000023915	Tnfrsf21	IMP
CRE upregulated	GO:0009890	negative regulation of biosynthetic process	ENSMUSG00000024927	Rela	IDA, IEA
CRE upregulated	GO:0009890	negative regulation of biosynthetic process	ENSMUSG00000003435	ENSMUSG00000003435	IEA
CRE upregulated	GO:0009890	negative regulation of biosynthetic process	ENSMUSG00000024238	Zeb1	IDA, IMP, ISS, ISO, IEA
CRE upregulated	GO:0009890	negative regulation of biosynthetic process	ENSMUSG00000028893	Sesn2	IMP, IEA
CRE upregulated	GO:0009890	negative regulation of biosynthetic process	ENSMUSG00000024947	Men1	IDA, ISO, IEA
CRE upregulated	GO:0009890	negative regulation of biosynthetic process	ENSMUSG00000040433	Zbtb38	IEA
CRE upregulated	GO:0009890	negative regulation of biosynthetic process	ENSMUSG00000044453	Ffar1	IEA
CRE upregulated	GO:0009890	negative regulation of biosynthetic process	ENSMUSG00000032715	Trib3	IMP, ISS, IEA
CRE upregulated	GO:0009890	negative regulation of biosynthetic process	ENSMUSG00000048047	Zbtb33	ISS, IBA, IEA
CRE upregulated	GO:0009890	negative regulation of biosynthetic process	ENSMUSG00000071637	Cebpd	IDA
CRE upregulated	GO:0009890	negative regulation of biosynthetic process	ENSMUSG00000031668	ENSMUSG00000031668	IEA
CRE upregulated	GO:0009890	negative regulation of biosynthetic process	ENSMUSG00000053175	Bcl3	IMP, IEA
CRE upregulated	GO:0009890	negative regulation of biosynthetic process	ENSMUSG00000068739	ENSMUSG00000068739	ISS, IEA
CRE upregulated	GO:0009890	negative regulation of biosynthetic process	ENSMUSG00000030199	Etv6	IEA
CRE upregulated	GO:0009890	negative regulation of biosynthetic process	ENSMUSG00000040857	Erf	IEA
CRE upregulated	GO:0009890	negative regulation of biosynthetic process	ENSMUSG00000025340	Rabgef1	IMP
CRE upregulated	GO:0009890	negative regulation of biosynthetic process	ENSMUSG00000039108	ENSMUSG00000039108	IMP
CRE upregulated	GO:0009890	negative regulation of biosynthetic process	ENSMUSG00000036180	ENSMUSG00000036180	ISS, IBA, NAS, IEA
CRE upregulated	GO:0009890	negative regulation of biosynthetic process	ENSMUSG00000011877	Git1	IMP
CRE upregulated	GO:0009890	negative regulation of biosynthetic process	ENSMUSG00000039985	Sinhcaf	NAS
CRE upregulated	GO:0009890	negative regulation of biosynthetic process	ENSMUSG00000047281	ENSMUSG00000047281	IDA
CRE upregulated	GO:0009890	negative regulation of biosynthetic process	ENSMUSG00000021796	Bmpr1a	IMP
CRE upregulated	GO:0009890	negative regulation of biosynthetic process	ENSMUSG00000019842	ENSMUSG00000019842	IDA, IMP
CRE upregulated	GO:0009890	negative regulation of biosynthetic process	ENSMUSG00000034543	ENSMUSG00000034543	IMP, ISS
CRE upregulated	GO:0009890	negative regulation of biosynthetic process	ENSMUSG00000045763	ENSMUSG00000045763	ISS, IBA, IEA
CRE upregulated	GO:0009890	negative regulation of biosynthetic process	ENSMUSG00000109336	ENSMUSG00000109336	IEA
CRE upregulated	GO:0009890	negative regulation of biosynthetic process	ENSMUSG00000039191	Rbpj	IDA, IMP, IEA
CRE upregulated	GO:0009890	negative regulation of biosynthetic process	ENSMUSG00000046962	ENSMUSG00000046962	IBA, IEA
CRE upregulated	GO:0009890	negative regulation of biosynthetic process	ENSMUSG00000051316	Taf7	IEA
CRE upregulated	GO:0009890	negative regulation of biosynthetic process	ENSMUSG00000040010	Slc7a5	IEA
CRE upregulated	GO:0009890	negative regulation of biosynthetic process	ENSMUSG00000040463	ENSMUSG00000040463	IDA
CRE upregulated	GO:0009890	negative regulation of biosynthetic process	ENSMUSG00000004099	ENSMUSG00000004099	IDA, IMP, ISO, IBA, IEA
CRE upregulated	GO:0009890	negative regulation of biosynthetic process	ENSMUSG00000023952	ENSMUSG00000023952	IMP
CRE upregulated	GO:0009890	negative regulation of biosynthetic process	ENSMUSG00000020594	ENSMUSG00000020594	ISS, ISO, IBA, IEA
CRE upregulated	GO:0009890	negative regulation of biosynthetic process	ENSMUSG00000000787	ENSMUSG00000000787	IDA, IMP, ISS, IBA
CRE upregulated	GO:0009890	negative regulation of biosynthetic process	ENSMUSG00000008730	Hipk1	ISS
CRE upregulated	GO:0009890	negative regulation of biosynthetic process	ENSMUSG00000059288	ENSMUSG00000059288	IDA, IEA
CRE upregulated	GO:0009890	negative regulation of biosynthetic process	ENSMUSG00000038676	Ucn	ISO, IEA
CRE upregulated	GO:0009890	negative regulation of biosynthetic process	ENSMUSG00000032508	Myd88	IEA
CRE upregulated	GO:0009890	negative regulation of biosynthetic process	ENSMUSG00000021072	Tmx1	ISS, IEA
CRE upregulated	GO:0009890	negative regulation of biosynthetic process	ENSMUSG00000002633	Shh	IDA, IMP
CRE upregulated	GO:0009890	negative regulation of biosynthetic process	ENSMUSG00000028680	ENSMUSG00000028680	IEA
CRE upregulated	GO:0009890	negative regulation of biosynthetic process	ENSMUSG00000025198	ENSMUSG00000025198	IEA
CRE upregulated	GO:0009890	negative regulation of biosynthetic process	ENSMUSG00000039671	ENSMUSG00000039671	IEA
CRE upregulated	GO:0009890	negative regulation of biosynthetic process	ENSMUSG00000028291	ENSMUSG00000028291	ISO, IEA
CRE upregulated	GO:0009890	negative regulation of biosynthetic process	ENSMUSG00000037411	Serpine1	IEA
CRE upregulated	GO:0009890	negative regulation of biosynthetic process	ENSMUSG00000078676	ENSMUSG00000078676	ISS, ISO, IEA
CRE upregulated	GO:0009890	negative regulation of biosynthetic process	ENSMUSG00000028382	ENSMUSG00000028382	IMP, IEA
CRE upregulated	GO:0009890	negative regulation of biosynthetic process	ENSMUSG00000037465	Klf10	IDA
CRE upregulated	GO:0009890	negative regulation of biosynthetic process	ENSMUSG00000019843	ENSMUSG00000019843	IMP, ISO
CRE upregulated	GO:0009890	negative regulation of biosynthetic process	ENSMUSG00000027646	ENSMUSG00000027646	ISO, IEA
CRE upregulated	GO:0009890	negative regulation of biosynthetic process	ENSMUSG00000020680	ENSMUSG00000020680	ISO, IEA
CRE upregulated	GO:0009890	negative regulation of biosynthetic process	ENSMUSG00000033991	ENSMUSG00000033991	ISS, IBA, IEA
CRE upregulated	GO:0009890	negative regulation of biosynthetic process	ENSMUSG00000004698	ENSMUSG00000004698	IEA
CRE upregulated	GO:0009890	negative regulation of biosynthetic process	ENSMUSG00000042197	ENSMUSG00000042197	ISS, IBA, IEA
CRE upregulated	GO:0009890	negative regulation of biosynthetic process	ENSMUSG00000031073	Fgf15	IGI
CRE upregulated	GO:0009890	negative regulation of biosynthetic process	ENSMUSG00000027433	ENSMUSG00000027433	IBA
CRE upregulated	GO:0009890	negative regulation of biosynthetic process	ENSMUSG00000029475	ENSMUSG00000029475	IDA, IMP
CRE upregulated	GO:0072594	establishment of protein localization to organelle	ENSMUSG00000023067	Cdkn1a	IMP
CRE upregulated	GO:0072594	establishment of protein localization to organelle	ENSMUSG00000034300	Fam53c	IBA
CRE upregulated	GO:0072594	establishment of protein localization to organelle	ENSMUSG00000032939	Nup93	IBA
CRE upregulated	GO:0072594	establishment of protein localization to organelle	ENSMUSG00000005069	Pex5	IMP, ISS, IBA, TAS, IEA
CRE upregulated	GO:0072594	establishment of protein localization to organelle	ENSMUSG00000028063	Lmna	IMP
CRE upregulated	GO:0072594	establishment of protein localization to organelle	ENSMUSG00000053436	Mapk14	IMP
CRE upregulated	GO:0072594	establishment of protein localization to organelle	ENSMUSG00000018362	Kpna2	IDA, ISS, IBA, IEA
CRE upregulated	GO:0072594	establishment of protein localization to organelle	ENSMUSG00000025746	Il6	ISO
CRE upregulated	GO:0072594	establishment of protein localization to organelle	ENSMUSG00000037062	Sh3glb1	IMP
CRE upregulated	GO:0072594	establishment of protein localization to organelle	ENSMUSG00000007458	M6pr	IBA, IEA
CRE upregulated	GO:0072594	establishment of protein localization to organelle	ENSMUSG00000025408	Ddit3	IDA
CRE upregulated	GO:0072594	establishment of protein localization to organelle	ENSMUSG00000032078	Zpr1	IMP, ISS, IBA, IEA
CRE upregulated	GO:0072594	establishment of protein localization to organelle	ENSMUSG00000024521	Pmaip1	IMP
CRE upregulated	GO:0072594	establishment of protein localization to organelle	ENSMUSG00000004768	Rab23	IEA
CRE upregulated	GO:0072594	establishment of protein localization to organelle	ENSMUSG00000015837	Sqstm1	IDA, IMP, ISS, IEA
CRE upregulated	GO:0072594	establishment of protein localization to organelle	ENSMUSG00000036057	Ptpn23	IBA
CRE upregulated	GO:0072594	establishment of protein localization to organelle	ENSMUSG00000024789	Jak2	ISO, IEA
CRE upregulated	GO:0072594	establishment of protein localization to organelle	ENSMUSG00000004040	ENSMUSG00000004040	ISS, IEA
CRE upregulated	GO:0072594	establishment of protein localization to organelle	ENSMUSG00000109511	Nup62	ISO, IBA, IEA
CRE upregulated	GO:0072594	establishment of protein localization to organelle	ENSMUSG00000025793	ENSMUSG00000025793	IEA
CRE upregulated	GO:0072594	establishment of protein localization to organelle	ENSMUSG00000026718	ENSMUSG00000026718	IBA
CRE upregulated	GO:0072594	establishment of protein localization to organelle	ENSMUSG00000042743	Sgtb	IBA
CRE upregulated	GO:0072594	establishment of protein localization to organelle	ENSMUSG00000053175	Bcl3	IEA
CRE upregulated	GO:0072594	establishment of protein localization to organelle	ENSMUSG00000030662	ENSMUSG00000030662	IDA, IMP, IBA, IEA
CRE upregulated	GO:0072594	establishment of protein localization to organelle	ENSMUSG00000019842	ENSMUSG00000019842	IDA
CRE upregulated	GO:0072594	establishment of protein localization to organelle	ENSMUSG00000016534	ENSMUSG00000016534	IMP, ISO, IBA, IEA
CRE upregulated	GO:0072594	establishment of protein localization to organelle	ENSMUSG00000001552	ENSMUSG00000001552	IEA
CRE upregulated	GO:0072594	establishment of protein localization to organelle	ENSMUSG00000020671	ENSMUSG00000020671	ISS, IEA
CRE upregulated	GO:0072594	establishment of protein localization to organelle	ENSMUSG00000008859	ENSMUSG00000008859	ISS, IEA
CRE upregulated	GO:0072594	establishment of protein localization to organelle	ENSMUSG00000038467	ENSMUSG00000038467	IEA
CRE upregulated	GO:0072594	establishment of protein localization to organelle	ENSMUSG00000026864	ENSMUSG00000026864	ISS, IEA
CRE upregulated	GO:0072594	establishment of protein localization to organelle	ENSMUSG00000002633	Shh	IGI
CRE upregulated	GO:0072594	establishment of protein localization to organelle	ENSMUSG00000053581	ENSMUSG00000053581	IBA
CRE upregulated	GO:0072594	establishment of protein localization to organelle	ENSMUSG00000028291	ENSMUSG00000028291	ISS, IEA
CRE upregulated	GO:0010563	negative regulation of phosphorus metabolic process	ENSMUSG00000036390	Gadd45a	IMP, IEA
CRE upregulated	GO:0010563	negative regulation of phosphorus metabolic process	ENSMUSG00000052684	Jun	IMP
CRE upregulated	GO:0010563	negative regulation of phosphorus metabolic process	ENSMUSG00000004951	Hspb1	IDA
CRE upregulated	GO:0010563	negative regulation of phosphorus metabolic process	ENSMUSG00000019876	Pkib	IEA
CRE upregulated	GO:0010563	negative regulation of phosphorus metabolic process	ENSMUSG00000020427	Igfbp3	ISO, IEA
CRE upregulated	GO:0010563	negative regulation of phosphorus metabolic process	ENSMUSG00000023067	Cdkn1a	IMP
CRE upregulated	GO:0010563	negative regulation of phosphorus metabolic process	ENSMUSG00000030681	Mvp	IEA
CRE upregulated	GO:0010563	negative regulation of phosphorus metabolic process	ENSMUSG00000021070	Bdkrb2	IMP
CRE upregulated	GO:0010563	negative regulation of phosphorus metabolic process	ENSMUSG00000038894	Irs2	IMP
CRE upregulated	GO:0010563	negative regulation of phosphorus metabolic process	ENSMUSG00000027540	Ptpn1	IGI
CRE upregulated	GO:0010563	negative regulation of phosphorus metabolic process	ENSMUSG00000046854	Pip5kl1	IEA
CRE upregulated	GO:0010563	negative regulation of phosphorus metabolic process	ENSMUSG00000040435	Ppp1r15a	ISO
CRE upregulated	GO:0010563	negative regulation of phosphorus metabolic process	ENSMUSG00000018909	Arrb1	ISO
CRE upregulated	GO:0010563	negative regulation of phosphorus metabolic process	ENSMUSG00000053113	Socs3	IEA
CRE upregulated	GO:0010563	negative regulation of phosphorus metabolic process	ENSMUSG00000004040	ENSMUSG00000004040	IMP
CRE upregulated	GO:0010563	negative regulation of phosphorus metabolic process	ENSMUSG00000109511	Nup62	IMP
CRE upregulated	GO:0010563	negative regulation of phosphorus metabolic process	ENSMUSG00000024190	Dusp1	ISS
CRE upregulated	GO:0010563	negative regulation of phosphorus metabolic process	ENSMUSG00000030223	ENSMUSG00000030223	IDA
CRE upregulated	GO:0010563	negative regulation of phosphorus metabolic process	ENSMUSG00000024947	Men1	IEA
CRE upregulated	GO:0010563	negative regulation of phosphorus metabolic process	ENSMUSG00000029071	ENSMUSG00000029071	IGI
CRE upregulated	GO:0010563	negative regulation of phosphorus metabolic process	ENSMUSG00000032715	Trib3	IDA
CRE upregulated	GO:0010563	negative regulation of phosphorus metabolic process	ENSMUSG00000020349	ENSMUSG00000020349	IMP
CRE upregulated	GO:0010563	negative regulation of phosphorus metabolic process	ENSMUSG00000025340	Rabgef1	IMP
CRE upregulated	GO:0010563	negative regulation of phosphorus metabolic process	ENSMUSG00000004530	ENSMUSG00000004530	IEA
CRE upregulated	GO:0010563	negative regulation of phosphorus metabolic process	ENSMUSG00000011877	Git1	IMP
CRE upregulated	GO:0010563	negative regulation of phosphorus metabolic process	ENSMUSG00000003541	ENSMUSG00000003541	IMP
CRE upregulated	GO:0045936	negative regulation of phosphate metabolic process	ENSMUSG00000036390	Gadd45a	IMP, IEA
CRE upregulated	GO:0045936	negative regulation of phosphate metabolic process	ENSMUSG00000052684	Jun	IMP
CRE upregulated	GO:0045936	negative regulation of phosphate metabolic process	ENSMUSG00000004951	Hspb1	IDA
CRE upregulated	GO:0045936	negative regulation of phosphate metabolic process	ENSMUSG00000019876	Pkib	IEA
CRE upregulated	GO:0045936	negative regulation of phosphate metabolic process	ENSMUSG00000020427	Igfbp3	ISO, IEA
CRE upregulated	GO:0045936	negative regulation of phosphate metabolic process	ENSMUSG00000023067	Cdkn1a	IMP
CRE upregulated	GO:0045936	negative regulation of phosphate metabolic process	ENSMUSG00000030681	Mvp	IEA
CRE upregulated	GO:0045936	negative regulation of phosphate metabolic process	ENSMUSG00000021070	Bdkrb2	IMP
CRE upregulated	GO:0045936	negative regulation of phosphate metabolic process	ENSMUSG00000038894	Irs2	IMP
CRE upregulated	GO:0045936	negative regulation of phosphate metabolic process	ENSMUSG00000027540	Ptpn1	IGI
CRE upregulated	GO:0045936	negative regulation of phosphate metabolic process	ENSMUSG00000046854	Pip5kl1	IEA
CRE upregulated	GO:0045936	negative regulation of phosphate metabolic process	ENSMUSG00000040435	Ppp1r15a	ISO
CRE upregulated	GO:0045936	negative regulation of phosphate metabolic process	ENSMUSG00000018909	Arrb1	ISO
CRE upregulated	GO:0045936	negative regulation of phosphate metabolic process	ENSMUSG00000053113	Socs3	IEA
CRE upregulated	GO:0045936	negative regulation of phosphate metabolic process	ENSMUSG00000004040	ENSMUSG00000004040	IMP
CRE upregulated	GO:0045936	negative regulation of phosphate metabolic process	ENSMUSG00000109511	Nup62	IMP
CRE upregulated	GO:0045936	negative regulation of phosphate metabolic process	ENSMUSG00000024190	Dusp1	ISS
CRE upregulated	GO:0045936	negative regulation of phosphate metabolic process	ENSMUSG00000030223	ENSMUSG00000030223	IDA
CRE upregulated	GO:0045936	negative regulation of phosphate metabolic process	ENSMUSG00000024947	Men1	IEA
CRE upregulated	GO:0045936	negative regulation of phosphate metabolic process	ENSMUSG00000029071	ENSMUSG00000029071	IGI
CRE upregulated	GO:0045936	negative regulation of phosphate metabolic process	ENSMUSG00000032715	Trib3	IDA
CRE upregulated	GO:0045936	negative regulation of phosphate metabolic process	ENSMUSG00000020349	ENSMUSG00000020349	IMP
CRE upregulated	GO:0045936	negative regulation of phosphate metabolic process	ENSMUSG00000025340	Rabgef1	IMP
CRE upregulated	GO:0045936	negative regulation of phosphate metabolic process	ENSMUSG00000004530	ENSMUSG00000004530	IEA
CRE upregulated	GO:0045936	negative regulation of phosphate metabolic process	ENSMUSG00000011877	Git1	IMP
CRE upregulated	GO:0045936	negative regulation of phosphate metabolic process	ENSMUSG00000003541	ENSMUSG00000003541	IMP
CRE upregulated	GO:0001819	positive regulation of cytokine production	ENSMUSG00000004951	Hspb1	IDA
CRE upregulated	GO:0001819	positive regulation of cytokine production	ENSMUSG00000025473	Adam8	IMP
CRE upregulated	GO:0001819	positive regulation of cytokine production	ENSMUSG00000037447	Arid5a	IMP
CRE upregulated	GO:0001819	positive regulation of cytokine production	ENSMUSG00000030748	Il4ra	IMP
CRE upregulated	GO:0001819	positive regulation of cytokine production	ENSMUSG00000024404	Riok3	IEA
CRE upregulated	GO:0001819	positive regulation of cytokine production	ENSMUSG00000026670	Uap1	IEA
CRE upregulated	GO:0001819	positive regulation of cytokine production	ENSMUSG00000024256	Adcyap1	ISO, IEA
CRE upregulated	GO:0001819	positive regulation of cytokine production	ENSMUSG00000022661	Cd200	IEA
CRE upregulated	GO:0001819	positive regulation of cytokine production	ENSMUSG00000053436	Mapk14	IEA
CRE upregulated	GO:0001819	positive regulation of cytokine production	ENSMUSG00000011008	Mcoln2	IMP
CRE upregulated	GO:0001819	positive regulation of cytokine production	ENSMUSG00000025746	Il6	IDA, IMP
CRE upregulated	GO:0001819	positive regulation of cytokine production	ENSMUSG00000055994	Nod2	IDA, IMP, IGI, ISS, ISO, IEA
CRE upregulated	GO:0001819	positive regulation of cytokine production	ENSMUSG00000042406	Atf4	IEA
CRE upregulated	GO:0001819	positive regulation of cytokine production	ENSMUSG00000025408	Ddit3	IEA
CRE upregulated	GO:0001819	positive regulation of cytokine production	ENSMUSG00000024349	Sting1	IDA, IMP, ISS, ISO, IBA, IEA
CRE upregulated	GO:0001819	positive regulation of cytokine production	ENSMUSG00000015316	Slamf1	IDA, IBA
CRE upregulated	GO:0001819	positive regulation of cytokine production	ENSMUSG00000026072	Il1r1	ISS, IEA
CRE upregulated	GO:0001819	positive regulation of cytokine production	ENSMUSG00000024789	Jak2	IDA, IGI, ISS, ISO, NAS, IEA
CRE upregulated	GO:0001819	positive regulation of cytokine production	ENSMUSG00000004040	ENSMUSG00000004040	ISO, IEA
CRE upregulated	GO:0001819	positive regulation of cytokine production	ENSMUSG00000020395	Itk	IMP
CRE upregulated	GO:0001819	positive regulation of cytokine production	ENSMUSG00000029826	Zc3hav1	IDA, IBA
CRE upregulated	GO:0001819	positive regulation of cytokine production	ENSMUSG00000031934	ENSMUSG00000031934	IMP, IEA
CRE upregulated	GO:0001819	positive regulation of cytokine production	ENSMUSG00000024927	Rela	IDA, IEA
CRE upregulated	GO:0001819	positive regulation of cytokine production	ENSMUSG00000031668	ENSMUSG00000031668	IEA
CRE upregulated	GO:0001819	positive regulation of cytokine production	ENSMUSG00000053175	Bcl3	IMP
CRE upregulated	GO:0001819	positive regulation of cytokine production	ENSMUSG00000021796	Bmpr1a	IMP
CRE upregulated	GO:0001819	positive regulation of cytokine production	ENSMUSG00000037860	Aim2	IDA, IMP, IGI, ISO, IEA
CRE upregulated	GO:0001819	positive regulation of cytokine production	ENSMUSG00000040010	Slc7a5	IEA
CRE upregulated	GO:0001819	positive regulation of cytokine production	ENSMUSG00000000787	ENSMUSG00000000787	ISS
CRE upregulated	GO:0001819	positive regulation of cytokine production	ENSMUSG00000022948	Setd4	IDA
CRE upregulated	GO:0001819	positive regulation of cytokine production	ENSMUSG00000038676	Ucn	ISO, IEA
CRE upregulated	GO:0001819	positive regulation of cytokine production	ENSMUSG00000032508	Myd88	IMP, IGI, ISS, IEA
CRE upregulated	GO:0001819	positive regulation of cytokine production	ENSMUSG00000028291	ENSMUSG00000028291	IDA, IMP
CRE upregulated	GO:0001819	positive regulation of cytokine production	ENSMUSG00000037411	Serpine1	IEA
CRE upregulated	GO:0001819	positive regulation of cytokine production	ENSMUSG00000027646	ENSMUSG00000027646	ISO, IEA
CRE upregulated	GO:0007155	cell adhesion	ENSMUSG00000051379	Flrt3	IDA, IMP, IEA
CRE upregulated	GO:0007155	cell adhesion	ENSMUSG00000019647	Sema6a	IEA
CRE upregulated	GO:0007155	cell adhesion	ENSMUSG00000046223	Plaur	ISO, IEA
CRE upregulated	GO:0007155	cell adhesion	ENSMUSG00000004951	Hspb1	ISO
CRE upregulated	GO:0007155	cell adhesion	ENSMUSG00000025473	Adam8	IDA, ISS, IBA, TAS, NAS, IEA
CRE upregulated	GO:0007155	cell adhesion	ENSMUSG00000030748	Il4ra	IGI
CRE upregulated	GO:0007155	cell adhesion	ENSMUSG00000023905	Tnfrsf12a	IDA, IEA
CRE upregulated	GO:0007155	cell adhesion	ENSMUSG00000025348	Itga7	IEA
CRE upregulated	GO:0007155	cell adhesion	ENSMUSG00000037705	Tecta	IEA
CRE upregulated	GO:0007155	cell adhesion	ENSMUSG00000014599	Csf1	IGI
CRE upregulated	GO:0007155	cell adhesion	ENSMUSG00000006304	Arpc2	IMP
CRE upregulated	GO:0007155	cell adhesion	ENSMUSG00000033060	Lmo7	IEA
CRE upregulated	GO:0007155	cell adhesion	ENSMUSG00000005087	Cd44	IEA
CRE upregulated	GO:0007155	cell adhesion	ENSMUSG00000026836	Acvr1	IMP
CRE upregulated	GO:0007155	cell adhesion	ENSMUSG00000068566	Myadm	IBA, IEA
CRE upregulated	GO:0007155	cell adhesion	ENSMUSG00000002250	Ppard	IMP
CRE upregulated	GO:0007155	cell adhesion	ENSMUSG00000054855	Rnd1	IEA
CRE upregulated	GO:0007155	cell adhesion	ENSMUSG00000027540	Ptpn1	IEA
CRE upregulated	GO:0007155	cell adhesion	ENSMUSG00000022661	Cd200	IEA
CRE upregulated	GO:0007155	cell adhesion	ENSMUSG00000040511	Pvr	IDA, IBA
CRE upregulated	GO:0007155	cell adhesion	ENSMUSG00000053436	Mapk14	EXP, IDA, IMP, IEP
CRE upregulated	GO:0007155	cell adhesion	ENSMUSG00000025809	Itgb1	IMP, IGI, ISS, ISO, IBA, NAS, IEA
CRE upregulated	GO:0007155	cell adhesion	ENSMUSG00000040025	Ythdf2	IMP, ISS
CRE upregulated	GO:0007155	cell adhesion	ENSMUSG00000022272	Myo10	IGI
CRE upregulated	GO:0007155	cell adhesion	ENSMUSG00000025746	Il6	IDA
CRE upregulated	GO:0007155	cell adhesion	ENSMUSG00000032231	Anxa2	IMP
CRE upregulated	GO:0007155	cell adhesion	ENSMUSG00000031078	Cttn	ISS, ISO
CRE upregulated	GO:0007155	cell adhesion	ENSMUSG00000022607	Ptk2	ISS, ISO, IBA
CRE upregulated	GO:0007155	cell adhesion	ENSMUSG00000020838	Slc6a4	IMP
CRE upregulated	GO:0007155	cell adhesion	ENSMUSG00000001507	Itga3	IDA, IMP, ISO, IBA, IEA
CRE upregulated	GO:0007155	cell adhesion	ENSMUSG00000031628	Casp3	IMP
CRE upregulated	GO:0007155	cell adhesion	ENSMUSG00000001847	Rac1	IDA, IMP, IEA
CRE upregulated	GO:0007155	cell adhesion	ENSMUSG00000030077	Chl1	IEA
CRE upregulated	GO:0007155	cell adhesion	ENSMUSG00000000134	Tfe3	ISS, IEA
CRE upregulated	GO:0007155	cell adhesion	ENSMUSG00000002980	ENSMUSG00000002980	IDA, IEA
CRE upregulated	GO:0007155	cell adhesion	ENSMUSG00000029131	Dnajb6	IMP
CRE upregulated	GO:0007155	cell adhesion	ENSMUSG00000031955	Bcar1	ISO, IEA
CRE upregulated	GO:0007155	cell adhesion	ENSMUSG00000036057	Ptpn23	IEA
CRE upregulated	GO:0007155	cell adhesion	ENSMUSG00000015316	Slamf1	IDA, IEA
CRE upregulated	GO:0007155	cell adhesion	ENSMUSG00000029765	Plxna4	IBA
CRE upregulated	GO:0007155	cell adhesion	ENSMUSG00000027954	Efna1	IEA
CRE upregulated	GO:0007155	cell adhesion	ENSMUSG00000024789	Jak2	IDA, ISS, ISO, NAS, IEA
CRE upregulated	GO:0007155	cell adhesion	ENSMUSG00000029860	Zyx	IMP, IEA
CRE upregulated	GO:0007155	cell adhesion	ENSMUSG00000050335	Lgals3	IEA
CRE upregulated	GO:0007155	cell adhesion	ENSMUSG00000024190	Dusp1	IEA
CRE upregulated	GO:0007155	cell adhesion	ENSMUSG00000021360	ENSMUSG00000021360	IEA
CRE upregulated	GO:0007155	cell adhesion	ENSMUSG00000023915	Tnfrsf21	IMP, IBA
CRE upregulated	GO:0007155	cell adhesion	ENSMUSG00000024927	Rela	IEA
CRE upregulated	GO:0007155	cell adhesion	ENSMUSG00000038591	Colec10	NAS
CRE upregulated	GO:0007155	cell adhesion	ENSMUSG00000024947	Men1	ISO
CRE upregulated	GO:0007155	cell adhesion	ENSMUSG00000036894	Rap2b	IEA
CRE upregulated	GO:0007155	cell adhesion	ENSMUSG00000024335	Brd2	IDA, IEA
CRE upregulated	GO:0007155	cell adhesion	ENSMUSG00000025485	ENSMUSG00000025485	IMP
CRE upregulated	GO:0007155	cell adhesion	ENSMUSG00000037815	Ctnna1	IMP, IBA, IEA
CRE upregulated	GO:0007155	cell adhesion	ENSMUSG00000033350	Chst2	IMP
CRE upregulated	GO:0007155	cell adhesion	ENSMUSG00000004530	ENSMUSG00000004530	IEA
CRE upregulated	GO:0007155	cell adhesion	ENSMUSG00000025060	ENSMUSG00000025060	ISS, IEA
CRE upregulated	GO:0007155	cell adhesion	ENSMUSG00000047281	ENSMUSG00000047281	ISS, IEA
CRE upregulated	GO:0007155	cell adhesion	ENSMUSG00000025351	Cd63	ISS, ISO, IEA
CRE upregulated	GO:0007155	cell adhesion	ENSMUSG00000028434	Epb41l4b	IEA
CRE upregulated	GO:0007155	cell adhesion	ENSMUSG00000039191	Rbpj	IMP
CRE upregulated	GO:0007155	cell adhesion	ENSMUSG00000022656	ENSMUSG00000022656	IDA, IBA, IEA
CRE upregulated	GO:0007155	cell adhesion	ENSMUSG00000039844	ENSMUSG00000039844	IMP
CRE upregulated	GO:0007155	cell adhesion	ENSMUSG00000035725	ENSMUSG00000035725	IMP, ISS, IEA
CRE upregulated	GO:0007155	cell adhesion	ENSMUSG00000001552	ENSMUSG00000001552	IDA, IMP, IBA, IEA
CRE upregulated	GO:0007155	cell adhesion	ENSMUSG00000011256	ENSMUSG00000011256	ISS
CRE upregulated	GO:0007155	cell adhesion	ENSMUSG00000021072	Tmx1	IMP, IEA
CRE upregulated	GO:0007155	cell adhesion	ENSMUSG00000002633	Shh	IMP
CRE upregulated	GO:0007155	cell adhesion	ENSMUSG00000032462	ENSMUSG00000032462	IMP, ISO, IEA
CRE upregulated	GO:0007155	cell adhesion	ENSMUSG00000056050	ENSMUSG00000056050	IEA
CRE upregulated	GO:0007155	cell adhesion	ENSMUSG00000048027	ENSMUSG00000048027	IDA
CRE upregulated	GO:0007155	cell adhesion	ENSMUSG00000037411	Serpine1	IEA
CRE upregulated	GO:0007155	cell adhesion	ENSMUSG00000020340	ENSMUSG00000020340	ISS, IEA
CRE upregulated	GO:0007155	cell adhesion	ENSMUSG00000027646	ENSMUSG00000027646	IDA, ISO, IBA, IEA
CRE upregulated	GO:0007155	cell adhesion	ENSMUSG00000055976	Cldn23	ISS, IBA
CRE upregulated	GO:0048646	anatomical structure formation involved in morphogenesis	ENSMUSG00000036390	Gadd45a	IMP
CRE upregulated	GO:0048646	anatomical structure formation involved in morphogenesis	ENSMUSG00000052684	Jun	IMP, ISO
CRE upregulated	GO:0048646	anatomical structure formation involved in morphogenesis	ENSMUSG00000063632	Sox11	IMP
CRE upregulated	GO:0048646	anatomical structure formation involved in morphogenesis	ENSMUSG00000019647	Sema6a	IEA
CRE upregulated	GO:0048646	anatomical structure formation involved in morphogenesis	ENSMUSG00000004951	Hspb1	IEA
CRE upregulated	GO:0048646	anatomical structure formation involved in morphogenesis	ENSMUSG00000025473	Adam8	IDA, TAS
CRE upregulated	GO:0048646	anatomical structure formation involved in morphogenesis	ENSMUSG00000022895	Ets2	IMP, IGI
CRE upregulated	GO:0048646	anatomical structure formation involved in morphogenesis	ENSMUSG00000030748	Il4ra	IMP
CRE upregulated	GO:0048646	anatomical structure formation involved in morphogenesis	ENSMUSG00000023905	Tnfrsf12a	IDA, IEA
CRE upregulated	GO:0048646	anatomical structure formation involved in morphogenesis	ENSMUSG00000025348	Itga7	IEA
CRE upregulated	GO:0048646	anatomical structure formation involved in morphogenesis	ENSMUSG00000040151	Hs2st1	IMP
CRE upregulated	GO:0048646	anatomical structure formation involved in morphogenesis	ENSMUSG00000038650	Rnh1	IBA, IEA
CRE upregulated	GO:0048646	anatomical structure formation involved in morphogenesis	ENSMUSG00000030272	Camk1	IEA
CRE upregulated	GO:0048646	anatomical structure formation involved in morphogenesis	ENSMUSG00000031681	Smad1	IGI, IEA
CRE upregulated	GO:0048646	anatomical structure formation involved in morphogenesis	ENSMUSG00000035673	Sbno2	IMP
CRE upregulated	GO:0048646	anatomical structure formation involved in morphogenesis	ENSMUSG00000026836	Acvr1	IMP
CRE upregulated	GO:0048646	anatomical structure formation involved in morphogenesis	ENSMUSG00000015745	Plekho1	IDA, IMP, IBA
CRE upregulated	GO:0048646	anatomical structure formation involved in morphogenesis	ENSMUSG00000027198	Ext2	IMP
CRE upregulated	GO:0048646	anatomical structure formation involved in morphogenesis	ENSMUSG00000037568	Vash2	IMP, ISO, IBA, IEA
CRE upregulated	GO:0048646	anatomical structure formation involved in morphogenesis	ENSMUSG00000063506	Arhgap22	IEA
CRE upregulated	GO:0048646	anatomical structure formation involved in morphogenesis	ENSMUSG00000053436	Mapk14	IMP
CRE upregulated	GO:0048646	anatomical structure formation involved in morphogenesis	ENSMUSG00000025809	Itgb1	IMP, ISS, IEA
CRE upregulated	GO:0048646	anatomical structure formation involved in morphogenesis	ENSMUSG00000032231	Anxa2	IMP, IEA
CRE upregulated	GO:0048646	anatomical structure formation involved in morphogenesis	ENSMUSG00000022607	Ptk2	IMP, IEA
CRE upregulated	GO:0048646	anatomical structure formation involved in morphogenesis	ENSMUSG00000024014	Pim1	IEA
CRE upregulated	GO:0048646	anatomical structure formation involved in morphogenesis	ENSMUSG00000024772	Ehd1	IMP
CRE upregulated	GO:0048646	anatomical structure formation involved in morphogenesis	ENSMUSG00000020580	Rock2	IEA
CRE upregulated	GO:0048646	anatomical structure formation involved in morphogenesis	ENSMUSG00000059923	Grb2	IMP
CRE upregulated	GO:0048646	anatomical structure formation involved in morphogenesis	ENSMUSG00000001507	Itga3	IEA
CRE upregulated	GO:0048646	anatomical structure formation involved in morphogenesis	ENSMUSG00000031628	Casp3	IMP
CRE upregulated	GO:0048646	anatomical structure formation involved in morphogenesis	ENSMUSG00000040435	Ppp1r15a	ISO
CRE upregulated	GO:0048646	anatomical structure formation involved in morphogenesis	ENSMUSG00000036478	Btg1	ISS, IEA
CRE upregulated	GO:0048646	anatomical structure formation involved in morphogenesis	ENSMUSG00000027954	Efna1	IDA, IMP, IGI, IEA
CRE upregulated	GO:0048646	anatomical structure formation involved in morphogenesis	ENSMUSG00000004040	ENSMUSG00000004040	IDA
CRE upregulated	GO:0048646	anatomical structure formation involved in morphogenesis	ENSMUSG00000054136	Adm2	ISO, IEA
CRE upregulated	GO:0048646	anatomical structure formation involved in morphogenesis	ENSMUSG00000024190	Dusp1	IBA, IEA
CRE upregulated	GO:0048646	anatomical structure formation involved in morphogenesis	ENSMUSG00000024927	Rela	IEA
CRE upregulated	GO:0048646	anatomical structure formation involved in morphogenesis	ENSMUSG00000025793	ENSMUSG00000025793	IEA
CRE upregulated	GO:0048646	anatomical structure formation involved in morphogenesis	ENSMUSG00000026078	Pdcl3	IMP, ISO, IBA, IEA
CRE upregulated	GO:0048646	anatomical structure formation involved in morphogenesis	ENSMUSG00000037514	Pank2	IEA
CRE upregulated	GO:0048646	anatomical structure formation involved in morphogenesis	ENSMUSG00000024335	Brd2	IMP
CRE upregulated	GO:0048646	anatomical structure formation involved in morphogenesis	ENSMUSG00000010660	Plcd1	IGI
CRE upregulated	GO:0048646	anatomical structure formation involved in morphogenesis	ENSMUSG00000031668	ENSMUSG00000031668	IEA
CRE upregulated	GO:0048646	anatomical structure formation involved in morphogenesis	ENSMUSG00000053175	Bcl3	IMP
CRE upregulated	GO:0048646	anatomical structure formation involved in morphogenesis	ENSMUSG00000068739	ENSMUSG00000068739	ISS, IEA
CRE upregulated	GO:0048646	anatomical structure formation involved in morphogenesis	ENSMUSG00000003154	Foxj2	IEA
CRE upregulated	GO:0048646	anatomical structure formation involved in morphogenesis	ENSMUSG00000036180	ENSMUSG00000036180	IMP
CRE upregulated	GO:0048646	anatomical structure formation involved in morphogenesis	ENSMUSG00000008435	Rdh13	IMP
CRE upregulated	GO:0048646	anatomical structure formation involved in morphogenesis	ENSMUSG00000052837	ENSMUSG00000052837	IDA, IMP
CRE upregulated	GO:0048646	anatomical structure formation involved in morphogenesis	ENSMUSG00000021796	Bmpr1a	IMP, IGI, IEA
CRE upregulated	GO:0048646	anatomical structure formation involved in morphogenesis	ENSMUSG00000027465	Tbc1d20	IMP
CRE upregulated	GO:0048646	anatomical structure formation involved in morphogenesis	ENSMUSG00000020250	ENSMUSG00000020250	IMP
CRE upregulated	GO:0048646	anatomical structure formation involved in morphogenesis	ENSMUSG00000039191	Rbpj	IMP, IGI, TAS
CRE upregulated	GO:0048646	anatomical structure formation involved in morphogenesis	ENSMUSG00000035725	ENSMUSG00000035725	IMP, IEA
CRE upregulated	GO:0048646	anatomical structure formation involved in morphogenesis	ENSMUSG00000001552	ENSMUSG00000001552	IEA
CRE upregulated	GO:0048646	anatomical structure formation involved in morphogenesis	ENSMUSG00000008859	ENSMUSG00000008859	IMP
CRE upregulated	GO:0048646	anatomical structure formation involved in morphogenesis	ENSMUSG00000008730	Hipk1	IMP
CRE upregulated	GO:0048646	anatomical structure formation involved in morphogenesis	ENSMUSG00000002633	Shh	IDA, IMP, IGI, ISO
CRE upregulated	GO:0048646	anatomical structure formation involved in morphogenesis	ENSMUSG00000032462	ENSMUSG00000032462	IMP, IEA
CRE upregulated	GO:0048646	anatomical structure formation involved in morphogenesis	ENSMUSG00000056050	ENSMUSG00000056050	IEA
CRE upregulated	GO:0048646	anatomical structure formation involved in morphogenesis	ENSMUSG00000037411	Serpine1	IEA
CRE upregulated	GO:0048646	anatomical structure formation involved in morphogenesis	ENSMUSG00000024613	ENSMUSG00000024613	ISS, IEA
CRE upregulated	GO:0048646	anatomical structure formation involved in morphogenesis	ENSMUSG00000021340	ENSMUSG00000021340	IEA
CRE upregulated	GO:0048646	anatomical structure formation involved in morphogenesis	ENSMUSG00000004698	ENSMUSG00000004698	IEA
CRE upregulated	GO:0048646	anatomical structure formation involved in morphogenesis	ENSMUSG00000026159	ENSMUSG00000026159	IMP, IBA
CRE upregulated	GO:0048646	anatomical structure formation involved in morphogenesis	ENSMUSG00000015839	Nfe2l2	ISO, IEA
CRE upregulated	GO:0048646	anatomical structure formation involved in morphogenesis	ENSMUSG00000029475	ENSMUSG00000029475	IMP
CRE upregulated	GO:0000165	MAPK cascade	ENSMUSG00000026628	Atf3	IMP
CRE upregulated	GO:0000165	MAPK cascade	ENSMUSG00000036390	Gadd45a	IEA
CRE upregulated	GO:0000165	MAPK cascade	ENSMUSG00000052684	Jun	IMP
CRE upregulated	GO:0000165	MAPK cascade	ENSMUSG00000019647	Sema6a	IEA
CRE upregulated	GO:0000165	MAPK cascade	ENSMUSG00000025473	Adam8	IDA
CRE upregulated	GO:0000165	MAPK cascade	ENSMUSG00000030898	Cckbr	ISO
CRE upregulated	GO:0000165	MAPK cascade	ENSMUSG00000020427	Igfbp3	IGI
CRE upregulated	GO:0000165	MAPK cascade	ENSMUSG00000031681	Smad1	IMP, ISO
CRE upregulated	GO:0000165	MAPK cascade	ENSMUSG00000042688	Mapk6	IEA
CRE upregulated	GO:0000165	MAPK cascade	ENSMUSG00000005087	Cd44	IEA
CRE upregulated	GO:0000165	MAPK cascade	ENSMUSG00000021453	Gadd45g	IEA
CRE upregulated	GO:0000165	MAPK cascade	ENSMUSG00000024256	Adcyap1	ISS, ISO, IBA, IEA
CRE upregulated	GO:0000165	MAPK cascade	ENSMUSG00000027540	Ptpn1	IMP, IGI, IBA
CRE upregulated	GO:0000165	MAPK cascade	ENSMUSG00000053436	Mapk14	IDA, IMP, ISO, IEA
CRE upregulated	GO:0000165	MAPK cascade	ENSMUSG00000025746	Il6	ISO
CRE upregulated	GO:0000165	MAPK cascade	ENSMUSG00000022607	Ptk2	ISO
CRE upregulated	GO:0000165	MAPK cascade	ENSMUSG00000055994	Nod2	IDA, IMP, ISO, IEA
CRE upregulated	GO:0000165	MAPK cascade	ENSMUSG00000027560	Dok5	IDA, IBA
CRE upregulated	GO:0000165	MAPK cascade	ENSMUSG00000059923	Grb2	IGI, IBA, IEA
CRE upregulated	GO:0000165	MAPK cascade	ENSMUSG00000035199	Arl6ip5	IEA
CRE upregulated	GO:0000165	MAPK cascade	ENSMUSG00000001847	Rac1	IDA
CRE upregulated	GO:0000165	MAPK cascade	ENSMUSG00000018909	Arrb1	IMP, ISO, IBA, IEA
CRE upregulated	GO:0000165	MAPK cascade	ENSMUSG00000054008	Ndst1	IMP
CRE upregulated	GO:0000165	MAPK cascade	ENSMUSG00000015316	Slamf1	IEA
CRE upregulated	GO:0000165	MAPK cascade	ENSMUSG00000022346	Myc	ISS, IEA
CRE upregulated	GO:0000165	MAPK cascade	ENSMUSG00000027954	Efna1	IDA
CRE upregulated	GO:0000165	MAPK cascade	ENSMUSG00000024789	Jak2	ISO, IEA
CRE upregulated	GO:0000165	MAPK cascade	ENSMUSG00000109511	Nup62	IMP
CRE upregulated	GO:0000165	MAPK cascade	ENSMUSG00000024190	Dusp1	IMP, ISS, ISO, IBA, IEA
CRE upregulated	GO:0000165	MAPK cascade	ENSMUSG00000021360	ENSMUSG00000021360	IMP, IEA
CRE upregulated	GO:0000165	MAPK cascade	ENSMUSG00000029458	ENSMUSG00000029458	ISO, IEA
CRE upregulated	GO:0000165	MAPK cascade	ENSMUSG00000042608	Stk40	IMP
CRE upregulated	GO:0000165	MAPK cascade	ENSMUSG00000053716	Dusp7	IBA
CRE upregulated	GO:0000165	MAPK cascade	ENSMUSG00000027692	Tnik	ISS, IBA, IEA
CRE upregulated	GO:0000165	MAPK cascade	ENSMUSG00000024947	Men1	IEA
CRE upregulated	GO:0000165	MAPK cascade	ENSMUSG00000031383	Dusp9	IDA, IBA
CRE upregulated	GO:0000165	MAPK cascade	ENSMUSG00000070056	ENSMUSG00000070056	ISS, IEA
CRE upregulated	GO:0000165	MAPK cascade	ENSMUSG00000039844	ENSMUSG00000039844	IGI, ISO, IEA
CRE upregulated	GO:0000165	MAPK cascade	ENSMUSG00000046722	ENSMUSG00000046722	ISS
CRE upregulated	GO:0000165	MAPK cascade	ENSMUSG00000052681	Rap1b	IGI
CRE upregulated	GO:0000165	MAPK cascade	ENSMUSG00000032508	Myd88	IMP, ISO, IEA
CRE upregulated	GO:0000165	MAPK cascade	ENSMUSG00000032462	ENSMUSG00000032462	IMP
CRE upregulated	GO:0000165	MAPK cascade	ENSMUSG00000027646	ENSMUSG00000027646	IMP, ISO, IEA
CRE upregulated	GO:0000165	MAPK cascade	ENSMUSG00000032501	Trib1	IEA
CRE upregulated	GO:0000165	MAPK cascade	ENSMUSG00000031073	Fgf15	IBA
CRE upregulated	GO:0000165	MAPK cascade	ENSMUSG00000054204	ENSMUSG00000054204	IBA, IEA
CRE upregulated	GO:0051253	negative regulation of RNA metabolic process	ENSMUSG00000026628	Atf3	IDA, IEA
CRE upregulated	GO:0051253	negative regulation of RNA metabolic process	ENSMUSG00000036390	Gadd45a	IEA
CRE upregulated	GO:0051253	negative regulation of RNA metabolic process	ENSMUSG00000052684	Jun	IDA
CRE upregulated	GO:0051253	negative regulation of RNA metabolic process	ENSMUSG00000063632	Sox11	IDA, IBA, IEA
CRE upregulated	GO:0051253	negative regulation of RNA metabolic process	ENSMUSG00000056749	Nfil3	IDA, IEA
CRE upregulated	GO:0051253	negative regulation of RNA metabolic process	ENSMUSG00000022895	Ets2	IEA
CRE upregulated	GO:0051253	negative regulation of RNA metabolic process	ENSMUSG00000037447	Arid5a	ISS, IEA
CRE upregulated	GO:0051253	negative regulation of RNA metabolic process	ENSMUSG00000021765	Fst	IEA
CRE upregulated	GO:0051253	negative regulation of RNA metabolic process	ENSMUSG00000030256	Bhlhe41	IDA, TAS, IEA
CRE upregulated	GO:0051253	negative regulation of RNA metabolic process	ENSMUSG00000025612	Bach1	IDA, ISS, IEA
CRE upregulated	GO:0051253	negative regulation of RNA metabolic process	ENSMUSG00000035673	Sbno2	IMP, IBA, IEA
CRE upregulated	GO:0051253	negative regulation of RNA metabolic process	ENSMUSG00000002250	Ppard	IDA, IBA, IEA
CRE upregulated	GO:0051253	negative regulation of RNA metabolic process	ENSMUSG00000037638	Zbtb42	IDA
CRE upregulated	GO:0051253	negative regulation of RNA metabolic process	ENSMUSG00000042507	Mideas	IBA
CRE upregulated	GO:0051253	negative regulation of RNA metabolic process	ENSMUSG00000026796	Niban2	IEA
CRE upregulated	GO:0051253	negative regulation of RNA metabolic process	ENSMUSG00000027583	Zbtb46	IDA
CRE upregulated	GO:0051253	negative regulation of RNA metabolic process	ENSMUSG00000030678	Maz	IEA
CRE upregulated	GO:0051253	negative regulation of RNA metabolic process	ENSMUSG00000025239	Limd1	ISS, IEA
CRE upregulated	GO:0051253	negative regulation of RNA metabolic process	ENSMUSG00000048490	Nrip1	IDA, IBA, IEA
CRE upregulated	GO:0051253	negative regulation of RNA metabolic process	ENSMUSG00000022096	Hr	IDA
CRE upregulated	GO:0051253	negative regulation of RNA metabolic process	ENSMUSG00000013089	Etv5	IEA
CRE upregulated	GO:0051253	negative regulation of RNA metabolic process	ENSMUSG00000032280	Tle3	IEA
CRE upregulated	GO:0051253	negative regulation of RNA metabolic process	ENSMUSG00000063889	Crem	IEA
CRE upregulated	GO:0051253	negative regulation of RNA metabolic process	ENSMUSG00000042406	Atf4	IMP
CRE upregulated	GO:0051253	negative regulation of RNA metabolic process	ENSMUSG00000023079	Gtf2ird1	IEA
CRE upregulated	GO:0051253	negative regulation of RNA metabolic process	ENSMUSG00000025408	Ddit3	IDA, IMP, IGI, ISS, ISO, IBA, IEA
CRE upregulated	GO:0051253	negative regulation of RNA metabolic process	ENSMUSG00000040435	Ppp1r15a	IDA
CRE upregulated	GO:0051253	negative regulation of RNA metabolic process	ENSMUSG00000030057	Cnbp	IEA
CRE upregulated	GO:0051253	negative regulation of RNA metabolic process	ENSMUSG00000015837	Sqstm1	IMP
CRE upregulated	GO:0051253	negative regulation of RNA metabolic process	ENSMUSG00000029131	Dnajb6	IDA
CRE upregulated	GO:0051253	negative regulation of RNA metabolic process	ENSMUSG00000023087	Noct	IMP
CRE upregulated	GO:0051253	negative regulation of RNA metabolic process	ENSMUSG00000022346	Myc	IDA, ISO, IEA
CRE upregulated	GO:0051253	negative regulation of RNA metabolic process	ENSMUSG00000027954	Efna1	IMP
CRE upregulated	GO:0051253	negative regulation of RNA metabolic process	ENSMUSG00000018143	Mafk	IEA
CRE upregulated	GO:0051253	negative regulation of RNA metabolic process	ENSMUSG00000035236	Scai	IEA
CRE upregulated	GO:0051253	negative regulation of RNA metabolic process	ENSMUSG00000020358	Hnrnpab	IGI, ISO, IEA
CRE upregulated	GO:0051253	negative regulation of RNA metabolic process	ENSMUSG00000024803	Ankrd1	ISO
CRE upregulated	GO:0051253	negative regulation of RNA metabolic process	ENSMUSG00000024927	Rela	IDA, IEA
CRE upregulated	GO:0051253	negative regulation of RNA metabolic process	ENSMUSG00000003435	ENSMUSG00000003435	IEA
CRE upregulated	GO:0051253	negative regulation of RNA metabolic process	ENSMUSG00000024238	Zeb1	IDA, IMP, ISS, ISO, IEA
CRE upregulated	GO:0051253	negative regulation of RNA metabolic process	ENSMUSG00000024947	Men1	IDA, ISO, IEA
CRE upregulated	GO:0051253	negative regulation of RNA metabolic process	ENSMUSG00000040433	Zbtb38	IEA
CRE upregulated	GO:0051253	negative regulation of RNA metabolic process	ENSMUSG00000032715	Trib3	ISS, IEA
CRE upregulated	GO:0051253	negative regulation of RNA metabolic process	ENSMUSG00000048047	Zbtb33	ISS, IBA, IEA
CRE upregulated	GO:0051253	negative regulation of RNA metabolic process	ENSMUSG00000071637	Cebpd	IDA
CRE upregulated	GO:0051253	negative regulation of RNA metabolic process	ENSMUSG00000053175	Bcl3	IEA
CRE upregulated	GO:0051253	negative regulation of RNA metabolic process	ENSMUSG00000068739	ENSMUSG00000068739	ISS, IEA
CRE upregulated	GO:0051253	negative regulation of RNA metabolic process	ENSMUSG00000030199	Etv6	IEA
CRE upregulated	GO:0051253	negative regulation of RNA metabolic process	ENSMUSG00000040857	Erf	IEA
CRE upregulated	GO:0051253	negative regulation of RNA metabolic process	ENSMUSG00000036180	ENSMUSG00000036180	ISS, IBA, NAS, IEA
CRE upregulated	GO:0051253	negative regulation of RNA metabolic process	ENSMUSG00000039985	Sinhcaf	NAS
CRE upregulated	GO:0051253	negative regulation of RNA metabolic process	ENSMUSG00000047281	ENSMUSG00000047281	IDA
CRE upregulated	GO:0051253	negative regulation of RNA metabolic process	ENSMUSG00000019842	ENSMUSG00000019842	IDA, IMP
CRE upregulated	GO:0051253	negative regulation of RNA metabolic process	ENSMUSG00000034543	ENSMUSG00000034543	IMP, ISS
CRE upregulated	GO:0051253	negative regulation of RNA metabolic process	ENSMUSG00000045763	ENSMUSG00000045763	ISS, IBA, IEA
CRE upregulated	GO:0051253	negative regulation of RNA metabolic process	ENSMUSG00000039191	Rbpj	IDA, IMP, IEA
CRE upregulated	GO:0051253	negative regulation of RNA metabolic process	ENSMUSG00000046962	ENSMUSG00000046962	IBA, IEA
CRE upregulated	GO:0051253	negative regulation of RNA metabolic process	ENSMUSG00000051316	Taf7	IEA
CRE upregulated	GO:0051253	negative regulation of RNA metabolic process	ENSMUSG00000040463	ENSMUSG00000040463	IDA
CRE upregulated	GO:0051253	negative regulation of RNA metabolic process	ENSMUSG00000004099	ENSMUSG00000004099	IDA, IMP
CRE upregulated	GO:0051253	negative regulation of RNA metabolic process	ENSMUSG00000008730	Hipk1	ISS
CRE upregulated	GO:0051253	negative regulation of RNA metabolic process	ENSMUSG00000059288	ENSMUSG00000059288	IEA
CRE upregulated	GO:0051253	negative regulation of RNA metabolic process	ENSMUSG00000032508	Myd88	IEA
CRE upregulated	GO:0051253	negative regulation of RNA metabolic process	ENSMUSG00000002633	Shh	IDA, IMP
CRE upregulated	GO:0051253	negative regulation of RNA metabolic process	ENSMUSG00000028680	ENSMUSG00000028680	IEA
CRE upregulated	GO:0051253	negative regulation of RNA metabolic process	ENSMUSG00000039671	ENSMUSG00000039671	IEA
CRE upregulated	GO:0051253	negative regulation of RNA metabolic process	ENSMUSG00000028291	ENSMUSG00000028291	ISO, IEA
CRE upregulated	GO:0051253	negative regulation of RNA metabolic process	ENSMUSG00000028382	ENSMUSG00000028382	IMP
CRE upregulated	GO:0051253	negative regulation of RNA metabolic process	ENSMUSG00000037465	Klf10	IDA
CRE upregulated	GO:0051253	negative regulation of RNA metabolic process	ENSMUSG00000027646	ENSMUSG00000027646	IEA
CRE upregulated	GO:0051253	negative regulation of RNA metabolic process	ENSMUSG00000020680	ENSMUSG00000020680	ISO, IEA
CRE upregulated	GO:0051253	negative regulation of RNA metabolic process	ENSMUSG00000004698	ENSMUSG00000004698	IEA
CRE upregulated	GO:0051253	negative regulation of RNA metabolic process	ENSMUSG00000042197	ENSMUSG00000042197	ISS, IBA, IEA
CRE upregulated	GO:0051253	negative regulation of RNA metabolic process	ENSMUSG00000029475	ENSMUSG00000029475	IDA, IMP
CRE upregulated	GO:0050808	synapse organization	ENSMUSG00000051379	Flrt3	IDA, IMP, ISO
CRE upregulated	GO:0050808	synapse organization	ENSMUSG00000030272	Camk1	ISS, ISO, IEA
CRE upregulated	GO:0050808	synapse organization	ENSMUSG00000058153	Sez6l	IGI, IBA
CRE upregulated	GO:0050808	synapse organization	ENSMUSG00000048482	Bdnf	IEA
CRE upregulated	GO:0050808	synapse organization	ENSMUSG00000027540	Ptpn1	IEA
CRE upregulated	GO:0050808	synapse organization	ENSMUSG00000043895	S1pr2	EXP, IDA
CRE upregulated	GO:0050808	synapse organization	ENSMUSG00000029121	Crmp1	IDA, IEP
CRE upregulated	GO:0050808	synapse organization	ENSMUSG00000063506	Arhgap22	IEA
CRE upregulated	GO:0050808	synapse organization	ENSMUSG00000053436	Mapk14	EXP, IDA, IMP, IEP
CRE upregulated	GO:0050808	synapse organization	ENSMUSG00000025809	Itgb1	IDA, IMP, ISO
CRE upregulated	GO:0050808	synapse organization	ENSMUSG00000013089	Etv5	IMP
CRE upregulated	GO:0050808	synapse organization	ENSMUSG00000047368	Abhd17b	IMP, ISO, IBA
CRE upregulated	GO:0050808	synapse organization	ENSMUSG00000031078	Cttn	IGI, ISO
CRE upregulated	GO:0050808	synapse organization	ENSMUSG00000022607	Ptk2	IDA, IMP
CRE upregulated	GO:0050808	synapse organization	ENSMUSG00000055078	Gabra5	IBA
CRE upregulated	GO:0050808	synapse organization	ENSMUSG00000001507	Itga3	IDA, IMP, IGI
CRE upregulated	GO:0050808	synapse organization	ENSMUSG00000001847	Rac1	IDA, IMP, IGI, ISO
CRE upregulated	GO:0050808	synapse organization	ENSMUSG00000042121	Ssh1	ISO, IEA
CRE upregulated	GO:0050808	synapse organization	ENSMUSG00000044667	Plppr4	IDA, IMP
CRE upregulated	GO:0050808	synapse organization	ENSMUSG00000057531	Dtnbp1	ISO, IEA
CRE upregulated	GO:0050808	synapse organization	ENSMUSG00000030309	Caprin2	IMP
CRE upregulated	GO:0050808	synapse organization	ENSMUSG00000029765	Plxna4	IDA, IMP
CRE upregulated	GO:0050808	synapse organization	ENSMUSG00000027954	Efna1	IDA
CRE upregulated	GO:0050808	synapse organization	ENSMUSG00000042292	Mrtfa	IEA
CRE upregulated	GO:0050808	synapse organization	ENSMUSG00000022602	Arc	ISO, IEA
CRE upregulated	GO:0050808	synapse organization	ENSMUSG00000030223	ENSMUSG00000030223	IDA, IMP
CRE upregulated	GO:0050808	synapse organization	ENSMUSG00000027797	Dclk1	IDA, IMP
CRE upregulated	GO:0050808	synapse organization	ENSMUSG00000036882	ENSMUSG00000036882	IDA, IMP, ISO, IEA
CRE upregulated	GO:0050808	synapse organization	ENSMUSG00000029071	ENSMUSG00000029071	IDA, IMP, IGI, ISO, IEA
CRE upregulated	GO:0050808	synapse organization	ENSMUSG00000052921	Arhgef15	IDA, IMP
CRE upregulated	GO:0050808	synapse organization	ENSMUSG00000040640	ENSMUSG00000040640	IBA
CRE upregulated	GO:0050808	synapse organization	ENSMUSG00000044147	Arf6	ISO, IEA
CRE upregulated	GO:0050808	synapse organization	ENSMUSG00000011877	Git1	IEA
CRE upregulated	GO:0050808	synapse organization	ENSMUSG00000031937	ENSMUSG00000031937	IMP, IBA
CRE upregulated	GO:0050808	synapse organization	ENSMUSG00000022656	ENSMUSG00000022656	IDA, IMP
CRE upregulated	GO:0050808	synapse organization	ENSMUSG00000020594	ENSMUSG00000020594	IEA
CRE upregulated	GO:0050808	synapse organization	ENSMUSG00000052681	Rap1b	IDA, IMP
CRE upregulated	GO:0050808	synapse organization	ENSMUSG00000039671	ENSMUSG00000039671	ISO, IEA
CRE upregulated	GO:0050808	synapse organization	ENSMUSG00000020340	ENSMUSG00000020340	IEA
CRE upregulated	GO:0050808	synapse organization	ENSMUSG00000019843	ENSMUSG00000019843	IGI
CRE upregulated	GO:0050808	synapse organization	ENSMUSG00000053825	ENSMUSG00000053825	IEA
CRE upregulated	GO:0050808	synapse organization	ENSMUSG00000047261	ENSMUSG00000047261	ISO, IEA
CRE upregulated	GO:0051046	regulation of secretion	ENSMUSG00000063632	Sox11	IMP
CRE upregulated	GO:0051046	regulation of secretion	ENSMUSG00000042816	Gpr151	EXP, IDA, IMP
CRE upregulated	GO:0051046	regulation of secretion	ENSMUSG00000030898	Cckbr	ISO
CRE upregulated	GO:0051046	regulation of secretion	ENSMUSG00000030748	Il4ra	IMP
CRE upregulated	GO:0051046	regulation of secretion	ENSMUSG00000030102	Itpr1	IMP, IGI
CRE upregulated	GO:0051046	regulation of secretion	ENSMUSG00000020427	Igfbp3	ISO
CRE upregulated	GO:0051046	regulation of secretion	ENSMUSG00000035621	Midn	ISO, IEA
CRE upregulated	GO:0051046	regulation of secretion	ENSMUSG00000024261	Syt4	EXP, IDA, IMP, ISO, TAS, IEA
CRE upregulated	GO:0051046	regulation of secretion	ENSMUSG00000024256	Adcyap1	ISS, ISO, IEA
CRE upregulated	GO:0051046	regulation of secretion	ENSMUSG00000002250	Ppard	ISO, NAS
CRE upregulated	GO:0051046	regulation of secretion	ENSMUSG00000038894	Irs2	IMP
CRE upregulated	GO:0051046	regulation of secretion	ENSMUSG00000035828	Pim3	IMP
CRE upregulated	GO:0051046	regulation of secretion	ENSMUSG00000022661	Cd200	IEA
CRE upregulated	GO:0051046	regulation of secretion	ENSMUSG00000020592	Sdc1	IEA
CRE upregulated	GO:0051046	regulation of secretion	ENSMUSG00000025746	Il6	IDA
CRE upregulated	GO:0051046	regulation of secretion	ENSMUSG00000032231	Anxa2	NAS
CRE upregulated	GO:0051046	regulation of secretion	ENSMUSG00000020838	Slc6a4	ISO, IEA
CRE upregulated	GO:0051046	regulation of secretion	ENSMUSG00000001847	Rac1	IMP, ISO
CRE upregulated	GO:0051046	regulation of secretion	ENSMUSG00000018909	Arrb1	IMP
CRE upregulated	GO:0051046	regulation of secretion	ENSMUSG00000057531	Dtnbp1	IDA, IMP, ISO, IBA, IEA
CRE upregulated	GO:0051046	regulation of secretion	ENSMUSG00000036057	Ptpn23	IEA
CRE upregulated	GO:0051046	regulation of secretion	ENSMUSG00000036437	Npy1r	ISO
CRE upregulated	GO:0051046	regulation of secretion	ENSMUSG00000030616	Sytl2	IMP
CRE upregulated	GO:0051046	regulation of secretion	ENSMUSG00000023032	Slc4a8	EXP, IDA, IMP
CRE upregulated	GO:0051046	regulation of secretion	ENSMUSG00000024789	Jak2	ISS, ISO, IEA
CRE upregulated	GO:0051046	regulation of secretion	ENSMUSG00000004347	ENSMUSG00000004347	ISO
CRE upregulated	GO:0051046	regulation of secretion	ENSMUSG00000024803	Ankrd1	IEA
CRE upregulated	GO:0051046	regulation of secretion	ENSMUSG00000025793	ENSMUSG00000025793	IEA
CRE upregulated	GO:0051046	regulation of secretion	ENSMUSG00000026718	ENSMUSG00000026718	IEA
CRE upregulated	GO:0051046	regulation of secretion	ENSMUSG00000029071	ENSMUSG00000029071	IDA, IMP
CRE upregulated	GO:0051046	regulation of secretion	ENSMUSG00000044453	Ffar1	IDA, IMP, ISO, IBA
CRE upregulated	GO:0051046	regulation of secretion	ENSMUSG00000032902	Slc16a1	IMP
CRE upregulated	GO:0051046	regulation of secretion	ENSMUSG00000026074	Map4k4	IEA
CRE upregulated	GO:0051046	regulation of secretion	ENSMUSG00000010660	Plcd1	ISO
CRE upregulated	GO:0051046	regulation of secretion	ENSMUSG00000031278	ENSMUSG00000031278	ISS, ISO
CRE upregulated	GO:0051046	regulation of secretion	ENSMUSG00000024517	Grp	ISS
CRE upregulated	GO:0051046	regulation of secretion	ENSMUSG00000025340	Rabgef1	IMP
CRE upregulated	GO:0051046	regulation of secretion	ENSMUSG00000021587	Pcsk1	ISO, IEA
CRE upregulated	GO:0051046	regulation of secretion	ENSMUSG00000028599	Tnfrsf1b	IGI
CRE upregulated	GO:0051046	regulation of secretion	ENSMUSG00000044147	Arf6	IEA
CRE upregulated	GO:0051046	regulation of secretion	ENSMUSG00000011877	Git1	IDA, IMP
CRE upregulated	GO:0051046	regulation of secretion	ENSMUSG00000008859	ENSMUSG00000008859	IDA, IBA, IEA
CRE upregulated	GO:0051046	regulation of secretion	ENSMUSG00000038676	Ucn	ISO, IEA
CRE upregulated	GO:0051046	regulation of secretion	ENSMUSG00000052681	Rap1b	IGI, IBA, IEA
CRE upregulated	GO:0051046	regulation of secretion	ENSMUSG00000053825	ENSMUSG00000053825	IEA
CRE upregulated	GO:0051046	regulation of secretion	ENSMUSG00000024907	Gal	IEA
CRE upregulated	GO:0042592	homeostatic process	ENSMUSG00000037428	Vgf	IDA, IMP, IGI, IBA
CRE upregulated	GO:0042592	homeostatic process	ENSMUSG00000031574	Star	IEA
CRE upregulated	GO:0042592	homeostatic process	ENSMUSG00000025473	Adam8	IDA, IMP
CRE upregulated	GO:0042592	homeostatic process	ENSMUSG00000030898	Cckbr	IMP
CRE upregulated	GO:0042592	homeostatic process	ENSMUSG00000030748	Il4ra	IMP
CRE upregulated	GO:0042592	homeostatic process	ENSMUSG00000030102	Itpr1	IDA, IMP, IGI, ISS, ISO, IBA, IEA
CRE upregulated	GO:0042592	homeostatic process	ENSMUSG00000014599	Csf1	IMP
CRE upregulated	GO:0042592	homeostatic process	ENSMUSG00000027495	Fam210b	ISS, IEA
CRE upregulated	GO:0042592	homeostatic process	ENSMUSG00000031681	Smad1	IMP
CRE upregulated	GO:0042592	homeostatic process	ENSMUSG00000050989	Selenon	ISS, IBA, IEA
CRE upregulated	GO:0042592	homeostatic process	ENSMUSG00000024256	Adcyap1	IMP
CRE upregulated	GO:0042592	homeostatic process	ENSMUSG00000021070	Bdkrb2	ISO
CRE upregulated	GO:0042592	homeostatic process	ENSMUSG00000002250	Ppard	IMP, ISO, IEA
CRE upregulated	GO:0042592	homeostatic process	ENSMUSG00000027198	Ext2	IGI
CRE upregulated	GO:0042592	homeostatic process	ENSMUSG00000044734	Serpinb1a	IDA
CRE upregulated	GO:0042592	homeostatic process	ENSMUSG00000018507	Trpv2	IMP
CRE upregulated	GO:0042592	homeostatic process	ENSMUSG00000021501	Caml	IMP
CRE upregulated	GO:0042592	homeostatic process	ENSMUSG00000038894	Irs2	IEA
CRE upregulated	GO:0042592	homeostatic process	ENSMUSG00000035828	Pim3	IMP
CRE upregulated	GO:0042592	homeostatic process	ENSMUSG00000038023	Atp6v0a2	ISS, IBA, IEA
CRE upregulated	GO:0042592	homeostatic process	ENSMUSG00000019461	Plscr3	IMP
CRE upregulated	GO:0042592	homeostatic process	ENSMUSG00000051343	Rab11fip5	IMP
CRE upregulated	GO:0042592	homeostatic process	ENSMUSG00000028645	Slc2a1	ISS
CRE upregulated	GO:0042592	homeostatic process	ENSMUSG00000053436	Mapk14	IMP, IEA
CRE upregulated	GO:0042592	homeostatic process	ENSMUSG00000025809	Itgb1	ISO
CRE upregulated	GO:0042592	homeostatic process	ENSMUSG00000023030	Slc11a2	IMP, IEA
CRE upregulated	GO:0042592	homeostatic process	ENSMUSG00000015243	Abca1	IEA
CRE upregulated	GO:0042592	homeostatic process	ENSMUSG00000025746	Il6	IDA, IMP, IGI, ISO
CRE upregulated	GO:0042592	homeostatic process	ENSMUSG00000032280	Tle3	IMP
CRE upregulated	GO:0042592	homeostatic process	ENSMUSG00000022607	Ptk2	ISO
CRE upregulated	GO:0042592	homeostatic process	ENSMUSG00000055994	Nod2	IMP, IEA
CRE upregulated	GO:0042592	homeostatic process	ENSMUSG00000034247	Plekhm1	IMP
CRE upregulated	GO:0042592	homeostatic process	ENSMUSG00000024772	Ehd1	IMP
CRE upregulated	GO:0042592	homeostatic process	ENSMUSG00000042406	Atf4	IMP
CRE upregulated	GO:0042592	homeostatic process	ENSMUSG00000031628	Casp3	IMP, IBA, IEA
CRE upregulated	GO:0042592	homeostatic process	ENSMUSG00000025408	Ddit3	IMP, ISO, IEA
CRE upregulated	GO:0042592	homeostatic process	ENSMUSG00000001847	Rac1	IMP, IGI, ISO
CRE upregulated	GO:0042592	homeostatic process	ENSMUSG00000018909	Arrb1	IMP
CRE upregulated	GO:0042592	homeostatic process	ENSMUSG00000024521	Pmaip1	IMP
CRE upregulated	GO:0042592	homeostatic process	ENSMUSG00000026317	Cln8	IMP, IBA
CRE upregulated	GO:0042592	homeostatic process	ENSMUSG00000000134	Tfe3	IMP
CRE upregulated	GO:0042592	homeostatic process	ENSMUSG00000015837	Sqstm1	IMP
CRE upregulated	GO:0042592	homeostatic process	ENSMUSG00000036737	Oxsr1	IEA
CRE upregulated	GO:0042592	homeostatic process	ENSMUSG00000000811	Txnrd3	IEA
CRE upregulated	GO:0042592	homeostatic process	ENSMUSG00000022346	Myc	ISS, IEA
CRE upregulated	GO:0042592	homeostatic process	ENSMUSG00000036437	Npy1r	ISO
CRE upregulated	GO:0042592	homeostatic process	ENSMUSG00000023032	Slc4a8	IMP, ISO, IBA, IEA
CRE upregulated	GO:0042592	homeostatic process	ENSMUSG00000024789	Jak2	IMP, IBA
CRE upregulated	GO:0042592	homeostatic process	ENSMUSG00000004040	ENSMUSG00000004040	IMP, ISS, IEA
CRE upregulated	GO:0042592	homeostatic process	ENSMUSG00000022555	Dgat1	IMP, IGI
CRE upregulated	GO:0042592	homeostatic process	ENSMUSG00000029135	Fosl2	IDA, IMP
CRE upregulated	GO:0042592	homeostatic process	ENSMUSG00000004347	ENSMUSG00000004347	ISO
CRE upregulated	GO:0042592	homeostatic process	ENSMUSG00000041594	ENSMUSG00000041594	IMP
CRE upregulated	GO:0042592	homeostatic process	ENSMUSG00000021360	ENSMUSG00000021360	IEA
CRE upregulated	GO:0042592	homeostatic process	ENSMUSG00000028893	Sesn2	IMP, IGI
CRE upregulated	GO:0042592	homeostatic process	ENSMUSG00000024947	Men1	IMP
CRE upregulated	GO:0042592	homeostatic process	ENSMUSG00000022125	Cln5	ISS, IEA
CRE upregulated	GO:0042592	homeostatic process	ENSMUSG00000044453	Ffar1	IMP
CRE upregulated	GO:0042592	homeostatic process	ENSMUSG00000064210	ENSMUSG00000064210	IMP, IEA
CRE upregulated	GO:0042592	homeostatic process	ENSMUSG00000032902	Slc16a1	IMP
CRE upregulated	GO:0042592	homeostatic process	ENSMUSG00000026074	Map4k4	IEA
CRE upregulated	GO:0042592	homeostatic process	ENSMUSG00000022526	Zfp251	IMP
CRE upregulated	GO:0042592	homeostatic process	ENSMUSG00000010660	Plcd1	ISO, IBA
CRE upregulated	GO:0042592	homeostatic process	ENSMUSG00000040640	ENSMUSG00000040640	IDA, IMP
CRE upregulated	GO:0042592	homeostatic process	ENSMUSG00000020349	ENSMUSG00000020349	IMP
CRE upregulated	GO:0042592	homeostatic process	ENSMUSG00000011877	Git1	IMP
CRE upregulated	GO:0042592	homeostatic process	ENSMUSG00000024270	ENSMUSG00000024270	IBA, IEA
CRE upregulated	GO:0042592	homeostatic process	ENSMUSG00000049649	Gpr3	IMP, ISO, IEA
CRE upregulated	GO:0042592	homeostatic process	ENSMUSG00000019842	ENSMUSG00000019842	IMP
CRE upregulated	GO:0042592	homeostatic process	ENSMUSG00000016534	ENSMUSG00000016534	IMP, ISS, IEA
CRE upregulated	GO:0042592	homeostatic process	ENSMUSG00000070056	ENSMUSG00000070056	ISS, IEA
CRE upregulated	GO:0042592	homeostatic process	ENSMUSG00000037860	Aim2	IDA
CRE upregulated	GO:0042592	homeostatic process	ENSMUSG00000020250	ENSMUSG00000020250	IBA, IEA
CRE upregulated	GO:0042592	homeostatic process	ENSMUSG00000039191	Rbpj	IMP
CRE upregulated	GO:0042592	homeostatic process	ENSMUSG00000022858	ENSMUSG00000022858	IEA
CRE upregulated	GO:0042592	homeostatic process	ENSMUSG00000000787	ENSMUSG00000000787	ISS
CRE upregulated	GO:0042592	homeostatic process	ENSMUSG00000022094	ENSMUSG00000022094	IDA, IMP, IBA, IEA
CRE upregulated	GO:0042592	homeostatic process	ENSMUSG00000038467	ENSMUSG00000038467	IEA
CRE upregulated	GO:0042592	homeostatic process	ENSMUSG00000066595	ENSMUSG00000066595	IMP, ISO, IBA, IEA
CRE upregulated	GO:0042592	homeostatic process	ENSMUSG00000032540	ENSMUSG00000032540	IBA
CRE upregulated	GO:0042592	homeostatic process	ENSMUSG00000032462	ENSMUSG00000032462	IMP, IEA
CRE upregulated	GO:0042592	homeostatic process	ENSMUSG00000004270	ENSMUSG00000004270	IMP
CRE upregulated	GO:0042592	homeostatic process	ENSMUSG00000032786	ENSMUSG00000032786	IBA
CRE upregulated	GO:0042592	homeostatic process	ENSMUSG00000028382	ENSMUSG00000028382	IEA
CRE upregulated	GO:0042592	homeostatic process	ENSMUSG00000027646	ENSMUSG00000027646	IMP, ISO, IEA
CRE upregulated	GO:0042592	homeostatic process	ENSMUSG00000004698	ENSMUSG00000004698	IEA
CRE upregulated	GO:0042592	homeostatic process	ENSMUSG00000038205	ENSMUSG00000038205	IGI
CRE upregulated	GO:0042592	homeostatic process	ENSMUSG00000015839	Nfe2l2	IMP, ISS, ISO, IEA
CRE upregulated	GO:0042592	homeostatic process	ENSMUSG00000032373	ENSMUSG00000032373	IEA
CRE upregulated	GO:0051169	nuclear transport	ENSMUSG00000023067	Cdkn1a	IMP, IEA
CRE upregulated	GO:0051169	nuclear transport	ENSMUSG00000030272	Camk1	IDA, IGI, IEA
CRE upregulated	GO:0051169	nuclear transport	ENSMUSG00000034300	Fam53c	IBA
CRE upregulated	GO:0051169	nuclear transport	ENSMUSG00000032939	Nup93	IBA, NAS, IEA
CRE upregulated	GO:0051169	nuclear transport	ENSMUSG00000028063	Lmna	IMP
CRE upregulated	GO:0051169	nuclear transport	ENSMUSG00000053436	Mapk14	IMP
CRE upregulated	GO:0051169	nuclear transport	ENSMUSG00000028156	Eif4e	IDA, IMP
CRE upregulated	GO:0051169	nuclear transport	ENSMUSG00000018362	Kpna2	IDA, ISS, IBA, IEA
CRE upregulated	GO:0051169	nuclear transport	ENSMUSG00000025746	Il6	ISO
CRE upregulated	GO:0051169	nuclear transport	ENSMUSG00000040312	Cchcr1	IDA, IBA
CRE upregulated	GO:0051169	nuclear transport	ENSMUSG00000027613	Eif6	IBA, IEA
CRE upregulated	GO:0051169	nuclear transport	ENSMUSG00000032078	Zpr1	IMP, ISS, IBA, IEA
CRE upregulated	GO:0051169	nuclear transport	ENSMUSG00000058355	Abce1	IBA, IEA
CRE upregulated	GO:0051169	nuclear transport	ENSMUSG00000004768	Rab23	IEA
CRE upregulated	GO:0051169	nuclear transport	ENSMUSG00000015837	Sqstm1	IDA, IMP
CRE upregulated	GO:0051169	nuclear transport	ENSMUSG00000047604	Frat2	ISS
CRE upregulated	GO:0051169	nuclear transport	ENSMUSG00000024789	Jak2	ISO, IEA
CRE upregulated	GO:0051169	nuclear transport	ENSMUSG00000004040	ENSMUSG00000004040	ISS, IEA
CRE upregulated	GO:0051169	nuclear transport	ENSMUSG00000109511	Nup62	ISO, IBA, NAS, IEA
CRE upregulated	GO:0051169	nuclear transport	ENSMUSG00000053175	Bcl3	IEA
CRE upregulated	GO:0051169	nuclear transport	ENSMUSG00000030662	ENSMUSG00000030662	IDA, IMP, IBA, IEA
CRE upregulated	GO:0051169	nuclear transport	ENSMUSG00000047281	ENSMUSG00000047281	IDA
CRE upregulated	GO:0051169	nuclear transport	ENSMUSG00000019842	ENSMUSG00000019842	IDA
CRE upregulated	GO:0051169	nuclear transport	ENSMUSG00000001552	ENSMUSG00000001552	IEA
CRE upregulated	GO:0051169	nuclear transport	ENSMUSG00000002633	Shh	IGI
CRE upregulated	GO:0051169	nuclear transport	ENSMUSG00000028291	ENSMUSG00000028291	ISS, IEA
CRE upregulated	GO:0051169	nuclear transport	ENSMUSG00000078676	ENSMUSG00000078676	NAS
CRE upregulated	GO:0051169	nuclear transport	ENSMUSG00000003541	ENSMUSG00000003541	IMP
CRE upregulated	GO:0051169	nuclear transport	ENSMUSG00000024287	ENSMUSG00000024287	ISS, IBA, IEA
CRE upregulated	GO:0006913	nucleocytoplasmic transport	ENSMUSG00000023067	Cdkn1a	IMP, IEA
CRE upregulated	GO:0006913	nucleocytoplasmic transport	ENSMUSG00000030272	Camk1	IDA, IGI, IEA
CRE upregulated	GO:0006913	nucleocytoplasmic transport	ENSMUSG00000034300	Fam53c	IBA
CRE upregulated	GO:0006913	nucleocytoplasmic transport	ENSMUSG00000032939	Nup93	IBA, NAS, IEA
CRE upregulated	GO:0006913	nucleocytoplasmic transport	ENSMUSG00000028063	Lmna	IMP
CRE upregulated	GO:0006913	nucleocytoplasmic transport	ENSMUSG00000053436	Mapk14	IMP
CRE upregulated	GO:0006913	nucleocytoplasmic transport	ENSMUSG00000028156	Eif4e	IDA, IMP
CRE upregulated	GO:0006913	nucleocytoplasmic transport	ENSMUSG00000018362	Kpna2	IDA, ISS, IBA, IEA
CRE upregulated	GO:0006913	nucleocytoplasmic transport	ENSMUSG00000025746	Il6	ISO
CRE upregulated	GO:0006913	nucleocytoplasmic transport	ENSMUSG00000040312	Cchcr1	IDA, IBA
CRE upregulated	GO:0006913	nucleocytoplasmic transport	ENSMUSG00000027613	Eif6	IBA, IEA
CRE upregulated	GO:0006913	nucleocytoplasmic transport	ENSMUSG00000032078	Zpr1	IMP, ISS, IBA, IEA
CRE upregulated	GO:0006913	nucleocytoplasmic transport	ENSMUSG00000058355	Abce1	IBA, IEA
CRE upregulated	GO:0006913	nucleocytoplasmic transport	ENSMUSG00000004768	Rab23	IEA
CRE upregulated	GO:0006913	nucleocytoplasmic transport	ENSMUSG00000015837	Sqstm1	IDA, IMP
CRE upregulated	GO:0006913	nucleocytoplasmic transport	ENSMUSG00000047604	Frat2	ISS
CRE upregulated	GO:0006913	nucleocytoplasmic transport	ENSMUSG00000024789	Jak2	ISO, IEA
CRE upregulated	GO:0006913	nucleocytoplasmic transport	ENSMUSG00000004040	ENSMUSG00000004040	ISS, IEA
CRE upregulated	GO:0006913	nucleocytoplasmic transport	ENSMUSG00000109511	Nup62	ISO, IBA, NAS, IEA
CRE upregulated	GO:0006913	nucleocytoplasmic transport	ENSMUSG00000053175	Bcl3	IEA
CRE upregulated	GO:0006913	nucleocytoplasmic transport	ENSMUSG00000030662	ENSMUSG00000030662	IDA, IMP, IBA, IEA
CRE upregulated	GO:0006913	nucleocytoplasmic transport	ENSMUSG00000047281	ENSMUSG00000047281	IDA
CRE upregulated	GO:0006913	nucleocytoplasmic transport	ENSMUSG00000019842	ENSMUSG00000019842	IDA
CRE upregulated	GO:0006913	nucleocytoplasmic transport	ENSMUSG00000001552	ENSMUSG00000001552	IEA
CRE upregulated	GO:0006913	nucleocytoplasmic transport	ENSMUSG00000002633	Shh	IGI
CRE upregulated	GO:0006913	nucleocytoplasmic transport	ENSMUSG00000028291	ENSMUSG00000028291	ISS, IEA
CRE upregulated	GO:0006913	nucleocytoplasmic transport	ENSMUSG00000078676	ENSMUSG00000078676	NAS
CRE upregulated	GO:0006913	nucleocytoplasmic transport	ENSMUSG00000003541	ENSMUSG00000003541	IMP
CRE upregulated	GO:0006913	nucleocytoplasmic transport	ENSMUSG00000024287	ENSMUSG00000024287	ISS, IBA, IEA
CRE upregulated	GO:0010558	negative regulation of macromolecule biosynthetic process	ENSMUSG00000026628	Atf3	IDA, IEA
CRE upregulated	GO:0010558	negative regulation of macromolecule biosynthetic process	ENSMUSG00000036390	Gadd45a	IEA
CRE upregulated	GO:0010558	negative regulation of macromolecule biosynthetic process	ENSMUSG00000052684	Jun	IDA
CRE upregulated	GO:0010558	negative regulation of macromolecule biosynthetic process	ENSMUSG00000063632	Sox11	IDA, IMP, IBA, IEA
CRE upregulated	GO:0010558	negative regulation of macromolecule biosynthetic process	ENSMUSG00000056749	Nfil3	IDA, IEA
CRE upregulated	GO:0010558	negative regulation of macromolecule biosynthetic process	ENSMUSG00000022895	Ets2	IEA
CRE upregulated	GO:0010558	negative regulation of macromolecule biosynthetic process	ENSMUSG00000037447	Arid5a	ISS, IEA
CRE upregulated	GO:0010558	negative regulation of macromolecule biosynthetic process	ENSMUSG00000033902	Mapkbp1	IEA
CRE upregulated	GO:0010558	negative regulation of macromolecule biosynthetic process	ENSMUSG00000021765	Fst	IEA
CRE upregulated	GO:0010558	negative regulation of macromolecule biosynthetic process	ENSMUSG00000030256	Bhlhe41	IDA, TAS, IEA
CRE upregulated	GO:0010558	negative regulation of macromolecule biosynthetic process	ENSMUSG00000025612	Bach1	IDA, ISS, IEA
CRE upregulated	GO:0010558	negative regulation of macromolecule biosynthetic process	ENSMUSG00000023067	Cdkn1a	IMP, IEA
CRE upregulated	GO:0010558	negative regulation of macromolecule biosynthetic process	ENSMUSG00000035673	Sbno2	IMP, IBA, IEA
CRE upregulated	GO:0010558	negative regulation of macromolecule biosynthetic process	ENSMUSG00000068566	Myadm	IEA
CRE upregulated	GO:0010558	negative regulation of macromolecule biosynthetic process	ENSMUSG00000002250	Ppard	IDA, IBA, IEA
CRE upregulated	GO:0010558	negative regulation of macromolecule biosynthetic process	ENSMUSG00000044734	Serpinb1a	IMP, IBA
CRE upregulated	GO:0010558	negative regulation of macromolecule biosynthetic process	ENSMUSG00000037638	Zbtb42	IDA
CRE upregulated	GO:0010558	negative regulation of macromolecule biosynthetic process	ENSMUSG00000042507	Mideas	IBA
CRE upregulated	GO:0010558	negative regulation of macromolecule biosynthetic process	ENSMUSG00000027313	Chac1	ISS, IEA
CRE upregulated	GO:0010558	negative regulation of macromolecule biosynthetic process	ENSMUSG00000026796	Niban2	IEA
CRE upregulated	GO:0010558	negative regulation of macromolecule biosynthetic process	ENSMUSG00000027583	Zbtb46	IDA
CRE upregulated	GO:0010558	negative regulation of macromolecule biosynthetic process	ENSMUSG00000028063	Lmna	IBA
CRE upregulated	GO:0010558	negative regulation of macromolecule biosynthetic process	ENSMUSG00000026254	Eif4e2	ISS, ISO, IEA
CRE upregulated	GO:0010558	negative regulation of macromolecule biosynthetic process	ENSMUSG00000030678	Maz	IEA
CRE upregulated	GO:0010558	negative regulation of macromolecule biosynthetic process	ENSMUSG00000040025	Ythdf2	IMP, IBA, IEA
CRE upregulated	GO:0010558	negative regulation of macromolecule biosynthetic process	ENSMUSG00000028156	Eif4e	IMP
CRE upregulated	GO:0010558	negative regulation of macromolecule biosynthetic process	ENSMUSG00000025239	Limd1	ISS, ISO, IEA
CRE upregulated	GO:0010558	negative regulation of macromolecule biosynthetic process	ENSMUSG00000048490	Nrip1	IDA, IBA, IEA
CRE upregulated	GO:0010558	negative regulation of macromolecule biosynthetic process	ENSMUSG00000022096	Hr	IDA
CRE upregulated	GO:0010558	negative regulation of macromolecule biosynthetic process	ENSMUSG00000013089	Etv5	IEA
CRE upregulated	GO:0010558	negative regulation of macromolecule biosynthetic process	ENSMUSG00000025746	Il6	IDA, IMP
CRE upregulated	GO:0010558	negative regulation of macromolecule biosynthetic process	ENSMUSG00000032280	Tle3	IEA
CRE upregulated	GO:0010558	negative regulation of macromolecule biosynthetic process	ENSMUSG00000055994	Nod2	IDA, IMP
CRE upregulated	GO:0010558	negative regulation of macromolecule biosynthetic process	ENSMUSG00000063889	Crem	IEA
CRE upregulated	GO:0010558	negative regulation of macromolecule biosynthetic process	ENSMUSG00000027613	Eif6	ISS, IEA
CRE upregulated	GO:0010558	negative regulation of macromolecule biosynthetic process	ENSMUSG00000042406	Atf4	IMP
CRE upregulated	GO:0010558	negative regulation of macromolecule biosynthetic process	ENSMUSG00000079049	Serpinb1c	IMP, IBA
CRE upregulated	GO:0010558	negative regulation of macromolecule biosynthetic process	ENSMUSG00000023079	Gtf2ird1	IEA
CRE upregulated	GO:0010558	negative regulation of macromolecule biosynthetic process	ENSMUSG00000031628	Casp3	IEA
CRE upregulated	GO:0010558	negative regulation of macromolecule biosynthetic process	ENSMUSG00000025408	Ddit3	IDA, IMP, IGI, ISS, ISO, IBA, IEA
CRE upregulated	GO:0010558	negative regulation of macromolecule biosynthetic process	ENSMUSG00000040435	Ppp1r15a	IDA, ISO
CRE upregulated	GO:0010558	negative regulation of macromolecule biosynthetic process	ENSMUSG00000001847	Rac1	IEA
CRE upregulated	GO:0010558	negative regulation of macromolecule biosynthetic process	ENSMUSG00000018909	Arrb1	IEA
CRE upregulated	GO:0010558	negative regulation of macromolecule biosynthetic process	ENSMUSG00000030057	Cnbp	IEA
CRE upregulated	GO:0010558	negative regulation of macromolecule biosynthetic process	ENSMUSG00000024360	Etf1	IEA
CRE upregulated	GO:0010558	negative regulation of macromolecule biosynthetic process	ENSMUSG00000008393	Carhsp1	IMP, IBA, IEA
CRE upregulated	GO:0010558	negative regulation of macromolecule biosynthetic process	ENSMUSG00000015837	Sqstm1	IMP
CRE upregulated	GO:0010558	negative regulation of macromolecule biosynthetic process	ENSMUSG00000030309	Caprin2	IEA
CRE upregulated	GO:0010558	negative regulation of macromolecule biosynthetic process	ENSMUSG00000029131	Dnajb6	IDA
CRE upregulated	GO:0010558	negative regulation of macromolecule biosynthetic process	ENSMUSG00000023087	Noct	IMP, IGI
CRE upregulated	GO:0010558	negative regulation of macromolecule biosynthetic process	ENSMUSG00000015316	Slamf1	IDA, IEA
CRE upregulated	GO:0010558	negative regulation of macromolecule biosynthetic process	ENSMUSG00000022346	Myc	IDA, ISO, IEA
CRE upregulated	GO:0010558	negative regulation of macromolecule biosynthetic process	ENSMUSG00000027954	Efna1	IMP
CRE upregulated	GO:0010558	negative regulation of macromolecule biosynthetic process	ENSMUSG00000004040	ENSMUSG00000004040	IEA
CRE upregulated	GO:0010558	negative regulation of macromolecule biosynthetic process	ENSMUSG00000061589	Dot1l	IEA
CRE upregulated	GO:0010558	negative regulation of macromolecule biosynthetic process	ENSMUSG00000018143	Mafk	IEA
CRE upregulated	GO:0010558	negative regulation of macromolecule biosynthetic process	ENSMUSG00000029826	Zc3hav1	ISS, ISO, IBA, IEA
CRE upregulated	GO:0010558	negative regulation of macromolecule biosynthetic process	ENSMUSG00000024190	Dusp1	ISO
CRE upregulated	GO:0010558	negative regulation of macromolecule biosynthetic process	ENSMUSG00000035236	Scai	IEA
CRE upregulated	GO:0010558	negative regulation of macromolecule biosynthetic process	ENSMUSG00000020358	Hnrnpab	IGI, ISO, IEA
CRE upregulated	GO:0010558	negative regulation of macromolecule biosynthetic process	ENSMUSG00000024803	Ankrd1	ISO, IEA
CRE upregulated	GO:0010558	negative regulation of macromolecule biosynthetic process	ENSMUSG00000023915	Tnfrsf21	IMP
CRE upregulated	GO:0010558	negative regulation of macromolecule biosynthetic process	ENSMUSG00000024927	Rela	IDA, IEA
CRE upregulated	GO:0010558	negative regulation of macromolecule biosynthetic process	ENSMUSG00000003435	ENSMUSG00000003435	IEA
CRE upregulated	GO:0010558	negative regulation of macromolecule biosynthetic process	ENSMUSG00000024238	Zeb1	IDA, IMP, ISS, ISO, IEA
CRE upregulated	GO:0010558	negative regulation of macromolecule biosynthetic process	ENSMUSG00000028893	Sesn2	IMP, IEA
CRE upregulated	GO:0010558	negative regulation of macromolecule biosynthetic process	ENSMUSG00000024947	Men1	IDA, ISO, IEA
CRE upregulated	GO:0010558	negative regulation of macromolecule biosynthetic process	ENSMUSG00000040433	Zbtb38	IEA
CRE upregulated	GO:0010558	negative regulation of macromolecule biosynthetic process	ENSMUSG00000044453	Ffar1	IEA
CRE upregulated	GO:0010558	negative regulation of macromolecule biosynthetic process	ENSMUSG00000032715	Trib3	ISS, IEA
CRE upregulated	GO:0010558	negative regulation of macromolecule biosynthetic process	ENSMUSG00000048047	Zbtb33	ISS, IBA, IEA
CRE upregulated	GO:0010558	negative regulation of macromolecule biosynthetic process	ENSMUSG00000071637	Cebpd	IDA
CRE upregulated	GO:0010558	negative regulation of macromolecule biosynthetic process	ENSMUSG00000031668	ENSMUSG00000031668	IEA
CRE upregulated	GO:0010558	negative regulation of macromolecule biosynthetic process	ENSMUSG00000053175	Bcl3	IMP, IEA
CRE upregulated	GO:0010558	negative regulation of macromolecule biosynthetic process	ENSMUSG00000068739	ENSMUSG00000068739	ISS, IEA
CRE upregulated	GO:0010558	negative regulation of macromolecule biosynthetic process	ENSMUSG00000030199	Etv6	IEA
CRE upregulated	GO:0010558	negative regulation of macromolecule biosynthetic process	ENSMUSG00000040857	Erf	IEA
CRE upregulated	GO:0010558	negative regulation of macromolecule biosynthetic process	ENSMUSG00000025340	Rabgef1	IMP
CRE upregulated	GO:0010558	negative regulation of macromolecule biosynthetic process	ENSMUSG00000039108	ENSMUSG00000039108	IMP
CRE upregulated	GO:0010558	negative regulation of macromolecule biosynthetic process	ENSMUSG00000036180	ENSMUSG00000036180	ISS, IBA, NAS, IEA
CRE upregulated	GO:0010558	negative regulation of macromolecule biosynthetic process	ENSMUSG00000011877	Git1	IMP
CRE upregulated	GO:0010558	negative regulation of macromolecule biosynthetic process	ENSMUSG00000039985	Sinhcaf	NAS
CRE upregulated	GO:0010558	negative regulation of macromolecule biosynthetic process	ENSMUSG00000047281	ENSMUSG00000047281	IDA
CRE upregulated	GO:0010558	negative regulation of macromolecule biosynthetic process	ENSMUSG00000021796	Bmpr1a	IMP
CRE upregulated	GO:0010558	negative regulation of macromolecule biosynthetic process	ENSMUSG00000019842	ENSMUSG00000019842	IDA, IMP
CRE upregulated	GO:0010558	negative regulation of macromolecule biosynthetic process	ENSMUSG00000034543	ENSMUSG00000034543	IMP, ISS
CRE upregulated	GO:0010558	negative regulation of macromolecule biosynthetic process	ENSMUSG00000045763	ENSMUSG00000045763	ISS, IBA, IEA
CRE upregulated	GO:0010558	negative regulation of macromolecule biosynthetic process	ENSMUSG00000109336	ENSMUSG00000109336	IEA
CRE upregulated	GO:0010558	negative regulation of macromolecule biosynthetic process	ENSMUSG00000039191	Rbpj	IDA, IMP, IEA
CRE upregulated	GO:0010558	negative regulation of macromolecule biosynthetic process	ENSMUSG00000046962	ENSMUSG00000046962	IBA, IEA
CRE upregulated	GO:0010558	negative regulation of macromolecule biosynthetic process	ENSMUSG00000051316	Taf7	IEA
CRE upregulated	GO:0010558	negative regulation of macromolecule biosynthetic process	ENSMUSG00000040010	Slc7a5	IEA
CRE upregulated	GO:0010558	negative regulation of macromolecule biosynthetic process	ENSMUSG00000040463	ENSMUSG00000040463	IDA
CRE upregulated	GO:0010558	negative regulation of macromolecule biosynthetic process	ENSMUSG00000004099	ENSMUSG00000004099	IDA, IMP, ISO, IBA, IEA
CRE upregulated	GO:0010558	negative regulation of macromolecule biosynthetic process	ENSMUSG00000023952	ENSMUSG00000023952	IMP
CRE upregulated	GO:0010558	negative regulation of macromolecule biosynthetic process	ENSMUSG00000020594	ENSMUSG00000020594	ISS, ISO, IBA, IEA
CRE upregulated	GO:0010558	negative regulation of macromolecule biosynthetic process	ENSMUSG00000000787	ENSMUSG00000000787	IDA, IMP, ISS, IBA
CRE upregulated	GO:0010558	negative regulation of macromolecule biosynthetic process	ENSMUSG00000008730	Hipk1	ISS
CRE upregulated	GO:0010558	negative regulation of macromolecule biosynthetic process	ENSMUSG00000059288	ENSMUSG00000059288	IDA, IEA
CRE upregulated	GO:0010558	negative regulation of macromolecule biosynthetic process	ENSMUSG00000038676	Ucn	ISO, IEA
CRE upregulated	GO:0010558	negative regulation of macromolecule biosynthetic process	ENSMUSG00000032508	Myd88	IEA
CRE upregulated	GO:0010558	negative regulation of macromolecule biosynthetic process	ENSMUSG00000002633	Shh	IDA, IMP
CRE upregulated	GO:0010558	negative regulation of macromolecule biosynthetic process	ENSMUSG00000028680	ENSMUSG00000028680	IEA
CRE upregulated	GO:0010558	negative regulation of macromolecule biosynthetic process	ENSMUSG00000039671	ENSMUSG00000039671	IEA
CRE upregulated	GO:0010558	negative regulation of macromolecule biosynthetic process	ENSMUSG00000028291	ENSMUSG00000028291	ISO, IEA
CRE upregulated	GO:0010558	negative regulation of macromolecule biosynthetic process	ENSMUSG00000037411	Serpine1	IEA
CRE upregulated	GO:0010558	negative regulation of macromolecule biosynthetic process	ENSMUSG00000078676	ENSMUSG00000078676	ISS, ISO, IEA
CRE upregulated	GO:0010558	negative regulation of macromolecule biosynthetic process	ENSMUSG00000028382	ENSMUSG00000028382	IMP, IEA
CRE upregulated	GO:0010558	negative regulation of macromolecule biosynthetic process	ENSMUSG00000037465	Klf10	IDA
CRE upregulated	GO:0010558	negative regulation of macromolecule biosynthetic process	ENSMUSG00000019843	ENSMUSG00000019843	IMP
CRE upregulated	GO:0010558	negative regulation of macromolecule biosynthetic process	ENSMUSG00000027646	ENSMUSG00000027646	ISO, IEA
CRE upregulated	GO:0010558	negative regulation of macromolecule biosynthetic process	ENSMUSG00000020680	ENSMUSG00000020680	ISO, IEA
CRE upregulated	GO:0010558	negative regulation of macromolecule biosynthetic process	ENSMUSG00000033991	ENSMUSG00000033991	ISS, IBA, IEA
CRE upregulated	GO:0010558	negative regulation of macromolecule biosynthetic process	ENSMUSG00000004698	ENSMUSG00000004698	IEA
CRE upregulated	GO:0010558	negative regulation of macromolecule biosynthetic process	ENSMUSG00000042197	ENSMUSG00000042197	ISS, IBA, IEA
CRE upregulated	GO:0010558	negative regulation of macromolecule biosynthetic process	ENSMUSG00000027433	ENSMUSG00000027433	IBA
CRE upregulated	GO:0010558	negative regulation of macromolecule biosynthetic process	ENSMUSG00000029475	ENSMUSG00000029475	IDA, IMP
CRE upregulated	GO:0051223	regulation of protein transport	ENSMUSG00000030102	Itpr1	IMP, IGI
CRE upregulated	GO:0051223	regulation of protein transport	ENSMUSG00000030272	Camk1	IDA, IEA
CRE upregulated	GO:0051223	regulation of protein transport	ENSMUSG00000035621	Midn	ISO, IEA
CRE upregulated	GO:0051223	regulation of protein transport	ENSMUSG00000024261	Syt4	IMP
CRE upregulated	GO:0051223	regulation of protein transport	ENSMUSG00000018736	Ndel1	IEA
CRE upregulated	GO:0051223	regulation of protein transport	ENSMUSG00000002250	Ppard	ISO, NAS
CRE upregulated	GO:0051223	regulation of protein transport	ENSMUSG00000038894	Irs2	IMP
CRE upregulated	GO:0051223	regulation of protein transport	ENSMUSG00000035828	Pim3	IMP
CRE upregulated	GO:0051223	regulation of protein transport	ENSMUSG00000027540	Ptpn1	IEA
CRE upregulated	GO:0051223	regulation of protein transport	ENSMUSG00000022661	Cd200	IEA
CRE upregulated	GO:0051223	regulation of protein transport	ENSMUSG00000053436	Mapk14	IMP
CRE upregulated	GO:0051223	regulation of protein transport	ENSMUSG00000025746	Il6	IDA, ISO
CRE upregulated	GO:0051223	regulation of protein transport	ENSMUSG00000032078	Zpr1	IMP, ISS, IBA, IEA
CRE upregulated	GO:0051223	regulation of protein transport	ENSMUSG00000001847	Rac1	IMP, ISO
CRE upregulated	GO:0051223	regulation of protein transport	ENSMUSG00000018909	Arrb1	IMP
CRE upregulated	GO:0051223	regulation of protein transport	ENSMUSG00000004768	Rab23	IEA
CRE upregulated	GO:0051223	regulation of protein transport	ENSMUSG00000036057	Ptpn23	IEA
CRE upregulated	GO:0051223	regulation of protein transport	ENSMUSG00000047604	Frat2	ISS
CRE upregulated	GO:0051223	regulation of protein transport	ENSMUSG00000024789	Jak2	ISS, ISO, IEA
CRE upregulated	GO:0051223	regulation of protein transport	ENSMUSG00000038949	Cnst	ISS, IBA, IEA
CRE upregulated	GO:0051223	regulation of protein transport	ENSMUSG00000109511	Nup62	ISO, IEA
CRE upregulated	GO:0051223	regulation of protein transport	ENSMUSG00000004347	ENSMUSG00000004347	ISO
CRE upregulated	GO:0051223	regulation of protein transport	ENSMUSG00000024803	Ankrd1	IEA
CRE upregulated	GO:0051223	regulation of protein transport	ENSMUSG00000044453	Ffar1	IDA, IMP, ISO, IBA
CRE upregulated	GO:0051223	regulation of protein transport	ENSMUSG00000032902	Slc16a1	IMP
CRE upregulated	GO:0051223	regulation of protein transport	ENSMUSG00000026074	Map4k4	IEA
CRE upregulated	GO:0051223	regulation of protein transport	ENSMUSG00000031278	ENSMUSG00000031278	ISS, ISO
CRE upregulated	GO:0051223	regulation of protein transport	ENSMUSG00000021587	Pcsk1	ISO, IEA
CRE upregulated	GO:0051223	regulation of protein transport	ENSMUSG00000044147	Arf6	IEA
CRE upregulated	GO:0051223	regulation of protein transport	ENSMUSG00000030662	ENSMUSG00000030662	IMP
CRE upregulated	GO:0051223	regulation of protein transport	ENSMUSG00000047281	ENSMUSG00000047281	IDA
CRE upregulated	GO:0051223	regulation of protein transport	ENSMUSG00000001552	ENSMUSG00000001552	IEA
CRE upregulated	GO:0051223	regulation of protein transport	ENSMUSG00000002633	Shh	IGI
CRE upregulated	GO:0051223	regulation of protein transport	ENSMUSG00000028680	ENSMUSG00000028680	IEA
CRE upregulated	GO:0051223	regulation of protein transport	ENSMUSG00000040652	ENSMUSG00000040652	IDA
CRE upregulated	GO:0051223	regulation of protein transport	ENSMUSG00000027646	ENSMUSG00000027646	ISO, IEA
CRE upregulated	GO:0042327	positive regulation of phosphorylation	ENSMUSG00000025089	Gfra1	ISO, IEA
CRE upregulated	GO:0042327	positive regulation of phosphorylation	ENSMUSG00000030272	Camk1	ISS
CRE upregulated	GO:0042327	positive regulation of phosphorylation	ENSMUSG00000029378	Areg	IDA, ISO, IEA
CRE upregulated	GO:0042327	positive regulation of phosphorylation	ENSMUSG00000005087	Cd44	IEA
CRE upregulated	GO:0042327	positive regulation of phosphorylation	ENSMUSG00000026836	Acvr1	IEA
CRE upregulated	GO:0042327	positive regulation of phosphorylation	ENSMUSG00000048482	Bdnf	IMP, ISO, IEA
CRE upregulated	GO:0042327	positive regulation of phosphorylation	ENSMUSG00000024256	Adcyap1	ISS
CRE upregulated	GO:0042327	positive regulation of phosphorylation	ENSMUSG00000027540	Ptpn1	IMP
CRE upregulated	GO:0042327	positive regulation of phosphorylation	ENSMUSG00000043895	S1pr2	IMP, IEA
CRE upregulated	GO:0042327	positive regulation of phosphorylation	ENSMUSG00000025809	Itgb1	ISO
CRE upregulated	GO:0042327	positive regulation of phosphorylation	ENSMUSG00000025746	Il6	ISO
CRE upregulated	GO:0042327	positive regulation of phosphorylation	ENSMUSG00000032231	Anxa2	ISO
CRE upregulated	GO:0042327	positive regulation of phosphorylation	ENSMUSG00000022607	Ptk2	ISS
CRE upregulated	GO:0042327	positive regulation of phosphorylation	ENSMUSG00000055994	Nod2	IMP
CRE upregulated	GO:0042327	positive regulation of phosphorylation	ENSMUSG00000027293	Ehd4	ISO, IEA
CRE upregulated	GO:0042327	positive regulation of phosphorylation	ENSMUSG00000040435	Ppp1r15a	IDA, ISO
CRE upregulated	GO:0042327	positive regulation of phosphorylation	ENSMUSG00000001847	Rac1	ISS
CRE upregulated	GO:0042327	positive regulation of phosphorylation	ENSMUSG00000018909	Arrb1	IMP, ISS, ISO
CRE upregulated	GO:0042327	positive regulation of phosphorylation	ENSMUSG00000033955	Tnks1bp1	IEA
CRE upregulated	GO:0042327	positive regulation of phosphorylation	ENSMUSG00000057531	Dtnbp1	ISO
CRE upregulated	GO:0042327	positive regulation of phosphorylation	ENSMUSG00000015837	Sqstm1	ISO
CRE upregulated	GO:0042327	positive regulation of phosphorylation	ENSMUSG00000027954	Efna1	IEA
CRE upregulated	GO:0042327	positive regulation of phosphorylation	ENSMUSG00000024789	Jak2	IDA
CRE upregulated	GO:0042327	positive regulation of phosphorylation	ENSMUSG00000029071	ENSMUSG00000029071	IDA
CRE upregulated	GO:0042327	positive regulation of phosphorylation	ENSMUSG00000036894	Rap2b	IDA, IEA
CRE upregulated	GO:0042327	positive regulation of phosphorylation	ENSMUSG00000032599	ENSMUSG00000032599	IMP
CRE upregulated	GO:0042327	positive regulation of phosphorylation	ENSMUSG00000000787	ENSMUSG00000000787	ISS
CRE upregulated	GO:0042327	positive regulation of phosphorylation	ENSMUSG00000038676	Ucn	ISO
CRE upregulated	GO:0042327	positive regulation of phosphorylation	ENSMUSG00000027944	Hax1	IEA
CRE upregulated	GO:0042327	positive regulation of phosphorylation	ENSMUSG00000019843	ENSMUSG00000019843	IMP
CRE upregulated	GO:0042327	positive regulation of phosphorylation	ENSMUSG00000027646	ENSMUSG00000027646	IGI, ISO, IEA
CRE upregulated	GO:0042327	positive regulation of phosphorylation	ENSMUSG00000055067	ENSMUSG00000055067	IMP
CRE upregulated	GO:0042327	positive regulation of phosphorylation	ENSMUSG00000031073	Fgf15	IEA
CRE upregulated	GO:0032102	negative regulation of response to external stimulus	ENSMUSG00000046223	Plaur	NAS
CRE upregulated	GO:0032102	negative regulation of response to external stimulus	ENSMUSG00000033902	Mapkbp1	IEA
CRE upregulated	GO:0032102	negative regulation of response to external stimulus	ENSMUSG00000024256	Adcyap1	ISO, IEA
CRE upregulated	GO:0032102	negative regulation of response to external stimulus	ENSMUSG00000002250	Ppard	IBA, IEA
CRE upregulated	GO:0032102	negative regulation of response to external stimulus	ENSMUSG00000026254	Eif4e2	IEA
CRE upregulated	GO:0032102	negative regulation of response to external stimulus	ENSMUSG00000040025	Ythdf2	ISS, IEA
CRE upregulated	GO:0032102	negative regulation of response to external stimulus	ENSMUSG00000032231	Anxa2	IMP
CRE upregulated	GO:0032102	negative regulation of response to external stimulus	ENSMUSG00000055994	Nod2	IMP
CRE upregulated	GO:0032102	negative regulation of response to external stimulus	ENSMUSG00000024014	Pim1	ISS, IEA
CRE upregulated	GO:0032102	negative regulation of response to external stimulus	ENSMUSG00000042726	Trafd1	IMP, IBA
CRE upregulated	GO:0032102	negative regulation of response to external stimulus	ENSMUSG00000038552	Fndc4	IDA, IBA, IEA
CRE upregulated	GO:0032102	negative regulation of response to external stimulus	ENSMUSG00000053113	Socs3	IGI
CRE upregulated	GO:0032102	negative regulation of response to external stimulus	ENSMUSG00000004040	ENSMUSG00000004040	IDA, IEA
CRE upregulated	GO:0032102	negative regulation of response to external stimulus	ENSMUSG00000024190	Dusp1	IEA
CRE upregulated	GO:0032102	negative regulation of response to external stimulus	ENSMUSG00000040033	ENSMUSG00000040033	IEA
CRE upregulated	GO:0032102	negative regulation of response to external stimulus	ENSMUSG00000029071	ENSMUSG00000029071	IMP
CRE upregulated	GO:0032102	negative regulation of response to external stimulus	ENSMUSG00000025340	Rabgef1	IMP
CRE upregulated	GO:0032102	negative regulation of response to external stimulus	ENSMUSG00000028599	Tnfrsf1b	IMP, IBA
CRE upregulated	GO:0032102	negative regulation of response to external stimulus	ENSMUSG00000011877	Git1	IMP
CRE upregulated	GO:0032102	negative regulation of response to external stimulus	ENSMUSG00000047281	ENSMUSG00000047281	ISS, IEA
CRE upregulated	GO:0032102	negative regulation of response to external stimulus	ENSMUSG00000070056	ENSMUSG00000070056	ISS, IEA
CRE upregulated	GO:0032102	negative regulation of response to external stimulus	ENSMUSG00000019256	ENSMUSG00000019256	IEA
CRE upregulated	GO:0032102	negative regulation of response to external stimulus	ENSMUSG00000037553	ENSMUSG00000037553	ISS, IEA
CRE upregulated	GO:0032102	negative regulation of response to external stimulus	ENSMUSG00000021072	Tmx1	IMP, IEA
CRE upregulated	GO:0032102	negative regulation of response to external stimulus	ENSMUSG00000004270	ENSMUSG00000004270	IMP
CRE upregulated	GO:0032102	negative regulation of response to external stimulus	ENSMUSG00000038250	ENSMUSG00000038250	IEA
CRE upregulated	GO:0032102	negative regulation of response to external stimulus	ENSMUSG00000037411	Serpine1	IEA
CRE upregulated	GO:0032102	negative regulation of response to external stimulus	ENSMUSG00000032501	Trib1	IEA
CRE upregulated	GO:0032102	negative regulation of response to external stimulus	ENSMUSG00000003541	ENSMUSG00000003541	IMP
CRE upregulated	GO:0031401	positive regulation of protein modification process	ENSMUSG00000037447	Arid5a	IDA
CRE upregulated	GO:0031401	positive regulation of protein modification process	ENSMUSG00000025089	Gfra1	ISO, IEA
CRE upregulated	GO:0031401	positive regulation of protein modification process	ENSMUSG00000030272	Camk1	ISS
CRE upregulated	GO:0031401	positive regulation of protein modification process	ENSMUSG00000029378	Areg	IDA
CRE upregulated	GO:0031401	positive regulation of protein modification process	ENSMUSG00000005087	Cd44	IEA
CRE upregulated	GO:0031401	positive regulation of protein modification process	ENSMUSG00000026836	Acvr1	IEA
CRE upregulated	GO:0031401	positive regulation of protein modification process	ENSMUSG00000048482	Bdnf	IMP, ISO, IEA
CRE upregulated	GO:0031401	positive regulation of protein modification process	ENSMUSG00000024256	Adcyap1	ISS
CRE upregulated	GO:0031401	positive regulation of protein modification process	ENSMUSG00000027540	Ptpn1	IMP
CRE upregulated	GO:0031401	positive regulation of protein modification process	ENSMUSG00000043895	S1pr2	IMP, IEA
CRE upregulated	GO:0031401	positive regulation of protein modification process	ENSMUSG00000025809	Itgb1	ISO
CRE upregulated	GO:0031401	positive regulation of protein modification process	ENSMUSG00000025139	Tollip	ISO, IEA
CRE upregulated	GO:0031401	positive regulation of protein modification process	ENSMUSG00000025746	Il6	ISO
CRE upregulated	GO:0031401	positive regulation of protein modification process	ENSMUSG00000032231	Anxa2	ISO
CRE upregulated	GO:0031401	positive regulation of protein modification process	ENSMUSG00000022607	Ptk2	ISS
CRE upregulated	GO:0031401	positive regulation of protein modification process	ENSMUSG00000055994	Nod2	IDA, IMP, IEA
CRE upregulated	GO:0031401	positive regulation of protein modification process	ENSMUSG00000027293	Ehd4	ISO, IEA
CRE upregulated	GO:0031401	positive regulation of protein modification process	ENSMUSG00000040435	Ppp1r15a	IDA, ISO
CRE upregulated	GO:0031401	positive regulation of protein modification process	ENSMUSG00000001847	Rac1	ISS
CRE upregulated	GO:0031401	positive regulation of protein modification process	ENSMUSG00000018909	Arrb1	IMP, ISS, ISO
CRE upregulated	GO:0031401	positive regulation of protein modification process	ENSMUSG00000033955	Tnks1bp1	IEA
CRE upregulated	GO:0031401	positive regulation of protein modification process	ENSMUSG00000057531	Dtnbp1	ISO
CRE upregulated	GO:0031401	positive regulation of protein modification process	ENSMUSG00000015837	Sqstm1	ISO
CRE upregulated	GO:0031401	positive regulation of protein modification process	ENSMUSG00000027954	Efna1	IEA
CRE upregulated	GO:0031401	positive regulation of protein modification process	ENSMUSG00000024789	Jak2	IDA
CRE upregulated	GO:0031401	positive regulation of protein modification process	ENSMUSG00000029071	ENSMUSG00000029071	IDA
CRE upregulated	GO:0031401	positive regulation of protein modification process	ENSMUSG00000036894	Rap2b	IDA, IEA
CRE upregulated	GO:0031401	positive regulation of protein modification process	ENSMUSG00000032715	Trib3	IDA
CRE upregulated	GO:0031401	positive regulation of protein modification process	ENSMUSG00000032599	ENSMUSG00000032599	IMP
CRE upregulated	GO:0031401	positive regulation of protein modification process	ENSMUSG00000000787	ENSMUSG00000000787	ISS
CRE upregulated	GO:0031401	positive regulation of protein modification process	ENSMUSG00000038676	Ucn	ISO
CRE upregulated	GO:0031401	positive regulation of protein modification process	ENSMUSG00000026864	ENSMUSG00000026864	IMP
CRE upregulated	GO:0031401	positive regulation of protein modification process	ENSMUSG00000027944	Hax1	IEA
CRE upregulated	GO:0031401	positive regulation of protein modification process	ENSMUSG00000019843	ENSMUSG00000019843	IMP
CRE upregulated	GO:0031401	positive regulation of protein modification process	ENSMUSG00000027646	ENSMUSG00000027646	IGI, ISO, IEA
CRE upregulated	GO:0031401	positive regulation of protein modification process	ENSMUSG00000032501	Trib1	IC
CRE upregulated	GO:0031401	positive regulation of protein modification process	ENSMUSG00000055067	ENSMUSG00000055067	IMP
CRE upregulated	GO:0031401	positive regulation of protein modification process	ENSMUSG00000031073	Fgf15	IEA
CRE upregulated	GO:0072659	protein localization to plasma membrane	ENSMUSG00000024143	Rhoq	IDA, IEA
CRE upregulated	GO:0072659	protein localization to plasma membrane	ENSMUSG00000015341	Golga7	ISS, IBA, IEA
CRE upregulated	GO:0072659	protein localization to plasma membrane	ENSMUSG00000025809	Itgb1	ISS, IEA
CRE upregulated	GO:0072659	protein localization to plasma membrane	ENSMUSG00000032231	Anxa2	ISO
CRE upregulated	GO:0072659	protein localization to plasma membrane	ENSMUSG00000024772	Ehd1	IBA
CRE upregulated	GO:0072659	protein localization to plasma membrane	ENSMUSG00000027293	Ehd4	IBA
CRE upregulated	GO:0072659	protein localization to plasma membrane	ENSMUSG00000020580	Rock2	IEA
CRE upregulated	GO:0072659	protein localization to plasma membrane	ENSMUSG00000001507	Itga3	ISS, IEA
CRE upregulated	GO:0072659	protein localization to plasma membrane	ENSMUSG00000035199	Arl6ip5	IMP
CRE upregulated	GO:0072659	protein localization to plasma membrane	ENSMUSG00000001847	Rac1	IDA
CRE upregulated	GO:0072659	protein localization to plasma membrane	ENSMUSG00000015837	Sqstm1	IMP
CRE upregulated	GO:0072659	protein localization to plasma membrane	ENSMUSG00000032502	Stac	IMP, IBA
CRE upregulated	GO:0072659	protein localization to plasma membrane	ENSMUSG00000030616	Sytl2	IDA
CRE upregulated	GO:0072659	protein localization to plasma membrane	ENSMUSG00000038949	Cnst	ISS, IBA, IEA
CRE upregulated	GO:0072659	protein localization to plasma membrane	ENSMUSG00000050335	Lgals3	IEA
CRE upregulated	GO:0072659	protein localization to plasma membrane	ENSMUSG00000027692	Tnik	IEA
CRE upregulated	GO:0072659	protein localization to plasma membrane	ENSMUSG00000028893	Sesn2	ISO
CRE upregulated	GO:0072659	protein localization to plasma membrane	ENSMUSG00000044147	Arf6	IDA, IEA
CRE upregulated	GO:0072659	protein localization to plasma membrane	ENSMUSG00000062234	ENSMUSG00000062234	IEA
CRE upregulated	GO:0072659	protein localization to plasma membrane	ENSMUSG00000047281	ENSMUSG00000047281	ISS, IEA
CRE upregulated	GO:0072659	protein localization to plasma membrane	ENSMUSG00000022656	ENSMUSG00000022656	IMP
CRE upregulated	GO:0072659	protein localization to plasma membrane	ENSMUSG00000001552	ENSMUSG00000001552	IEA
CRE upregulated	GO:0072659	protein localization to plasma membrane	ENSMUSG00000020671	ENSMUSG00000020671	IMP, ISS
CRE upregulated	GO:0072659	protein localization to plasma membrane	ENSMUSG00000061244	ENSMUSG00000061244	IMP
CRE upregulated	GO:0072659	protein localization to plasma membrane	ENSMUSG00000052316	ENSMUSG00000052316	IEA
CRE upregulated	GO:0072659	protein localization to plasma membrane	ENSMUSG00000019998	ENSMUSG00000019998	IEA
CRE upregulated	GO:0006606	protein import into nucleus	ENSMUSG00000023067	Cdkn1a	IMP
CRE upregulated	GO:0006606	protein import into nucleus	ENSMUSG00000034300	Fam53c	IBA
CRE upregulated	GO:0006606	protein import into nucleus	ENSMUSG00000032939	Nup93	IBA
CRE upregulated	GO:0006606	protein import into nucleus	ENSMUSG00000028063	Lmna	IMP
CRE upregulated	GO:0006606	protein import into nucleus	ENSMUSG00000053436	Mapk14	IMP
CRE upregulated	GO:0006606	protein import into nucleus	ENSMUSG00000018362	Kpna2	IDA, ISS, IBA, IEA
CRE upregulated	GO:0006606	protein import into nucleus	ENSMUSG00000025746	Il6	ISO
CRE upregulated	GO:0006606	protein import into nucleus	ENSMUSG00000032078	Zpr1	IMP, ISS, IBA, IEA
CRE upregulated	GO:0006606	protein import into nucleus	ENSMUSG00000004768	Rab23	IEA
CRE upregulated	GO:0006606	protein import into nucleus	ENSMUSG00000015837	Sqstm1	IDA, IMP
CRE upregulated	GO:0006606	protein import into nucleus	ENSMUSG00000024789	Jak2	ISO, IEA
CRE upregulated	GO:0006606	protein import into nucleus	ENSMUSG00000004040	ENSMUSG00000004040	ISS, IEA
CRE upregulated	GO:0006606	protein import into nucleus	ENSMUSG00000109511	Nup62	ISO, IBA, IEA
CRE upregulated	GO:0006606	protein import into nucleus	ENSMUSG00000053175	Bcl3	IEA
CRE upregulated	GO:0006606	protein import into nucleus	ENSMUSG00000030662	ENSMUSG00000030662	IDA, IMP, IBA, IEA
CRE upregulated	GO:0006606	protein import into nucleus	ENSMUSG00000019842	ENSMUSG00000019842	IDA
CRE upregulated	GO:0006606	protein import into nucleus	ENSMUSG00000001552	ENSMUSG00000001552	IEA
CRE upregulated	GO:0006606	protein import into nucleus	ENSMUSG00000002633	Shh	IGI
CRE upregulated	GO:0006606	protein import into nucleus	ENSMUSG00000028291	ENSMUSG00000028291	ISS, IEA
CRE upregulated	GO:1902679	negative regulation of RNA biosynthetic process	ENSMUSG00000026628	Atf3	IDA, IEA
CRE upregulated	GO:1902679	negative regulation of RNA biosynthetic process	ENSMUSG00000036390	Gadd45a	IEA
CRE upregulated	GO:1902679	negative regulation of RNA biosynthetic process	ENSMUSG00000052684	Jun	IDA
CRE upregulated	GO:1902679	negative regulation of RNA biosynthetic process	ENSMUSG00000063632	Sox11	IDA, IBA, IEA
CRE upregulated	GO:1902679	negative regulation of RNA biosynthetic process	ENSMUSG00000056749	Nfil3	IDA, IEA
CRE upregulated	GO:1902679	negative regulation of RNA biosynthetic process	ENSMUSG00000022895	Ets2	IEA
CRE upregulated	GO:1902679	negative regulation of RNA biosynthetic process	ENSMUSG00000037447	Arid5a	IEA
CRE upregulated	GO:1902679	negative regulation of RNA biosynthetic process	ENSMUSG00000021765	Fst	IEA
CRE upregulated	GO:1902679	negative regulation of RNA biosynthetic process	ENSMUSG00000030256	Bhlhe41	IDA, TAS, IEA
CRE upregulated	GO:1902679	negative regulation of RNA biosynthetic process	ENSMUSG00000025612	Bach1	IDA, ISS, IEA
CRE upregulated	GO:1902679	negative regulation of RNA biosynthetic process	ENSMUSG00000035673	Sbno2	IMP, IBA, IEA
CRE upregulated	GO:1902679	negative regulation of RNA biosynthetic process	ENSMUSG00000002250	Ppard	IDA, IBA, IEA
CRE upregulated	GO:1902679	negative regulation of RNA biosynthetic process	ENSMUSG00000037638	Zbtb42	IDA
CRE upregulated	GO:1902679	negative regulation of RNA biosynthetic process	ENSMUSG00000042507	Mideas	IBA
CRE upregulated	GO:1902679	negative regulation of RNA biosynthetic process	ENSMUSG00000026796	Niban2	IEA
CRE upregulated	GO:1902679	negative regulation of RNA biosynthetic process	ENSMUSG00000027583	Zbtb46	IDA
CRE upregulated	GO:1902679	negative regulation of RNA biosynthetic process	ENSMUSG00000030678	Maz	IEA
CRE upregulated	GO:1902679	negative regulation of RNA biosynthetic process	ENSMUSG00000025239	Limd1	ISS, IEA
CRE upregulated	GO:1902679	negative regulation of RNA biosynthetic process	ENSMUSG00000048490	Nrip1	IDA, IBA, IEA
CRE upregulated	GO:1902679	negative regulation of RNA biosynthetic process	ENSMUSG00000022096	Hr	IDA
CRE upregulated	GO:1902679	negative regulation of RNA biosynthetic process	ENSMUSG00000013089	Etv5	IEA
CRE upregulated	GO:1902679	negative regulation of RNA biosynthetic process	ENSMUSG00000032280	Tle3	IEA
CRE upregulated	GO:1902679	negative regulation of RNA biosynthetic process	ENSMUSG00000063889	Crem	IEA
CRE upregulated	GO:1902679	negative regulation of RNA biosynthetic process	ENSMUSG00000042406	Atf4	IMP
CRE upregulated	GO:1902679	negative regulation of RNA biosynthetic process	ENSMUSG00000023079	Gtf2ird1	IEA
CRE upregulated	GO:1902679	negative regulation of RNA biosynthetic process	ENSMUSG00000025408	Ddit3	IDA, IMP, IGI, ISS, ISO, IBA, IEA
CRE upregulated	GO:1902679	negative regulation of RNA biosynthetic process	ENSMUSG00000040435	Ppp1r15a	IDA
CRE upregulated	GO:1902679	negative regulation of RNA biosynthetic process	ENSMUSG00000030057	Cnbp	IEA
CRE upregulated	GO:1902679	negative regulation of RNA biosynthetic process	ENSMUSG00000015837	Sqstm1	IMP
CRE upregulated	GO:1902679	negative regulation of RNA biosynthetic process	ENSMUSG00000029131	Dnajb6	IDA
CRE upregulated	GO:1902679	negative regulation of RNA biosynthetic process	ENSMUSG00000022346	Myc	IDA, ISO, IEA
CRE upregulated	GO:1902679	negative regulation of RNA biosynthetic process	ENSMUSG00000027954	Efna1	IMP
CRE upregulated	GO:1902679	negative regulation of RNA biosynthetic process	ENSMUSG00000018143	Mafk	IEA
CRE upregulated	GO:1902679	negative regulation of RNA biosynthetic process	ENSMUSG00000035236	Scai	IEA
CRE upregulated	GO:1902679	negative regulation of RNA biosynthetic process	ENSMUSG00000020358	Hnrnpab	IGI
CRE upregulated	GO:1902679	negative regulation of RNA biosynthetic process	ENSMUSG00000024803	Ankrd1	ISO
CRE upregulated	GO:1902679	negative regulation of RNA biosynthetic process	ENSMUSG00000024927	Rela	IDA, IEA
CRE upregulated	GO:1902679	negative regulation of RNA biosynthetic process	ENSMUSG00000003435	ENSMUSG00000003435	IEA
CRE upregulated	GO:1902679	negative regulation of RNA biosynthetic process	ENSMUSG00000024238	Zeb1	IDA, IMP, ISS, ISO, IEA
CRE upregulated	GO:1902679	negative regulation of RNA biosynthetic process	ENSMUSG00000024947	Men1	IDA, ISO, IEA
CRE upregulated	GO:1902679	negative regulation of RNA biosynthetic process	ENSMUSG00000040433	Zbtb38	IEA
CRE upregulated	GO:1902679	negative regulation of RNA biosynthetic process	ENSMUSG00000032715	Trib3	ISS, IEA
CRE upregulated	GO:1902679	negative regulation of RNA biosynthetic process	ENSMUSG00000048047	Zbtb33	ISS, IBA, IEA
CRE upregulated	GO:1902679	negative regulation of RNA biosynthetic process	ENSMUSG00000071637	Cebpd	IDA
CRE upregulated	GO:1902679	negative regulation of RNA biosynthetic process	ENSMUSG00000053175	Bcl3	IEA
CRE upregulated	GO:1902679	negative regulation of RNA biosynthetic process	ENSMUSG00000068739	ENSMUSG00000068739	ISS, IEA
CRE upregulated	GO:1902679	negative regulation of RNA biosynthetic process	ENSMUSG00000030199	Etv6	IEA
CRE upregulated	GO:1902679	negative regulation of RNA biosynthetic process	ENSMUSG00000040857	Erf	IEA
CRE upregulated	GO:1902679	negative regulation of RNA biosynthetic process	ENSMUSG00000036180	ENSMUSG00000036180	ISS, IBA, NAS, IEA
CRE upregulated	GO:1902679	negative regulation of RNA biosynthetic process	ENSMUSG00000039985	Sinhcaf	NAS
CRE upregulated	GO:1902679	negative regulation of RNA biosynthetic process	ENSMUSG00000047281	ENSMUSG00000047281	IDA
CRE upregulated	GO:1902679	negative regulation of RNA biosynthetic process	ENSMUSG00000034543	ENSMUSG00000034543	IMP, ISS
CRE upregulated	GO:1902679	negative regulation of RNA biosynthetic process	ENSMUSG00000045763	ENSMUSG00000045763	ISS, IBA, IEA
CRE upregulated	GO:1902679	negative regulation of RNA biosynthetic process	ENSMUSG00000039191	Rbpj	IDA, IMP, IEA
CRE upregulated	GO:1902679	negative regulation of RNA biosynthetic process	ENSMUSG00000046962	ENSMUSG00000046962	IBA, IEA
CRE upregulated	GO:1902679	negative regulation of RNA biosynthetic process	ENSMUSG00000051316	Taf7	IEA
CRE upregulated	GO:1902679	negative regulation of RNA biosynthetic process	ENSMUSG00000040463	ENSMUSG00000040463	IDA
CRE upregulated	GO:1902679	negative regulation of RNA biosynthetic process	ENSMUSG00000004099	ENSMUSG00000004099	IDA, IMP
CRE upregulated	GO:1902679	negative regulation of RNA biosynthetic process	ENSMUSG00000008730	Hipk1	ISS
CRE upregulated	GO:1902679	negative regulation of RNA biosynthetic process	ENSMUSG00000059288	ENSMUSG00000059288	IEA
CRE upregulated	GO:1902679	negative regulation of RNA biosynthetic process	ENSMUSG00000002633	Shh	IDA, IMP
CRE upregulated	GO:1902679	negative regulation of RNA biosynthetic process	ENSMUSG00000028680	ENSMUSG00000028680	IEA
CRE upregulated	GO:1902679	negative regulation of RNA biosynthetic process	ENSMUSG00000039671	ENSMUSG00000039671	IEA
CRE upregulated	GO:1902679	negative regulation of RNA biosynthetic process	ENSMUSG00000028291	ENSMUSG00000028291	ISO, IEA
CRE upregulated	GO:1902679	negative regulation of RNA biosynthetic process	ENSMUSG00000037465	Klf10	IDA
CRE upregulated	GO:1902679	negative regulation of RNA biosynthetic process	ENSMUSG00000027646	ENSMUSG00000027646	IEA
CRE upregulated	GO:1902679	negative regulation of RNA biosynthetic process	ENSMUSG00000004698	ENSMUSG00000004698	IEA
CRE upregulated	GO:1902679	negative regulation of RNA biosynthetic process	ENSMUSG00000042197	ENSMUSG00000042197	ISS, IBA, IEA
CRE upregulated	GO:1902679	negative regulation of RNA biosynthetic process	ENSMUSG00000029475	ENSMUSG00000029475	IDA, IMP
CRE upregulated	GO:0051093	negative regulation of developmental process	ENSMUSG00000036390	Gadd45a	IMP
CRE upregulated	GO:0051093	negative regulation of developmental process	ENSMUSG00000063632	Sox11	IMP, IEA
CRE upregulated	GO:0051093	negative regulation of developmental process	ENSMUSG00000019647	Sema6a	IEA
CRE upregulated	GO:0051093	negative regulation of developmental process	ENSMUSG00000004951	Hspb1	ISO
CRE upregulated	GO:0051093	negative regulation of developmental process	ENSMUSG00000046731	Kctd11	IDA
CRE upregulated	GO:0051093	negative regulation of developmental process	ENSMUSG00000030748	Il4ra	IGI
CRE upregulated	GO:0051093	negative regulation of developmental process	ENSMUSG00000021765	Fst	IMP, IGI
CRE upregulated	GO:0051093	negative regulation of developmental process	ENSMUSG00000030256	Bhlhe41	IDA
CRE upregulated	GO:0051093	negative regulation of developmental process	ENSMUSG00000023067	Cdkn1a	IMP
CRE upregulated	GO:0051093	negative regulation of developmental process	ENSMUSG00000031074	Fgf3	IEA
CRE upregulated	GO:0051093	negative regulation of developmental process	ENSMUSG00000031681	Smad1	IDA
CRE upregulated	GO:0051093	negative regulation of developmental process	ENSMUSG00000024261	Syt4	IMP
CRE upregulated	GO:0051093	negative regulation of developmental process	ENSMUSG00000029378	Areg	ISO, IEA
CRE upregulated	GO:0051093	negative regulation of developmental process	ENSMUSG00000048482	Bdnf	IDA, ISO
CRE upregulated	GO:0051093	negative regulation of developmental process	ENSMUSG00000024256	Adcyap1	ISO, IEA
CRE upregulated	GO:0051093	negative regulation of developmental process	ENSMUSG00000002250	Ppard	IMP
CRE upregulated	GO:0051093	negative regulation of developmental process	ENSMUSG00000027583	Zbtb46	IMP
CRE upregulated	GO:0051093	negative regulation of developmental process	ENSMUSG00000028063	Lmna	ISO
CRE upregulated	GO:0051093	negative regulation of developmental process	ENSMUSG00000025809	Itgb1	IMP, ISO
CRE upregulated	GO:0051093	negative regulation of developmental process	ENSMUSG00000040025	Ythdf2	ISS, IEA
CRE upregulated	GO:0051093	negative regulation of developmental process	ENSMUSG00000028156	Eif4e	IMP
CRE upregulated	GO:0051093	negative regulation of developmental process	ENSMUSG00000025239	Limd1	IMP
CRE upregulated	GO:0051093	negative regulation of developmental process	ENSMUSG00000025746	Il6	ISO
CRE upregulated	GO:0051093	negative regulation of developmental process	ENSMUSG00000022607	Ptk2	IMP, IGI
CRE upregulated	GO:0051093	negative regulation of developmental process	ENSMUSG00000020580	Rock2	IEA
CRE upregulated	GO:0051093	negative regulation of developmental process	ENSMUSG00000020838	Slc6a4	IMP, ISO, IEA
CRE upregulated	GO:0051093	negative regulation of developmental process	ENSMUSG00000025408	Ddit3	IMP, IGI
CRE upregulated	GO:0051093	negative regulation of developmental process	ENSMUSG00000057531	Dtnbp1	ISO, IEA
CRE upregulated	GO:0051093	negative regulation of developmental process	ENSMUSG00000022951	Rcan1	ISO
CRE upregulated	GO:0051093	negative regulation of developmental process	ENSMUSG00000023087	Noct	IMP
CRE upregulated	GO:0051093	negative regulation of developmental process	ENSMUSG00000001627	Ifrd1	IGI
CRE upregulated	GO:0051093	negative regulation of developmental process	ENSMUSG00000022346	Myc	ISS, IEA
CRE upregulated	GO:0051093	negative regulation of developmental process	ENSMUSG00000027954	Efna1	IDA, IMP
CRE upregulated	GO:0051093	negative regulation of developmental process	ENSMUSG00000004040	ENSMUSG00000004040	IMP
CRE upregulated	GO:0051093	negative regulation of developmental process	ENSMUSG00000020027	Socs2	IMP, IGI
CRE upregulated	GO:0051093	negative regulation of developmental process	ENSMUSG00000024927	Rela	IEA
CRE upregulated	GO:0051093	negative regulation of developmental process	ENSMUSG00000025793	ENSMUSG00000025793	IEA
CRE upregulated	GO:0051093	negative regulation of developmental process	ENSMUSG00000024238	Zeb1	IMP, IEA
CRE upregulated	GO:0051093	negative regulation of developmental process	ENSMUSG00000024947	Men1	IDA, IGI, ISO, IEA
CRE upregulated	GO:0051093	negative regulation of developmental process	ENSMUSG00000032715	Trib3	IMP
CRE upregulated	GO:0051093	negative regulation of developmental process	ENSMUSG00000026074	Map4k4	IEA
CRE upregulated	GO:0051093	negative regulation of developmental process	ENSMUSG00000052921	Arhgef15	IMP
CRE upregulated	GO:0051093	negative regulation of developmental process	ENSMUSG00000068739	ENSMUSG00000068739	ISS, IEA
CRE upregulated	GO:0051093	negative regulation of developmental process	ENSMUSG00000037815	Ctnna1	IMP, IGI
CRE upregulated	GO:0051093	negative regulation of developmental process	ENSMUSG00000003154	Foxj2	IEA
CRE upregulated	GO:0051093	negative regulation of developmental process	ENSMUSG00000020349	ENSMUSG00000020349	IEA
CRE upregulated	GO:0051093	negative regulation of developmental process	ENSMUSG00000044147	Arf6	ISO, IEA
CRE upregulated	GO:0051093	negative regulation of developmental process	ENSMUSG00000039985	Sinhcaf	IMP, NAS
CRE upregulated	GO:0051093	negative regulation of developmental process	ENSMUSG00000021796	Bmpr1a	IMP
CRE upregulated	GO:0051093	negative regulation of developmental process	ENSMUSG00000039191	Rbpj	IMP
CRE upregulated	GO:0051093	negative regulation of developmental process	ENSMUSG00000004099	ENSMUSG00000004099	IEA
CRE upregulated	GO:0051093	negative regulation of developmental process	ENSMUSG00000002633	Shh	IDA, IMP
CRE upregulated	GO:0051093	negative regulation of developmental process	ENSMUSG00000032462	ENSMUSG00000032462	IEA
CRE upregulated	GO:0051093	negative regulation of developmental process	ENSMUSG00000067586	ENSMUSG00000067586	IEA
CRE upregulated	GO:0051093	negative regulation of developmental process	ENSMUSG00000037411	Serpine1	IEA
CRE upregulated	GO:0051093	negative regulation of developmental process	ENSMUSG00000032501	Trib1	IMP
CRE upregulated	GO:0051093	negative regulation of developmental process	ENSMUSG00000003119	ENSMUSG00000003119	IMP
CRE upregulated	GO:0051093	negative regulation of developmental process	ENSMUSG00000015839	Nfe2l2	IMP
CRE upregulated	GO:0051093	negative regulation of developmental process	ENSMUSG00000000627	ENSMUSG00000000627	ISO, IEA
CRE upregulated	GO:0022604	regulation of cell morphogenesis	ENSMUSG00000024143	Rhoq	IDA
CRE upregulated	GO:0022604	regulation of cell morphogenesis	ENSMUSG00000024261	Syt4	IEA
CRE upregulated	GO:0022604	regulation of cell morphogenesis	ENSMUSG00000005087	Cd44	IEA
CRE upregulated	GO:0022604	regulation of cell morphogenesis	ENSMUSG00000015745	Plekho1	IDA, IMP
CRE upregulated	GO:0022604	regulation of cell morphogenesis	ENSMUSG00000025239	Limd1	ISS, IEA
CRE upregulated	GO:0022604	regulation of cell morphogenesis	ENSMUSG00000022272	Myo10	ISS, IBA, IEA
CRE upregulated	GO:0022604	regulation of cell morphogenesis	ENSMUSG00000025746	Il6	ISO
CRE upregulated	GO:0022604	regulation of cell morphogenesis	ENSMUSG00000022607	Ptk2	ISS
CRE upregulated	GO:0022604	regulation of cell morphogenesis	ENSMUSG00000037062	Sh3glb1	ISO
CRE upregulated	GO:0022604	regulation of cell morphogenesis	ENSMUSG00000001847	Rac1	IGI, IBA, IEA
CRE upregulated	GO:0022604	regulation of cell morphogenesis	ENSMUSG00000050271	Prag1	ISS, ISO, IEA
CRE upregulated	GO:0022604	regulation of cell morphogenesis	ENSMUSG00000030309	Caprin2	IMP
CRE upregulated	GO:0022604	regulation of cell morphogenesis	ENSMUSG00000029765	Plxna4	IBA
CRE upregulated	GO:0022604	regulation of cell morphogenesis	ENSMUSG00000022602	Arc	ISS, IEA
CRE upregulated	GO:0022604	regulation of cell morphogenesis	ENSMUSG00000031310	ENSMUSG00000031310	ISS, IEA
CRE upregulated	GO:0022604	regulation of cell morphogenesis	ENSMUSG00000027692	Tnik	ISO
CRE upregulated	GO:0022604	regulation of cell morphogenesis	ENSMUSG00000029071	ENSMUSG00000029071	ISO, IEA
CRE upregulated	GO:0022604	regulation of cell morphogenesis	ENSMUSG00000004530	ENSMUSG00000004530	IEA
CRE upregulated	GO:0022604	regulation of cell morphogenesis	ENSMUSG00000052298	Cdc42se2	IEA
CRE upregulated	GO:0022604	regulation of cell morphogenesis	ENSMUSG00000041598	Cdc42ep4	IBA, IEA
CRE upregulated	GO:0022604	regulation of cell morphogenesis	ENSMUSG00000045664	Cdc42ep2	IBA, IEA
CRE upregulated	GO:0022604	regulation of cell morphogenesis	ENSMUSG00000046722	ENSMUSG00000046722	ISS, IEA
CRE upregulated	GO:0022604	regulation of cell morphogenesis	ENSMUSG00000019843	ENSMUSG00000019843	IDA
CRE upregulated	GO:0022604	regulation of cell morphogenesis	ENSMUSG00000027646	ENSMUSG00000027646	IEA
CRE upregulated	GO:0006986	response to unfolded protein	ENSMUSG00000026628	Atf3	IMP
CRE upregulated	GO:0006986	response to unfolded protein	ENSMUSG00000004951	Hspb1	NAS
CRE upregulated	GO:0006986	response to unfolded protein	ENSMUSG00000027313	Chac1	IEA
CRE upregulated	GO:0006986	response to unfolded protein	ENSMUSG00000027540	Ptpn1	IMP, ISS, IBA, IEA
CRE upregulated	GO:0006986	response to unfolded protein	ENSMUSG00000041548	Hspb8	IBA, IEA
CRE upregulated	GO:0006986	response to unfolded protein	ENSMUSG00000042406	Atf4	IDA, IMP
CRE upregulated	GO:0006986	response to unfolded protein	ENSMUSG00000025408	Ddit3	IDA, IMP, IEA
CRE upregulated	GO:0006986	response to unfolded protein	ENSMUSG00000040435	Ppp1r15a	IMP
CRE upregulated	GO:0006986	response to unfolded protein	ENSMUSG00000023286	Ube2j2	IEA
CRE upregulated	GO:0006986	response to unfolded protein	ENSMUSG00000041594	ENSMUSG00000041594	IMP, IBA
CRE upregulated	GO:0006986	response to unfolded protein	ENSMUSG00000028466	Creb3	IEA
CRE upregulated	GO:0006986	response to unfolded protein	ENSMUSG00000031668	ENSMUSG00000031668	IEA
CRE upregulated	GO:0006986	response to unfolded protein	ENSMUSG00000026864	ENSMUSG00000026864	IMP, ISS, IBA
CRE upregulated	GO:0006986	response to unfolded protein	ENSMUSG00000015839	Nfe2l2	IDA
CRE upregulated	GO:0006986	response to unfolded protein	ENSMUSG00000031751	ENSMUSG00000031751	IBA, IEA
CRE upregulated	GO:0044087	regulation of cellular component biogenesis	ENSMUSG00000051379	Flrt3	IDA
CRE upregulated	GO:0044087	regulation of cellular component biogenesis	ENSMUSG00000024143	Rhoq	IEA
CRE upregulated	GO:0044087	regulation of cellular component biogenesis	ENSMUSG00000024404	Riok3	IEA
CRE upregulated	GO:0044087	regulation of cellular component biogenesis	ENSMUSG00000006304	Arpc2	IDA, ISO, IEA
CRE upregulated	GO:0044087	regulation of cellular component biogenesis	ENSMUSG00000109901	Chmp1b	ISO, IEA
CRE upregulated	GO:0044087	regulation of cellular component biogenesis	ENSMUSG00000068566	Myadm	IEA
CRE upregulated	GO:0044087	regulation of cellular component biogenesis	ENSMUSG00000048482	Bdnf	IEA
CRE upregulated	GO:0044087	regulation of cellular component biogenesis	ENSMUSG00000018736	Ndel1	IMP
CRE upregulated	GO:0044087	regulation of cellular component biogenesis	ENSMUSG00000005069	Pex5	IEA
CRE upregulated	GO:0044087	regulation of cellular component biogenesis	ENSMUSG00000027540	Ptpn1	IEA
CRE upregulated	GO:0044087	regulation of cellular component biogenesis	ENSMUSG00000043895	S1pr2	EXP, IDA
CRE upregulated	GO:0044087	regulation of cellular component biogenesis	ENSMUSG00000029121	Crmp1	IDA, IEP
CRE upregulated	GO:0044087	regulation of cellular component biogenesis	ENSMUSG00000015243	Abca1	IMP
CRE upregulated	GO:0044087	regulation of cellular component biogenesis	ENSMUSG00000022272	Myo10	ISS, IBA, IEA
CRE upregulated	GO:0044087	regulation of cellular component biogenesis	ENSMUSG00000020592	Sdc1	IEA
CRE upregulated	GO:0044087	regulation of cellular component biogenesis	ENSMUSG00000002233	Rhoc	IMP, IEA
CRE upregulated	GO:0044087	regulation of cellular component biogenesis	ENSMUSG00000031078	Cttn	ISS, ISO, IBA, IEA
CRE upregulated	GO:0044087	regulation of cellular component biogenesis	ENSMUSG00000022607	Ptk2	IMP
CRE upregulated	GO:0044087	regulation of cellular component biogenesis	ENSMUSG00000037062	Sh3glb1	IMP, IEA
CRE upregulated	GO:0044087	regulation of cellular component biogenesis	ENSMUSG00000034247	Plekhm1	IMP
CRE upregulated	GO:0044087	regulation of cellular component biogenesis	ENSMUSG00000020580	Rock2	IEA
CRE upregulated	GO:0044087	regulation of cellular component biogenesis	ENSMUSG00000059923	Grb2	IGI
CRE upregulated	GO:0044087	regulation of cellular component biogenesis	ENSMUSG00000001847	Rac1	IDA, IMP, ISO, IEA
CRE upregulated	GO:0044087	regulation of cellular component biogenesis	ENSMUSG00000042121	Ssh1	IBA, IEA
CRE upregulated	GO:0044087	regulation of cellular component biogenesis	ENSMUSG00000029131	Dnajb6	IEA
CRE upregulated	GO:0044087	regulation of cellular component biogenesis	ENSMUSG00000109511	Nup62	IEA
CRE upregulated	GO:0044087	regulation of cellular component biogenesis	ENSMUSG00000050335	Lgals3	IEA
CRE upregulated	GO:0044087	regulation of cellular component biogenesis	ENSMUSG00000027797	Dclk1	IDA, IMP
CRE upregulated	GO:0044087	regulation of cellular component biogenesis	ENSMUSG00000036882	ENSMUSG00000036882	IDA, IMP
CRE upregulated	GO:0044087	regulation of cellular component biogenesis	ENSMUSG00000025793	ENSMUSG00000025793	IEA
CRE upregulated	GO:0044087	regulation of cellular component biogenesis	ENSMUSG00000026718	ENSMUSG00000026718	IEA
CRE upregulated	GO:0044087	regulation of cellular component biogenesis	ENSMUSG00000024777	ENSMUSG00000024777	ISO, IEA
CRE upregulated	GO:0044087	regulation of cellular component biogenesis	ENSMUSG00000052921	Arhgef15	IDA, IMP, ISS, ISO
CRE upregulated	GO:0044087	regulation of cellular component biogenesis	ENSMUSG00000020349	ENSMUSG00000020349	IMP
CRE upregulated	GO:0044087	regulation of cellular component biogenesis	ENSMUSG00000004530	ENSMUSG00000004530	IGI, IEA
CRE upregulated	GO:0044087	regulation of cellular component biogenesis	ENSMUSG00000044147	Arf6	ISO, IEA
CRE upregulated	GO:0044087	regulation of cellular component biogenesis	ENSMUSG00000011877	Git1	ISS, IEA
CRE upregulated	GO:0044087	regulation of cellular component biogenesis	ENSMUSG00000031937	ENSMUSG00000031937	IMP, IBA
CRE upregulated	GO:0044087	regulation of cellular component biogenesis	ENSMUSG00000025060	ENSMUSG00000025060	ISS, IEA
CRE upregulated	GO:0044087	regulation of cellular component biogenesis	ENSMUSG00000062234	ENSMUSG00000062234	IEA
CRE upregulated	GO:0044087	regulation of cellular component biogenesis	ENSMUSG00000029110	ENSMUSG00000029110	ISS, IEA
CRE upregulated	GO:0044087	regulation of cellular component biogenesis	ENSMUSG00000041598	Cdc42ep4	IBA, IEA
CRE upregulated	GO:0044087	regulation of cellular component biogenesis	ENSMUSG00000045664	Cdc42ep2	IBA, IEA
CRE upregulated	GO:0044087	regulation of cellular component biogenesis	ENSMUSG00000022656	ENSMUSG00000022656	IDA, IMP
CRE upregulated	GO:0044087	regulation of cellular component biogenesis	ENSMUSG00000020594	ENSMUSG00000020594	IEA
CRE upregulated	GO:0044087	regulation of cellular component biogenesis	ENSMUSG00000000787	ENSMUSG00000000787	IDA, ISS
CRE upregulated	GO:0044087	regulation of cellular component biogenesis	ENSMUSG00000008859	ENSMUSG00000008859	IEA
CRE upregulated	GO:0044087	regulation of cellular component biogenesis	ENSMUSG00000038467	ENSMUSG00000038467	ISO, IEA
CRE upregulated	GO:0044087	regulation of cellular component biogenesis	ENSMUSG00000052681	Rap1b	ISS, IEA
CRE upregulated	GO:0044087	regulation of cellular component biogenesis	ENSMUSG00000032508	Myd88	ISS, IEA
CRE upregulated	GO:0044087	regulation of cellular component biogenesis	ENSMUSG00000026864	ENSMUSG00000026864	ISS
CRE upregulated	GO:0044087	regulation of cellular component biogenesis	ENSMUSG00000027944	Hax1	IBA, IEA
CRE upregulated	GO:0044087	regulation of cellular component biogenesis	ENSMUSG00000039671	ENSMUSG00000039671	ISO, IEA
CRE upregulated	GO:0044087	regulation of cellular component biogenesis	ENSMUSG00000020340	ENSMUSG00000020340	IEA
CRE upregulated	GO:0044087	regulation of cellular component biogenesis	ENSMUSG00000023277	ENSMUSG00000023277	IDA, IBA, IEA
CRE upregulated	GO:0044087	regulation of cellular component biogenesis	ENSMUSG00000027646	ENSMUSG00000027646	IDA, IGI, ISO, IEA
CRE upregulated	GO:0044087	regulation of cellular component biogenesis	ENSMUSG00000047261	ENSMUSG00000047261	ISO, IEA
CRE upregulated	GO:0044087	regulation of cellular component biogenesis	ENSMUSG00000049550	ENSMUSG00000049550	ISS, IBA, IEA
CRE upregulated	GO:0031669	cellular response to nutrient levels	ENSMUSG00000026628	Atf3	IMP
CRE upregulated	GO:0031669	cellular response to nutrient levels	ENSMUSG00000052684	Jun	IMP, IEP, ISO
CRE upregulated	GO:0031669	cellular response to nutrient levels	ENSMUSG00000028494	Plin2	ISS, IEA
CRE upregulated	GO:0031669	cellular response to nutrient levels	ENSMUSG00000023067	Cdkn1a	IMP, IEA
CRE upregulated	GO:0031669	cellular response to nutrient levels	ENSMUSG00000002250	Ppard	IEA
CRE upregulated	GO:0031669	cellular response to nutrient levels	ENSMUSG00000028645	Slc2a1	IDA
CRE upregulated	GO:0031669	cellular response to nutrient levels	ENSMUSG00000024014	Pim1	IEA
CRE upregulated	GO:0031669	cellular response to nutrient levels	ENSMUSG00000037062	Sh3glb1	IEA
CRE upregulated	GO:0031669	cellular response to nutrient levels	ENSMUSG00000042406	Atf4	IDA, IMP, ISO, IEA
CRE upregulated	GO:0031669	cellular response to nutrient levels	ENSMUSG00000029578	Wipi2	ISS, IEA
CRE upregulated	GO:0031669	cellular response to nutrient levels	ENSMUSG00000028893	Sesn2	ISS, IBA, IEA
CRE upregulated	GO:0031669	cellular response to nutrient levels	ENSMUSG00000031668	ENSMUSG00000031668	IEA
CRE upregulated	GO:0031669	cellular response to nutrient levels	ENSMUSG00000029752	ENSMUSG00000029752	IEA
CRE upregulated	GO:0031669	cellular response to nutrient levels	ENSMUSG00000016534	ENSMUSG00000016534	IMP, IBA
CRE upregulated	GO:0031669	cellular response to nutrient levels	ENSMUSG00000040010	Slc7a5	IEA
CRE upregulated	GO:0031669	cellular response to nutrient levels	ENSMUSG00000040463	ENSMUSG00000040463	IEA
CRE upregulated	GO:0031669	cellular response to nutrient levels	ENSMUSG00000026864	ENSMUSG00000026864	IEA
CRE upregulated	GO:0031669	cellular response to nutrient levels	ENSMUSG00000037465	Klf10	IDA
CRE upregulated	GO:0031669	cellular response to nutrient levels	ENSMUSG00000024493	ENSMUSG00000024493	IEA
CRE upregulated	GO:0031669	cellular response to nutrient levels	ENSMUSG00000024843	ENSMUSG00000024843	ISS
CRE upregulated	GO:0031669	cellular response to nutrient levels	ENSMUSG00000038205	ENSMUSG00000038205	ISO, NAS, IEA
CRE upregulated	GO:0031669	cellular response to nutrient levels	ENSMUSG00000015839	Nfe2l2	IMP, IEA
CRE upregulated	GO:0031669	cellular response to nutrient levels	ENSMUSG00000021477	ENSMUSG00000021477	ISS
CRE upregulated	GO:0050778	positive regulation of immune response	ENSMUSG00000046688	Tifa	ISS, IBA, IEA
CRE upregulated	GO:0050778	positive regulation of immune response	ENSMUSG00000025473	Adam8	IDA
CRE upregulated	GO:0050778	positive regulation of immune response	ENSMUSG00000037447	Arid5a	IMP
CRE upregulated	GO:0050778	positive regulation of immune response	ENSMUSG00000030748	Il4ra	IGI
CRE upregulated	GO:0050778	positive regulation of immune response	ENSMUSG00000024404	Riok3	IEA
CRE upregulated	GO:0050778	positive regulation of immune response	ENSMUSG00000025746	Il6	IDA, IMP
CRE upregulated	GO:0050778	positive regulation of immune response	ENSMUSG00000055994	Nod2	IDA, IMP, ISS, ISO, IEA
CRE upregulated	GO:0050778	positive regulation of immune response	ENSMUSG00000059923	Grb2	IDA
CRE upregulated	GO:0050778	positive regulation of immune response	ENSMUSG00000024349	Sting1	IDA, IMP, ISS, IBA, IEA
CRE upregulated	GO:0050778	positive regulation of immune response	ENSMUSG00000015837	Sqstm1	IEA
CRE upregulated	GO:0050778	positive regulation of immune response	ENSMUSG00000031955	Bcar1	ISS, IEA
CRE upregulated	GO:0050778	positive regulation of immune response	ENSMUSG00000015316	Slamf1	IDA
CRE upregulated	GO:0050778	positive regulation of immune response	ENSMUSG00000026072	Il1r1	ISS, IEA
CRE upregulated	GO:0050778	positive regulation of immune response	ENSMUSG00000024789	Jak2	NAS
CRE upregulated	GO:0050778	positive regulation of immune response	ENSMUSG00000029135	Fosl2	IDA, IMP
CRE upregulated	GO:0050778	positive regulation of immune response	ENSMUSG00000020395	Itk	IMP, IBA
CRE upregulated	GO:0050778	positive regulation of immune response	ENSMUSG00000036990	Otud4	IDA, IBA, IEA
CRE upregulated	GO:0050778	positive regulation of immune response	ENSMUSG00000029826	Zc3hav1	TAS
CRE upregulated	GO:0050778	positive regulation of immune response	ENSMUSG00000059866	Tnip2	IMP, IBA
CRE upregulated	GO:0050778	positive regulation of immune response	ENSMUSG00000033545	Znrf1	IEA
CRE upregulated	GO:0050778	positive regulation of immune response	ENSMUSG00000023915	Tnfrsf21	IMP
CRE upregulated	GO:0050778	positive regulation of immune response	ENSMUSG00000024912	Fosl1	IMP
CRE upregulated	GO:0050778	positive regulation of immune response	ENSMUSG00000024927	Rela	ISO, IEA
CRE upregulated	GO:0050778	positive regulation of immune response	ENSMUSG00000038591	Colec10	IEA
CRE upregulated	GO:0050778	positive regulation of immune response	ENSMUSG00000024335	Brd2	IDA, IEA
CRE upregulated	GO:0050778	positive regulation of immune response	ENSMUSG00000040365	Trim41	ISS, IEA
CRE upregulated	GO:0050778	positive regulation of immune response	ENSMUSG00000020349	ENSMUSG00000020349	IMP
CRE upregulated	GO:0050778	positive regulation of immune response	ENSMUSG00000025340	Rabgef1	IDA, IMP
CRE upregulated	GO:0050778	positive regulation of immune response	ENSMUSG00000044147	Arf6	NAS
CRE upregulated	GO:0050778	positive regulation of immune response	ENSMUSG00000030662	ENSMUSG00000030662	IEA
CRE upregulated	GO:0050778	positive regulation of immune response	ENSMUSG00000024270	ENSMUSG00000024270	ISS, IEA
CRE upregulated	GO:0050778	positive regulation of immune response	ENSMUSG00000070056	ENSMUSG00000070056	IMP, ISS, IEA
CRE upregulated	GO:0050778	positive regulation of immune response	ENSMUSG00000037860	Aim2	IDA, IBA, NAS, IEA
CRE upregulated	GO:0050778	positive regulation of immune response	ENSMUSG00000039844	ENSMUSG00000039844	ISO, IEA
CRE upregulated	GO:0050778	positive regulation of immune response	ENSMUSG00000027997	Casp6	ISS, IEA
CRE upregulated	GO:0050778	positive regulation of immune response	ENSMUSG00000020594	ENSMUSG00000020594	IEA
CRE upregulated	GO:0050778	positive regulation of immune response	ENSMUSG00000020448	Rnf185	ISS, IEA
CRE upregulated	GO:0050778	positive regulation of immune response	ENSMUSG00000000787	ENSMUSG00000000787	IDA, ISS
CRE upregulated	GO:0050778	positive regulation of immune response	ENSMUSG00000037553	ENSMUSG00000037553	IEA
CRE upregulated	GO:0050778	positive regulation of immune response	ENSMUSG00000032508	Myd88	IMP, IGI, ISS, IBA, IEA
CRE upregulated	GO:0050778	positive regulation of immune response	ENSMUSG00000029145	ENSMUSG00000029145	ISS, IEA
CRE upregulated	GO:0050778	positive regulation of immune response	ENSMUSG00000028291	ENSMUSG00000028291	IMP, IBA
CRE upregulated	GO:0050778	positive regulation of immune response	ENSMUSG00000019843	ENSMUSG00000019843	IBA, IEA
CRE upregulated	GO:0050778	positive regulation of immune response	ENSMUSG00000027646	ENSMUSG00000027646	IEA
CRE upregulated	GO:0050778	positive regulation of immune response	ENSMUSG00000021340	ENSMUSG00000021340	IEA
CRE upregulated	GO:0050778	positive regulation of immune response	ENSMUSG00000019998	ENSMUSG00000019998	IEA
CRE upregulated	GO:1990778	protein localization to cell periphery	ENSMUSG00000024143	Rhoq	IDA, IEA
CRE upregulated	GO:1990778	protein localization to cell periphery	ENSMUSG00000068566	Myadm	IEA
CRE upregulated	GO:1990778	protein localization to cell periphery	ENSMUSG00000015341	Golga7	ISS, IBA, IEA
CRE upregulated	GO:1990778	protein localization to cell periphery	ENSMUSG00000025809	Itgb1	ISS, IEA
CRE upregulated	GO:1990778	protein localization to cell periphery	ENSMUSG00000032231	Anxa2	ISO
CRE upregulated	GO:1990778	protein localization to cell periphery	ENSMUSG00000024772	Ehd1	IBA
CRE upregulated	GO:1990778	protein localization to cell periphery	ENSMUSG00000027293	Ehd4	IBA
CRE upregulated	GO:1990778	protein localization to cell periphery	ENSMUSG00000020580	Rock2	IEA
CRE upregulated	GO:1990778	protein localization to cell periphery	ENSMUSG00000001507	Itga3	ISS, IEA
CRE upregulated	GO:1990778	protein localization to cell periphery	ENSMUSG00000035199	Arl6ip5	IMP
CRE upregulated	GO:1990778	protein localization to cell periphery	ENSMUSG00000001847	Rac1	IDA
CRE upregulated	GO:1990778	protein localization to cell periphery	ENSMUSG00000015837	Sqstm1	IMP
CRE upregulated	GO:1990778	protein localization to cell periphery	ENSMUSG00000032502	Stac	IMP, IBA
CRE upregulated	GO:1990778	protein localization to cell periphery	ENSMUSG00000030616	Sytl2	IDA
CRE upregulated	GO:1990778	protein localization to cell periphery	ENSMUSG00000038949	Cnst	ISS, IBA, IEA
CRE upregulated	GO:1990778	protein localization to cell periphery	ENSMUSG00000050335	Lgals3	IEA
CRE upregulated	GO:1990778	protein localization to cell periphery	ENSMUSG00000027692	Tnik	IDA, IMP, IEA
CRE upregulated	GO:1990778	protein localization to cell periphery	ENSMUSG00000028893	Sesn2	ISO
CRE upregulated	GO:1990778	protein localization to cell periphery	ENSMUSG00000044147	Arf6	IDA, IEA
CRE upregulated	GO:1990778	protein localization to cell periphery	ENSMUSG00000011877	Git1	ISO
CRE upregulated	GO:1990778	protein localization to cell periphery	ENSMUSG00000059991	ENSMUSG00000059991	ISO
CRE upregulated	GO:1990778	protein localization to cell periphery	ENSMUSG00000062234	ENSMUSG00000062234	IEA
CRE upregulated	GO:1990778	protein localization to cell periphery	ENSMUSG00000047281	ENSMUSG00000047281	ISS, IEA
CRE upregulated	GO:1990778	protein localization to cell periphery	ENSMUSG00000022656	ENSMUSG00000022656	IMP
CRE upregulated	GO:1990778	protein localization to cell periphery	ENSMUSG00000001552	ENSMUSG00000001552	IEA
CRE upregulated	GO:1990778	protein localization to cell periphery	ENSMUSG00000020671	ENSMUSG00000020671	IMP, ISS
CRE upregulated	GO:1990778	protein localization to cell periphery	ENSMUSG00000061244	ENSMUSG00000061244	IMP
CRE upregulated	GO:1990778	protein localization to cell periphery	ENSMUSG00000052316	ENSMUSG00000052316	IEA
CRE upregulated	GO:1990778	protein localization to cell periphery	ENSMUSG00000049550	ENSMUSG00000049550	IMP
CRE upregulated	GO:1990778	protein localization to cell periphery	ENSMUSG00000019998	ENSMUSG00000019998	IEA
CRE upregulated	GO:0046777	protein autophosphorylation	ENSMUSG00000052684	Jun	IMP
CRE upregulated	GO:0046777	protein autophosphorylation	ENSMUSG00000030681	Mvp	IEA
CRE upregulated	GO:0046777	protein autophosphorylation	ENSMUSG00000022607	Ptk2	IDA
CRE upregulated	GO:0046777	protein autophosphorylation	ENSMUSG00000033955	Tnks1bp1	IEA
CRE upregulated	GO:0046777	protein autophosphorylation	ENSMUSG00000036737	Oxsr1	ISS
CRE upregulated	GO:0046777	protein autophosphorylation	ENSMUSG00000024789	Jak2	IDA
CRE upregulated	GO:0046777	protein autophosphorylation	ENSMUSG00000027692	Tnik	ISS
CRE upregulated	GO:0046777	protein autophosphorylation	ENSMUSG00000036894	Rap2b	IDA, IEA
CRE upregulated	GO:0046777	protein autophosphorylation	ENSMUSG00000024777	ENSMUSG00000024777	ISO, IEA
CRE upregulated	GO:0046777	protein autophosphorylation	ENSMUSG00000020349	ENSMUSG00000020349	ISO
CRE upregulated	GO:0046777	protein autophosphorylation	ENSMUSG00000025060	ENSMUSG00000025060	ISS
CRE upregulated	GO:0046777	protein autophosphorylation	ENSMUSG00000007411	ENSMUSG00000007411	ISS
CRE upregulated	GO:0046777	protein autophosphorylation	ENSMUSG00000035725	ENSMUSG00000035725	ISS
CRE upregulated	GO:0046777	protein autophosphorylation	ENSMUSG00000000787	ENSMUSG00000000787	ISS
CRE upregulated	GO:0046777	protein autophosphorylation	ENSMUSG00000003119	ENSMUSG00000003119	ISS
CRE upregulated	GO:0031589	cell-substrate adhesion	ENSMUSG00000025473	Adam8	TAS
CRE upregulated	GO:0031589	cell-substrate adhesion	ENSMUSG00000023905	Tnfrsf12a	IDA
CRE upregulated	GO:0031589	cell-substrate adhesion	ENSMUSG00000037705	Tecta	IEA
CRE upregulated	GO:0031589	cell-substrate adhesion	ENSMUSG00000014599	Csf1	IGI
CRE upregulated	GO:0031589	cell-substrate adhesion	ENSMUSG00000006304	Arpc2	IMP
CRE upregulated	GO:0031589	cell-substrate adhesion	ENSMUSG00000068566	Myadm	IEA
CRE upregulated	GO:0031589	cell-substrate adhesion	ENSMUSG00000002250	Ppard	IMP
CRE upregulated	GO:0031589	cell-substrate adhesion	ENSMUSG00000027540	Ptpn1	IEA
CRE upregulated	GO:0031589	cell-substrate adhesion	ENSMUSG00000025809	Itgb1	IMP, IGI, ISO, NAS, IEA
CRE upregulated	GO:0031589	cell-substrate adhesion	ENSMUSG00000032231	Anxa2	IMP
CRE upregulated	GO:0031589	cell-substrate adhesion	ENSMUSG00000031078	Cttn	ISS, ISO
CRE upregulated	GO:0031589	cell-substrate adhesion	ENSMUSG00000001507	Itga3	ISO, IBA, IEA
CRE upregulated	GO:0031589	cell-substrate adhesion	ENSMUSG00000001847	Rac1	IDA, IMP, IEA
CRE upregulated	GO:0031589	cell-substrate adhesion	ENSMUSG00000002980	ENSMUSG00000002980	IEA
CRE upregulated	GO:0031589	cell-substrate adhesion	ENSMUSG00000031955	Bcar1	ISO
CRE upregulated	GO:0031589	cell-substrate adhesion	ENSMUSG00000027954	Efna1	IEA
CRE upregulated	GO:0031589	cell-substrate adhesion	ENSMUSG00000024789	Jak2	ISS, IEA
CRE upregulated	GO:0031589	cell-substrate adhesion	ENSMUSG00000029860	Zyx	IMP
CRE upregulated	GO:0031589	cell-substrate adhesion	ENSMUSG00000021360	ENSMUSG00000021360	IEA
CRE upregulated	GO:0031589	cell-substrate adhesion	ENSMUSG00000024947	Men1	ISO
CRE upregulated	GO:0031589	cell-substrate adhesion	ENSMUSG00000004530	ENSMUSG00000004530	IEA
CRE upregulated	GO:0031589	cell-substrate adhesion	ENSMUSG00000025060	ENSMUSG00000025060	ISS, IEA
CRE upregulated	GO:0031589	cell-substrate adhesion	ENSMUSG00000025351	Cd63	ISS, IEA
CRE upregulated	GO:0031589	cell-substrate adhesion	ENSMUSG00000035725	ENSMUSG00000035725	ISS, IEA
CRE upregulated	GO:0031589	cell-substrate adhesion	ENSMUSG00000001552	ENSMUSG00000001552	IEA
CRE upregulated	GO:0031589	cell-substrate adhesion	ENSMUSG00000032462	ENSMUSG00000032462	IMP, ISO, IEA
CRE upregulated	GO:0031589	cell-substrate adhesion	ENSMUSG00000037411	Serpine1	IEA
CRE upregulated	GO:0031589	cell-substrate adhesion	ENSMUSG00000027646	ENSMUSG00000027646	IDA, ISO, IEA
CRE upregulated	GO:0051170	import into nucleus	ENSMUSG00000023067	Cdkn1a	IMP, IEA
CRE upregulated	GO:0051170	import into nucleus	ENSMUSG00000034300	Fam53c	IBA
CRE upregulated	GO:0051170	import into nucleus	ENSMUSG00000032939	Nup93	IBA
CRE upregulated	GO:0051170	import into nucleus	ENSMUSG00000028063	Lmna	IMP
CRE upregulated	GO:0051170	import into nucleus	ENSMUSG00000053436	Mapk14	IMP
CRE upregulated	GO:0051170	import into nucleus	ENSMUSG00000018362	Kpna2	IDA, ISS, IBA, IEA
CRE upregulated	GO:0051170	import into nucleus	ENSMUSG00000025746	Il6	ISO
CRE upregulated	GO:0051170	import into nucleus	ENSMUSG00000032078	Zpr1	IMP, ISS, IBA, IEA
CRE upregulated	GO:0051170	import into nucleus	ENSMUSG00000004768	Rab23	IEA
CRE upregulated	GO:0051170	import into nucleus	ENSMUSG00000015837	Sqstm1	IDA, IMP
CRE upregulated	GO:0051170	import into nucleus	ENSMUSG00000024789	Jak2	ISO, IEA
CRE upregulated	GO:0051170	import into nucleus	ENSMUSG00000004040	ENSMUSG00000004040	ISS, IEA
CRE upregulated	GO:0051170	import into nucleus	ENSMUSG00000109511	Nup62	ISO, IBA, IEA
CRE upregulated	GO:0051170	import into nucleus	ENSMUSG00000053175	Bcl3	IEA
CRE upregulated	GO:0051170	import into nucleus	ENSMUSG00000030662	ENSMUSG00000030662	IDA, IMP, IBA, IEA
CRE upregulated	GO:0051170	import into nucleus	ENSMUSG00000019842	ENSMUSG00000019842	IDA
CRE upregulated	GO:0051170	import into nucleus	ENSMUSG00000001552	ENSMUSG00000001552	IEA
CRE upregulated	GO:0051170	import into nucleus	ENSMUSG00000002633	Shh	IGI
CRE upregulated	GO:0051170	import into nucleus	ENSMUSG00000028291	ENSMUSG00000028291	ISS, IEA
CRE upregulated	GO:0032103	positive regulation of response to external stimulus	ENSMUSG00000004951	Hspb1	IEA
CRE upregulated	GO:0032103	positive regulation of response to external stimulus	ENSMUSG00000046688	Tifa	ISS, IBA, IEA
CRE upregulated	GO:0032103	positive regulation of response to external stimulus	ENSMUSG00000025473	Adam8	IDA, IMP
CRE upregulated	GO:0032103	positive regulation of response to external stimulus	ENSMUSG00000014599	Csf1	IEA
CRE upregulated	GO:0032103	positive regulation of response to external stimulus	ENSMUSG00000024404	Riok3	IEA
CRE upregulated	GO:0032103	positive regulation of response to external stimulus	ENSMUSG00000018736	Ndel1	ISO
CRE upregulated	GO:0032103	positive regulation of response to external stimulus	ENSMUSG00000031078	Cttn	ISO
CRE upregulated	GO:0032103	positive regulation of response to external stimulus	ENSMUSG00000055994	Nod2	IDA, IMP, ISS, ISO, IEA
CRE upregulated	GO:0032103	positive regulation of response to external stimulus	ENSMUSG00000031628	Casp3	IEA
CRE upregulated	GO:0032103	positive regulation of response to external stimulus	ENSMUSG00000001847	Rac1	IMP, IEA
CRE upregulated	GO:0032103	positive regulation of response to external stimulus	ENSMUSG00000024349	Sting1	IDA, IMP, ISS, IBA, IEA
CRE upregulated	GO:0032103	positive regulation of response to external stimulus	ENSMUSG00000015837	Sqstm1	IEA
CRE upregulated	GO:0032103	positive regulation of response to external stimulus	ENSMUSG00000036737	Oxsr1	IMP, IBA, IEA
CRE upregulated	GO:0032103	positive regulation of response to external stimulus	ENSMUSG00000015316	Slamf1	IMP
CRE upregulated	GO:0032103	positive regulation of response to external stimulus	ENSMUSG00000024789	Jak2	ISS
CRE upregulated	GO:0032103	positive regulation of response to external stimulus	ENSMUSG00000036990	Otud4	IDA, IBA, IEA
CRE upregulated	GO:0032103	positive regulation of response to external stimulus	ENSMUSG00000029826	Zc3hav1	TAS
CRE upregulated	GO:0032103	positive regulation of response to external stimulus	ENSMUSG00000059866	Tnip2	IMP, IBA
CRE upregulated	GO:0032103	positive regulation of response to external stimulus	ENSMUSG00000033545	Znrf1	IEA
CRE upregulated	GO:0032103	positive regulation of response to external stimulus	ENSMUSG00000024912	Fosl1	IMP
CRE upregulated	GO:0032103	positive regulation of response to external stimulus	ENSMUSG00000024927	Rela	ISO, IEA
CRE upregulated	GO:0032103	positive regulation of response to external stimulus	ENSMUSG00000064210	ENSMUSG00000064210	IMP, IEA
CRE upregulated	GO:0032103	positive regulation of response to external stimulus	ENSMUSG00000040365	Trim41	ISS, IEA
CRE upregulated	GO:0032103	positive regulation of response to external stimulus	ENSMUSG00000028466	Creb3	IEA
CRE upregulated	GO:0032103	positive regulation of response to external stimulus	ENSMUSG00000020349	ENSMUSG00000020349	IMP
CRE upregulated	GO:0032103	positive regulation of response to external stimulus	ENSMUSG00000044147	Arf6	NAS
CRE upregulated	GO:0032103	positive regulation of response to external stimulus	ENSMUSG00000030662	ENSMUSG00000030662	IEA
CRE upregulated	GO:0032103	positive regulation of response to external stimulus	ENSMUSG00000070056	ENSMUSG00000070056	IMP, ISS, IEA
CRE upregulated	GO:0032103	positive regulation of response to external stimulus	ENSMUSG00000037860	Aim2	IDA, IBA, NAS, IEA
CRE upregulated	GO:0032103	positive regulation of response to external stimulus	ENSMUSG00000027997	Casp6	ISS, IEA
CRE upregulated	GO:0032103	positive regulation of response to external stimulus	ENSMUSG00000020594	ENSMUSG00000020594	ISO, IEA
CRE upregulated	GO:0032103	positive regulation of response to external stimulus	ENSMUSG00000020448	Rnf185	ISS, IEA
CRE upregulated	GO:0032103	positive regulation of response to external stimulus	ENSMUSG00000000787	ENSMUSG00000000787	IDA, ISS
CRE upregulated	GO:0032103	positive regulation of response to external stimulus	ENSMUSG00000022948	Setd4	IDA
CRE upregulated	GO:0032103	positive regulation of response to external stimulus	ENSMUSG00000037553	ENSMUSG00000037553	IEA
CRE upregulated	GO:0032103	positive regulation of response to external stimulus	ENSMUSG00000032508	Myd88	IMP, IGI, ISS, IBA, IEA
CRE upregulated	GO:0032103	positive regulation of response to external stimulus	ENSMUSG00000002633	Shh	ISO
CRE upregulated	GO:0032103	positive regulation of response to external stimulus	ENSMUSG00000028291	ENSMUSG00000028291	IMP, IBA
CRE upregulated	GO:0032103	positive regulation of response to external stimulus	ENSMUSG00000037411	Serpine1	IEA
CRE upregulated	GO:0032103	positive regulation of response to external stimulus	ENSMUSG00000027646	ENSMUSG00000027646	IEA
CRE upregulated	GO:0034330	cell junction organization	ENSMUSG00000051379	Flrt3	IDA, IMP, ISO
CRE upregulated	GO:0034330	cell junction organization	ENSMUSG00000030272	Camk1	ISS, ISO, IEA
CRE upregulated	GO:0034330	cell junction organization	ENSMUSG00000058153	Sez6l	IGI, IBA
CRE upregulated	GO:0034330	cell junction organization	ENSMUSG00000048482	Bdnf	IEA
CRE upregulated	GO:0034330	cell junction organization	ENSMUSG00000027540	Ptpn1	IEA
CRE upregulated	GO:0034330	cell junction organization	ENSMUSG00000043895	S1pr2	EXP, IDA
CRE upregulated	GO:0034330	cell junction organization	ENSMUSG00000029121	Crmp1	IDA, IEP
CRE upregulated	GO:0034330	cell junction organization	ENSMUSG00000063506	Arhgap22	IEA
CRE upregulated	GO:0034330	cell junction organization	ENSMUSG00000053436	Mapk14	EXP, IDA, IMP, IEP
CRE upregulated	GO:0034330	cell junction organization	ENSMUSG00000025809	Itgb1	IDA, IMP, ISO
CRE upregulated	GO:0034330	cell junction organization	ENSMUSG00000013089	Etv5	IMP
CRE upregulated	GO:0034330	cell junction organization	ENSMUSG00000002233	Rhoc	IDA, IEA
CRE upregulated	GO:0034330	cell junction organization	ENSMUSG00000047368	Abhd17b	IMP, ISO, IBA
CRE upregulated	GO:0034330	cell junction organization	ENSMUSG00000031078	Cttn	IGI, ISS, ISO
CRE upregulated	GO:0034330	cell junction organization	ENSMUSG00000022607	Ptk2	IDA, IMP
CRE upregulated	GO:0034330	cell junction organization	ENSMUSG00000020580	Rock2	IEA
CRE upregulated	GO:0034330	cell junction organization	ENSMUSG00000055078	Gabra5	IBA
CRE upregulated	GO:0034330	cell junction organization	ENSMUSG00000001507	Itga3	IDA, IMP, IGI
CRE upregulated	GO:0034330	cell junction organization	ENSMUSG00000001847	Rac1	IDA, IMP, IGI, ISO, IEA
CRE upregulated	GO:0034330	cell junction organization	ENSMUSG00000042121	Ssh1	ISO, IEA
CRE upregulated	GO:0034330	cell junction organization	ENSMUSG00000044667	Plppr4	IDA, IMP
CRE upregulated	GO:0034330	cell junction organization	ENSMUSG00000057531	Dtnbp1	ISO, IEA
CRE upregulated	GO:0034330	cell junction organization	ENSMUSG00000030309	Caprin2	IMP
CRE upregulated	GO:0034330	cell junction organization	ENSMUSG00000036057	Ptpn23	IEA
CRE upregulated	GO:0034330	cell junction organization	ENSMUSG00000029765	Plxna4	IDA, IMP
CRE upregulated	GO:0034330	cell junction organization	ENSMUSG00000027954	Efna1	IDA
CRE upregulated	GO:0034330	cell junction organization	ENSMUSG00000042292	Mrtfa	IEA
CRE upregulated	GO:0034330	cell junction organization	ENSMUSG00000022602	Arc	ISO, IEA
CRE upregulated	GO:0034330	cell junction organization	ENSMUSG00000030223	ENSMUSG00000030223	IDA, IMP
CRE upregulated	GO:0034330	cell junction organization	ENSMUSG00000027797	Dclk1	IDA, IMP
CRE upregulated	GO:0034330	cell junction organization	ENSMUSG00000036882	ENSMUSG00000036882	IDA, IMP, ISO, IEA
CRE upregulated	GO:0034330	cell junction organization	ENSMUSG00000029071	ENSMUSG00000029071	IDA, IMP, IGI, ISO, IEA
CRE upregulated	GO:0034330	cell junction organization	ENSMUSG00000052921	Arhgef15	IDA, IMP
CRE upregulated	GO:0034330	cell junction organization	ENSMUSG00000040640	ENSMUSG00000040640	IBA
CRE upregulated	GO:0034330	cell junction organization	ENSMUSG00000037815	Ctnna1	IMP, ISO, IEA
CRE upregulated	GO:0034330	cell junction organization	ENSMUSG00000004530	ENSMUSG00000004530	IEA
CRE upregulated	GO:0034330	cell junction organization	ENSMUSG00000044147	Arf6	IMP, ISO, IEA
CRE upregulated	GO:0034330	cell junction organization	ENSMUSG00000011877	Git1	IEA
CRE upregulated	GO:0034330	cell junction organization	ENSMUSG00000031937	ENSMUSG00000031937	IMP, IBA
CRE upregulated	GO:0034330	cell junction organization	ENSMUSG00000025060	ENSMUSG00000025060	ISS, IEA
CRE upregulated	GO:0034330	cell junction organization	ENSMUSG00000022656	ENSMUSG00000022656	IDA, IMP
CRE upregulated	GO:0034330	cell junction organization	ENSMUSG00000001552	ENSMUSG00000001552	IMP, IEA
CRE upregulated	GO:0034330	cell junction organization	ENSMUSG00000020594	ENSMUSG00000020594	IEA
CRE upregulated	GO:0034330	cell junction organization	ENSMUSG00000008730	Hipk1	IMP
CRE upregulated	GO:0034330	cell junction organization	ENSMUSG00000052681	Rap1b	IDA, IMP, ISS, IEA
CRE upregulated	GO:0034330	cell junction organization	ENSMUSG00000039671	ENSMUSG00000039671	ISO, IEA
CRE upregulated	GO:0034330	cell junction organization	ENSMUSG00000020340	ENSMUSG00000020340	IEA
CRE upregulated	GO:0034330	cell junction organization	ENSMUSG00000019843	ENSMUSG00000019843	IGI
CRE upregulated	GO:0034330	cell junction organization	ENSMUSG00000027646	ENSMUSG00000027646	ISO, IEA
CRE upregulated	GO:0034330	cell junction organization	ENSMUSG00000055976	Cldn23	IBA
CRE upregulated	GO:0034330	cell junction organization	ENSMUSG00000053825	ENSMUSG00000053825	IEA
CRE upregulated	GO:0034330	cell junction organization	ENSMUSG00000047261	ENSMUSG00000047261	ISO, IEA
CRE upregulated	GO:0035966	response to topologically incorrect protein	ENSMUSG00000026628	Atf3	IMP
CRE upregulated	GO:0035966	response to topologically incorrect protein	ENSMUSG00000004951	Hspb1	NAS
CRE upregulated	GO:0035966	response to topologically incorrect protein	ENSMUSG00000027313	Chac1	IEA
CRE upregulated	GO:0035966	response to topologically incorrect protein	ENSMUSG00000027540	Ptpn1	IMP, ISS, IBA, IEA
CRE upregulated	GO:0035966	response to topologically incorrect protein	ENSMUSG00000041548	Hspb8	IBA, IEA
CRE upregulated	GO:0035966	response to topologically incorrect protein	ENSMUSG00000042406	Atf4	IDA, IMP
CRE upregulated	GO:0035966	response to topologically incorrect protein	ENSMUSG00000025408	Ddit3	IDA, IMP, IEA
CRE upregulated	GO:0035966	response to topologically incorrect protein	ENSMUSG00000040435	Ppp1r15a	IMP
CRE upregulated	GO:0035966	response to topologically incorrect protein	ENSMUSG00000023286	Ube2j2	IEA
CRE upregulated	GO:0035966	response to topologically incorrect protein	ENSMUSG00000041594	ENSMUSG00000041594	IMP, IBA
CRE upregulated	GO:0035966	response to topologically incorrect protein	ENSMUSG00000028466	Creb3	IEA
CRE upregulated	GO:0035966	response to topologically incorrect protein	ENSMUSG00000031668	ENSMUSG00000031668	IEA
CRE upregulated	GO:0035966	response to topologically incorrect protein	ENSMUSG00000026864	ENSMUSG00000026864	IMP, ISS, IBA
CRE upregulated	GO:0035966	response to topologically incorrect protein	ENSMUSG00000028291	ENSMUSG00000028291	ISS, IEA
CRE upregulated	GO:0035966	response to topologically incorrect protein	ENSMUSG00000015839	Nfe2l2	IDA
CRE upregulated	GO:0035966	response to topologically incorrect protein	ENSMUSG00000031751	ENSMUSG00000031751	IBA, IEA
CRE upregulated	GO:0044281	small molecule metabolic process	ENSMUSG00000026628	Atf3	IDA
CRE upregulated	GO:0044281	small molecule metabolic process	ENSMUSG00000031574	Star	ISO, IEA
CRE upregulated	GO:0044281	small molecule metabolic process	ENSMUSG00000003752	Itpkc	IBA, IEA
CRE upregulated	GO:0044281	small molecule metabolic process	ENSMUSG00000024143	Rhoq	IEA
CRE upregulated	GO:0044281	small molecule metabolic process	ENSMUSG00000024664	Fads3	IEA
CRE upregulated	GO:0044281	small molecule metabolic process	ENSMUSG00000020427	Igfbp3	IGI
CRE upregulated	GO:0044281	small molecule metabolic process	ENSMUSG00000004846	Plod3	IDA
CRE upregulated	GO:0044281	small molecule metabolic process	ENSMUSG00000050989	Selenon	IMP
CRE upregulated	GO:0044281	small molecule metabolic process	ENSMUSG00000026558	Uck2	ISS, ISO, IEA
CRE upregulated	GO:0044281	small molecule metabolic process	ENSMUSG00000037458	Azin1	IBA
CRE upregulated	GO:0044281	small molecule metabolic process	ENSMUSG00000002250	Ppard	IEP, ISO, IBA, IEA
CRE upregulated	GO:0044281	small molecule metabolic process	ENSMUSG00000038894	Irs2	IEA
CRE upregulated	GO:0044281	small molecule metabolic process	ENSMUSG00000025648	Pfkfb4	IEA
CRE upregulated	GO:0044281	small molecule metabolic process	ENSMUSG00000031545	Gpat4	IMP, IEA
CRE upregulated	GO:0044281	small molecule metabolic process	ENSMUSG00000005069	Pex5	IMP
CRE upregulated	GO:0044281	small molecule metabolic process	ENSMUSG00000029201	Ugdh	ISS, IEA
CRE upregulated	GO:0044281	small molecule metabolic process	ENSMUSG00000028789	Azin2	IDA, IBA
CRE upregulated	GO:0044281	small molecule metabolic process	ENSMUSG00000011179	Odc1	IDA, IBA, IEA
CRE upregulated	GO:0044281	small molecule metabolic process	ENSMUSG00000026675	Hsd17b7	IDA, IBA, IEA
CRE upregulated	GO:0044281	small molecule metabolic process	ENSMUSG00000027597	Ahcy	IDA, ISO, IEA
CRE upregulated	GO:0044281	small molecule metabolic process	ENSMUSG00000053436	Mapk14	IMP
CRE upregulated	GO:0044281	small molecule metabolic process	ENSMUSG00000025503	Taldo1	IDA, IMP, ISO, IBA, IEA
CRE upregulated	GO:0044281	small molecule metabolic process	ENSMUSG00000015243	Abca1	IDA, IEA
CRE upregulated	GO:0044281	small molecule metabolic process	ENSMUSG00000025746	Il6	ISO
CRE upregulated	GO:0044281	small molecule metabolic process	ENSMUSG00000023169	Slc38a1	IMP, ISS, ISO, IEA
CRE upregulated	GO:0044281	small molecule metabolic process	ENSMUSG00000069094	Pde7a	IEA
CRE upregulated	GO:0044281	small molecule metabolic process	ENSMUSG00000027613	Eif6	IMP
CRE upregulated	GO:0044281	small molecule metabolic process	ENSMUSG00000021996	Esd	IEA
CRE upregulated	GO:0044281	small molecule metabolic process	ENSMUSG00000042406	Atf4	IDA, IEA
CRE upregulated	GO:0044281	small molecule metabolic process	ENSMUSG00000029777	Gars1	ISS, IEA
CRE upregulated	GO:0044281	small molecule metabolic process	ENSMUSG00000005667	Mthfd2	IBA, IEA
CRE upregulated	GO:0044281	small molecule metabolic process	ENSMUSG00000026317	Cln8	ISS, IEA
CRE upregulated	GO:0044281	small molecule metabolic process	ENSMUSG00000074115	Saa1	IDA
CRE upregulated	GO:0044281	small molecule metabolic process	ENSMUSG00000028145	Them4	ISS, IEA
CRE upregulated	GO:0044281	small molecule metabolic process	ENSMUSG00000004768	Rab23	IEA
CRE upregulated	GO:0044281	small molecule metabolic process	ENSMUSG00000037580	Gch1	IBA, IC, IEA
CRE upregulated	GO:0044281	small molecule metabolic process	ENSMUSG00000023087	Noct	ISS, IEA
CRE upregulated	GO:0044281	small molecule metabolic process	ENSMUSG00000022346	Myc	ISO
CRE upregulated	GO:0044281	small molecule metabolic process	ENSMUSG00000036437	Npy1r	IMP
CRE upregulated	GO:0044281	small molecule metabolic process	ENSMUSG00000004040	ENSMUSG00000004040	IMP, ISO
CRE upregulated	GO:0044281	small molecule metabolic process	ENSMUSG00000022555	Dgat1	IDA, ISO, IEA
CRE upregulated	GO:0044281	small molecule metabolic process	ENSMUSG00000037722	Gnpnat1	IMP, TAS, IEA
CRE upregulated	GO:0044281	small molecule metabolic process	ENSMUSG00000003762	Coq8b	IEA
CRE upregulated	GO:0044281	small molecule metabolic process	ENSMUSG00000059316	Slc27a4	IDA, IMP, IBA, TAS, IEA
CRE upregulated	GO:0044281	small molecule metabolic process	ENSMUSG00000027952	Pmvk	ISO, IBA, IEA
CRE upregulated	GO:0044281	small molecule metabolic process	ENSMUSG00000028893	Sesn2	IMP, IGI
CRE upregulated	GO:0044281	small molecule metabolic process	ENSMUSG00000037514	Pank2	IMP, IGI, IBA, IEA
CRE upregulated	GO:0044281	small molecule metabolic process	ENSMUSG00000032902	Slc16a1	IMP
CRE upregulated	GO:0044281	small molecule metabolic process	ENSMUSG00000032715	Trib3	IMP
CRE upregulated	GO:0044281	small molecule metabolic process	ENSMUSG00000031168	ENSMUSG00000031168	ISS, ISO, IBA, IEA
CRE upregulated	GO:0044281	small molecule metabolic process	ENSMUSG00000025007	Aldh18a1	ISS, IEA
CRE upregulated	GO:0044281	small molecule metabolic process	ENSMUSG00000066441	ENSMUSG00000066441	IMP, ISS, IEA
CRE upregulated	GO:0044281	small molecule metabolic process	ENSMUSG00000010660	Plcd1	ISO
CRE upregulated	GO:0044281	small molecule metabolic process	ENSMUSG00000031278	ENSMUSG00000031278	ISS, ISO, IBA, TAS, IEA
CRE upregulated	GO:0044281	small molecule metabolic process	ENSMUSG00000032599	ENSMUSG00000032599	IMP, ISS, IBA, IEA
CRE upregulated	GO:0044281	small molecule metabolic process	ENSMUSG00000020349	ENSMUSG00000020349	IMP, ISO
CRE upregulated	GO:0044281	small molecule metabolic process	ENSMUSG00000026773	ENSMUSG00000026773	IEA
CRE upregulated	GO:0044281	small molecule metabolic process	ENSMUSG00000029752	ENSMUSG00000029752	ISO, IBA, IEA
CRE upregulated	GO:0044281	small molecule metabolic process	ENSMUSG00000027605	Acss2	IDA, ISO, IBA, IEA
CRE upregulated	GO:0044281	small molecule metabolic process	ENSMUSG00000011877	Git1	IMP
CRE upregulated	GO:0044281	small molecule metabolic process	ENSMUSG00000040046	Tph1	IEA
CRE upregulated	GO:0044281	small molecule metabolic process	ENSMUSG00000009566	Fpgs	IEA
CRE upregulated	GO:0044281	small molecule metabolic process	ENSMUSG00000008435	Rdh13	IEA
CRE upregulated	GO:0044281	small molecule metabolic process	ENSMUSG00000020250	ENSMUSG00000020250	ISO
CRE upregulated	GO:0044281	small molecule metabolic process	ENSMUSG00000000001	ENSMUSG00000000001	ISS, IEA
CRE upregulated	GO:0044281	small molecule metabolic process	ENSMUSG00000029310	Nudt9	IDA
CRE upregulated	GO:0044281	small molecule metabolic process	ENSMUSG00000022094	ENSMUSG00000022094	IMP
CRE upregulated	GO:0044281	small molecule metabolic process	ENSMUSG00000059743	ENSMUSG00000059743	ISO, IEA
CRE upregulated	GO:0044281	small molecule metabolic process	ENSMUSG00000020097	ENSMUSG00000020097	ISS, IEA
CRE upregulated	GO:0044281	small molecule metabolic process	ENSMUSG00000025403	ENSMUSG00000025403	IMP, ISS, ISO, IBA, IEA
CRE upregulated	GO:0044281	small molecule metabolic process	ENSMUSG00000032540	ENSMUSG00000032540	IEA
CRE upregulated	GO:0044281	small molecule metabolic process	ENSMUSG00000003623	ENSMUSG00000003623	IDA, IEA
CRE upregulated	GO:0044281	small molecule metabolic process	ENSMUSG00000006344	ENSMUSG00000006344	IDA, IMP, IBA, IEA
CRE upregulated	GO:0044281	small molecule metabolic process	ENSMUSG00000015357	ENSMUSG00000015357	IEA
CRE upregulated	GO:0044281	small molecule metabolic process	ENSMUSG00000025198	ENSMUSG00000025198	IEA
CRE upregulated	GO:0044281	small molecule metabolic process	ENSMUSG00000004270	ENSMUSG00000004270	IMP
CRE upregulated	GO:0044281	small molecule metabolic process	ENSMUSG00000027646	ENSMUSG00000027646	IDA, ISO, IEA
CRE upregulated	GO:0044281	small molecule metabolic process	ENSMUSG00000024843	ENSMUSG00000024843	ISO
CRE upregulated	GO:0044281	small molecule metabolic process	ENSMUSG00000037306	ENSMUSG00000037306	ISO
CRE upregulated	GO:0044281	small molecule metabolic process	ENSMUSG00000031073	Fgf15	IGI
CRE upregulated	GO:0044281	small molecule metabolic process	ENSMUSG00000038205	ENSMUSG00000038205	IEA
CRE upregulated	GO:0044281	small molecule metabolic process	ENSMUSG00000029762	Akr1b8	IEA
CRE upregulated	GO:0044281	small molecule metabolic process	ENSMUSG00000025236	ENSMUSG00000025236	IEA
CRE upregulated	GO:0044281	small molecule metabolic process	ENSMUSG00000003541	ENSMUSG00000003541	IMP
CRE upregulated	GO:0044281	small molecule metabolic process	ENSMUSG00000024026	ENSMUSG00000024026	IC
CRE upregulated	GO:0032651	regulation of interleukin-1 beta production	ENSMUSG00000004951	Hspb1	IDA
CRE upregulated	GO:0032651	regulation of interleukin-1 beta production	ENSMUSG00000044734	Serpinb1a	IMP, IBA
CRE upregulated	GO:0032651	regulation of interleukin-1 beta production	ENSMUSG00000055994	Nod2	IDA, ISS, IEA
CRE upregulated	GO:0032651	regulation of interleukin-1 beta production	ENSMUSG00000079049	Serpinb1c	IMP, IBA
CRE upregulated	GO:0032651	regulation of interleukin-1 beta production	ENSMUSG00000024789	Jak2	IGI, ISS, ISO, IEA
CRE upregulated	GO:0032651	regulation of interleukin-1 beta production	ENSMUSG00000004040	ENSMUSG00000004040	IEA
CRE upregulated	GO:0032651	regulation of interleukin-1 beta production	ENSMUSG00000031934	ENSMUSG00000031934	IMP, IEA
CRE upregulated	GO:0032651	regulation of interleukin-1 beta production	ENSMUSG00000024927	Rela	IEA
CRE upregulated	GO:0032651	regulation of interleukin-1 beta production	ENSMUSG00000044453	Ffar1	IEA
CRE upregulated	GO:0032651	regulation of interleukin-1 beta production	ENSMUSG00000011877	Git1	IMP
CRE upregulated	GO:0032651	regulation of interleukin-1 beta production	ENSMUSG00000037860	Aim2	IDA, IMP, IGI, ISO, IEA
CRE upregulated	GO:0032651	regulation of interleukin-1 beta production	ENSMUSG00000032508	Myd88	ISS, IEA
CRE upregulated	GO:0032651	regulation of interleukin-1 beta production	ENSMUSG00000067586	ENSMUSG00000067586	IMP
CRE upregulated	GO:0032611	interleukin-1 beta production	ENSMUSG00000004951	Hspb1	IDA
CRE upregulated	GO:0032611	interleukin-1 beta production	ENSMUSG00000044734	Serpinb1a	IMP, IBA
CRE upregulated	GO:0032611	interleukin-1 beta production	ENSMUSG00000055994	Nod2	IDA, ISS, IEA
CRE upregulated	GO:0032611	interleukin-1 beta production	ENSMUSG00000079049	Serpinb1c	IMP, IBA
CRE upregulated	GO:0032611	interleukin-1 beta production	ENSMUSG00000024789	Jak2	IGI, ISS, ISO, IEA
CRE upregulated	GO:0032611	interleukin-1 beta production	ENSMUSG00000004040	ENSMUSG00000004040	IEA
CRE upregulated	GO:0032611	interleukin-1 beta production	ENSMUSG00000031934	ENSMUSG00000031934	IMP, IEA
CRE upregulated	GO:0032611	interleukin-1 beta production	ENSMUSG00000024927	Rela	IEA
CRE upregulated	GO:0032611	interleukin-1 beta production	ENSMUSG00000044453	Ffar1	IEA
CRE upregulated	GO:0032611	interleukin-1 beta production	ENSMUSG00000011877	Git1	IMP
CRE upregulated	GO:0032611	interleukin-1 beta production	ENSMUSG00000037860	Aim2	IDA, IMP, IGI, ISO, IEA
CRE upregulated	GO:0032611	interleukin-1 beta production	ENSMUSG00000032508	Myd88	ISS, IEA
CRE upregulated	GO:0032611	interleukin-1 beta production	ENSMUSG00000067586	ENSMUSG00000067586	IMP
CRE upregulated	GO:0045892	negative regulation of DNA-templated transcription	ENSMUSG00000026628	Atf3	IDA, IEA
CRE upregulated	GO:0045892	negative regulation of DNA-templated transcription	ENSMUSG00000036390	Gadd45a	IEA
CRE upregulated	GO:0045892	negative regulation of DNA-templated transcription	ENSMUSG00000052684	Jun	IDA
CRE upregulated	GO:0045892	negative regulation of DNA-templated transcription	ENSMUSG00000063632	Sox11	IDA, IBA, IEA
CRE upregulated	GO:0045892	negative regulation of DNA-templated transcription	ENSMUSG00000056749	Nfil3	IDA, IEA
CRE upregulated	GO:0045892	negative regulation of DNA-templated transcription	ENSMUSG00000022895	Ets2	IEA
CRE upregulated	GO:0045892	negative regulation of DNA-templated transcription	ENSMUSG00000037447	Arid5a	IEA
CRE upregulated	GO:0045892	negative regulation of DNA-templated transcription	ENSMUSG00000021765	Fst	IEA
CRE upregulated	GO:0045892	negative regulation of DNA-templated transcription	ENSMUSG00000030256	Bhlhe41	IDA, TAS, IEA
CRE upregulated	GO:0045892	negative regulation of DNA-templated transcription	ENSMUSG00000025612	Bach1	IDA, ISS, IEA
CRE upregulated	GO:0045892	negative regulation of DNA-templated transcription	ENSMUSG00000035673	Sbno2	IMP, IBA, IEA
CRE upregulated	GO:0045892	negative regulation of DNA-templated transcription	ENSMUSG00000002250	Ppard	IDA, IBA, IEA
CRE upregulated	GO:0045892	negative regulation of DNA-templated transcription	ENSMUSG00000037638	Zbtb42	IDA
CRE upregulated	GO:0045892	negative regulation of DNA-templated transcription	ENSMUSG00000042507	Mideas	IBA
CRE upregulated	GO:0045892	negative regulation of DNA-templated transcription	ENSMUSG00000026796	Niban2	IEA
CRE upregulated	GO:0045892	negative regulation of DNA-templated transcription	ENSMUSG00000027583	Zbtb46	IDA
CRE upregulated	GO:0045892	negative regulation of DNA-templated transcription	ENSMUSG00000030678	Maz	IEA
CRE upregulated	GO:0045892	negative regulation of DNA-templated transcription	ENSMUSG00000025239	Limd1	ISS, IEA
CRE upregulated	GO:0045892	negative regulation of DNA-templated transcription	ENSMUSG00000048490	Nrip1	IDA, IBA, IEA
CRE upregulated	GO:0045892	negative regulation of DNA-templated transcription	ENSMUSG00000022096	Hr	IDA
CRE upregulated	GO:0045892	negative regulation of DNA-templated transcription	ENSMUSG00000013089	Etv5	IEA
CRE upregulated	GO:0045892	negative regulation of DNA-templated transcription	ENSMUSG00000032280	Tle3	IEA
CRE upregulated	GO:0045892	negative regulation of DNA-templated transcription	ENSMUSG00000063889	Crem	IEA
CRE upregulated	GO:0045892	negative regulation of DNA-templated transcription	ENSMUSG00000042406	Atf4	IMP
CRE upregulated	GO:0045892	negative regulation of DNA-templated transcription	ENSMUSG00000023079	Gtf2ird1	IEA
CRE upregulated	GO:0045892	negative regulation of DNA-templated transcription	ENSMUSG00000025408	Ddit3	IDA, IMP, IGI, ISS, ISO, IBA, IEA
CRE upregulated	GO:0045892	negative regulation of DNA-templated transcription	ENSMUSG00000040435	Ppp1r15a	IDA
CRE upregulated	GO:0045892	negative regulation of DNA-templated transcription	ENSMUSG00000030057	Cnbp	IEA
CRE upregulated	GO:0045892	negative regulation of DNA-templated transcription	ENSMUSG00000015837	Sqstm1	IMP
CRE upregulated	GO:0045892	negative regulation of DNA-templated transcription	ENSMUSG00000029131	Dnajb6	IDA
CRE upregulated	GO:0045892	negative regulation of DNA-templated transcription	ENSMUSG00000022346	Myc	IDA, ISO, IEA
CRE upregulated	GO:0045892	negative regulation of DNA-templated transcription	ENSMUSG00000027954	Efna1	IMP
CRE upregulated	GO:0045892	negative regulation of DNA-templated transcription	ENSMUSG00000018143	Mafk	IEA
CRE upregulated	GO:0045892	negative regulation of DNA-templated transcription	ENSMUSG00000035236	Scai	IEA
CRE upregulated	GO:0045892	negative regulation of DNA-templated transcription	ENSMUSG00000020358	Hnrnpab	IGI
CRE upregulated	GO:0045892	negative regulation of DNA-templated transcription	ENSMUSG00000024803	Ankrd1	ISO
CRE upregulated	GO:0045892	negative regulation of DNA-templated transcription	ENSMUSG00000024927	Rela	IDA, IEA
CRE upregulated	GO:0045892	negative regulation of DNA-templated transcription	ENSMUSG00000003435	ENSMUSG00000003435	IEA
CRE upregulated	GO:0045892	negative regulation of DNA-templated transcription	ENSMUSG00000024238	Zeb1	IDA, IMP, ISS, ISO, IEA
CRE upregulated	GO:0045892	negative regulation of DNA-templated transcription	ENSMUSG00000024947	Men1	IDA, ISO, IEA
CRE upregulated	GO:0045892	negative regulation of DNA-templated transcription	ENSMUSG00000040433	Zbtb38	IEA
CRE upregulated	GO:0045892	negative regulation of DNA-templated transcription	ENSMUSG00000032715	Trib3	ISS, IEA
CRE upregulated	GO:0045892	negative regulation of DNA-templated transcription	ENSMUSG00000048047	Zbtb33	ISS, IBA, IEA
CRE upregulated	GO:0045892	negative regulation of DNA-templated transcription	ENSMUSG00000071637	Cebpd	IDA
CRE upregulated	GO:0045892	negative regulation of DNA-templated transcription	ENSMUSG00000053175	Bcl3	IEA
CRE upregulated	GO:0045892	negative regulation of DNA-templated transcription	ENSMUSG00000068739	ENSMUSG00000068739	ISS, IEA
CRE upregulated	GO:0045892	negative regulation of DNA-templated transcription	ENSMUSG00000030199	Etv6	IEA
CRE upregulated	GO:0045892	negative regulation of DNA-templated transcription	ENSMUSG00000040857	Erf	IEA
CRE upregulated	GO:0045892	negative regulation of DNA-templated transcription	ENSMUSG00000036180	ENSMUSG00000036180	ISS, IBA, NAS, IEA
CRE upregulated	GO:0045892	negative regulation of DNA-templated transcription	ENSMUSG00000039985	Sinhcaf	NAS
CRE upregulated	GO:0045892	negative regulation of DNA-templated transcription	ENSMUSG00000047281	ENSMUSG00000047281	IDA
CRE upregulated	GO:0045892	negative regulation of DNA-templated transcription	ENSMUSG00000045763	ENSMUSG00000045763	ISS, IBA, IEA
CRE upregulated	GO:0045892	negative regulation of DNA-templated transcription	ENSMUSG00000039191	Rbpj	IDA, IMP, IEA
CRE upregulated	GO:0045892	negative regulation of DNA-templated transcription	ENSMUSG00000046962	ENSMUSG00000046962	IBA, IEA
CRE upregulated	GO:0045892	negative regulation of DNA-templated transcription	ENSMUSG00000051316	Taf7	IEA
CRE upregulated	GO:0045892	negative regulation of DNA-templated transcription	ENSMUSG00000040463	ENSMUSG00000040463	IDA
CRE upregulated	GO:0045892	negative regulation of DNA-templated transcription	ENSMUSG00000004099	ENSMUSG00000004099	IDA, IMP
CRE upregulated	GO:0045892	negative regulation of DNA-templated transcription	ENSMUSG00000008730	Hipk1	ISS
CRE upregulated	GO:0045892	negative regulation of DNA-templated transcription	ENSMUSG00000059288	ENSMUSG00000059288	IEA
CRE upregulated	GO:0045892	negative regulation of DNA-templated transcription	ENSMUSG00000002633	Shh	IDA, IMP
CRE upregulated	GO:0045892	negative regulation of DNA-templated transcription	ENSMUSG00000028680	ENSMUSG00000028680	IEA
CRE upregulated	GO:0045892	negative regulation of DNA-templated transcription	ENSMUSG00000039671	ENSMUSG00000039671	IEA
CRE upregulated	GO:0045892	negative regulation of DNA-templated transcription	ENSMUSG00000028291	ENSMUSG00000028291	ISO, IEA
CRE upregulated	GO:0045892	negative regulation of DNA-templated transcription	ENSMUSG00000037465	Klf10	IDA
CRE upregulated	GO:0045892	negative regulation of DNA-templated transcription	ENSMUSG00000027646	ENSMUSG00000027646	IEA
CRE upregulated	GO:0045892	negative regulation of DNA-templated transcription	ENSMUSG00000004698	ENSMUSG00000004698	IEA
CRE upregulated	GO:0045892	negative regulation of DNA-templated transcription	ENSMUSG00000042197	ENSMUSG00000042197	ISS, IBA, IEA
CRE upregulated	GO:0045892	negative regulation of DNA-templated transcription	ENSMUSG00000029475	ENSMUSG00000029475	IDA, IMP
CRE upregulated	GO:0090066	regulation of anatomical structure size	ENSMUSG00000023905	Tnfrsf12a	IDA
CRE upregulated	GO:0090066	regulation of anatomical structure size	ENSMUSG00000006304	Arpc2	IDA, ISO
CRE upregulated	GO:0090066	regulation of anatomical structure size	ENSMUSG00000004846	Plod3	IMP
CRE upregulated	GO:0090066	regulation of anatomical structure size	ENSMUSG00000068566	Myadm	IEA
CRE upregulated	GO:0090066	regulation of anatomical structure size	ENSMUSG00000048482	Bdnf	IDA, IMP, IGI, ISO, IEA
CRE upregulated	GO:0090066	regulation of anatomical structure size	ENSMUSG00000024256	Adcyap1	ISO, IEA
CRE upregulated	GO:0090066	regulation of anatomical structure size	ENSMUSG00000021070	Bdkrb2	IMP, IEA
CRE upregulated	GO:0090066	regulation of anatomical structure size	ENSMUSG00000018736	Ndel1	ISO
CRE upregulated	GO:0090066	regulation of anatomical structure size	ENSMUSG00000002250	Ppard	ISO
CRE upregulated	GO:0090066	regulation of anatomical structure size	ENSMUSG00000027198	Ext2	IGI
CRE upregulated	GO:0090066	regulation of anatomical structure size	ENSMUSG00000018507	Trpv2	IMP
CRE upregulated	GO:0090066	regulation of anatomical structure size	ENSMUSG00000000278	Scpep1	IGI
CRE upregulated	GO:0090066	regulation of anatomical structure size	ENSMUSG00000025809	Itgb1	ISS, IEA
CRE upregulated	GO:0090066	regulation of anatomical structure size	ENSMUSG00000031078	Cttn	ISS, ISO, IBA, IEA
CRE upregulated	GO:0090066	regulation of anatomical structure size	ENSMUSG00000022607	Ptk2	ISO
CRE upregulated	GO:0090066	regulation of anatomical structure size	ENSMUSG00000059923	Grb2	IGI
CRE upregulated	GO:0090066	regulation of anatomical structure size	ENSMUSG00000020838	Slc6a4	ISS, ISO, IEA
CRE upregulated	GO:0090066	regulation of anatomical structure size	ENSMUSG00000001847	Rac1	IDA, IEA
CRE upregulated	GO:0090066	regulation of anatomical structure size	ENSMUSG00000042121	Ssh1	IBA, IEA
CRE upregulated	GO:0090066	regulation of anatomical structure size	ENSMUSG00000026317	Cln8	IMP
CRE upregulated	GO:0090066	regulation of anatomical structure size	ENSMUSG00000036737	Oxsr1	IEA
CRE upregulated	GO:0090066	regulation of anatomical structure size	ENSMUSG00000037580	Gch1	ISO, IEA
CRE upregulated	GO:0090066	regulation of anatomical structure size	ENSMUSG00000001627	Ifrd1	IGI
CRE upregulated	GO:0090066	regulation of anatomical structure size	ENSMUSG00000029765	Plxna4	IMP
CRE upregulated	GO:0090066	regulation of anatomical structure size	ENSMUSG00000036437	Npy1r	ISO
CRE upregulated	GO:0090066	regulation of anatomical structure size	ENSMUSG00000050730	Arhgap42	IMP
CRE upregulated	GO:0090066	regulation of anatomical structure size	ENSMUSG00000064210	ENSMUSG00000064210	IMP, IEA
CRE upregulated	GO:0090066	regulation of anatomical structure size	ENSMUSG00000044147	Arf6	IEA
CRE upregulated	GO:0090066	regulation of anatomical structure size	ENSMUSG00000041598	Cdc42ep4	IBA
CRE upregulated	GO:0090066	regulation of anatomical structure size	ENSMUSG00000045664	Cdc42ep2	IBA, IEA
CRE upregulated	GO:0090066	regulation of anatomical structure size	ENSMUSG00000020594	ENSMUSG00000020594	ISO, IEA
CRE upregulated	GO:0090066	regulation of anatomical structure size	ENSMUSG00000038676	Ucn	ISO, IEA
CRE upregulated	GO:0090066	regulation of anatomical structure size	ENSMUSG00000027944	Hax1	IBA, IEA
CRE upregulated	GO:0090066	regulation of anatomical structure size	ENSMUSG00000020340	ENSMUSG00000020340	IEA
CRE upregulated	GO:0090066	regulation of anatomical structure size	ENSMUSG00000023277	ENSMUSG00000023277	IDA, IBA, IC, IEA
CRE upregulated	GO:0090066	regulation of anatomical structure size	ENSMUSG00000024493	ENSMUSG00000024493	IEA
CRE upregulated	GO:0090066	regulation of anatomical structure size	ENSMUSG00000000627	ENSMUSG00000000627	ISO, IEA
CRE upregulated	GO:0048514	blood vessel morphogenesis	ENSMUSG00000036390	Gadd45a	IMP
CRE upregulated	GO:0048514	blood vessel morphogenesis	ENSMUSG00000052684	Jun	IMP, ISO
CRE upregulated	GO:0048514	blood vessel morphogenesis	ENSMUSG00000019647	Sema6a	IEA
CRE upregulated	GO:0048514	blood vessel morphogenesis	ENSMUSG00000004951	Hspb1	IEA
CRE upregulated	GO:0048514	blood vessel morphogenesis	ENSMUSG00000025473	Adam8	IDA
CRE upregulated	GO:0048514	blood vessel morphogenesis	ENSMUSG00000023905	Tnfrsf12a	IDA, IEA
CRE upregulated	GO:0048514	blood vessel morphogenesis	ENSMUSG00000038650	Rnh1	IBA, IEA
CRE upregulated	GO:0048514	blood vessel morphogenesis	ENSMUSG00000031681	Smad1	IEA
CRE upregulated	GO:0048514	blood vessel morphogenesis	ENSMUSG00000026836	Acvr1	IMP
CRE upregulated	GO:0048514	blood vessel morphogenesis	ENSMUSG00000037568	Vash2	IMP, ISO, IBA, IEA
CRE upregulated	GO:0048514	blood vessel morphogenesis	ENSMUSG00000063506	Arhgap22	IEA
CRE upregulated	GO:0048514	blood vessel morphogenesis	ENSMUSG00000053436	Mapk14	IMP
CRE upregulated	GO:0048514	blood vessel morphogenesis	ENSMUSG00000025809	Itgb1	IMP, IEA
CRE upregulated	GO:0048514	blood vessel morphogenesis	ENSMUSG00000032231	Anxa2	IMP, IEA
CRE upregulated	GO:0048514	blood vessel morphogenesis	ENSMUSG00000022607	Ptk2	IMP, IEA
CRE upregulated	GO:0048514	blood vessel morphogenesis	ENSMUSG00000020580	Rock2	IEA
CRE upregulated	GO:0048514	blood vessel morphogenesis	ENSMUSG00000040435	Ppp1r15a	ISO
CRE upregulated	GO:0048514	blood vessel morphogenesis	ENSMUSG00000036478	Btg1	ISS, IEA
CRE upregulated	GO:0048514	blood vessel morphogenesis	ENSMUSG00000027954	Efna1	IDA, IEA
CRE upregulated	GO:0048514	blood vessel morphogenesis	ENSMUSG00000004040	ENSMUSG00000004040	IDA
CRE upregulated	GO:0048514	blood vessel morphogenesis	ENSMUSG00000054136	Adm2	ISO, IEA
CRE upregulated	GO:0048514	blood vessel morphogenesis	ENSMUSG00000024927	Rela	IEA
CRE upregulated	GO:0048514	blood vessel morphogenesis	ENSMUSG00000025793	ENSMUSG00000025793	IEA
CRE upregulated	GO:0048514	blood vessel morphogenesis	ENSMUSG00000026078	Pdcl3	IMP, ISO, IBA, IEA
CRE upregulated	GO:0048514	blood vessel morphogenesis	ENSMUSG00000037514	Pank2	IEA
CRE upregulated	GO:0048514	blood vessel morphogenesis	ENSMUSG00000010660	Plcd1	IGI
CRE upregulated	GO:0048514	blood vessel morphogenesis	ENSMUSG00000031668	ENSMUSG00000031668	IEA
CRE upregulated	GO:0048514	blood vessel morphogenesis	ENSMUSG00000068739	ENSMUSG00000068739	ISS, IEA
CRE upregulated	GO:0048514	blood vessel morphogenesis	ENSMUSG00000003154	Foxj2	IEA
CRE upregulated	GO:0048514	blood vessel morphogenesis	ENSMUSG00000052837	ENSMUSG00000052837	IMP
CRE upregulated	GO:0048514	blood vessel morphogenesis	ENSMUSG00000021796	Bmpr1a	IMP, IEA
CRE upregulated	GO:0048514	blood vessel morphogenesis	ENSMUSG00000039191	Rbpj	IMP
CRE upregulated	GO:0048514	blood vessel morphogenesis	ENSMUSG00000035725	ENSMUSG00000035725	IMP, IEA
CRE upregulated	GO:0048514	blood vessel morphogenesis	ENSMUSG00000001552	ENSMUSG00000001552	IEA
CRE upregulated	GO:0048514	blood vessel morphogenesis	ENSMUSG00000020097	ENSMUSG00000020097	IMP
CRE upregulated	GO:0048514	blood vessel morphogenesis	ENSMUSG00000002633	Shh	IDA, IMP, IGI, ISO, TAS
CRE upregulated	GO:0048514	blood vessel morphogenesis	ENSMUSG00000032462	ENSMUSG00000032462	IMP, IEA
CRE upregulated	GO:0048514	blood vessel morphogenesis	ENSMUSG00000056050	ENSMUSG00000056050	IEA
CRE upregulated	GO:0048514	blood vessel morphogenesis	ENSMUSG00000037411	Serpine1	IEA
CRE upregulated	GO:0048514	blood vessel morphogenesis	ENSMUSG00000021340	ENSMUSG00000021340	IEA
CRE upregulated	GO:0048514	blood vessel morphogenesis	ENSMUSG00000004698	ENSMUSG00000004698	IEA
CRE upregulated	GO:0048514	blood vessel morphogenesis	ENSMUSG00000015839	Nfe2l2	ISO, IEA
CRE upregulated	GO:0031348	negative regulation of defense response	ENSMUSG00000033902	Mapkbp1	IEA
CRE upregulated	GO:0031348	negative regulation of defense response	ENSMUSG00000024256	Adcyap1	ISO, IEA
CRE upregulated	GO:0031348	negative regulation of defense response	ENSMUSG00000002250	Ppard	IBA, IEA
CRE upregulated	GO:0031348	negative regulation of defense response	ENSMUSG00000026254	Eif4e2	IEA
CRE upregulated	GO:0031348	negative regulation of defense response	ENSMUSG00000040025	Ythdf2	ISS, IEA
CRE upregulated	GO:0031348	negative regulation of defense response	ENSMUSG00000055994	Nod2	IMP
CRE upregulated	GO:0031348	negative regulation of defense response	ENSMUSG00000024014	Pim1	ISS, IEA
CRE upregulated	GO:0031348	negative regulation of defense response	ENSMUSG00000042726	Trafd1	IMP, IBA
CRE upregulated	GO:0031348	negative regulation of defense response	ENSMUSG00000038552	Fndc4	IDA, IBA, IEA
CRE upregulated	GO:0031348	negative regulation of defense response	ENSMUSG00000053113	Socs3	IGI
CRE upregulated	GO:0031348	negative regulation of defense response	ENSMUSG00000004040	ENSMUSG00000004040	IDA, IEA
CRE upregulated	GO:0031348	negative regulation of defense response	ENSMUSG00000040033	ENSMUSG00000040033	IEA
CRE upregulated	GO:0031348	negative regulation of defense response	ENSMUSG00000025340	Rabgef1	IMP
CRE upregulated	GO:0031348	negative regulation of defense response	ENSMUSG00000028599	Tnfrsf1b	IMP, IBA
CRE upregulated	GO:0031348	negative regulation of defense response	ENSMUSG00000011877	Git1	IMP
CRE upregulated	GO:0031348	negative regulation of defense response	ENSMUSG00000047281	ENSMUSG00000047281	ISS, IEA
CRE upregulated	GO:0031348	negative regulation of defense response	ENSMUSG00000070056	ENSMUSG00000070056	ISS, IEA
CRE upregulated	GO:0031348	negative regulation of defense response	ENSMUSG00000019256	ENSMUSG00000019256	IEA
CRE upregulated	GO:0031348	negative regulation of defense response	ENSMUSG00000037553	ENSMUSG00000037553	ISS, IEA
CRE upregulated	GO:0031348	negative regulation of defense response	ENSMUSG00000004270	ENSMUSG00000004270	IMP
CRE upregulated	GO:0031348	negative regulation of defense response	ENSMUSG00000038250	ENSMUSG00000038250	IEA
CRE upregulated	GO:0031348	negative regulation of defense response	ENSMUSG00000003541	ENSMUSG00000003541	IMP
CRE upregulated	GO:0042326	negative regulation of phosphorylation	ENSMUSG00000036390	Gadd45a	IMP, IEA
CRE upregulated	GO:0042326	negative regulation of phosphorylation	ENSMUSG00000052684	Jun	IMP
CRE upregulated	GO:0042326	negative regulation of phosphorylation	ENSMUSG00000004951	Hspb1	IDA
CRE upregulated	GO:0042326	negative regulation of phosphorylation	ENSMUSG00000019876	Pkib	IEA
CRE upregulated	GO:0042326	negative regulation of phosphorylation	ENSMUSG00000020427	Igfbp3	ISO, IEA
CRE upregulated	GO:0042326	negative regulation of phosphorylation	ENSMUSG00000023067	Cdkn1a	IMP
CRE upregulated	GO:0042326	negative regulation of phosphorylation	ENSMUSG00000030681	Mvp	IEA
CRE upregulated	GO:0042326	negative regulation of phosphorylation	ENSMUSG00000021070	Bdkrb2	IMP
CRE upregulated	GO:0042326	negative regulation of phosphorylation	ENSMUSG00000038894	Irs2	IMP
CRE upregulated	GO:0042326	negative regulation of phosphorylation	ENSMUSG00000027540	Ptpn1	IGI
CRE upregulated	GO:0042326	negative regulation of phosphorylation	ENSMUSG00000046854	Pip5kl1	IEA
CRE upregulated	GO:0042326	negative regulation of phosphorylation	ENSMUSG00000040435	Ppp1r15a	ISO
CRE upregulated	GO:0042326	negative regulation of phosphorylation	ENSMUSG00000018909	Arrb1	ISO
CRE upregulated	GO:0042326	negative regulation of phosphorylation	ENSMUSG00000053113	Socs3	IEA
CRE upregulated	GO:0042326	negative regulation of phosphorylation	ENSMUSG00000109511	Nup62	IMP
CRE upregulated	GO:0042326	negative regulation of phosphorylation	ENSMUSG00000024190	Dusp1	ISS
CRE upregulated	GO:0042326	negative regulation of phosphorylation	ENSMUSG00000030223	ENSMUSG00000030223	IDA
CRE upregulated	GO:0042326	negative regulation of phosphorylation	ENSMUSG00000024947	Men1	IEA
CRE upregulated	GO:0042326	negative regulation of phosphorylation	ENSMUSG00000029071	ENSMUSG00000029071	IGI
CRE upregulated	GO:0042326	negative regulation of phosphorylation	ENSMUSG00000032715	Trib3	IDA
CRE upregulated	GO:0042326	negative regulation of phosphorylation	ENSMUSG00000025340	Rabgef1	IMP
CRE upregulated	GO:0042326	negative regulation of phosphorylation	ENSMUSG00000004530	ENSMUSG00000004530	IEA
CRE upregulated	GO:0009896	positive regulation of catabolic process	ENSMUSG00000025473	Adam8	IDA, IBA, IEA
CRE upregulated	GO:0009896	positive regulation of catabolic process	ENSMUSG00000020427	Igfbp3	ISO
CRE upregulated	GO:0009896	positive regulation of catabolic process	ENSMUSG00000038894	Irs2	IEA
CRE upregulated	GO:0009896	positive regulation of catabolic process	ENSMUSG00000027540	Ptpn1	IEA
CRE upregulated	GO:0009896	positive regulation of catabolic process	ENSMUSG00000041548	Hspb8	IEA
CRE upregulated	GO:0009896	positive regulation of catabolic process	ENSMUSG00000040025	Ythdf2	IMP, IBA, IEA
CRE upregulated	GO:0009896	positive regulation of catabolic process	ENSMUSG00000022607	Ptk2	IMP
CRE upregulated	GO:0009896	positive regulation of catabolic process	ENSMUSG00000055994	Nod2	IDA, IMP
CRE upregulated	GO:0009896	positive regulation of catabolic process	ENSMUSG00000037062	Sh3glb1	IMP, IEA
CRE upregulated	GO:0009896	positive regulation of catabolic process	ENSMUSG00000025408	Ddit3	ISO
CRE upregulated	GO:0009896	positive regulation of catabolic process	ENSMUSG00000024349	Sting1	IMP, IBA, IEA
CRE upregulated	GO:0009896	positive regulation of catabolic process	ENSMUSG00000015837	Sqstm1	IEA
CRE upregulated	GO:0009896	positive regulation of catabolic process	ENSMUSG00000023087	Noct	IGI
CRE upregulated	GO:0009896	positive regulation of catabolic process	ENSMUSG00000022433	Csnk1e	IMP, IBA
CRE upregulated	GO:0009896	positive regulation of catabolic process	ENSMUSG00000022346	Myc	ISO
CRE upregulated	GO:0009896	positive regulation of catabolic process	ENSMUSG00000029826	Zc3hav1	ISS, ISO, IBA, IEA
CRE upregulated	GO:0009896	positive regulation of catabolic process	ENSMUSG00000036206	Sh3bp4	ISS, IEA
CRE upregulated	GO:0009896	positive regulation of catabolic process	ENSMUSG00000003435	ENSMUSG00000003435	IEA
CRE upregulated	GO:0009896	positive regulation of catabolic process	ENSMUSG00000028893	Sesn2	IMP, ISS, IBA, IEA
CRE upregulated	GO:0009896	positive regulation of catabolic process	ENSMUSG00000029071	ENSMUSG00000029071	IEA
CRE upregulated	GO:0009896	positive regulation of catabolic process	ENSMUSG00000032715	Trib3	IBA, TAS, IC
CRE upregulated	GO:0009896	positive regulation of catabolic process	ENSMUSG00000025162	ENSMUSG00000025162	IMP, IBA, IEA
CRE upregulated	GO:0009896	positive regulation of catabolic process	ENSMUSG00000020349	ENSMUSG00000020349	ISO
CRE upregulated	GO:0009896	positive regulation of catabolic process	ENSMUSG00000028599	Tnfrsf1b	IMP, IBA, IEA
CRE upregulated	GO:0009896	positive regulation of catabolic process	ENSMUSG00000011877	Git1	ISO
CRE upregulated	GO:0009896	positive regulation of catabolic process	ENSMUSG00000000001	ENSMUSG00000000001	IEA
CRE upregulated	GO:0009896	positive regulation of catabolic process	ENSMUSG00000020448	Rnf185	ISS, IEA
CRE upregulated	GO:0009896	positive regulation of catabolic process	ENSMUSG00000021072	Tmx1	ISS, IEA
CRE upregulated	GO:0009896	positive regulation of catabolic process	ENSMUSG00000032540	ENSMUSG00000032540	IDA, IMP, IBA, IEA
CRE upregulated	GO:0009896	positive regulation of catabolic process	ENSMUSG00000028680	ENSMUSG00000028680	IEA
CRE upregulated	GO:0009896	positive regulation of catabolic process	ENSMUSG00000053581	ENSMUSG00000053581	IMP
CRE upregulated	GO:0009896	positive regulation of catabolic process	ENSMUSG00000040652	ENSMUSG00000040652	IDA, IBA
CRE upregulated	GO:0009896	positive regulation of catabolic process	ENSMUSG00000027646	ENSMUSG00000027646	IDA
CRE upregulated	GO:0009896	positive regulation of catabolic process	ENSMUSG00000021340	ENSMUSG00000021340	IEA
CRE upregulated	GO:0009896	positive regulation of catabolic process	ENSMUSG00000032501	Trib1	IDA, IBA
CRE upregulated	GO:0009896	positive regulation of catabolic process	ENSMUSG00000003541	ENSMUSG00000003541	IDA
CRE upregulated	GO:0031400	negative regulation of protein modification process	ENSMUSG00000036390	Gadd45a	IMP, IEA
CRE upregulated	GO:0031400	negative regulation of protein modification process	ENSMUSG00000052684	Jun	IMP
CRE upregulated	GO:0031400	negative regulation of protein modification process	ENSMUSG00000004951	Hspb1	IDA
CRE upregulated	GO:0031400	negative regulation of protein modification process	ENSMUSG00000019876	Pkib	IEA
CRE upregulated	GO:0031400	negative regulation of protein modification process	ENSMUSG00000020427	Igfbp3	ISO, IEA
CRE upregulated	GO:0031400	negative regulation of protein modification process	ENSMUSG00000023067	Cdkn1a	IMP
CRE upregulated	GO:0031400	negative regulation of protein modification process	ENSMUSG00000030681	Mvp	IEA
CRE upregulated	GO:0031400	negative regulation of protein modification process	ENSMUSG00000021070	Bdkrb2	IMP
CRE upregulated	GO:0031400	negative regulation of protein modification process	ENSMUSG00000021501	Caml	ISS, IEA
CRE upregulated	GO:0031400	negative regulation of protein modification process	ENSMUSG00000027540	Ptpn1	IGI
CRE upregulated	GO:0031400	negative regulation of protein modification process	ENSMUSG00000046854	Pip5kl1	IEA
CRE upregulated	GO:0031400	negative regulation of protein modification process	ENSMUSG00000040435	Ppp1r15a	ISO
CRE upregulated	GO:0031400	negative regulation of protein modification process	ENSMUSG00000018909	Arrb1	ISO, IEA
CRE upregulated	GO:0031400	negative regulation of protein modification process	ENSMUSG00000015837	Sqstm1	IDA, ISS, IEA
CRE upregulated	GO:0031400	negative regulation of protein modification process	ENSMUSG00000053113	Socs3	IEA
CRE upregulated	GO:0031400	negative regulation of protein modification process	ENSMUSG00000109511	Nup62	IMP
CRE upregulated	GO:0031400	negative regulation of protein modification process	ENSMUSG00000024190	Dusp1	ISS
CRE upregulated	GO:0031400	negative regulation of protein modification process	ENSMUSG00000030223	ENSMUSG00000030223	IDA
CRE upregulated	GO:0031400	negative regulation of protein modification process	ENSMUSG00000024927	Rela	IDA
CRE upregulated	GO:0031400	negative regulation of protein modification process	ENSMUSG00000024947	Men1	IEA
CRE upregulated	GO:0031400	negative regulation of protein modification process	ENSMUSG00000029071	ENSMUSG00000029071	IGI
CRE upregulated	GO:0031400	negative regulation of protein modification process	ENSMUSG00000032715	Trib3	IDA
CRE upregulated	GO:0031400	negative regulation of protein modification process	ENSMUSG00000025340	Rabgef1	IMP
CRE upregulated	GO:0031400	negative regulation of protein modification process	ENSMUSG00000004530	ENSMUSG00000004530	IEA
CRE upregulated	GO:0031400	negative regulation of protein modification process	ENSMUSG00000059288	ENSMUSG00000059288	IDA, IEA
CRE upregulated	GO:0031400	negative regulation of protein modification process	ENSMUSG00000019843	ENSMUSG00000019843	IDA
CRE upregulated	GO:0055085	transmembrane transport	ENSMUSG00000024143	Rhoq	IC, IEA
CRE upregulated	GO:0055085	transmembrane transport	ENSMUSG00000030102	Itpr1	IMP, ISS, ISO, IBA, IEA
CRE upregulated	GO:0055085	transmembrane transport	ENSMUSG00000024891	Slc29a2	IDA, IGI, ISS, ISO, IBA, IEA
CRE upregulated	GO:0055085	transmembrane transport	ENSMUSG00000048807	Slc35e4	IBA
CRE upregulated	GO:0055085	transmembrane transport	ENSMUSG00000050989	Selenon	IMP, ISS
CRE upregulated	GO:0055085	transmembrane transport	ENSMUSG00000003153	Slc2a3	IDA, IMP, ISS, ISO, IBA, IEA
CRE upregulated	GO:0055085	transmembrane transport	ENSMUSG00000037458	Azin1	IDA, IBA, IEA
CRE upregulated	GO:0055085	transmembrane transport	ENSMUSG00000018507	Trpv2	IEA
CRE upregulated	GO:0055085	transmembrane transport	ENSMUSG00000038894	Irs2	IEA
CRE upregulated	GO:0055085	transmembrane transport	ENSMUSG00000007041	Clic1	IEA
CRE upregulated	GO:0055085	transmembrane transport	ENSMUSG00000005069	Pex5	IMP, ISS, IBA, IEA
CRE upregulated	GO:0055085	transmembrane transport	ENSMUSG00000020142	Slc1a4	IDA, IBA, IEA
CRE upregulated	GO:0055085	transmembrane transport	ENSMUSG00000028789	Azin2	IDA, IBA
CRE upregulated	GO:0055085	transmembrane transport	ENSMUSG00000038023	Atp6v0a2	IEA
CRE upregulated	GO:0055085	transmembrane transport	ENSMUSG00000029321	Slc10a6	IEA
CRE upregulated	GO:0055085	transmembrane transport	ENSMUSG00000034591	Slc41a2	IDA, IEA
CRE upregulated	GO:0055085	transmembrane transport	ENSMUSG00000028645	Slc2a1	IDA, ISO, IBA, IEA
CRE upregulated	GO:0055085	transmembrane transport	ENSMUSG00000053436	Mapk14	IMP
CRE upregulated	GO:0055085	transmembrane transport	ENSMUSG00000025809	Itgb1	IMP
CRE upregulated	GO:0055085	transmembrane transport	ENSMUSG00000023030	Slc11a2	IDA, ISS, ISO, IBA, IEA
CRE upregulated	GO:0055085	transmembrane transport	ENSMUSG00000011008	Mcoln2	IEA
CRE upregulated	GO:0055085	transmembrane transport	ENSMUSG00000015243	Abca1	IMP, IEA
CRE upregulated	GO:0055085	transmembrane transport	ENSMUSG00000023387	Kcnk16	IBA, IEA
CRE upregulated	GO:0055085	transmembrane transport	ENSMUSG00000024014	Pim1	ISS
CRE upregulated	GO:0055085	transmembrane transport	ENSMUSG00000023169	Slc38a1	ISS, ISO, IBA, IEA
CRE upregulated	GO:0055085	transmembrane transport	ENSMUSG00000055078	Gabra5	IBA, IEA
CRE upregulated	GO:0055085	transmembrane transport	ENSMUSG00000038267	Slc22a23	IEA
CRE upregulated	GO:0055085	transmembrane transport	ENSMUSG00000040322	Slc25a24	ISS, IEA
CRE upregulated	GO:0055085	transmembrane transport	ENSMUSG00000005950	P2rx5	IEA
CRE upregulated	GO:0055085	transmembrane transport	ENSMUSG00000020838	Slc6a4	IBA, IEA
CRE upregulated	GO:0055085	transmembrane transport	ENSMUSG00000025408	Ddit3	IMP
CRE upregulated	GO:0055085	transmembrane transport	ENSMUSG00000035199	Arl6ip5	IDA
CRE upregulated	GO:0055085	transmembrane transport	ENSMUSG00000024349	Sting1	IEA
CRE upregulated	GO:0055085	transmembrane transport	ENSMUSG00000026317	Cln8	IMP
CRE upregulated	GO:0055085	transmembrane transport	ENSMUSG00000057531	Dtnbp1	IMP
CRE upregulated	GO:0055085	transmembrane transport	ENSMUSG00000036737	Oxsr1	IGI
CRE upregulated	GO:0055085	transmembrane transport	ENSMUSG00000032502	Stac	IMP
CRE upregulated	GO:0055085	transmembrane transport	ENSMUSG00000022346	Myc	ISO
CRE upregulated	GO:0055085	transmembrane transport	ENSMUSG00000042246	Tmc7	IEA
CRE upregulated	GO:0055085	transmembrane transport	ENSMUSG00000030650	Tmc5	IEA
CRE upregulated	GO:0055085	transmembrane transport	ENSMUSG00000023032	Slc4a8	IBA, IEA
CRE upregulated	GO:0055085	transmembrane transport	ENSMUSG00000010095	Slc3a2	ISS, ISO, IBA, IEA
CRE upregulated	GO:0055085	transmembrane transport	ENSMUSG00000022602	Arc	IEA
CRE upregulated	GO:0055085	transmembrane transport	ENSMUSG00000028255	Clca1	IEA
CRE upregulated	GO:0055085	transmembrane transport	ENSMUSG00000059316	Slc27a4	IMP
CRE upregulated	GO:0055085	transmembrane transport	ENSMUSG00000031934	ENSMUSG00000031934	IDA, IEA
CRE upregulated	GO:0055085	transmembrane transport	ENSMUSG00000028893	Sesn2	IMP
CRE upregulated	GO:0055085	transmembrane transport	ENSMUSG00000044453	Ffar1	ISO
CRE upregulated	GO:0055085	transmembrane transport	ENSMUSG00000024036	ENSMUSG00000024036	ISS, IBA, IEA
CRE upregulated	GO:0055085	transmembrane transport	ENSMUSG00000064210	ENSMUSG00000064210	IDA, IMP, IGI, ISS, ISO, IBA, IEA
CRE upregulated	GO:0055085	transmembrane transport	ENSMUSG00000032902	Slc16a1	IMP, ISS, ISO, IBA, IEA
CRE upregulated	GO:0055085	transmembrane transport	ENSMUSG00000032715	Trib3	IDA
CRE upregulated	GO:0055085	transmembrane transport	ENSMUSG00000035594	Chrna5	IEA
CRE upregulated	GO:0055085	transmembrane transport	ENSMUSG00000031904	ENSMUSG00000031904	ISS, ISO, IBA, IEA
CRE upregulated	GO:0055085	transmembrane transport	ENSMUSG00000029175	Slc35f6	IEA
CRE upregulated	GO:0055085	transmembrane transport	ENSMUSG00000010660	Plcd1	IBA
CRE upregulated	GO:0055085	transmembrane transport	ENSMUSG00000024517	Grp	ISS
CRE upregulated	GO:0055085	transmembrane transport	ENSMUSG00000040118	ENSMUSG00000040118	ISS, ISO, IEA
CRE upregulated	GO:0055085	transmembrane transport	ENSMUSG00000085007	ENSMUSG00000085007	IMP
CRE upregulated	GO:0055085	transmembrane transport	ENSMUSG00000024270	ENSMUSG00000024270	ISS, IBA, IEA
CRE upregulated	GO:0055085	transmembrane transport	ENSMUSG00000025351	Cd63	ISO, IEA
CRE upregulated	GO:0055085	transmembrane transport	ENSMUSG00000048796	ENSMUSG00000048796	IEA
CRE upregulated	GO:0055085	transmembrane transport	ENSMUSG00000040010	Slc7a5	ISS, ISO, IBA, IEA
CRE upregulated	GO:0055085	transmembrane transport	ENSMUSG00000020798	ENSMUSG00000020798	IEA
CRE upregulated	GO:0055085	transmembrane transport	ENSMUSG00000069072	ENSMUSG00000069072	IEA
CRE upregulated	GO:0055085	transmembrane transport	ENSMUSG00000037949	ENSMUSG00000037949	IBA, IEA
CRE upregulated	GO:0055085	transmembrane transport	ENSMUSG00000054934	Kcnmb4	IEA
CRE upregulated	GO:0055085	transmembrane transport	ENSMUSG00000022094	ENSMUSG00000022094	IDA, IMP, ISS, IBA, IEA
CRE upregulated	GO:0055085	transmembrane transport	ENSMUSG00000066595	ENSMUSG00000066595	IEA
CRE upregulated	GO:0055085	transmembrane transport	ENSMUSG00000026864	ENSMUSG00000026864	ISS, IEA
CRE upregulated	GO:0055085	transmembrane transport	ENSMUSG00000005089	Slc1a2	IDA, IMP, ISS, ISO, IBA, IEA
CRE upregulated	GO:0055085	transmembrane transport	ENSMUSG00000040652	ENSMUSG00000040652	IDA
CRE upregulated	GO:0055085	transmembrane transport	ENSMUSG00000019843	ENSMUSG00000019843	IGI
CRE upregulated	GO:0055085	transmembrane transport	ENSMUSG00000038115	ENSMUSG00000038115	IBA, IEA
CRE upregulated	GO:0055085	transmembrane transport	ENSMUSG00000015839	Nfe2l2	IDA
CRE upregulated	GO:0055085	transmembrane transport	ENSMUSG00000034145	ENSMUSG00000034145	IEA
CRE upregulated	GO:0030855	epithelial cell differentiation	ENSMUSG00000052684	Jun	IMP
CRE upregulated	GO:0030855	epithelial cell differentiation	ENSMUSG00000063632	Sox11	IMP
CRE upregulated	GO:0030855	epithelial cell differentiation	ENSMUSG00000046223	Plaur	ISO
CRE upregulated	GO:0030855	epithelial cell differentiation	ENSMUSG00000021765	Fst	IMP, IGI
CRE upregulated	GO:0030855	epithelial cell differentiation	ENSMUSG00000037705	Tecta	IGI
CRE upregulated	GO:0030855	epithelial cell differentiation	ENSMUSG00000023067	Cdkn1a	IGI
CRE upregulated	GO:0030855	epithelial cell differentiation	ENSMUSG00000004846	Plod3	IMP
CRE upregulated	GO:0030855	epithelial cell differentiation	ENSMUSG00000026836	Acvr1	IEA
CRE upregulated	GO:0030855	epithelial cell differentiation	ENSMUSG00000068566	Myadm	IEA
CRE upregulated	GO:0030855	epithelial cell differentiation	ENSMUSG00000039473	Ubn1	TAS
CRE upregulated	GO:0030855	epithelial cell differentiation	ENSMUSG00000031545	Gpat4	IMP
CRE upregulated	GO:0030855	epithelial cell differentiation	ENSMUSG00000043895	S1pr2	IEA
CRE upregulated	GO:0030855	epithelial cell differentiation	ENSMUSG00000050359	Sprr1a	IEA
CRE upregulated	GO:0030855	epithelial cell differentiation	ENSMUSG00000001420	Tmem79	IMP
CRE upregulated	GO:0030855	epithelial cell differentiation	ENSMUSG00000025139	Tollip	IEA
CRE upregulated	GO:0030855	epithelial cell differentiation	ENSMUSG00000020592	Sdc1	IEA
CRE upregulated	GO:0030855	epithelial cell differentiation	ENSMUSG00000020580	Rock2	IEA
CRE upregulated	GO:0030855	epithelial cell differentiation	ENSMUSG00000042406	Atf4	IMP
CRE upregulated	GO:0030855	epithelial cell differentiation	ENSMUSG00000031628	Casp3	IMP, IBA
CRE upregulated	GO:0030855	epithelial cell differentiation	ENSMUSG00000001847	Rac1	IMP
CRE upregulated	GO:0030855	epithelial cell differentiation	ENSMUSG00000036478	Btg1	ISS, IEA
CRE upregulated	GO:0030855	epithelial cell differentiation	ENSMUSG00000103523	2210017I01Rik	IEA
CRE upregulated	GO:0030855	epithelial cell differentiation	ENSMUSG00000029135	Fosl2	IMP
CRE upregulated	GO:0030855	epithelial cell differentiation	ENSMUSG00000050335	Lgals3	IEA
CRE upregulated	GO:0030855	epithelial cell differentiation	ENSMUSG00000030223	ENSMUSG00000030223	IMP, IBA
CRE upregulated	GO:0030855	epithelial cell differentiation	ENSMUSG00000024238	Zeb1	IMP, IEA
CRE upregulated	GO:0030855	epithelial cell differentiation	ENSMUSG00000024947	Men1	ISO
CRE upregulated	GO:0030855	epithelial cell differentiation	ENSMUSG00000027919	Lce1g	IEA
CRE upregulated	GO:0030855	epithelial cell differentiation	ENSMUSG00000037876	Jmjd1c	IMP
CRE upregulated	GO:0030855	epithelial cell differentiation	ENSMUSG00000003154	Foxj2	IEA
CRE upregulated	GO:0030855	epithelial cell differentiation	ENSMUSG00000047281	ENSMUSG00000047281	IMP, IGI
CRE upregulated	GO:0030855	epithelial cell differentiation	ENSMUSG00000025351	Cd63	ISO
CRE upregulated	GO:0030855	epithelial cell differentiation	ENSMUSG00000027465	Tbc1d20	IMP
CRE upregulated	GO:0030855	epithelial cell differentiation	ENSMUSG00000045763	ENSMUSG00000045763	IDA
CRE upregulated	GO:0030855	epithelial cell differentiation	ENSMUSG00000039191	Rbpj	IMP, IGI
CRE upregulated	GO:0030855	epithelial cell differentiation	ENSMUSG00000035725	ENSMUSG00000035725	ISS, IEA
CRE upregulated	GO:0030855	epithelial cell differentiation	ENSMUSG00000020671	ENSMUSG00000020671	ISS
CRE upregulated	GO:0030855	epithelial cell differentiation	ENSMUSG00000027997	Casp6	IEA
CRE upregulated	GO:0030855	epithelial cell differentiation	ENSMUSG00000058354	Krt6a	IGI, IBA
CRE upregulated	GO:0030855	epithelial cell differentiation	ENSMUSG00000052681	Rap1b	ISS, IEA
CRE upregulated	GO:0030855	epithelial cell differentiation	ENSMUSG00000032508	Myd88	IMP
CRE upregulated	GO:0030855	epithelial cell differentiation	ENSMUSG00000067586	ENSMUSG00000067586	IEA
CRE upregulated	GO:0030855	epithelial cell differentiation	ENSMUSG00000037411	Serpine1	IEA
CRE upregulated	GO:0030855	epithelial cell differentiation	ENSMUSG00000027646	ENSMUSG00000027646	IDA, IEA
CRE upregulated	GO:0030855	epithelial cell differentiation	ENSMUSG00000021477	ENSMUSG00000021477	ISS
CRE upregulated	GO:0030855	epithelial cell differentiation	ENSMUSG00000053797	ENSMUSG00000053797	IDA, IBA
CRE upregulated	GO:0009628	response to abiotic stimulus	ENSMUSG00000036390	Gadd45a	IEA
CRE upregulated	GO:0009628	response to abiotic stimulus	ENSMUSG00000052684	Jun	IDA, IEP
CRE upregulated	GO:0009628	response to abiotic stimulus	ENSMUSG00000037428	Vgf	IDA
CRE upregulated	GO:0009628	response to abiotic stimulus	ENSMUSG00000042816	Gpr151	ISS, IEA
CRE upregulated	GO:0009628	response to abiotic stimulus	ENSMUSG00000031574	Star	IEA
CRE upregulated	GO:0009628	response to abiotic stimulus	ENSMUSG00000004951	Hspb1	IBA, IEA
CRE upregulated	GO:0009628	response to abiotic stimulus	ENSMUSG00000025473	Adam8	ISS, IEA
CRE upregulated	GO:0009628	response to abiotic stimulus	ENSMUSG00000030102	Itpr1	IDA, IEA
CRE upregulated	GO:0009628	response to abiotic stimulus	ENSMUSG00000023067	Cdkn1a	IDA, IMP, IEA
CRE upregulated	GO:0009628	response to abiotic stimulus	ENSMUSG00000021070	Bdkrb2	IMP, IGI
CRE upregulated	GO:0009628	response to abiotic stimulus	ENSMUSG00000002250	Ppard	IGI
CRE upregulated	GO:0009628	response to abiotic stimulus	ENSMUSG00000018507	Trpv2	ISO, IEA
CRE upregulated	GO:0009628	response to abiotic stimulus	ENSMUSG00000027540	Ptpn1	IEA
CRE upregulated	GO:0009628	response to abiotic stimulus	ENSMUSG00000038023	Atp6v0a2	ISS, IEA
CRE upregulated	GO:0009628	response to abiotic stimulus	ENSMUSG00000028063	Lmna	ISS, IEA
CRE upregulated	GO:0009628	response to abiotic stimulus	ENSMUSG00000028645	Slc2a1	IEA
CRE upregulated	GO:0009628	response to abiotic stimulus	ENSMUSG00000053436	Mapk14	IMP, IEA
CRE upregulated	GO:0009628	response to abiotic stimulus	ENSMUSG00000025809	Itgb1	IMP, IGI
CRE upregulated	GO:0009628	response to abiotic stimulus	ENSMUSG00000025239	Limd1	ISS, IBA, IEA
CRE upregulated	GO:0009628	response to abiotic stimulus	ENSMUSG00000005370	Msh6	IMP
CRE upregulated	GO:0009628	response to abiotic stimulus	ENSMUSG00000059923	Grb2	IEA
CRE upregulated	GO:0009628	response to abiotic stimulus	ENSMUSG00000042406	Atf4	IEA
CRE upregulated	GO:0009628	response to abiotic stimulus	ENSMUSG00000020838	Slc6a4	IEA
CRE upregulated	GO:0009628	response to abiotic stimulus	ENSMUSG00000031628	Casp3	IDA, IGI, IEA
CRE upregulated	GO:0009628	response to abiotic stimulus	ENSMUSG00000001847	Rac1	IDA, ISO
CRE upregulated	GO:0009628	response to abiotic stimulus	ENSMUSG00000018909	Arrb1	IMP
CRE upregulated	GO:0009628	response to abiotic stimulus	ENSMUSG00000024521	Pmaip1	IMP
CRE upregulated	GO:0009628	response to abiotic stimulus	ENSMUSG00000033955	Tnks1bp1	IBA, IEA
CRE upregulated	GO:0009628	response to abiotic stimulus	ENSMUSG00000026107	Nabp1	ISS, IBA, IEA
CRE upregulated	GO:0009628	response to abiotic stimulus	ENSMUSG00000036737	Oxsr1	IGI, IEA
CRE upregulated	GO:0009628	response to abiotic stimulus	ENSMUSG00000032502	Stac	IDA
CRE upregulated	GO:0009628	response to abiotic stimulus	ENSMUSG00000022346	Myc	IDA, IMP, ISS, IEA
CRE upregulated	GO:0009628	response to abiotic stimulus	ENSMUSG00000026072	Il1r1	ISO
CRE upregulated	GO:0009628	response to abiotic stimulus	ENSMUSG00000004040	ENSMUSG00000004040	ISO
CRE upregulated	GO:0009628	response to abiotic stimulus	ENSMUSG00000029135	Fosl2	IMP, ISO
CRE upregulated	GO:0009628	response to abiotic stimulus	ENSMUSG00000028255	Clca1	IEA
CRE upregulated	GO:0009628	response to abiotic stimulus	ENSMUSG00000027806	Tsc22d2	IDA
CRE upregulated	GO:0009628	response to abiotic stimulus	ENSMUSG00000024803	Ankrd1	IEA
CRE upregulated	GO:0009628	response to abiotic stimulus	ENSMUSG00000024912	Fosl1	IEA
CRE upregulated	GO:0009628	response to abiotic stimulus	ENSMUSG00000024927	Rela	IDA, IEA
CRE upregulated	GO:0009628	response to abiotic stimulus	ENSMUSG00000055044	Pdlim1	IEA
CRE upregulated	GO:0009628	response to abiotic stimulus	ENSMUSG00000026078	Pdcl3	ISO
CRE upregulated	GO:0009628	response to abiotic stimulus	ENSMUSG00000024947	Men1	IEA
CRE upregulated	GO:0009628	response to abiotic stimulus	ENSMUSG00000035594	Chrna5	ISO
CRE upregulated	GO:0009628	response to abiotic stimulus	ENSMUSG00000025485	ENSMUSG00000025485	IMP
CRE upregulated	GO:0009628	response to abiotic stimulus	ENSMUSG00000020694	ENSMUSG00000020694	IEA
CRE upregulated	GO:0009628	response to abiotic stimulus	ENSMUSG00000025007	Aldh18a1	ISO, IEA
CRE upregulated	GO:0009628	response to abiotic stimulus	ENSMUSG00000031668	ENSMUSG00000031668	IEA
CRE upregulated	GO:0009628	response to abiotic stimulus	ENSMUSG00000053175	Bcl3	IEA
CRE upregulated	GO:0009628	response to abiotic stimulus	ENSMUSG00000029752	ENSMUSG00000029752	IEA
CRE upregulated	GO:0009628	response to abiotic stimulus	ENSMUSG00000008435	Rdh13	IMP
CRE upregulated	GO:0009628	response to abiotic stimulus	ENSMUSG00000029110	ENSMUSG00000029110	ISO
CRE upregulated	GO:0009628	response to abiotic stimulus	ENSMUSG00000048668	Rhno1	IEA
CRE upregulated	GO:0009628	response to abiotic stimulus	ENSMUSG00000001552	ENSMUSG00000001552	IEA
CRE upregulated	GO:0009628	response to abiotic stimulus	ENSMUSG00000040010	Slc7a5	IEA
CRE upregulated	GO:0009628	response to abiotic stimulus	ENSMUSG00000000787	ENSMUSG00000000787	ISS
CRE upregulated	GO:0009628	response to abiotic stimulus	ENSMUSG00000038676	Ucn	IMP
CRE upregulated	GO:0009628	response to abiotic stimulus	ENSMUSG00000032508	Myd88	IEA
CRE upregulated	GO:0009628	response to abiotic stimulus	ENSMUSG00000028680	ENSMUSG00000028680	IEA
CRE upregulated	GO:0009628	response to abiotic stimulus	ENSMUSG00000032462	ENSMUSG00000032462	IMP
CRE upregulated	GO:0009628	response to abiotic stimulus	ENSMUSG00000005089	Slc1a2	IMP
CRE upregulated	GO:0009628	response to abiotic stimulus	ENSMUSG00000029145	ENSMUSG00000029145	ISO
CRE upregulated	GO:0009628	response to abiotic stimulus	ENSMUSG00000019843	ENSMUSG00000019843	IMP
CRE upregulated	GO:0009628	response to abiotic stimulus	ENSMUSG00000027646	ENSMUSG00000027646	IEA
CRE upregulated	GO:0009628	response to abiotic stimulus	ENSMUSG00000021340	ENSMUSG00000021340	IEA
CRE upregulated	GO:0009628	response to abiotic stimulus	ENSMUSG00000047261	ENSMUSG00000047261	IEA
CRE upregulated	GO:0009628	response to abiotic stimulus	ENSMUSG00000015839	Nfe2l2	ISO, IEA
CRE upregulated	GO:1900180	regulation of protein localization to nucleus	ENSMUSG00000028063	Lmna	IMP
CRE upregulated	GO:1900180	regulation of protein localization to nucleus	ENSMUSG00000053436	Mapk14	IMP
CRE upregulated	GO:1900180	regulation of protein localization to nucleus	ENSMUSG00000025746	Il6	ISO
CRE upregulated	GO:1900180	regulation of protein localization to nucleus	ENSMUSG00000032078	Zpr1	IMP, ISS, IBA, IEA
CRE upregulated	GO:1900180	regulation of protein localization to nucleus	ENSMUSG00000004768	Rab23	IEA
CRE upregulated	GO:1900180	regulation of protein localization to nucleus	ENSMUSG00000024789	Jak2	ISO, IEA
CRE upregulated	GO:1900180	regulation of protein localization to nucleus	ENSMUSG00000109511	Nup62	ISO, IEA
CRE upregulated	GO:1900180	regulation of protein localization to nucleus	ENSMUSG00000027797	Dclk1	IDA
CRE upregulated	GO:1900180	regulation of protein localization to nucleus	ENSMUSG00000028893	Sesn2	ISS, IEA
CRE upregulated	GO:1900180	regulation of protein localization to nucleus	ENSMUSG00000037815	Ctnna1	IMP
CRE upregulated	GO:1900180	regulation of protein localization to nucleus	ENSMUSG00000030662	ENSMUSG00000030662	IMP
CRE upregulated	GO:1900180	regulation of protein localization to nucleus	ENSMUSG00000007411	ENSMUSG00000007411	ISS, IEA
CRE upregulated	GO:1900180	regulation of protein localization to nucleus	ENSMUSG00000070056	ENSMUSG00000070056	ISS, IEA
CRE upregulated	GO:1900180	regulation of protein localization to nucleus	ENSMUSG00000001552	ENSMUSG00000001552	IEA
CRE upregulated	GO:1900180	regulation of protein localization to nucleus	ENSMUSG00000002633	Shh	IGI, IEA
CRE upregulated	GO:1900180	regulation of protein localization to nucleus	ENSMUSG00000019843	ENSMUSG00000019843	IDA, IMP
CRE upregulated	GO:1900180	regulation of protein localization to nucleus	ENSMUSG00000027646	ENSMUSG00000027646	IGI
CRE upregulated	GO:1903532	positive regulation of secretion by cell	ENSMUSG00000063632	Sox11	IMP
CRE upregulated	GO:1903532	positive regulation of secretion by cell	ENSMUSG00000030898	Cckbr	ISO
CRE upregulated	GO:1903532	positive regulation of secretion by cell	ENSMUSG00000030748	Il4ra	IMP
CRE upregulated	GO:1903532	positive regulation of secretion by cell	ENSMUSG00000030102	Itpr1	IMP, IGI
CRE upregulated	GO:1903532	positive regulation of secretion by cell	ENSMUSG00000024261	Syt4	IMP
CRE upregulated	GO:1903532	positive regulation of secretion by cell	ENSMUSG00000024256	Adcyap1	ISS, ISO, IEA
CRE upregulated	GO:1903532	positive regulation of secretion by cell	ENSMUSG00000002250	Ppard	ISO
CRE upregulated	GO:1903532	positive regulation of secretion by cell	ENSMUSG00000038894	Irs2	IMP
CRE upregulated	GO:1903532	positive regulation of secretion by cell	ENSMUSG00000020592	Sdc1	IEA
CRE upregulated	GO:1903532	positive regulation of secretion by cell	ENSMUSG00000032231	Anxa2	NAS
CRE upregulated	GO:1903532	positive regulation of secretion by cell	ENSMUSG00000020838	Slc6a4	ISO, IEA
CRE upregulated	GO:1903532	positive regulation of secretion by cell	ENSMUSG00000001847	Rac1	IMP, ISO
CRE upregulated	GO:1903532	positive regulation of secretion by cell	ENSMUSG00000018909	Arrb1	IMP
CRE upregulated	GO:1903532	positive regulation of secretion by cell	ENSMUSG00000057531	Dtnbp1	IMP, ISO, IEA
CRE upregulated	GO:1903532	positive regulation of secretion by cell	ENSMUSG00000036057	Ptpn23	IEA
CRE upregulated	GO:1903532	positive regulation of secretion by cell	ENSMUSG00000023032	Slc4a8	IMP
CRE upregulated	GO:1903532	positive regulation of secretion by cell	ENSMUSG00000024789	Jak2	ISS, ISO, IEA
CRE upregulated	GO:1903532	positive regulation of secretion by cell	ENSMUSG00000024803	Ankrd1	IEA
CRE upregulated	GO:1903532	positive regulation of secretion by cell	ENSMUSG00000025793	ENSMUSG00000025793	IEA
CRE upregulated	GO:1903532	positive regulation of secretion by cell	ENSMUSG00000026718	ENSMUSG00000026718	IEA
CRE upregulated	GO:1903532	positive regulation of secretion by cell	ENSMUSG00000044453	Ffar1	IDA, IMP, ISO, IBA
CRE upregulated	GO:1903532	positive regulation of secretion by cell	ENSMUSG00000010660	Plcd1	ISO
CRE upregulated	GO:1903532	positive regulation of secretion by cell	ENSMUSG00000031278	ENSMUSG00000031278	ISS, ISO
CRE upregulated	GO:1903532	positive regulation of secretion by cell	ENSMUSG00000024517	Grp	ISS
CRE upregulated	GO:1903532	positive regulation of secretion by cell	ENSMUSG00000021587	Pcsk1	ISO, IEA
CRE upregulated	GO:1903532	positive regulation of secretion by cell	ENSMUSG00000044147	Arf6	IEA
CRE upregulated	GO:1903532	positive regulation of secretion by cell	ENSMUSG00000038676	Ucn	ISO, IEA
CRE upregulated	GO:1903532	positive regulation of secretion by cell	ENSMUSG00000024907	Gal	IEA
CRE upregulated	GO:0000122	negative regulation of transcription by RNA polymerase II	ENSMUSG00000026628	Atf3	IDA, IEA
CRE upregulated	GO:0000122	negative regulation of transcription by RNA polymerase II	ENSMUSG00000036390	Gadd45a	IEA
CRE upregulated	GO:0000122	negative regulation of transcription by RNA polymerase II	ENSMUSG00000052684	Jun	IDA
CRE upregulated	GO:0000122	negative regulation of transcription by RNA polymerase II	ENSMUSG00000063632	Sox11	IDA, IBA, IEA
CRE upregulated	GO:0000122	negative regulation of transcription by RNA polymerase II	ENSMUSG00000056749	Nfil3	IEA
CRE upregulated	GO:0000122	negative regulation of transcription by RNA polymerase II	ENSMUSG00000022895	Ets2	IEA
CRE upregulated	GO:0000122	negative regulation of transcription by RNA polymerase II	ENSMUSG00000037447	Arid5a	IEA
CRE upregulated	GO:0000122	negative regulation of transcription by RNA polymerase II	ENSMUSG00000021765	Fst	IEA
CRE upregulated	GO:0000122	negative regulation of transcription by RNA polymerase II	ENSMUSG00000030256	Bhlhe41	IDA, TAS, IEA
CRE upregulated	GO:0000122	negative regulation of transcription by RNA polymerase II	ENSMUSG00000025612	Bach1	IDA, ISS, IEA
CRE upregulated	GO:0000122	negative regulation of transcription by RNA polymerase II	ENSMUSG00000002250	Ppard	IDA, IBA, IEA
CRE upregulated	GO:0000122	negative regulation of transcription by RNA polymerase II	ENSMUSG00000037638	Zbtb42	IDA
CRE upregulated	GO:0000122	negative regulation of transcription by RNA polymerase II	ENSMUSG00000027583	Zbtb46	IDA
CRE upregulated	GO:0000122	negative regulation of transcription by RNA polymerase II	ENSMUSG00000030678	Maz	IEA
CRE upregulated	GO:0000122	negative regulation of transcription by RNA polymerase II	ENSMUSG00000048490	Nrip1	IDA, IBA, IEA
CRE upregulated	GO:0000122	negative regulation of transcription by RNA polymerase II	ENSMUSG00000013089	Etv5	IEA
CRE upregulated	GO:0000122	negative regulation of transcription by RNA polymerase II	ENSMUSG00000063889	Crem	IEA
CRE upregulated	GO:0000122	negative regulation of transcription by RNA polymerase II	ENSMUSG00000042406	Atf4	IMP
CRE upregulated	GO:0000122	negative regulation of transcription by RNA polymerase II	ENSMUSG00000023079	Gtf2ird1	IEA
CRE upregulated	GO:0000122	negative regulation of transcription by RNA polymerase II	ENSMUSG00000025408	Ddit3	IDA, IGI, ISS, ISO, IBA, IEA
CRE upregulated	GO:0000122	negative regulation of transcription by RNA polymerase II	ENSMUSG00000040435	Ppp1r15a	IDA
CRE upregulated	GO:0000122	negative regulation of transcription by RNA polymerase II	ENSMUSG00000030057	Cnbp	IEA
CRE upregulated	GO:0000122	negative regulation of transcription by RNA polymerase II	ENSMUSG00000015837	Sqstm1	IMP
CRE upregulated	GO:0000122	negative regulation of transcription by RNA polymerase II	ENSMUSG00000022346	Myc	IDA, ISO, IEA
CRE upregulated	GO:0000122	negative regulation of transcription by RNA polymerase II	ENSMUSG00000027954	Efna1	IMP
CRE upregulated	GO:0000122	negative regulation of transcription by RNA polymerase II	ENSMUSG00000018143	Mafk	IEA
CRE upregulated	GO:0000122	negative regulation of transcription by RNA polymerase II	ENSMUSG00000020358	Hnrnpab	IGI
CRE upregulated	GO:0000122	negative regulation of transcription by RNA polymerase II	ENSMUSG00000024803	Ankrd1	ISO
CRE upregulated	GO:0000122	negative regulation of transcription by RNA polymerase II	ENSMUSG00000024927	Rela	IDA, IEA
CRE upregulated	GO:0000122	negative regulation of transcription by RNA polymerase II	ENSMUSG00000003435	ENSMUSG00000003435	IEA
CRE upregulated	GO:0000122	negative regulation of transcription by RNA polymerase II	ENSMUSG00000024238	Zeb1	IDA, IMP, ISO, IEA
CRE upregulated	GO:0000122	negative regulation of transcription by RNA polymerase II	ENSMUSG00000024947	Men1	IDA, ISO, IEA
CRE upregulated	GO:0000122	negative regulation of transcription by RNA polymerase II	ENSMUSG00000032715	Trib3	IEA
CRE upregulated	GO:0000122	negative regulation of transcription by RNA polymerase II	ENSMUSG00000048047	Zbtb33	IBA
CRE upregulated	GO:0000122	negative regulation of transcription by RNA polymerase II	ENSMUSG00000068739	ENSMUSG00000068739	ISS, IEA
CRE upregulated	GO:0000122	negative regulation of transcription by RNA polymerase II	ENSMUSG00000030199	Etv6	IEA
CRE upregulated	GO:0000122	negative regulation of transcription by RNA polymerase II	ENSMUSG00000040857	Erf	IEA
CRE upregulated	GO:0000122	negative regulation of transcription by RNA polymerase II	ENSMUSG00000036180	ENSMUSG00000036180	IBA, IEA
CRE upregulated	GO:0000122	negative regulation of transcription by RNA polymerase II	ENSMUSG00000039985	Sinhcaf	NAS
CRE upregulated	GO:0000122	negative regulation of transcription by RNA polymerase II	ENSMUSG00000047281	ENSMUSG00000047281	IDA
CRE upregulated	GO:0000122	negative regulation of transcription by RNA polymerase II	ENSMUSG00000039191	Rbpj	IMP, IEA
CRE upregulated	GO:0000122	negative regulation of transcription by RNA polymerase II	ENSMUSG00000046962	ENSMUSG00000046962	IEA
CRE upregulated	GO:0000122	negative regulation of transcription by RNA polymerase II	ENSMUSG00000051316	Taf7	IEA
CRE upregulated	GO:0000122	negative regulation of transcription by RNA polymerase II	ENSMUSG00000004099	ENSMUSG00000004099	IDA, IMP
CRE upregulated	GO:0000122	negative regulation of transcription by RNA polymerase II	ENSMUSG00000008730	Hipk1	ISS
CRE upregulated	GO:0000122	negative regulation of transcription by RNA polymerase II	ENSMUSG00000002633	Shh	IDA, IMP
CRE upregulated	GO:0000122	negative regulation of transcription by RNA polymerase II	ENSMUSG00000028680	ENSMUSG00000028680	IEA
CRE upregulated	GO:0000122	negative regulation of transcription by RNA polymerase II	ENSMUSG00000039671	ENSMUSG00000039671	IEA
CRE upregulated	GO:0000122	negative regulation of transcription by RNA polymerase II	ENSMUSG00000028291	ENSMUSG00000028291	ISO, IEA
CRE upregulated	GO:0000122	negative regulation of transcription by RNA polymerase II	ENSMUSG00000027646	ENSMUSG00000027646	IEA
CRE upregulated	GO:0000122	negative regulation of transcription by RNA polymerase II	ENSMUSG00000004698	ENSMUSG00000004698	IEA
CRE upregulated	GO:0000122	negative regulation of transcription by RNA polymerase II	ENSMUSG00000042197	ENSMUSG00000042197	ISS, IBA, IEA
CRE upregulated	GO:0000122	negative regulation of transcription by RNA polymerase II	ENSMUSG00000029475	ENSMUSG00000029475	IDA, IMP
CRE upregulated	GO:0051726	regulation of cell cycle	ENSMUSG00000036390	Gadd45a	IDA, IBA, IEA
CRE upregulated	GO:0051726	regulation of cell cycle	ENSMUSG00000052684	Jun	IMP, IBA, IEA
CRE upregulated	GO:0051726	regulation of cell cycle	ENSMUSG00000023067	Cdkn1a	IDA, IMP, ISS, ISO, IBA, IEA
CRE upregulated	GO:0051726	regulation of cell cycle	ENSMUSG00000109901	Chmp1b	ISO, IEA
CRE upregulated	GO:0051726	regulation of cell cycle	ENSMUSG00000026836	Acvr1	IEA
CRE upregulated	GO:0051726	regulation of cell cycle	ENSMUSG00000021453	Gadd45g	IEA
CRE upregulated	GO:0051726	regulation of cell cycle	ENSMUSG00000038943	Prc1	ISS, IEA
CRE upregulated	GO:0051726	regulation of cell cycle	ENSMUSG00000028896	Rcc1	IEA
CRE upregulated	GO:0051726	regulation of cell cycle	ENSMUSG00000024256	Adcyap1	IDA
CRE upregulated	GO:0051726	regulation of cell cycle	ENSMUSG00000037458	Azin1	ISO
CRE upregulated	GO:0051726	regulation of cell cycle	ENSMUSG00000035828	Pim3	ISS, IBA, IEA
CRE upregulated	GO:0051726	regulation of cell cycle	ENSMUSG00000007812	Zfp655	ISS, IEA
CRE upregulated	GO:0051726	regulation of cell cycle	ENSMUSG00000053436	Mapk14	IMP
CRE upregulated	GO:0051726	regulation of cell cycle	ENSMUSG00000025809	Itgb1	IMP
CRE upregulated	GO:0051726	regulation of cell cycle	ENSMUSG00000040025	Ythdf2	IMP
CRE upregulated	GO:0051726	regulation of cell cycle	ENSMUSG00000028156	Eif4e	IEA
CRE upregulated	GO:0051726	regulation of cell cycle	ENSMUSG00000022043	Trim35	IEA
CRE upregulated	GO:0051726	regulation of cell cycle	ENSMUSG00000037062	Sh3glb1	IEA
CRE upregulated	GO:0051726	regulation of cell cycle	ENSMUSG00000020580	Rock2	IEA
CRE upregulated	GO:0051726	regulation of cell cycle	ENSMUSG00000020838	Slc6a4	IMP
CRE upregulated	GO:0051726	regulation of cell cycle	ENSMUSG00000031628	Casp3	IMP
CRE upregulated	GO:0051726	regulation of cell cycle	ENSMUSG00000025408	Ddit3	IEA
CRE upregulated	GO:0051726	regulation of cell cycle	ENSMUSG00000039879	Heca	IEA
CRE upregulated	GO:0051726	regulation of cell cycle	ENSMUSG00000032078	Zpr1	IEA
CRE upregulated	GO:0051726	regulation of cell cycle	ENSMUSG00000026107	Nabp1	ISS, ISO, IEA
CRE upregulated	GO:0051726	regulation of cell cycle	ENSMUSG00000027455	Nsfl1c	IEA
CRE upregulated	GO:0051726	regulation of cell cycle	ENSMUSG00000020015	Cdk17	IEA
CRE upregulated	GO:0051726	regulation of cell cycle	ENSMUSG00000022346	Myc	ISO, IEA
CRE upregulated	GO:0051726	regulation of cell cycle	ENSMUSG00000036478	Btg1	IBA, IEA
CRE upregulated	GO:0051726	regulation of cell cycle	ENSMUSG00000004040	ENSMUSG00000004040	IDA, ISS, IEA
CRE upregulated	GO:0051726	regulation of cell cycle	ENSMUSG00000061589	Dot1l	IBA, IEA
CRE upregulated	GO:0051726	regulation of cell cycle	ENSMUSG00000109511	Nup62	IEA
CRE upregulated	GO:0051726	regulation of cell cycle	ENSMUSG00000024190	Dusp1	ISS
CRE upregulated	GO:0051726	regulation of cell cycle	ENSMUSG00000027806	Tsc22d2	ISS, IEA
CRE upregulated	GO:0051726	regulation of cell cycle	ENSMUSG00000024912	Fosl1	ISO, IEA
CRE upregulated	GO:0051726	regulation of cell cycle	ENSMUSG00000024947	Men1	IMP, ISO, IBA, IEA
CRE upregulated	GO:0051726	regulation of cell cycle	ENSMUSG00000024777	ENSMUSG00000024777	ISO, IEA
CRE upregulated	GO:0051726	regulation of cell cycle	ENSMUSG00000020349	ENSMUSG00000020349	TAS, IEA
CRE upregulated	GO:0051726	regulation of cell cycle	ENSMUSG00000029752	ENSMUSG00000029752	IEA
CRE upregulated	GO:0051726	regulation of cell cycle	ENSMUSG00000044147	Arf6	IEA
CRE upregulated	GO:0051726	regulation of cell cycle	ENSMUSG00000011877	Git1	IEA
CRE upregulated	GO:0051726	regulation of cell cycle	ENSMUSG00000052837	ENSMUSG00000052837	IDA, IBA, IEA
CRE upregulated	GO:0051726	regulation of cell cycle	ENSMUSG00000047281	ENSMUSG00000047281	IDA
CRE upregulated	GO:0051726	regulation of cell cycle	ENSMUSG00000049649	Gpr3	IMP
CRE upregulated	GO:0051726	regulation of cell cycle	ENSMUSG00000029110	ENSMUSG00000029110	ISS, IEA
CRE upregulated	GO:0051726	regulation of cell cycle	ENSMUSG00000048668	Rhno1	IEA
CRE upregulated	GO:0051726	regulation of cell cycle	ENSMUSG00000040463	ENSMUSG00000040463	IEA
CRE upregulated	GO:0051726	regulation of cell cycle	ENSMUSG00000020594	ENSMUSG00000020594	ISS, IEA
CRE upregulated	GO:0051726	regulation of cell cycle	ENSMUSG00000000787	ENSMUSG00000000787	ISS
CRE upregulated	GO:0051726	regulation of cell cycle	ENSMUSG00000038467	ENSMUSG00000038467	ISO, IEA
CRE upregulated	GO:0051726	regulation of cell cycle	ENSMUSG00000042185	ENSMUSG00000042185	ISO, IEA
CRE upregulated	GO:0051726	regulation of cell cycle	ENSMUSG00000028680	ENSMUSG00000028680	IEA
CRE upregulated	GO:0051726	regulation of cell cycle	ENSMUSG00000003119	ENSMUSG00000003119	IEA
CRE upregulated	GO:0051726	regulation of cell cycle	ENSMUSG00000040843	ENSMUSG00000040843	IEA
CRE upregulated	GO:0051726	regulation of cell cycle	ENSMUSG00000046707	ENSMUSG00000046707	IDA, ISS, IBA, IEA
CRE upregulated	GO:0051726	regulation of cell cycle	ENSMUSG00000003541	ENSMUSG00000003541	IMP
CRE upregulated	GO:0015711	organic anion transport	ENSMUSG00000028494	Plin2	IDA
CRE upregulated	GO:0015711	organic anion transport	ENSMUSG00000050989	Selenon	IMP
CRE upregulated	GO:0015711	organic anion transport	ENSMUSG00000024261	Syt4	IMP
CRE upregulated	GO:0015711	organic anion transport	ENSMUSG00000003153	Slc2a3	IDA, ISO, IBA
CRE upregulated	GO:0015711	organic anion transport	ENSMUSG00000048482	Bdnf	IPI
CRE upregulated	GO:0015711	organic anion transport	ENSMUSG00000021070	Bdkrb2	IEA
CRE upregulated	GO:0015711	organic anion transport	ENSMUSG00000002250	Ppard	IEP
CRE upregulated	GO:0015711	organic anion transport	ENSMUSG00000038894	Irs2	IEA
CRE upregulated	GO:0015711	organic anion transport	ENSMUSG00000020142	Slc1a4	IDA, ISO, IBA, IEA
CRE upregulated	GO:0015711	organic anion transport	ENSMUSG00000029321	Slc10a6	ISO, IBA, IEA
CRE upregulated	GO:0015711	organic anion transport	ENSMUSG00000028645	Slc2a1	IDA, ISO, IBA, IEA
CRE upregulated	GO:0015711	organic anion transport	ENSMUSG00000025809	Itgb1	IMP
CRE upregulated	GO:0015711	organic anion transport	ENSMUSG00000023169	Slc38a1	IDA, IMP, ISS, ISO, IBA, IEA
CRE upregulated	GO:0015711	organic anion transport	ENSMUSG00000040322	Slc25a24	ISS, IBA, IEA
CRE upregulated	GO:0015711	organic anion transport	ENSMUSG00000035199	Arl6ip5	IDA
CRE upregulated	GO:0015711	organic anion transport	ENSMUSG00000026317	Cln8	IMP
CRE upregulated	GO:0015711	organic anion transport	ENSMUSG00000057531	Dtnbp1	ISO, IEA
CRE upregulated	GO:0015711	organic anion transport	ENSMUSG00000022346	Myc	ISO
CRE upregulated	GO:0015711	organic anion transport	ENSMUSG00000023032	Slc4a8	IBA, IEA
CRE upregulated	GO:0015711	organic anion transport	ENSMUSG00000010095	Slc3a2	IDA, ISS, ISO, IBA, IEA
CRE upregulated	GO:0015711	organic anion transport	ENSMUSG00000059316	Slc27a4	IDA, IMP, IGI, IBA, IEA
CRE upregulated	GO:0015711	organic anion transport	ENSMUSG00000031934	ENSMUSG00000031934	ISS, IEA
CRE upregulated	GO:0015711	organic anion transport	ENSMUSG00000024036	ENSMUSG00000024036	ISS, IBA, IEA
CRE upregulated	GO:0015711	organic anion transport	ENSMUSG00000032902	Slc16a1	IMP, ISS, ISO, IBA, IEA
CRE upregulated	GO:0015711	organic anion transport	ENSMUSG00000031904	ENSMUSG00000031904	ISS, ISO, IEA
CRE upregulated	GO:0015711	organic anion transport	ENSMUSG00000031278	ENSMUSG00000031278	ISO
CRE upregulated	GO:0015711	organic anion transport	ENSMUSG00000024270	ENSMUSG00000024270	IEA
CRE upregulated	GO:0015711	organic anion transport	ENSMUSG00000040010	Slc7a5	IDA, ISS, ISO, IEA
CRE upregulated	GO:0015711	organic anion transport	ENSMUSG00000069072	ENSMUSG00000069072	IMP, IEA
CRE upregulated	GO:0015711	organic anion transport	ENSMUSG00000022094	ENSMUSG00000022094	IEA
CRE upregulated	GO:0015711	organic anion transport	ENSMUSG00000003623	ENSMUSG00000003623	IDA
CRE upregulated	GO:0015711	organic anion transport	ENSMUSG00000005089	Slc1a2	IDA, IMP, ISS, ISO, IBA, IEA
CRE upregulated	GO:0015711	organic anion transport	ENSMUSG00000031073	Fgf15	IEA
CRE upregulated	GO:0001667	ameboidal-type cell migration	ENSMUSG00000052684	Jun	IMP
CRE upregulated	GO:0001667	ameboidal-type cell migration	ENSMUSG00000019647	Sema6a	IBA
CRE upregulated	GO:0001667	ameboidal-type cell migration	ENSMUSG00000026836	Acvr1	IMP
CRE upregulated	GO:0001667	ameboidal-type cell migration	ENSMUSG00000002250	Ppard	IMP
CRE upregulated	GO:0001667	ameboidal-type cell migration	ENSMUSG00000038894	Irs2	IGI
CRE upregulated	GO:0001667	ameboidal-type cell migration	ENSMUSG00000025809	Itgb1	IEA
CRE upregulated	GO:0001667	ameboidal-type cell migration	ENSMUSG00000001507	Itga3	ISO, IEA
CRE upregulated	GO:0001667	ameboidal-type cell migration	ENSMUSG00000001847	Rac1	IMP, IEA
CRE upregulated	GO:0001667	ameboidal-type cell migration	ENSMUSG00000036057	Ptpn23	IEA
CRE upregulated	GO:0001667	ameboidal-type cell migration	ENSMUSG00000055044	Pdlim1	ISO, IEA
CRE upregulated	GO:0001667	ameboidal-type cell migration	ENSMUSG00000025485	ENSMUSG00000025485	IMP
CRE upregulated	GO:0001667	ameboidal-type cell migration	ENSMUSG00000004530	ENSMUSG00000004530	IMP, IBA, IEA
CRE upregulated	GO:0001667	ameboidal-type cell migration	ENSMUSG00000044147	Arf6	IMP
CRE upregulated	GO:0001667	ameboidal-type cell migration	ENSMUSG00000025351	Cd63	ISO
CRE upregulated	GO:0001667	ameboidal-type cell migration	ENSMUSG00000024750	ENSMUSG00000024750	IMP
CRE upregulated	GO:0001667	ameboidal-type cell migration	ENSMUSG00000028434	Epb41l4b	IEA
CRE upregulated	GO:0001667	ameboidal-type cell migration	ENSMUSG00000020097	ENSMUSG00000020097	IMP
CRE upregulated	GO:0001667	ameboidal-type cell migration	ENSMUSG00000002633	Shh	IDA, IMP
CRE upregulated	GO:0001667	ameboidal-type cell migration	ENSMUSG00000027646	ENSMUSG00000027646	IEA
CRE upregulated	GO:0001667	ameboidal-type cell migration	ENSMUSG00000031073	Fgf15	IMP
CRE upregulated	GO:0001667	ameboidal-type cell migration	ENSMUSG00000000627	ENSMUSG00000000627	IBA
CRE upregulated	GO:0001667	ameboidal-type cell migration	ENSMUSG00000053797	ENSMUSG00000053797	IDA
CRE upregulated	GO:0001933	negative regulation of protein phosphorylation	ENSMUSG00000036390	Gadd45a	IMP, IEA
CRE upregulated	GO:0001933	negative regulation of protein phosphorylation	ENSMUSG00000052684	Jun	IMP
CRE upregulated	GO:0001933	negative regulation of protein phosphorylation	ENSMUSG00000004951	Hspb1	IDA
CRE upregulated	GO:0001933	negative regulation of protein phosphorylation	ENSMUSG00000019876	Pkib	IEA
CRE upregulated	GO:0001933	negative regulation of protein phosphorylation	ENSMUSG00000020427	Igfbp3	ISO, IEA
CRE upregulated	GO:0001933	negative regulation of protein phosphorylation	ENSMUSG00000023067	Cdkn1a	IMP
CRE upregulated	GO:0001933	negative regulation of protein phosphorylation	ENSMUSG00000030681	Mvp	IEA
CRE upregulated	GO:0001933	negative regulation of protein phosphorylation	ENSMUSG00000021070	Bdkrb2	IMP
CRE upregulated	GO:0001933	negative regulation of protein phosphorylation	ENSMUSG00000027540	Ptpn1	IGI
CRE upregulated	GO:0001933	negative regulation of protein phosphorylation	ENSMUSG00000046854	Pip5kl1	IEA
CRE upregulated	GO:0001933	negative regulation of protein phosphorylation	ENSMUSG00000040435	Ppp1r15a	ISO
CRE upregulated	GO:0001933	negative regulation of protein phosphorylation	ENSMUSG00000018909	Arrb1	ISO
CRE upregulated	GO:0001933	negative regulation of protein phosphorylation	ENSMUSG00000053113	Socs3	IEA
CRE upregulated	GO:0001933	negative regulation of protein phosphorylation	ENSMUSG00000109511	Nup62	IMP
CRE upregulated	GO:0001933	negative regulation of protein phosphorylation	ENSMUSG00000024190	Dusp1	ISS
CRE upregulated	GO:0001933	negative regulation of protein phosphorylation	ENSMUSG00000030223	ENSMUSG00000030223	IDA
CRE upregulated	GO:0001933	negative regulation of protein phosphorylation	ENSMUSG00000024947	Men1	IEA
CRE upregulated	GO:0001933	negative regulation of protein phosphorylation	ENSMUSG00000029071	ENSMUSG00000029071	IGI
CRE upregulated	GO:0001933	negative regulation of protein phosphorylation	ENSMUSG00000032715	Trib3	IDA
CRE upregulated	GO:0001933	negative regulation of protein phosphorylation	ENSMUSG00000025340	Rabgef1	IMP
CRE upregulated	GO:0001933	negative regulation of protein phosphorylation	ENSMUSG00000004530	ENSMUSG00000004530	IEA
CRE upregulated	GO:0060322	head development	ENSMUSG00000051379	Flrt3	IMP
CRE upregulated	GO:0060322	head development	ENSMUSG00000063632	Sox11	IBA
CRE upregulated	GO:0060322	head development	ENSMUSG00000032515	Csrnp1	IMP
CRE upregulated	GO:0060322	head development	ENSMUSG00000031681	Smad1	IMP
CRE upregulated	GO:0060322	head development	ENSMUSG00000058153	Sez6l	IGI
CRE upregulated	GO:0060322	head development	ENSMUSG00000024256	Adcyap1	IEA
CRE upregulated	GO:0060322	head development	ENSMUSG00000018736	Ndel1	IMP
CRE upregulated	GO:0060322	head development	ENSMUSG00000038894	Irs2	IMP
CRE upregulated	GO:0060322	head development	ENSMUSG00000005069	Pex5	IMP
CRE upregulated	GO:0060322	head development	ENSMUSG00000045136	Tubb2b	IMP
CRE upregulated	GO:0060322	head development	ENSMUSG00000026675	Hsd17b7	IMP
CRE upregulated	GO:0060322	head development	ENSMUSG00000028645	Slc2a1	IEA
CRE upregulated	GO:0060322	head development	ENSMUSG00000025809	Itgb1	IMP
CRE upregulated	GO:0060322	head development	ENSMUSG00000020271	Fbxw11	IBA
CRE upregulated	GO:0060322	head development	ENSMUSG00000020838	Slc6a4	IMP, ISO, IEA
CRE upregulated	GO:0060322	head development	ENSMUSG00000031628	Casp3	IEA
CRE upregulated	GO:0060322	head development	ENSMUSG00000001847	Rac1	IDA, IMP, IGI
CRE upregulated	GO:0060322	head development	ENSMUSG00000054008	Ndst1	IMP, IGI
CRE upregulated	GO:0060322	head development	ENSMUSG00000029765	Plxna4	IMP
CRE upregulated	GO:0060322	head development	ENSMUSG00000042292	Mrtfa	IGI
CRE upregulated	GO:0060322	head development	ENSMUSG00000027797	Dclk1	IMP, IGI
CRE upregulated	GO:0060322	head development	ENSMUSG00000031960	Aars1	IMP
CRE upregulated	GO:0060322	head development	ENSMUSG00000003762	Coq8b	IEA
CRE upregulated	GO:0060322	head development	ENSMUSG00000024238	Zeb1	IEA
CRE upregulated	GO:0060322	head development	ENSMUSG00000022125	Cln5	ISS, IEA
CRE upregulated	GO:0060322	head development	ENSMUSG00000025162	ENSMUSG00000025162	IGI
CRE upregulated	GO:0060322	head development	ENSMUSG00000021587	Pcsk1	IEA
CRE upregulated	GO:0060322	head development	ENSMUSG00000004530	ENSMUSG00000004530	IMP
CRE upregulated	GO:0060322	head development	ENSMUSG00000011877	Git1	IMP, IBA, IEA
CRE upregulated	GO:0060322	head development	ENSMUSG00000052512	ENSMUSG00000052512	IMP
CRE upregulated	GO:0060322	head development	ENSMUSG00000021796	Bmpr1a	IMP
CRE upregulated	GO:0060322	head development	ENSMUSG00000024750	ENSMUSG00000024750	IMP
CRE upregulated	GO:0060322	head development	ENSMUSG00000037860	Aim2	IDA
CRE upregulated	GO:0060322	head development	ENSMUSG00000039191	Rbpj	IMP
CRE upregulated	GO:0060322	head development	ENSMUSG00000022858	ENSMUSG00000022858	IMP
CRE upregulated	GO:0060322	head development	ENSMUSG00000053289	ENSMUSG00000053289	IMP
CRE upregulated	GO:0060322	head development	ENSMUSG00000066595	ENSMUSG00000066595	IMP
CRE upregulated	GO:0060322	head development	ENSMUSG00000020097	ENSMUSG00000020097	IMP
CRE upregulated	GO:0060322	head development	ENSMUSG00000028826	ENSMUSG00000028826	IEP
CRE upregulated	GO:0060322	head development	ENSMUSG00000026864	ENSMUSG00000026864	IMP
CRE upregulated	GO:0060322	head development	ENSMUSG00000002633	Shh	IDA, IMP, IGI, ISO
CRE upregulated	GO:0060322	head development	ENSMUSG00000005089	Slc1a2	IMP
CRE upregulated	GO:0060322	head development	ENSMUSG00000028291	ENSMUSG00000028291	IMP
CRE upregulated	GO:0060322	head development	ENSMUSG00000019843	ENSMUSG00000019843	IMP, IGI
CRE upregulated	GO:0060322	head development	ENSMUSG00000027646	ENSMUSG00000027646	IGI
CRE upregulated	GO:0060322	head development	ENSMUSG00000027433	ENSMUSG00000027433	IEA
CRE upregulated	GO:0060322	head development	ENSMUSG00000029475	ENSMUSG00000029475	IMP
CRE upregulated	GO:0060284	regulation of cell development	ENSMUSG00000052684	Jun	IDA, ISO
CRE upregulated	GO:0060284	regulation of cell development	ENSMUSG00000063632	Sox11	IDA, IMP, IEA
CRE upregulated	GO:0060284	regulation of cell development	ENSMUSG00000031574	Star	ISO, IEA
CRE upregulated	GO:0060284	regulation of cell development	ENSMUSG00000004951	Hspb1	ISO
CRE upregulated	GO:0060284	regulation of cell development	ENSMUSG00000025473	Adam8	IDA, NAS
CRE upregulated	GO:0060284	regulation of cell development	ENSMUSG00000046731	Kctd11	IDA
CRE upregulated	GO:0060284	regulation of cell development	ENSMUSG00000030748	Il4ra	IGI
CRE upregulated	GO:0060284	regulation of cell development	ENSMUSG00000023905	Tnfrsf12a	IDA
CRE upregulated	GO:0060284	regulation of cell development	ENSMUSG00000030256	Bhlhe41	IBA
CRE upregulated	GO:0060284	regulation of cell development	ENSMUSG00000014599	Csf1	IDA, IMP, IGI, IBA, IEA
CRE upregulated	GO:0060284	regulation of cell development	ENSMUSG00000027495	Fam210b	ISS, IEA
CRE upregulated	GO:0060284	regulation of cell development	ENSMUSG00000024261	Syt4	IMP
CRE upregulated	GO:0060284	regulation of cell development	ENSMUSG00000048482	Bdnf	IDA, IMP, ISO, IEA
CRE upregulated	GO:0060284	regulation of cell development	ENSMUSG00000024256	Adcyap1	ISO, IEA
CRE upregulated	GO:0060284	regulation of cell development	ENSMUSG00000018736	Ndel1	ISO
CRE upregulated	GO:0060284	regulation of cell development	ENSMUSG00000018507	Trpv2	IMP
CRE upregulated	GO:0060284	regulation of cell development	ENSMUSG00000043895	S1pr2	IEA
CRE upregulated	GO:0060284	regulation of cell development	ENSMUSG00000027583	Zbtb46	IMP
CRE upregulated	GO:0060284	regulation of cell development	ENSMUSG00000053436	Mapk14	IMP, IEA
CRE upregulated	GO:0060284	regulation of cell development	ENSMUSG00000025809	Itgb1	IMP
CRE upregulated	GO:0060284	regulation of cell development	ENSMUSG00000040025	Ythdf2	IMP, ISS, IEA
CRE upregulated	GO:0060284	regulation of cell development	ENSMUSG00000013089	Etv5	ISO, IEA
CRE upregulated	GO:0060284	regulation of cell development	ENSMUSG00000025746	Il6	IDA, IMP
CRE upregulated	GO:0060284	regulation of cell development	ENSMUSG00000032231	Anxa2	IDA
CRE upregulated	GO:0060284	regulation of cell development	ENSMUSG00000022607	Ptk2	IMP, ISO
CRE upregulated	GO:0060284	regulation of cell development	ENSMUSG00000037062	Sh3glb1	ISO
CRE upregulated	GO:0060284	regulation of cell development	ENSMUSG00000020580	Rock2	IEA
CRE upregulated	GO:0060284	regulation of cell development	ENSMUSG00000027613	Eif6	IMP
CRE upregulated	GO:0060284	regulation of cell development	ENSMUSG00000055407	Map6	ISO, IBA
CRE upregulated	GO:0060284	regulation of cell development	ENSMUSG00000001847	Rac1	IGI
CRE upregulated	GO:0060284	regulation of cell development	ENSMUSG00000000134	Tfe3	IGI, IEA
CRE upregulated	GO:0060284	regulation of cell development	ENSMUSG00000030309	Caprin2	IMP
CRE upregulated	GO:0060284	regulation of cell development	ENSMUSG00000001627	Ifrd1	IGI
CRE upregulated	GO:0060284	regulation of cell development	ENSMUSG00000029765	Plxna4	IBA
CRE upregulated	GO:0060284	regulation of cell development	ENSMUSG00000022346	Myc	ISS, ISO, IEA
CRE upregulated	GO:0060284	regulation of cell development	ENSMUSG00000004040	ENSMUSG00000004040	ISS, IEA
CRE upregulated	GO:0060284	regulation of cell development	ENSMUSG00000024927	Rela	ISO, IEA
CRE upregulated	GO:0060284	regulation of cell development	ENSMUSG00000027692	Tnik	ISO
CRE upregulated	GO:0060284	regulation of cell development	ENSMUSG00000024238	Zeb1	IMP
CRE upregulated	GO:0060284	regulation of cell development	ENSMUSG00000024335	Brd2	IDA, IEA
CRE upregulated	GO:0060284	regulation of cell development	ENSMUSG00000037815	Ctnna1	IMP, IGI
CRE upregulated	GO:0060284	regulation of cell development	ENSMUSG00000028599	Tnfrsf1b	IMP, IBA
CRE upregulated	GO:0060284	regulation of cell development	ENSMUSG00000021796	Bmpr1a	IMP
CRE upregulated	GO:0060284	regulation of cell development	ENSMUSG00000040010	Slc7a5	ISO, IEA
CRE upregulated	GO:0060284	regulation of cell development	ENSMUSG00000002633	Shh	IDA, IMP, ISO
CRE upregulated	GO:0060284	regulation of cell development	ENSMUSG00000027944	Hax1	IEA
CRE upregulated	GO:0060284	regulation of cell development	ENSMUSG00000067586	ENSMUSG00000067586	IEA
CRE upregulated	GO:0060284	regulation of cell development	ENSMUSG00000063952	Brpf3	NAS
CRE upregulated	GO:0060284	regulation of cell development	ENSMUSG00000037465	Klf10	IMP
CRE upregulated	GO:0060284	regulation of cell development	ENSMUSG00000023277	ENSMUSG00000023277	IEA
CRE upregulated	GO:0060284	regulation of cell development	ENSMUSG00000032501	Trib1	IMP
CRE upregulated	GO:0060284	regulation of cell development	ENSMUSG00000000627	ENSMUSG00000000627	ISO, IEA
CRE upregulated	GO:0002757	immune response-activating signaling pathway	ENSMUSG00000046688	Tifa	ISS, IBA, IEA
CRE upregulated	GO:0002757	immune response-activating signaling pathway	ENSMUSG00000024404	Riok3	IEA
CRE upregulated	GO:0002757	immune response-activating signaling pathway	ENSMUSG00000055994	Nod2	IDA, IMP, ISS, ISO, IEA
CRE upregulated	GO:0002757	immune response-activating signaling pathway	ENSMUSG00000059923	Grb2	IDA
CRE upregulated	GO:0002757	immune response-activating signaling pathway	ENSMUSG00000024349	Sting1	IDA, ISS, IEA
CRE upregulated	GO:0002757	immune response-activating signaling pathway	ENSMUSG00000015837	Sqstm1	IEA
CRE upregulated	GO:0002757	immune response-activating signaling pathway	ENSMUSG00000031955	Bcar1	ISS, IEA
CRE upregulated	GO:0002757	immune response-activating signaling pathway	ENSMUSG00000029135	Fosl2	IDA, IMP
CRE upregulated	GO:0002757	immune response-activating signaling pathway	ENSMUSG00000020395	Itk	IMP, IBA
CRE upregulated	GO:0002757	immune response-activating signaling pathway	ENSMUSG00000036990	Otud4	IDA, IBA, IEA
CRE upregulated	GO:0002757	immune response-activating signaling pathway	ENSMUSG00000029826	Zc3hav1	TAS
CRE upregulated	GO:0002757	immune response-activating signaling pathway	ENSMUSG00000059866	Tnip2	IMP, IBA
CRE upregulated	GO:0002757	immune response-activating signaling pathway	ENSMUSG00000033545	Znrf1	IEA
CRE upregulated	GO:0002757	immune response-activating signaling pathway	ENSMUSG00000023915	Tnfrsf21	IMP
CRE upregulated	GO:0002757	immune response-activating signaling pathway	ENSMUSG00000024912	Fosl1	IMP
CRE upregulated	GO:0002757	immune response-activating signaling pathway	ENSMUSG00000024927	Rela	ISO, IEA
CRE upregulated	GO:0002757	immune response-activating signaling pathway	ENSMUSG00000020349	ENSMUSG00000020349	IMP
CRE upregulated	GO:0002757	immune response-activating signaling pathway	ENSMUSG00000025340	Rabgef1	IDA, IMP
CRE upregulated	GO:0002757	immune response-activating signaling pathway	ENSMUSG00000044147	Arf6	NAS
CRE upregulated	GO:0002757	immune response-activating signaling pathway	ENSMUSG00000030662	ENSMUSG00000030662	IEA
CRE upregulated	GO:0002757	immune response-activating signaling pathway	ENSMUSG00000024270	ENSMUSG00000024270	ISS, IEA
CRE upregulated	GO:0002757	immune response-activating signaling pathway	ENSMUSG00000070056	ENSMUSG00000070056	IMP, ISS, IEA
CRE upregulated	GO:0002757	immune response-activating signaling pathway	ENSMUSG00000037860	Aim2	NAS
CRE upregulated	GO:0002757	immune response-activating signaling pathway	ENSMUSG00000039844	ENSMUSG00000039844	ISO, IEA
CRE upregulated	GO:0002757	immune response-activating signaling pathway	ENSMUSG00000020594	ENSMUSG00000020594	IEA
CRE upregulated	GO:0002757	immune response-activating signaling pathway	ENSMUSG00000000787	ENSMUSG00000000787	IDA, ISS
CRE upregulated	GO:0002757	immune response-activating signaling pathway	ENSMUSG00000037553	ENSMUSG00000037553	IEA
CRE upregulated	GO:0002757	immune response-activating signaling pathway	ENSMUSG00000032508	Myd88	IMP, IGI, ISS, IBA, IEA
CRE upregulated	GO:0002757	immune response-activating signaling pathway	ENSMUSG00000029145	ENSMUSG00000029145	ISS, IEA
CRE upregulated	GO:0002757	immune response-activating signaling pathway	ENSMUSG00000019843	ENSMUSG00000019843	IBA, IEA
CRE upregulated	GO:0002757	immune response-activating signaling pathway	ENSMUSG00000027646	ENSMUSG00000027646	IEA
CRE upregulated	GO:0002757	immune response-activating signaling pathway	ENSMUSG00000021340	ENSMUSG00000021340	IEA
CRE upregulated	GO:0040007	growth	ENSMUSG00000051379	Flrt3	ISS, ISO, IEA
CRE upregulated	GO:0040007	growth	ENSMUSG00000023905	Tnfrsf12a	IDA
CRE upregulated	GO:0040007	growth	ENSMUSG00000014599	Csf1	IMP
CRE upregulated	GO:0040007	growth	ENSMUSG00000020427	Igfbp3	IGI
CRE upregulated	GO:0040007	growth	ENSMUSG00000023067	Cdkn1a	IMP, IEA
CRE upregulated	GO:0040007	growth	ENSMUSG00000031681	Smad1	IMP, IGI
CRE upregulated	GO:0040007	growth	ENSMUSG00000050989	Selenon	IMP
CRE upregulated	GO:0040007	growth	ENSMUSG00000024261	Syt4	IEA
CRE upregulated	GO:0040007	growth	ENSMUSG00000029378	Areg	IMP
CRE upregulated	GO:0040007	growth	ENSMUSG00000048482	Bdnf	IDA, IMP, IGI, ISO, IEA
CRE upregulated	GO:0040007	growth	ENSMUSG00000018736	Ndel1	IMP, IGI, ISO
CRE upregulated	GO:0040007	growth	ENSMUSG00000002250	Ppard	IMP, ISO
CRE upregulated	GO:0040007	growth	ENSMUSG00000018507	Trpv2	IMP
CRE upregulated	GO:0040007	growth	ENSMUSG00000025337	Sbds	IMP
CRE upregulated	GO:0040007	growth	ENSMUSG00000031545	Gpat4	IMP
CRE upregulated	GO:0040007	growth	ENSMUSG00000005069	Pex5	IMP
CRE upregulated	GO:0040007	growth	ENSMUSG00000053436	Mapk14	IGI
CRE upregulated	GO:0040007	growth	ENSMUSG00000025809	Itgb1	IMP, IGI
CRE upregulated	GO:0040007	growth	ENSMUSG00000031078	Cttn	ISS, ISO
CRE upregulated	GO:0040007	growth	ENSMUSG00000022607	Ptk2	IGI, ISO
CRE upregulated	GO:0040007	growth	ENSMUSG00000024014	Pim1	IEA
CRE upregulated	GO:0040007	growth	ENSMUSG00000037062	Sh3glb1	ISO
CRE upregulated	GO:0040007	growth	ENSMUSG00000020838	Slc6a4	IMP
CRE upregulated	GO:0040007	growth	ENSMUSG00000032078	Zpr1	IMP
CRE upregulated	GO:0040007	growth	ENSMUSG00000030309	Caprin2	ISS
CRE upregulated	GO:0040007	growth	ENSMUSG00000001627	Ifrd1	IMP, IGI
CRE upregulated	GO:0040007	growth	ENSMUSG00000029765	Plxna4	IMP
CRE upregulated	GO:0040007	growth	ENSMUSG00000036437	Npy1r	IMP
CRE upregulated	GO:0040007	growth	ENSMUSG00000004040	ENSMUSG00000004040	IMP
CRE upregulated	GO:0040007	growth	ENSMUSG00000020027	Socs2	IMP, IGI
CRE upregulated	GO:0040007	growth	ENSMUSG00000029135	Fosl2	IDA, IMP
CRE upregulated	GO:0040007	growth	ENSMUSG00000027797	Dclk1	IGI
CRE upregulated	GO:0040007	growth	ENSMUSG00000042608	Stk40	IMP
CRE upregulated	GO:0040007	growth	ENSMUSG00000036206	Sh3bp4	ISS, IEA
CRE upregulated	GO:0040007	growth	ENSMUSG00000028893	Sesn2	IDA
CRE upregulated	GO:0040007	growth	ENSMUSG00000024947	Men1	IDA
CRE upregulated	GO:0040007	growth	ENSMUSG00000029071	ENSMUSG00000029071	IDA
CRE upregulated	GO:0040007	growth	ENSMUSG00000032599	ENSMUSG00000032599	IEA
CRE upregulated	GO:0040007	growth	ENSMUSG00000047281	ENSMUSG00000047281	IDA
CRE upregulated	GO:0040007	growth	ENSMUSG00000021796	Bmpr1a	IMP
CRE upregulated	GO:0040007	growth	ENSMUSG00000039191	Rbpj	IMP
CRE upregulated	GO:0040007	growth	ENSMUSG00000020594	ENSMUSG00000020594	ISO, IEA
CRE upregulated	GO:0040007	growth	ENSMUSG00000000787	ENSMUSG00000000787	ISS
CRE upregulated	GO:0040007	growth	ENSMUSG00000038676	Ucn	ISO, IEA
CRE upregulated	GO:0040007	growth	ENSMUSG00000059743	ENSMUSG00000059743	ISO
CRE upregulated	GO:0040007	growth	ENSMUSG00000066595	ENSMUSG00000066595	IMP
CRE upregulated	GO:0040007	growth	ENSMUSG00000020097	ENSMUSG00000020097	IMP
CRE upregulated	GO:0040007	growth	ENSMUSG00000002633	Shh	IDA, IMP
CRE upregulated	GO:0040007	growth	ENSMUSG00000008384	Sertad1	ISO, IEA
CRE upregulated	GO:0040007	growth	ENSMUSG00000005089	Slc1a2	IMP
CRE upregulated	GO:0040007	growth	ENSMUSG00000020340	ENSMUSG00000020340	IMP
CRE upregulated	GO:0040007	growth	ENSMUSG00000023277	ENSMUSG00000023277	IEA
CRE upregulated	GO:0040007	growth	ENSMUSG00000027646	ENSMUSG00000027646	ISO, IEA
CRE upregulated	GO:0040007	growth	ENSMUSG00000047261	ENSMUSG00000047261	IBA, IEA
CRE upregulated	GO:0040007	growth	ENSMUSG00000000627	ENSMUSG00000000627	ISO, IEA
CRE upregulated	GO:0040007	growth	ENSMUSG00000029475	ENSMUSG00000029475	IDA
CRE upregulated	GO:0042176	regulation of protein catabolic process	ENSMUSG00000025473	Adam8	IDA, IBA, IEA
CRE upregulated	GO:0042176	regulation of protein catabolic process	ENSMUSG00000037458	Azin1	ISS, ISO, IBA, IEA
CRE upregulated	GO:0042176	regulation of protein catabolic process	ENSMUSG00000044734	Serpinb1a	IPI
CRE upregulated	GO:0042176	regulation of protein catabolic process	ENSMUSG00000021501	Caml	ISS, IEA
CRE upregulated	GO:0042176	regulation of protein catabolic process	ENSMUSG00000028789	Azin2	IBA, IEA
CRE upregulated	GO:0042176	regulation of protein catabolic process	ENSMUSG00000011179	Odc1	IDA
CRE upregulated	GO:0042176	regulation of protein catabolic process	ENSMUSG00000032231	Anxa2	IMP, IEA
CRE upregulated	GO:0042176	regulation of protein catabolic process	ENSMUSG00000022433	Csnk1e	IMP, IBA
CRE upregulated	GO:0042176	regulation of protein catabolic process	ENSMUSG00000024927	Rela	IMP
CRE upregulated	GO:0042176	regulation of protein catabolic process	ENSMUSG00000029071	ENSMUSG00000029071	IEA
CRE upregulated	GO:0042176	regulation of protein catabolic process	ENSMUSG00000032715	Trib3	IBA, TAS, IC
CRE upregulated	GO:0042176	regulation of protein catabolic process	ENSMUSG00000020694	ENSMUSG00000020694	ISS, IEA
CRE upregulated	GO:0042176	regulation of protein catabolic process	ENSMUSG00000025162	ENSMUSG00000025162	IMP, IBA, IEA
CRE upregulated	GO:0042176	regulation of protein catabolic process	ENSMUSG00000020349	ENSMUSG00000020349	ISO
CRE upregulated	GO:0042176	regulation of protein catabolic process	ENSMUSG00000028599	Tnfrsf1b	IBA, IEA
CRE upregulated	GO:0042176	regulation of protein catabolic process	ENSMUSG00000020448	Rnf185	ISS, IEA
CRE upregulated	GO:0042176	regulation of protein catabolic process	ENSMUSG00000021072	Tmx1	ISS, IEA
CRE upregulated	GO:0042176	regulation of protein catabolic process	ENSMUSG00000002633	Shh	IMP
CRE upregulated	GO:0042176	regulation of protein catabolic process	ENSMUSG00000028680	ENSMUSG00000028680	IEA
CRE upregulated	GO:0042176	regulation of protein catabolic process	ENSMUSG00000053581	ENSMUSG00000053581	IMP
CRE upregulated	GO:0042176	regulation of protein catabolic process	ENSMUSG00000038250	ENSMUSG00000038250	IEA
CRE upregulated	GO:0042176	regulation of protein catabolic process	ENSMUSG00000040652	ENSMUSG00000040652	IDA, IBA
CRE upregulated	GO:0042176	regulation of protein catabolic process	ENSMUSG00000019843	ENSMUSG00000019843	IMP
CRE upregulated	GO:0042176	regulation of protein catabolic process	ENSMUSG00000021340	ENSMUSG00000021340	IEA
CRE upregulated	GO:0042176	regulation of protein catabolic process	ENSMUSG00000032501	Trib1	IDA, IBA
CRE upregulated	GO:0042176	regulation of protein catabolic process	ENSMUSG00000046707	ENSMUSG00000046707	IEA
CRE upregulated	GO:0042176	regulation of protein catabolic process	ENSMUSG00000003541	ENSMUSG00000003541	IDA
CRE upregulated	GO:0030162	regulation of proteolysis	ENSMUSG00000046223	Plaur	NAS
CRE upregulated	GO:0030162	regulation of proteolysis	ENSMUSG00000025473	Adam8	IDA, IBA, IEA
CRE upregulated	GO:0030162	regulation of proteolysis	ENSMUSG00000021501	Caml	ISS, IEA
CRE upregulated	GO:0030162	regulation of proteolysis	ENSMUSG00000027313	Chac1	ISS, IEA
CRE upregulated	GO:0030162	regulation of proteolysis	ENSMUSG00000027540	Ptpn1	IEA
CRE upregulated	GO:0030162	regulation of proteolysis	ENSMUSG00000032231	Anxa2	ISO, IEA
CRE upregulated	GO:0030162	regulation of proteolysis	ENSMUSG00000022607	Ptk2	IMP
CRE upregulated	GO:0030162	regulation of proteolysis	ENSMUSG00000020271	Fbxw11	ISS
CRE upregulated	GO:0030162	regulation of proteolysis	ENSMUSG00000040435	Ppp1r15a	ISO
CRE upregulated	GO:0030162	regulation of proteolysis	ENSMUSG00000022433	Csnk1e	IMP, IBA
CRE upregulated	GO:0030162	regulation of proteolysis	ENSMUSG00000027954	Efna1	IEA
CRE upregulated	GO:0030162	regulation of proteolysis	ENSMUSG00000026078	Pdcl3	ISO, IEA
CRE upregulated	GO:0030162	regulation of proteolysis	ENSMUSG00000029071	ENSMUSG00000029071	IEA
CRE upregulated	GO:0030162	regulation of proteolysis	ENSMUSG00000032715	Trib3	IBA, TAS
CRE upregulated	GO:0030162	regulation of proteolysis	ENSMUSG00000020694	ENSMUSG00000020694	ISS, IEA
CRE upregulated	GO:0030162	regulation of proteolysis	ENSMUSG00000025162	ENSMUSG00000025162	IMP, IBA, IEA
CRE upregulated	GO:0030162	regulation of proteolysis	ENSMUSG00000028599	Tnfrsf1b	IBA, IEA
CRE upregulated	GO:0030162	regulation of proteolysis	ENSMUSG00000020448	Rnf185	ISS, IEA
CRE upregulated	GO:0030162	regulation of proteolysis	ENSMUSG00000021072	Tmx1	ISS, IEA
CRE upregulated	GO:0030162	regulation of proteolysis	ENSMUSG00000002633	Shh	IDA, IMP
CRE upregulated	GO:0030162	regulation of proteolysis	ENSMUSG00000053581	ENSMUSG00000053581	IMP
CRE upregulated	GO:0030162	regulation of proteolysis	ENSMUSG00000038250	ENSMUSG00000038250	IEA
CRE upregulated	GO:0030162	regulation of proteolysis	ENSMUSG00000037411	Serpine1	IEA
CRE upregulated	GO:0030162	regulation of proteolysis	ENSMUSG00000020340	ENSMUSG00000020340	IEA
CRE upregulated	GO:0030162	regulation of proteolysis	ENSMUSG00000027646	ENSMUSG00000027646	IGI
CRE upregulated	GO:0030162	regulation of proteolysis	ENSMUSG00000021340	ENSMUSG00000021340	IEA
CRE upregulated	GO:0030162	regulation of proteolysis	ENSMUSG00000032501	Trib1	IDA, IBA
CRE upregulated	GO:0030162	regulation of proteolysis	ENSMUSG00000046707	ENSMUSG00000046707	IEA
CRE upregulated	GO:0048589	developmental growth	ENSMUSG00000051379	Flrt3	ISS, ISO, IEA
CRE upregulated	GO:0048589	developmental growth	ENSMUSG00000023905	Tnfrsf12a	IDA
CRE upregulated	GO:0048589	developmental growth	ENSMUSG00000014599	Csf1	IMP
CRE upregulated	GO:0048589	developmental growth	ENSMUSG00000023067	Cdkn1a	IMP
CRE upregulated	GO:0048589	developmental growth	ENSMUSG00000031681	Smad1	IMP, IGI
CRE upregulated	GO:0048589	developmental growth	ENSMUSG00000050989	Selenon	IMP
CRE upregulated	GO:0048589	developmental growth	ENSMUSG00000024261	Syt4	IEA
CRE upregulated	GO:0048589	developmental growth	ENSMUSG00000029378	Areg	IMP
CRE upregulated	GO:0048589	developmental growth	ENSMUSG00000048482	Bdnf	IDA, IMP, IGI, ISO, IEA
CRE upregulated	GO:0048589	developmental growth	ENSMUSG00000018736	Ndel1	IMP, IGI, ISO
CRE upregulated	GO:0048589	developmental growth	ENSMUSG00000002250	Ppard	IMP
CRE upregulated	GO:0048589	developmental growth	ENSMUSG00000018507	Trpv2	IMP
CRE upregulated	GO:0048589	developmental growth	ENSMUSG00000025337	Sbds	IMP
CRE upregulated	GO:0048589	developmental growth	ENSMUSG00000031545	Gpat4	IMP
CRE upregulated	GO:0048589	developmental growth	ENSMUSG00000005069	Pex5	IMP
CRE upregulated	GO:0048589	developmental growth	ENSMUSG00000053436	Mapk14	IGI
CRE upregulated	GO:0048589	developmental growth	ENSMUSG00000025809	Itgb1	IMP, IGI
CRE upregulated	GO:0048589	developmental growth	ENSMUSG00000031078	Cttn	ISS, ISO
CRE upregulated	GO:0048589	developmental growth	ENSMUSG00000022607	Ptk2	IGI
CRE upregulated	GO:0048589	developmental growth	ENSMUSG00000024014	Pim1	IEA
CRE upregulated	GO:0048589	developmental growth	ENSMUSG00000037062	Sh3glb1	ISO
CRE upregulated	GO:0048589	developmental growth	ENSMUSG00000020838	Slc6a4	IMP
CRE upregulated	GO:0048589	developmental growth	ENSMUSG00000032078	Zpr1	IMP
CRE upregulated	GO:0048589	developmental growth	ENSMUSG00000001627	Ifrd1	IMP, IGI
CRE upregulated	GO:0048589	developmental growth	ENSMUSG00000029765	Plxna4	IMP
CRE upregulated	GO:0048589	developmental growth	ENSMUSG00000036437	Npy1r	IMP
CRE upregulated	GO:0048589	developmental growth	ENSMUSG00000004040	ENSMUSG00000004040	IMP
CRE upregulated	GO:0048589	developmental growth	ENSMUSG00000020027	Socs2	IMP, IGI
CRE upregulated	GO:0048589	developmental growth	ENSMUSG00000029135	Fosl2	IDA, IMP
CRE upregulated	GO:0048589	developmental growth	ENSMUSG00000027797	Dclk1	IGI
CRE upregulated	GO:0048589	developmental growth	ENSMUSG00000042608	Stk40	IMP
CRE upregulated	GO:0048589	developmental growth	ENSMUSG00000024947	Men1	IDA
CRE upregulated	GO:0048589	developmental growth	ENSMUSG00000029071	ENSMUSG00000029071	IDA
CRE upregulated	GO:0048589	developmental growth	ENSMUSG00000021796	Bmpr1a	IMP
CRE upregulated	GO:0048589	developmental growth	ENSMUSG00000039191	Rbpj	IMP
CRE upregulated	GO:0048589	developmental growth	ENSMUSG00000020594	ENSMUSG00000020594	ISO, IEA
CRE upregulated	GO:0048589	developmental growth	ENSMUSG00000059743	ENSMUSG00000059743	ISO
CRE upregulated	GO:0048589	developmental growth	ENSMUSG00000066595	ENSMUSG00000066595	IMP
CRE upregulated	GO:0048589	developmental growth	ENSMUSG00000020097	ENSMUSG00000020097	IMP
CRE upregulated	GO:0048589	developmental growth	ENSMUSG00000002633	Shh	IDA, IMP
CRE upregulated	GO:0048589	developmental growth	ENSMUSG00000005089	Slc1a2	IMP
CRE upregulated	GO:0048589	developmental growth	ENSMUSG00000020340	ENSMUSG00000020340	IMP
CRE upregulated	GO:0048589	developmental growth	ENSMUSG00000023277	ENSMUSG00000023277	IEA
CRE upregulated	GO:0048589	developmental growth	ENSMUSG00000027646	ENSMUSG00000027646	ISO, IEA
CRE upregulated	GO:0048589	developmental growth	ENSMUSG00000047261	ENSMUSG00000047261	IBA, IEA
CRE upregulated	GO:0048589	developmental growth	ENSMUSG00000000627	ENSMUSG00000000627	ISO, IEA
CRE upregulated	GO:0150052	regulation of postsynapse assembly	ENSMUSG00000027540	Ptpn1	IEA
CRE upregulated	GO:0150052	regulation of postsynapse assembly	ENSMUSG00000043895	S1pr2	EXP, IDA
CRE upregulated	GO:0150052	regulation of postsynapse assembly	ENSMUSG00000029121	Crmp1	IDA, IEP
CRE upregulated	GO:0150052	regulation of postsynapse assembly	ENSMUSG00000001847	Rac1	IDA, IMP
CRE upregulated	GO:0150052	regulation of postsynapse assembly	ENSMUSG00000027797	Dclk1	IDA, IMP
CRE upregulated	GO:0150052	regulation of postsynapse assembly	ENSMUSG00000036882	ENSMUSG00000036882	IDA, IMP
CRE upregulated	GO:0150052	regulation of postsynapse assembly	ENSMUSG00000052921	Arhgef15	IDA, IMP
CRE upregulated	GO:0150052	regulation of postsynapse assembly	ENSMUSG00000022656	ENSMUSG00000022656	IDA, IMP
CRE upregulated	GO:0150052	regulation of postsynapse assembly	ENSMUSG00000020594	ENSMUSG00000020594	IEA
CRE upregulated	GO:0150052	regulation of postsynapse assembly	ENSMUSG00000020340	ENSMUSG00000020340	IEA
CRE upregulated	GO:0031349	positive regulation of defense response	ENSMUSG00000046688	Tifa	ISS, IBA, IEA
CRE upregulated	GO:0031349	positive regulation of defense response	ENSMUSG00000025473	Adam8	IDA, IMP
CRE upregulated	GO:0031349	positive regulation of defense response	ENSMUSG00000030898	Cckbr	ISO
CRE upregulated	GO:0031349	positive regulation of defense response	ENSMUSG00000024404	Riok3	IEA
CRE upregulated	GO:0031349	positive regulation of defense response	ENSMUSG00000055994	Nod2	IDA, IMP, ISS, ISO, IEA
CRE upregulated	GO:0031349	positive regulation of defense response	ENSMUSG00000031628	Casp3	IEA
CRE upregulated	GO:0031349	positive regulation of defense response	ENSMUSG00000024349	Sting1	IDA, IMP, ISS, IBA, IEA
CRE upregulated	GO:0031349	positive regulation of defense response	ENSMUSG00000015837	Sqstm1	IEA
CRE upregulated	GO:0031349	positive regulation of defense response	ENSMUSG00000024789	Jak2	ISS
CRE upregulated	GO:0031349	positive regulation of defense response	ENSMUSG00000036990	Otud4	IDA, IBA, IEA
CRE upregulated	GO:0031349	positive regulation of defense response	ENSMUSG00000029826	Zc3hav1	TAS
CRE upregulated	GO:0031349	positive regulation of defense response	ENSMUSG00000059866	Tnip2	IMP, IBA
CRE upregulated	GO:0031349	positive regulation of defense response	ENSMUSG00000033545	Znrf1	IEA
CRE upregulated	GO:0031349	positive regulation of defense response	ENSMUSG00000024912	Fosl1	IMP
CRE upregulated	GO:0031349	positive regulation of defense response	ENSMUSG00000024927	Rela	ISO, IEA
CRE upregulated	GO:0031349	positive regulation of defense response	ENSMUSG00000040365	Trim41	ISS, IEA
CRE upregulated	GO:0031349	positive regulation of defense response	ENSMUSG00000020349	ENSMUSG00000020349	IMP
CRE upregulated	GO:0031349	positive regulation of defense response	ENSMUSG00000024517	Grp	IMP
CRE upregulated	GO:0031349	positive regulation of defense response	ENSMUSG00000044147	Arf6	NAS
CRE upregulated	GO:0031349	positive regulation of defense response	ENSMUSG00000030662	ENSMUSG00000030662	IEA
CRE upregulated	GO:0031349	positive regulation of defense response	ENSMUSG00000070056	ENSMUSG00000070056	IMP, ISS, IEA
CRE upregulated	GO:0031349	positive regulation of defense response	ENSMUSG00000037860	Aim2	IDA, IBA, NAS, IEA
CRE upregulated	GO:0031349	positive regulation of defense response	ENSMUSG00000027997	Casp6	ISS, IEA
CRE upregulated	GO:0031349	positive regulation of defense response	ENSMUSG00000020594	ENSMUSG00000020594	IEA
CRE upregulated	GO:0031349	positive regulation of defense response	ENSMUSG00000020448	Rnf185	ISS, IEA
CRE upregulated	GO:0031349	positive regulation of defense response	ENSMUSG00000000787	ENSMUSG00000000787	IDA, ISS
CRE upregulated	GO:0031349	positive regulation of defense response	ENSMUSG00000022948	Setd4	IDA
CRE upregulated	GO:0031349	positive regulation of defense response	ENSMUSG00000038676	Ucn	ISO, IEA
CRE upregulated	GO:0031349	positive regulation of defense response	ENSMUSG00000037553	ENSMUSG00000037553	IEA
CRE upregulated	GO:0031349	positive regulation of defense response	ENSMUSG00000032508	Myd88	IMP, IGI, ISS, IBA, IEA
CRE upregulated	GO:0031349	positive regulation of defense response	ENSMUSG00000028291	ENSMUSG00000028291	IMP, IBA
CRE upregulated	GO:0031349	positive regulation of defense response	ENSMUSG00000037411	Serpine1	IEA
CRE upregulated	GO:0031349	positive regulation of defense response	ENSMUSG00000027646	ENSMUSG00000027646	IEA
CRE upregulated	GO:0008285	negative regulation of cell population proliferation	ENSMUSG00000052684	Jun	IGI
CRE upregulated	GO:0008285	negative regulation of cell population proliferation	ENSMUSG00000063632	Sox11	IMP, IEA
CRE upregulated	GO:0008285	negative regulation of cell population proliferation	ENSMUSG00000046731	Kctd11	IDA
CRE upregulated	GO:0008285	negative regulation of cell population proliferation	ENSMUSG00000020427	Igfbp3	ISO, IEA
CRE upregulated	GO:0008285	negative regulation of cell population proliferation	ENSMUSG00000023067	Cdkn1a	IMP, IEA
CRE upregulated	GO:0008285	negative regulation of cell population proliferation	ENSMUSG00000031681	Smad1	IMP
CRE upregulated	GO:0008285	negative regulation of cell population proliferation	ENSMUSG00000048482	Bdnf	IDA
CRE upregulated	GO:0008285	negative regulation of cell population proliferation	ENSMUSG00000024256	Adcyap1	ISO, IEA
CRE upregulated	GO:0008285	negative regulation of cell population proliferation	ENSMUSG00000021070	Bdkrb2	ISO
CRE upregulated	GO:0008285	negative regulation of cell population proliferation	ENSMUSG00000002250	Ppard	IGI, ISO
CRE upregulated	GO:0008285	negative regulation of cell population proliferation	ENSMUSG00000018507	Trpv2	ISO
CRE upregulated	GO:0008285	negative regulation of cell population proliferation	ENSMUSG00000026796	Niban2	IEA
CRE upregulated	GO:0008285	negative regulation of cell population proliferation	ENSMUSG00000027540	Ptpn1	IEA
CRE upregulated	GO:0008285	negative regulation of cell population proliferation	ENSMUSG00000043895	S1pr2	ISO
CRE upregulated	GO:0008285	negative regulation of cell population proliferation	ENSMUSG00000028063	Lmna	IMP, IEA
CRE upregulated	GO:0008285	negative regulation of cell population proliferation	ENSMUSG00000025809	Itgb1	ISO
CRE upregulated	GO:0008285	negative regulation of cell population proliferation	ENSMUSG00000025746	Il6	ISO
CRE upregulated	GO:0008285	negative regulation of cell population proliferation	ENSMUSG00000020838	Slc6a4	ISO, IEA
CRE upregulated	GO:0008285	negative regulation of cell population proliferation	ENSMUSG00000031628	Casp3	IMP
CRE upregulated	GO:0008285	negative regulation of cell population proliferation	ENSMUSG00000040435	Ppp1r15a	ISO
CRE upregulated	GO:0008285	negative regulation of cell population proliferation	ENSMUSG00000024521	Pmaip1	IMP
CRE upregulated	GO:0008285	negative regulation of cell population proliferation	ENSMUSG00000022346	Myc	IEA
CRE upregulated	GO:0008285	negative regulation of cell population proliferation	ENSMUSG00000036478	Btg1	IDA, ISS, ISO, IBA, IEA
CRE upregulated	GO:0008285	negative regulation of cell population proliferation	ENSMUSG00000024789	Jak2	IMP
CRE upregulated	GO:0008285	negative regulation of cell population proliferation	ENSMUSG00000004040	ENSMUSG00000004040	IGI
CRE upregulated	GO:0008285	negative regulation of cell population proliferation	ENSMUSG00000109511	Nup62	IMP, ISS, IEA
CRE upregulated	GO:0008285	negative regulation of cell population proliferation	ENSMUSG00000024190	Dusp1	IMP
CRE upregulated	GO:0008285	negative regulation of cell population proliferation	ENSMUSG00000023915	Tnfrsf21	IMP, IBA
CRE upregulated	GO:0008285	negative regulation of cell population proliferation	ENSMUSG00000024912	Fosl1	ISO, IEA
CRE upregulated	GO:0008285	negative regulation of cell population proliferation	ENSMUSG00000036206	Sh3bp4	ISS, IEA
CRE upregulated	GO:0008285	negative regulation of cell population proliferation	ENSMUSG00000024238	Zeb1	IMP
CRE upregulated	GO:0008285	negative regulation of cell population proliferation	ENSMUSG00000024947	Men1	IDA, IMP, IGI, ISO, IBA, IEA
CRE upregulated	GO:0008285	negative regulation of cell population proliferation	ENSMUSG00000037815	Ctnna1	IMP, IGI
CRE upregulated	GO:0008285	negative regulation of cell population proliferation	ENSMUSG00000047281	ENSMUSG00000047281	IGI
CRE upregulated	GO:0008285	negative regulation of cell population proliferation	ENSMUSG00000039191	Rbpj	IMP
CRE upregulated	GO:0008285	negative regulation of cell population proliferation	ENSMUSG00000039844	ENSMUSG00000039844	IMP
CRE upregulated	GO:0008285	negative regulation of cell population proliferation	ENSMUSG00000002633	Shh	IMP
CRE upregulated	GO:0008285	negative regulation of cell population proliferation	ENSMUSG00000021340	ENSMUSG00000021340	IEA
CRE upregulated	GO:0008285	negative regulation of cell population proliferation	ENSMUSG00000032501	Trib1	IEA
CRE upregulated	GO:0008285	negative regulation of cell population proliferation	ENSMUSG00000021477	ENSMUSG00000021477	IMP
CRE upregulated	GO:0008285	negative regulation of cell population proliferation	ENSMUSG00000024907	Gal	ISO
CRE upregulated	GO:0008285	negative regulation of cell population proliferation	ENSMUSG00000029475	ENSMUSG00000029475	IMP
CRE upregulated	GO:0014858	positive regulation of skeletal muscle cell proliferation	ENSMUSG00000050989	Selenon	IDA
CRE upregulated	GO:0014858	positive regulation of skeletal muscle cell proliferation	ENSMUSG00000024789	Jak2	ISO, IEA
CRE upregulated	GO:0014858	positive regulation of skeletal muscle cell proliferation	ENSMUSG00000004040	ENSMUSG00000004040	ISO
CRE upregulated	GO:0014858	positive regulation of skeletal muscle cell proliferation	ENSMUSG00000002633	Shh	IMP
CRE upregulated	GO:0006511	ubiquitin-dependent protein catabolic process	ENSMUSG00000039328	Rnf122	ISS, IEA
CRE upregulated	GO:0006511	ubiquitin-dependent protein catabolic process	ENSMUSG00000001054	Rmnd5b	IBA, IEA
CRE upregulated	GO:0006511	ubiquitin-dependent protein catabolic process	ENSMUSG00000109901	Chmp1b	ISO, IEA
CRE upregulated	GO:0006511	ubiquitin-dependent protein catabolic process	ENSMUSG00000028793	Rnf19b	IBA
CRE upregulated	GO:0006511	ubiquitin-dependent protein catabolic process	ENSMUSG00000021501	Caml	ISS, IEA
CRE upregulated	GO:0006511	ubiquitin-dependent protein catabolic process	ENSMUSG00000025139	Tollip	IBA
CRE upregulated	GO:0006511	ubiquitin-dependent protein catabolic process	ENSMUSG00000022607	Ptk2	IMP
CRE upregulated	GO:0006511	ubiquitin-dependent protein catabolic process	ENSMUSG00000020271	Fbxw11	IMP, ISS
CRE upregulated	GO:0006511	ubiquitin-dependent protein catabolic process	ENSMUSG00000025408	Ddit3	IEA
CRE upregulated	GO:0006511	ubiquitin-dependent protein catabolic process	ENSMUSG00000018909	Arrb1	IMP, ISS, IEA
CRE upregulated	GO:0006511	ubiquitin-dependent protein catabolic process	ENSMUSG00000020064	Herc4	IBA
CRE upregulated	GO:0006511	ubiquitin-dependent protein catabolic process	ENSMUSG00000027455	Nsfl1c	IBA
CRE upregulated	GO:0006511	ubiquitin-dependent protein catabolic process	ENSMUSG00000023286	Ube2j2	IEA
CRE upregulated	GO:0006511	ubiquitin-dependent protein catabolic process	ENSMUSG00000017428	Psmd11	ISS, IBA, IEA
CRE upregulated	GO:0006511	ubiquitin-dependent protein catabolic process	ENSMUSG00000036057	Ptpn23	ISS, IBA, IEA
CRE upregulated	GO:0006511	ubiquitin-dependent protein catabolic process	ENSMUSG00000022433	Csnk1e	IMP, IBA
CRE upregulated	GO:0006511	ubiquitin-dependent protein catabolic process	ENSMUSG00000020027	Socs2	ISS, IEA
CRE upregulated	GO:0006511	ubiquitin-dependent protein catabolic process	ENSMUSG00000017615	Tnfaip1	ISS, IBA, IEA
CRE upregulated	GO:0006511	ubiquitin-dependent protein catabolic process	ENSMUSG00000033545	Znrf1	IDA, IBA
CRE upregulated	GO:0006511	ubiquitin-dependent protein catabolic process	ENSMUSG00000038733	Wdr26	IBA
CRE upregulated	GO:0006511	ubiquitin-dependent protein catabolic process	ENSMUSG00000026718	ENSMUSG00000026718	IBA
CRE upregulated	GO:0006511	ubiquitin-dependent protein catabolic process	ENSMUSG00000026078	Pdcl3	ISO, IEA
CRE upregulated	GO:0006511	ubiquitin-dependent protein catabolic process	ENSMUSG00000029071	ENSMUSG00000029071	IEA
CRE upregulated	GO:0006511	ubiquitin-dependent protein catabolic process	ENSMUSG00000032715	Trib3	IBA, TAS
CRE upregulated	GO:0006511	ubiquitin-dependent protein catabolic process	ENSMUSG00000020694	ENSMUSG00000020694	ISS, IEA
CRE upregulated	GO:0006511	ubiquitin-dependent protein catabolic process	ENSMUSG00000025162	ENSMUSG00000025162	IMP, IBA, IEA
CRE upregulated	GO:0006511	ubiquitin-dependent protein catabolic process	ENSMUSG00000029110	ENSMUSG00000029110	ISS, IEA
CRE upregulated	GO:0006511	ubiquitin-dependent protein catabolic process	ENSMUSG00000020448	Rnf185	IBA, IEA
CRE upregulated	GO:0006511	ubiquitin-dependent protein catabolic process	ENSMUSG00000038467	ENSMUSG00000038467	ISO, IEA
CRE upregulated	GO:0006511	ubiquitin-dependent protein catabolic process	ENSMUSG00000002633	Shh	IMP
CRE upregulated	GO:0006511	ubiquitin-dependent protein catabolic process	ENSMUSG00000053581	ENSMUSG00000053581	IMP, IBA
CRE upregulated	GO:0006511	ubiquitin-dependent protein catabolic process	ENSMUSG00000038250	ENSMUSG00000038250	IEA
CRE upregulated	GO:0006511	ubiquitin-dependent protein catabolic process	ENSMUSG00000020794	Ube2g1	IBA, IEA
CRE upregulated	GO:0006511	ubiquitin-dependent protein catabolic process	ENSMUSG00000028291	ENSMUSG00000028291	ISS, IEA
CRE upregulated	GO:0006511	ubiquitin-dependent protein catabolic process	ENSMUSG00000032501	Trib1	IDA, IBA
CRE upregulated	GO:0006511	ubiquitin-dependent protein catabolic process	ENSMUSG00000015839	Nfe2l2	ISS, IEA
CRE upregulated	GO:0006511	ubiquitin-dependent protein catabolic process	ENSMUSG00000031751	ENSMUSG00000031751	IBA, IEA
CRE upregulated	GO:0006511	ubiquitin-dependent protein catabolic process	ENSMUSG00000046707	ENSMUSG00000046707	IEA
CRE upregulated	GO:0038179	neurotrophin signaling pathway	ENSMUSG00000025089	Gfra1	IEA
CRE upregulated	GO:0038179	neurotrophin signaling pathway	ENSMUSG00000048482	Bdnf	IBA, IEA
CRE upregulated	GO:0038179	neurotrophin signaling pathway	ENSMUSG00000037062	Sh3glb1	ISO
CRE upregulated	GO:0038179	neurotrophin signaling pathway	ENSMUSG00000027560	Dok5	ISO, IEA
CRE upregulated	GO:0038179	neurotrophin signaling pathway	ENSMUSG00000031628	Casp3	ISO, IEA
CRE upregulated	GO:0038179	neurotrophin signaling pathway	ENSMUSG00000031955	Bcar1	ISS, ISO
CRE upregulated	GO:0038179	neurotrophin signaling pathway	ENSMUSG00000024777	ENSMUSG00000024777	ISO, IEA
CRE upregulated	GO:0038179	neurotrophin signaling pathway	ENSMUSG00000020340	ENSMUSG00000020340	IMP
CRE upregulated	GO:0038179	neurotrophin signaling pathway	ENSMUSG00000027646	ENSMUSG00000027646	ISO, IEA
CRE upregulated	GO:0051222	positive regulation of protein transport	ENSMUSG00000030102	Itpr1	IMP, IGI
CRE upregulated	GO:0051222	positive regulation of protein transport	ENSMUSG00000030272	Camk1	IDA, IEA
CRE upregulated	GO:0051222	positive regulation of protein transport	ENSMUSG00000002250	Ppard	ISO
CRE upregulated	GO:0051222	positive regulation of protein transport	ENSMUSG00000038894	Irs2	IMP
CRE upregulated	GO:0051222	positive regulation of protein transport	ENSMUSG00000053436	Mapk14	IMP
CRE upregulated	GO:0051222	positive regulation of protein transport	ENSMUSG00000025746	Il6	ISO
CRE upregulated	GO:0051222	positive regulation of protein transport	ENSMUSG00000032078	Zpr1	IMP, ISS, IBA, IEA
CRE upregulated	GO:0051222	positive regulation of protein transport	ENSMUSG00000001847	Rac1	IMP, ISO
CRE upregulated	GO:0051222	positive regulation of protein transport	ENSMUSG00000018909	Arrb1	IMP
CRE upregulated	GO:0051222	positive regulation of protein transport	ENSMUSG00000036057	Ptpn23	IEA
CRE upregulated	GO:0051222	positive regulation of protein transport	ENSMUSG00000024789	Jak2	ISS, ISO, IEA
CRE upregulated	GO:0051222	positive regulation of protein transport	ENSMUSG00000038949	Cnst	ISS, IBA, IEA
CRE upregulated	GO:0051222	positive regulation of protein transport	ENSMUSG00000024803	Ankrd1	IEA
CRE upregulated	GO:0051222	positive regulation of protein transport	ENSMUSG00000044453	Ffar1	IDA, IMP, ISO, IBA
CRE upregulated	GO:0051222	positive regulation of protein transport	ENSMUSG00000031278	ENSMUSG00000031278	ISS, ISO
CRE upregulated	GO:0051222	positive regulation of protein transport	ENSMUSG00000021587	Pcsk1	ISO, IEA
CRE upregulated	GO:0051222	positive regulation of protein transport	ENSMUSG00000044147	Arf6	IEA
CRE upregulated	GO:0051222	positive regulation of protein transport	ENSMUSG00000030662	ENSMUSG00000030662	IMP
CRE upregulated	GO:0051222	positive regulation of protein transport	ENSMUSG00000047281	ENSMUSG00000047281	IDA
CRE upregulated	GO:0051222	positive regulation of protein transport	ENSMUSG00000001552	ENSMUSG00000001552	IEA
CRE upregulated	GO:0051222	positive regulation of protein transport	ENSMUSG00000002633	Shh	IGI
CRE upregulated	GO:0051222	positive regulation of protein transport	ENSMUSG00000028680	ENSMUSG00000028680	IEA
CRE upregulated	GO:0051222	positive regulation of protein transport	ENSMUSG00000040652	ENSMUSG00000040652	IDA
CRE upregulated	GO:0051222	positive regulation of protein transport	ENSMUSG00000027646	ENSMUSG00000027646	ISO, IEA
CRE upregulated	GO:0007610	behavior	ENSMUSG00000052684	Jun	IMP, ISO
CRE upregulated	GO:0007610	behavior	ENSMUSG00000050164	Mchr1	TAS
CRE upregulated	GO:0007610	behavior	ENSMUSG00000030898	Cckbr	ISO
CRE upregulated	GO:0007610	behavior	ENSMUSG00000058153	Sez6l	IGI
CRE upregulated	GO:0007610	behavior	ENSMUSG00000024261	Syt4	IMP
CRE upregulated	GO:0007610	behavior	ENSMUSG00000048482	Bdnf	IMP, ISO, IEA
CRE upregulated	GO:0007610	behavior	ENSMUSG00000024256	Adcyap1	ISO, IEA
CRE upregulated	GO:0007610	behavior	ENSMUSG00000024883	Rin1	IMP
CRE upregulated	GO:0007610	behavior	ENSMUSG00000027597	Ahcy	ISO
CRE upregulated	GO:0007610	behavior	ENSMUSG00000025809	Itgb1	IMP, IGI
CRE upregulated	GO:0007610	behavior	ENSMUSG00000028156	Eif4e	IGI
CRE upregulated	GO:0007610	behavior	ENSMUSG00000023030	Slc11a2	IMP
CRE upregulated	GO:0007610	behavior	ENSMUSG00000013089	Etv5	IMP
CRE upregulated	GO:0007610	behavior	ENSMUSG00000025746	Il6	ISO
CRE upregulated	GO:0007610	behavior	ENSMUSG00000055078	Gabra5	IMP
CRE upregulated	GO:0007610	behavior	ENSMUSG00000020838	Slc6a4	ISO, IEA
CRE upregulated	GO:0007610	behavior	ENSMUSG00000001507	Itga3	IMP, IGI
CRE upregulated	GO:0007610	behavior	ENSMUSG00000031628	Casp3	ISO, IEA
CRE upregulated	GO:0007610	behavior	ENSMUSG00000035199	Arl6ip5	IMP
CRE upregulated	GO:0007610	behavior	ENSMUSG00000030077	Chl1	IMP
CRE upregulated	GO:0007610	behavior	ENSMUSG00000026317	Cln8	IMP
CRE upregulated	GO:0007610	behavior	ENSMUSG00000057531	Dtnbp1	IMP
CRE upregulated	GO:0007610	behavior	ENSMUSG00000022951	Rcan1	IGI
CRE upregulated	GO:0007610	behavior	ENSMUSG00000022433	Csnk1e	ISO, IEA
CRE upregulated	GO:0007610	behavior	ENSMUSG00000036437	Npy1r	IMP
CRE upregulated	GO:0007610	behavior	ENSMUSG00000004040	ENSMUSG00000004040	IMP
CRE upregulated	GO:0007610	behavior	ENSMUSG00000022602	Arc	IMP, ISS, ISO, IEA
CRE upregulated	GO:0007610	behavior	ENSMUSG00000022555	Dgat1	ISO
CRE upregulated	GO:0007610	behavior	ENSMUSG00000054136	Adm2	ISO, IEA
CRE upregulated	GO:0007610	behavior	ENSMUSG00000024912	Fosl1	IEA
CRE upregulated	GO:0007610	behavior	ENSMUSG00000029071	ENSMUSG00000029071	IMP
CRE upregulated	GO:0007610	behavior	ENSMUSG00000032902	Slc16a1	IMP
CRE upregulated	GO:0007610	behavior	ENSMUSG00000035594	Chrna5	ISO, IEA
CRE upregulated	GO:0007610	behavior	ENSMUSG00000025485	ENSMUSG00000025485	IMP
CRE upregulated	GO:0007610	behavior	ENSMUSG00000024517	Grp	IMP
CRE upregulated	GO:0007610	behavior	ENSMUSG00000027605	Acss2	IMP
CRE upregulated	GO:0007610	behavior	ENSMUSG00000011877	Git1	IMP
CRE upregulated	GO:0007610	behavior	ENSMUSG00000052512	ENSMUSG00000052512	IMP
CRE upregulated	GO:0007610	behavior	ENSMUSG00000059991	ENSMUSG00000059991	IMP
CRE upregulated	GO:0007610	behavior	ENSMUSG00000037860	Aim2	IDA
CRE upregulated	GO:0007610	behavior	ENSMUSG00000038676	Ucn	ISO, IBA, IEA
CRE upregulated	GO:0007610	behavior	ENSMUSG00000002633	Shh	ISO
CRE upregulated	GO:0007610	behavior	ENSMUSG00000005089	Slc1a2	IMP
CRE upregulated	GO:0007610	behavior	ENSMUSG00000027646	ENSMUSG00000027646	IEA
CRE upregulated	GO:0007610	behavior	ENSMUSG00000024907	Gal	IDA, IMP, ISO
CRE upregulated	GO:0007610	behavior	ENSMUSG00000031751	ENSMUSG00000031751	IEA
CRE upregulated	GO:0033002	muscle cell proliferation	ENSMUSG00000052684	Jun	IDA, IMP, ISO
CRE upregulated	GO:0033002	muscle cell proliferation	ENSMUSG00000020427	Igfbp3	IEA
CRE upregulated	GO:0033002	muscle cell proliferation	ENSMUSG00000023067	Cdkn1a	IEA
CRE upregulated	GO:0033002	muscle cell proliferation	ENSMUSG00000031681	Smad1	IMP, IGI
CRE upregulated	GO:0033002	muscle cell proliferation	ENSMUSG00000050989	Selenon	IDA
CRE upregulated	GO:0033002	muscle cell proliferation	ENSMUSG00000002250	Ppard	IMP, ISO
CRE upregulated	GO:0033002	muscle cell proliferation	ENSMUSG00000043895	S1pr2	ISO
CRE upregulated	GO:0033002	muscle cell proliferation	ENSMUSG00000053436	Mapk14	IGI
CRE upregulated	GO:0033002	muscle cell proliferation	ENSMUSG00000022607	Ptk2	ISO
CRE upregulated	GO:0033002	muscle cell proliferation	ENSMUSG00000024014	Pim1	IEA
CRE upregulated	GO:0033002	muscle cell proliferation	ENSMUSG00000025408	Ddit3	IMP
CRE upregulated	GO:0033002	muscle cell proliferation	ENSMUSG00000022346	Myc	ISO
CRE upregulated	GO:0033002	muscle cell proliferation	ENSMUSG00000024789	Jak2	ISO, IEA
CRE upregulated	GO:0033002	muscle cell proliferation	ENSMUSG00000004040	ENSMUSG00000004040	ISO
CRE upregulated	GO:0033002	muscle cell proliferation	ENSMUSG00000003154	Foxj2	IEA
CRE upregulated	GO:0033002	muscle cell proliferation	ENSMUSG00000021796	Bmpr1a	IMP, IEA
CRE upregulated	GO:0033002	muscle cell proliferation	ENSMUSG00000039191	Rbpj	IMP
CRE upregulated	GO:0033002	muscle cell proliferation	ENSMUSG00000000001	ENSMUSG00000000001	ISO
CRE upregulated	GO:0033002	muscle cell proliferation	ENSMUSG00000004099	ENSMUSG00000004099	IEA
CRE upregulated	GO:0033002	muscle cell proliferation	ENSMUSG00000032508	Myd88	ISO, IEA
CRE upregulated	GO:0033002	muscle cell proliferation	ENSMUSG00000002633	Shh	IMP
CRE upregulated	GO:0033002	muscle cell proliferation	ENSMUSG00000027646	ENSMUSG00000027646	ISO, IEA
CRE upregulated	GO:0033002	muscle cell proliferation	ENSMUSG00000032501	Trib1	IEA
CRE upregulated	GO:0051603	proteolysis involved in protein catabolic process	ENSMUSG00000039328	Rnf122	ISS, IEA
CRE upregulated	GO:0051603	proteolysis involved in protein catabolic process	ENSMUSG00000001054	Rmnd5b	IBA, IEA
CRE upregulated	GO:0051603	proteolysis involved in protein catabolic process	ENSMUSG00000109901	Chmp1b	ISO, IEA
CRE upregulated	GO:0051603	proteolysis involved in protein catabolic process	ENSMUSG00000028793	Rnf19b	IBA
CRE upregulated	GO:0051603	proteolysis involved in protein catabolic process	ENSMUSG00000021501	Caml	ISS, IEA
CRE upregulated	GO:0051603	proteolysis involved in protein catabolic process	ENSMUSG00000025139	Tollip	IBA
CRE upregulated	GO:0051603	proteolysis involved in protein catabolic process	ENSMUSG00000022607	Ptk2	IMP
CRE upregulated	GO:0051603	proteolysis involved in protein catabolic process	ENSMUSG00000020271	Fbxw11	IMP, ISS
CRE upregulated	GO:0051603	proteolysis involved in protein catabolic process	ENSMUSG00000025408	Ddit3	IEA
CRE upregulated	GO:0051603	proteolysis involved in protein catabolic process	ENSMUSG00000018909	Arrb1	IMP, ISS, IEA
CRE upregulated	GO:0051603	proteolysis involved in protein catabolic process	ENSMUSG00000020064	Herc4	IBA
CRE upregulated	GO:0051603	proteolysis involved in protein catabolic process	ENSMUSG00000027455	Nsfl1c	IBA
CRE upregulated	GO:0051603	proteolysis involved in protein catabolic process	ENSMUSG00000023286	Ube2j2	IBA, IEA
CRE upregulated	GO:0051603	proteolysis involved in protein catabolic process	ENSMUSG00000017428	Psmd11	ISS, IBA, IEA
CRE upregulated	GO:0051603	proteolysis involved in protein catabolic process	ENSMUSG00000036057	Ptpn23	ISS, IBA, IEA
CRE upregulated	GO:0051603	proteolysis involved in protein catabolic process	ENSMUSG00000022433	Csnk1e	IMP, IBA
CRE upregulated	GO:0051603	proteolysis involved in protein catabolic process	ENSMUSG00000027954	Efna1	IEA
CRE upregulated	GO:0051603	proteolysis involved in protein catabolic process	ENSMUSG00000020027	Socs2	ISS, IEA
CRE upregulated	GO:0051603	proteolysis involved in protein catabolic process	ENSMUSG00000017615	Tnfaip1	ISS, IBA, IEA
CRE upregulated	GO:0051603	proteolysis involved in protein catabolic process	ENSMUSG00000033545	Znrf1	IDA, IBA
CRE upregulated	GO:0051603	proteolysis involved in protein catabolic process	ENSMUSG00000038733	Wdr26	IBA
CRE upregulated	GO:0051603	proteolysis involved in protein catabolic process	ENSMUSG00000019188	ENSMUSG00000019188	IEA
CRE upregulated	GO:0051603	proteolysis involved in protein catabolic process	ENSMUSG00000026718	ENSMUSG00000026718	IBA
CRE upregulated	GO:0051603	proteolysis involved in protein catabolic process	ENSMUSG00000026078	Pdcl3	ISO, IEA
CRE upregulated	GO:0051603	proteolysis involved in protein catabolic process	ENSMUSG00000029071	ENSMUSG00000029071	IEA
CRE upregulated	GO:0051603	proteolysis involved in protein catabolic process	ENSMUSG00000032715	Trib3	IBA, TAS
CRE upregulated	GO:0051603	proteolysis involved in protein catabolic process	ENSMUSG00000020694	ENSMUSG00000020694	ISS, IEA
CRE upregulated	GO:0051603	proteolysis involved in protein catabolic process	ENSMUSG00000025162	ENSMUSG00000025162	IMP, IBA, IEA
CRE upregulated	GO:0051603	proteolysis involved in protein catabolic process	ENSMUSG00000029110	ENSMUSG00000029110	ISS, IEA
CRE upregulated	GO:0051603	proteolysis involved in protein catabolic process	ENSMUSG00000020448	Rnf185	ISS, IBA, IEA
CRE upregulated	GO:0051603	proteolysis involved in protein catabolic process	ENSMUSG00000038467	ENSMUSG00000038467	ISO, IEA
CRE upregulated	GO:0051603	proteolysis involved in protein catabolic process	ENSMUSG00000026864	ENSMUSG00000026864	IDA, IBA
CRE upregulated	GO:0051603	proteolysis involved in protein catabolic process	ENSMUSG00000021072	Tmx1	ISS, IEA
CRE upregulated	GO:0051603	proteolysis involved in protein catabolic process	ENSMUSG00000002633	Shh	IMP
CRE upregulated	GO:0051603	proteolysis involved in protein catabolic process	ENSMUSG00000053581	ENSMUSG00000053581	IMP, IBA
CRE upregulated	GO:0051603	proteolysis involved in protein catabolic process	ENSMUSG00000015357	ENSMUSG00000015357	ISS, IBA, IEA
CRE upregulated	GO:0051603	proteolysis involved in protein catabolic process	ENSMUSG00000025198	ENSMUSG00000025198	IEA
CRE upregulated	GO:0051603	proteolysis involved in protein catabolic process	ENSMUSG00000038250	ENSMUSG00000038250	IEA
CRE upregulated	GO:0051603	proteolysis involved in protein catabolic process	ENSMUSG00000020794	Ube2g1	IBA, IEA
CRE upregulated	GO:0051603	proteolysis involved in protein catabolic process	ENSMUSG00000028291	ENSMUSG00000028291	ISS, IEA
CRE upregulated	GO:0051603	proteolysis involved in protein catabolic process	ENSMUSG00000032501	Trib1	IDA, IBA
CRE upregulated	GO:0051603	proteolysis involved in protein catabolic process	ENSMUSG00000015839	Nfe2l2	ISS, IEA
CRE upregulated	GO:0051603	proteolysis involved in protein catabolic process	ENSMUSG00000021477	ENSMUSG00000021477	IMP, IBA
CRE upregulated	GO:0051603	proteolysis involved in protein catabolic process	ENSMUSG00000031751	ENSMUSG00000031751	ISS, IBA, IEA
CRE upregulated	GO:0051603	proteolysis involved in protein catabolic process	ENSMUSG00000046707	ENSMUSG00000046707	IEA
CRE upregulated	GO:0061564	axon development	ENSMUSG00000051379	Flrt3	IMP, ISO, IEA
CRE upregulated	GO:0061564	axon development	ENSMUSG00000052684	Jun	IMP
CRE upregulated	GO:0061564	axon development	ENSMUSG00000019647	Sema6a	IMP, IBA, NAS
CRE upregulated	GO:0061564	axon development	ENSMUSG00000023905	Tnfrsf12a	IDA
CRE upregulated	GO:0061564	axon development	ENSMUSG00000048482	Bdnf	IDA, IMP, IGI, ISO, IEA
CRE upregulated	GO:0061564	axon development	ENSMUSG00000018736	Ndel1	IMP, ISO
CRE upregulated	GO:0061564	axon development	ENSMUSG00000018507	Trpv2	IMP
CRE upregulated	GO:0061564	axon development	ENSMUSG00000037568	Vash2	ISS, IEA
CRE upregulated	GO:0061564	axon development	ENSMUSG00000045136	Tubb2b	ISS, IEA
CRE upregulated	GO:0061564	axon development	ENSMUSG00000025809	Itgb1	IMP, IGI
CRE upregulated	GO:0061564	axon development	ENSMUSG00000031078	Cttn	ISS, ISO
CRE upregulated	GO:0061564	axon development	ENSMUSG00000022607	Ptk2	IMP
CRE upregulated	GO:0061564	axon development	ENSMUSG00000017929	B4galt5	IMP
CRE upregulated	GO:0061564	axon development	ENSMUSG00000031628	Casp3	ISO, IEA
CRE upregulated	GO:0061564	axon development	ENSMUSG00000032078	Zpr1	IMP, IBA, IEA
CRE upregulated	GO:0061564	axon development	ENSMUSG00000055407	Map6	ISO, IBA
CRE upregulated	GO:0061564	axon development	ENSMUSG00000001847	Rac1	IMP, IBA, IEA
CRE upregulated	GO:0061564	axon development	ENSMUSG00000030077	Chl1	IMP, IEA
CRE upregulated	GO:0061564	axon development	ENSMUSG00000044667	Plppr4	ISO, IBA
CRE upregulated	GO:0061564	axon development	ENSMUSG00000001627	Ifrd1	IGI
CRE upregulated	GO:0061564	axon development	ENSMUSG00000029765	Plxna4	IMP, IGI, IBA
CRE upregulated	GO:0061564	axon development	ENSMUSG00000027954	Efna1	IDA, IBA
CRE upregulated	GO:0061564	axon development	ENSMUSG00000024789	Jak2	ISS, ISO, IEA
CRE upregulated	GO:0061564	axon development	ENSMUSG00000030223	ENSMUSG00000030223	IMP, IBA
CRE upregulated	GO:0061564	axon development	ENSMUSG00000027797	Dclk1	IMP, IGI
CRE upregulated	GO:0061564	axon development	ENSMUSG00000023915	Tnfrsf21	ISO, IEA
CRE upregulated	GO:0061564	axon development	ENSMUSG00000029071	ENSMUSG00000029071	IDA
CRE upregulated	GO:0061564	axon development	ENSMUSG00000037815	Ctnna1	IEA
CRE upregulated	GO:0061564	axon development	ENSMUSG00000020671	ENSMUSG00000020671	ISS, ISO
CRE upregulated	GO:0061564	axon development	ENSMUSG00000027997	Casp6	ISO
CRE upregulated	GO:0061564	axon development	ENSMUSG00000020594	ENSMUSG00000020594	ISO, IEA
CRE upregulated	GO:0061564	axon development	ENSMUSG00000002633	Shh	IDA, IMP, ISO
CRE upregulated	GO:0061564	axon development	ENSMUSG00000020340	ENSMUSG00000020340	IBA
CRE upregulated	GO:0061564	axon development	ENSMUSG00000023277	ENSMUSG00000023277	IEA
CRE upregulated	GO:0061564	axon development	ENSMUSG00000047261	ENSMUSG00000047261	IMP, IBA
CRE upregulated	GO:0061564	axon development	ENSMUSG00000000627	ENSMUSG00000000627	ISO, IBA, IEA
CRE upregulated	GO:0014812	muscle cell migration	ENSMUSG00000020427	Igfbp3	IEA
CRE upregulated	GO:0014812	muscle cell migration	ENSMUSG00000006304	Arpc2	ISO
CRE upregulated	GO:0014812	muscle cell migration	ENSMUSG00000015745	Plekho1	IMP
CRE upregulated	GO:0014812	muscle cell migration	ENSMUSG00000002250	Ppard	ISO
CRE upregulated	GO:0014812	muscle cell migration	ENSMUSG00000027540	Ptpn1	IEA
CRE upregulated	GO:0014812	muscle cell migration	ENSMUSG00000043895	S1pr2	ISO
CRE upregulated	GO:0014812	muscle cell migration	ENSMUSG00000022607	Ptk2	ISO
CRE upregulated	GO:0014812	muscle cell migration	ENSMUSG00000025408	Ddit3	IMP
CRE upregulated	GO:0014812	muscle cell migration	ENSMUSG00000042121	Ssh1	ISO, IEA
CRE upregulated	GO:0014812	muscle cell migration	ENSMUSG00000022346	Myc	ISO
CRE upregulated	GO:0014812	muscle cell migration	ENSMUSG00000021796	Bmpr1a	IEA
CRE upregulated	GO:0014812	muscle cell migration	ENSMUSG00000037411	Serpine1	IEA
CRE upregulated	GO:0014812	muscle cell migration	ENSMUSG00000027646	ENSMUSG00000027646	ISO, IEA
CRE upregulated	GO:0014812	muscle cell migration	ENSMUSG00000032501	Trib1	IEA
CRE upregulated	GO:0014812	muscle cell migration	ENSMUSG00000015839	Nfe2l2	ISO, IEA
CRE upregulated	GO:0034620	cellular response to unfolded protein	ENSMUSG00000026628	Atf3	IMP
CRE upregulated	GO:0034620	cellular response to unfolded protein	ENSMUSG00000027540	Ptpn1	IMP, ISS, IBA, IEA
CRE upregulated	GO:0034620	cellular response to unfolded protein	ENSMUSG00000041548	Hspb8	IBA, IEA
CRE upregulated	GO:0034620	cellular response to unfolded protein	ENSMUSG00000042406	Atf4	IDA, IMP
CRE upregulated	GO:0034620	cellular response to unfolded protein	ENSMUSG00000025408	Ddit3	IDA, IMP
CRE upregulated	GO:0034620	cellular response to unfolded protein	ENSMUSG00000040435	Ppp1r15a	IMP
CRE upregulated	GO:0034620	cellular response to unfolded protein	ENSMUSG00000041594	ENSMUSG00000041594	IMP, IBA
CRE upregulated	GO:0034620	cellular response to unfolded protein	ENSMUSG00000028466	Creb3	IEA
CRE upregulated	GO:0034620	cellular response to unfolded protein	ENSMUSG00000031668	ENSMUSG00000031668	IEA
CRE upregulated	GO:0034620	cellular response to unfolded protein	ENSMUSG00000026864	ENSMUSG00000026864	IMP, ISS, IBA
CRE upregulated	GO:0034620	cellular response to unfolded protein	ENSMUSG00000015839	Nfe2l2	IDA
CRE upregulated	GO:0034620	cellular response to unfolded protein	ENSMUSG00000031751	ENSMUSG00000031751	IBA, IEA
CRE upregulated	GO:0014909	smooth muscle cell migration	ENSMUSG00000020427	Igfbp3	IEA
CRE upregulated	GO:0014909	smooth muscle cell migration	ENSMUSG00000006304	Arpc2	ISO
CRE upregulated	GO:0014909	smooth muscle cell migration	ENSMUSG00000002250	Ppard	ISO
CRE upregulated	GO:0014909	smooth muscle cell migration	ENSMUSG00000027540	Ptpn1	IEA
CRE upregulated	GO:0014909	smooth muscle cell migration	ENSMUSG00000043895	S1pr2	ISO
CRE upregulated	GO:0014909	smooth muscle cell migration	ENSMUSG00000022607	Ptk2	ISO
CRE upregulated	GO:0014909	smooth muscle cell migration	ENSMUSG00000025408	Ddit3	IMP
CRE upregulated	GO:0014909	smooth muscle cell migration	ENSMUSG00000042121	Ssh1	ISO, IEA
CRE upregulated	GO:0014909	smooth muscle cell migration	ENSMUSG00000022346	Myc	ISO
CRE upregulated	GO:0014909	smooth muscle cell migration	ENSMUSG00000021796	Bmpr1a	IEA
CRE upregulated	GO:0014909	smooth muscle cell migration	ENSMUSG00000037411	Serpine1	IEA
CRE upregulated	GO:0014909	smooth muscle cell migration	ENSMUSG00000027646	ENSMUSG00000027646	ISO, IEA
CRE upregulated	GO:0014909	smooth muscle cell migration	ENSMUSG00000032501	Trib1	IEA
CRE upregulated	GO:0014909	smooth muscle cell migration	ENSMUSG00000015839	Nfe2l2	ISO, IEA
CRE upregulated	GO:0010817	regulation of hormone levels	ENSMUSG00000063632	Sox11	IMP
CRE upregulated	GO:0010817	regulation of hormone levels	ENSMUSG00000037428	Vgf	IGI
CRE upregulated	GO:0010817	regulation of hormone levels	ENSMUSG00000031574	Star	ISO, IEA
CRE upregulated	GO:0010817	regulation of hormone levels	ENSMUSG00000030898	Cckbr	ISO
CRE upregulated	GO:0010817	regulation of hormone levels	ENSMUSG00000030102	Itpr1	IMP, IGI
CRE upregulated	GO:0010817	regulation of hormone levels	ENSMUSG00000020427	Igfbp3	ISO
CRE upregulated	GO:0010817	regulation of hormone levels	ENSMUSG00000035621	Midn	ISO, IEA
CRE upregulated	GO:0010817	regulation of hormone levels	ENSMUSG00000024256	Adcyap1	IDA, ISS, ISO, IEA
CRE upregulated	GO:0010817	regulation of hormone levels	ENSMUSG00000002250	Ppard	ISO, NAS
CRE upregulated	GO:0010817	regulation of hormone levels	ENSMUSG00000038894	Irs2	IMP
CRE upregulated	GO:0010817	regulation of hormone levels	ENSMUSG00000035828	Pim3	IMP
CRE upregulated	GO:0010817	regulation of hormone levels	ENSMUSG00000026796	Niban2	IEA
CRE upregulated	GO:0010817	regulation of hormone levels	ENSMUSG00000026675	Hsd17b7	IDA, ISO, IEA
CRE upregulated	GO:0010817	regulation of hormone levels	ENSMUSG00000051343	Rab11fip5	IMP
CRE upregulated	GO:0010817	regulation of hormone levels	ENSMUSG00000025746	Il6	IDA, IMP
CRE upregulated	GO:0010817	regulation of hormone levels	ENSMUSG00000001847	Rac1	IMP, ISO
CRE upregulated	GO:0010817	regulation of hormone levels	ENSMUSG00000018909	Arrb1	IMP
CRE upregulated	GO:0010817	regulation of hormone levels	ENSMUSG00000036437	Npy1r	ISO
CRE upregulated	GO:0010817	regulation of hormone levels	ENSMUSG00000024789	Jak2	ISS, ISO, IEA
CRE upregulated	GO:0010817	regulation of hormone levels	ENSMUSG00000010095	Slc3a2	IEA
CRE upregulated	GO:0010817	regulation of hormone levels	ENSMUSG00000022555	Dgat1	ISO, IEA
CRE upregulated	GO:0010817	regulation of hormone levels	ENSMUSG00000004347	ENSMUSG00000004347	ISO
CRE upregulated	GO:0010817	regulation of hormone levels	ENSMUSG00000044453	Ffar1	IDA, IMP, ISO, IBA
CRE upregulated	GO:0010817	regulation of hormone levels	ENSMUSG00000032902	Slc16a1	IMP
CRE upregulated	GO:0010817	regulation of hormone levels	ENSMUSG00000026074	Map4k4	IEA
CRE upregulated	GO:0010817	regulation of hormone levels	ENSMUSG00000066441	ENSMUSG00000066441	IMP, ISS, IEA
CRE upregulated	GO:0010817	regulation of hormone levels	ENSMUSG00000031278	ENSMUSG00000031278	ISS, ISO
CRE upregulated	GO:0010817	regulation of hormone levels	ENSMUSG00000024517	Grp	ISS
CRE upregulated	GO:0010817	regulation of hormone levels	ENSMUSG00000021587	Pcsk1	IDA, IMP, ISO, IBA, IEA
CRE upregulated	GO:0010817	regulation of hormone levels	ENSMUSG00000008435	Rdh13	IEA
CRE upregulated	GO:0010817	regulation of hormone levels	ENSMUSG00000040010	Slc7a5	IEA
CRE upregulated	GO:0010817	regulation of hormone levels	ENSMUSG00000022094	ENSMUSG00000022094	IMP
CRE upregulated	GO:0010817	regulation of hormone levels	ENSMUSG00000038676	Ucn	ISO, IEA
CRE upregulated	GO:0010817	regulation of hormone levels	ENSMUSG00000020097	ENSMUSG00000020097	IMP
CRE upregulated	GO:0010817	regulation of hormone levels	ENSMUSG00000002633	Shh	IMP
CRE upregulated	GO:0010817	regulation of hormone levels	ENSMUSG00000051209	ENSMUSG00000051209	IDA
CRE upregulated	GO:0010817	regulation of hormone levels	ENSMUSG00000029762	Akr1b8	IEA
CRE upregulated	GO:0010817	regulation of hormone levels	ENSMUSG00000021477	ENSMUSG00000021477	IMP, ISS
CRE upregulated	GO:0010817	regulation of hormone levels	ENSMUSG00000024907	Gal	ISO, IEA
CRE upregulated	GO:0006417	regulation of translation	ENSMUSG00000056076	Eif3b	IEA
CRE upregulated	GO:0006417	regulation of translation	ENSMUSG00000026254	Eif4e2	ISS, ISO, IEA
CRE upregulated	GO:0006417	regulation of translation	ENSMUSG00000040025	Ythdf2	ISS
CRE upregulated	GO:0006417	regulation of translation	ENSMUSG00000028156	Eif4e	IDA, IMP, IEP, ISS, IEA
CRE upregulated	GO:0006417	regulation of translation	ENSMUSG00000025239	Limd1	ISS, IEA
CRE upregulated	GO:0006417	regulation of translation	ENSMUSG00000027613	Eif6	IMP, ISS, IEA
CRE upregulated	GO:0006417	regulation of translation	ENSMUSG00000040435	Ppp1r15a	IDA, IEA
CRE upregulated	GO:0006417	regulation of translation	ENSMUSG00000030057	Cnbp	IBA, IEA
CRE upregulated	GO:0006417	regulation of translation	ENSMUSG00000024360	Etf1	IEA
CRE upregulated	GO:0006417	regulation of translation	ENSMUSG00000058355	Abce1	IEA
CRE upregulated	GO:0006417	regulation of translation	ENSMUSG00000030309	Caprin2	IEA
CRE upregulated	GO:0006417	regulation of translation	ENSMUSG00000031960	Aars1	IMP
CRE upregulated	GO:0006417	regulation of translation	ENSMUSG00000028893	Sesn2	IMP, IEA
CRE upregulated	GO:0006417	regulation of translation	ENSMUSG00000020547	Bzw2	ISS, IEA
CRE upregulated	GO:0006417	regulation of translation	ENSMUSG00000031668	ENSMUSG00000031668	IEA
CRE upregulated	GO:0006417	regulation of translation	ENSMUSG00000053175	Bcl3	IEA
CRE upregulated	GO:0006417	regulation of translation	ENSMUSG00000068739	ENSMUSG00000068739	ISS, IEA
CRE upregulated	GO:0006417	regulation of translation	ENSMUSG00000039108	ENSMUSG00000039108	IEA
CRE upregulated	GO:0006417	regulation of translation	ENSMUSG00000109336	ENSMUSG00000109336	IEA
CRE upregulated	GO:0006417	regulation of translation	ENSMUSG00000019763	ENSMUSG00000019763	ISS, IBA, IEA
CRE upregulated	GO:0006417	regulation of translation	ENSMUSG00000020594	ENSMUSG00000020594	ISO, IEA
CRE upregulated	GO:0006417	regulation of translation	ENSMUSG00000000787	ENSMUSG00000000787	ISS, IEA
CRE upregulated	GO:0006417	regulation of translation	ENSMUSG00000038676	Ucn	ISO, IEA
CRE upregulated	GO:0006417	regulation of translation	ENSMUSG00000025403	ENSMUSG00000025403	IMP, IEA
CRE upregulated	GO:0006417	regulation of translation	ENSMUSG00000078676	ENSMUSG00000078676	IEA
CRE upregulated	GO:0006417	regulation of translation	ENSMUSG00000024613	ENSMUSG00000024613	ISS, IEA
CRE upregulated	GO:0006417	regulation of translation	ENSMUSG00000021282	ENSMUSG00000021282	IEA
CRE upregulated	GO:0031334	positive regulation of protein-containing complex assembly	ENSMUSG00000006304	Arpc2	IDA, ISO
CRE upregulated	GO:0031334	positive regulation of protein-containing complex assembly	ENSMUSG00000015243	Abca1	IMP
CRE upregulated	GO:0031334	positive regulation of protein-containing complex assembly	ENSMUSG00000002233	Rhoc	IMP
CRE upregulated	GO:0031334	positive regulation of protein-containing complex assembly	ENSMUSG00000031078	Cttn	ISS, ISO, IEA
CRE upregulated	GO:0031334	positive regulation of protein-containing complex assembly	ENSMUSG00000037062	Sh3glb1	IEA
CRE upregulated	GO:0031334	positive regulation of protein-containing complex assembly	ENSMUSG00000059923	Grb2	IGI
CRE upregulated	GO:0031334	positive regulation of protein-containing complex assembly	ENSMUSG00000001847	Rac1	IDA, IEA
CRE upregulated	GO:0031334	positive regulation of protein-containing complex assembly	ENSMUSG00000050335	Lgals3	IEA
CRE upregulated	GO:0031334	positive regulation of protein-containing complex assembly	ENSMUSG00000024777	ENSMUSG00000024777	ISO, IEA
CRE upregulated	GO:0031334	positive regulation of protein-containing complex assembly	ENSMUSG00000020349	ENSMUSG00000020349	IMP
CRE upregulated	GO:0031334	positive regulation of protein-containing complex assembly	ENSMUSG00000044147	Arf6	IEA
CRE upregulated	GO:0031334	positive regulation of protein-containing complex assembly	ENSMUSG00000011877	Git1	ISS, IEA
CRE upregulated	GO:0031334	positive regulation of protein-containing complex assembly	ENSMUSG00000041598	Cdc42ep4	IBA
CRE upregulated	GO:0031334	positive regulation of protein-containing complex assembly	ENSMUSG00000045664	Cdc42ep2	IBA, IEA
CRE upregulated	GO:0031334	positive regulation of protein-containing complex assembly	ENSMUSG00000000787	ENSMUSG00000000787	IDA
CRE upregulated	GO:0031334	positive regulation of protein-containing complex assembly	ENSMUSG00000052681	Rap1b	IEA
CRE upregulated	GO:0031334	positive regulation of protein-containing complex assembly	ENSMUSG00000032508	Myd88	ISS, IEA
CRE upregulated	GO:0031334	positive regulation of protein-containing complex assembly	ENSMUSG00000027646	ENSMUSG00000027646	IDA, IGI
CRE upregulated	GO:0031334	positive regulation of protein-containing complex assembly	ENSMUSG00000049550	ENSMUSG00000049550	ISS, IBA, IEA
CRE upregulated	GO:0014912	negative regulation of smooth muscle cell migration	ENSMUSG00000020427	Igfbp3	IEA
CRE upregulated	GO:0014912	negative regulation of smooth muscle cell migration	ENSMUSG00000002250	Ppard	ISO
CRE upregulated	GO:0014912	negative regulation of smooth muscle cell migration	ENSMUSG00000027540	Ptpn1	IEA
CRE upregulated	GO:0014912	negative regulation of smooth muscle cell migration	ENSMUSG00000043895	S1pr2	ISO
CRE upregulated	GO:0014912	negative regulation of smooth muscle cell migration	ENSMUSG00000021796	Bmpr1a	IEA
CRE upregulated	GO:0014912	negative regulation of smooth muscle cell migration	ENSMUSG00000037411	Serpine1	IEA
CRE upregulated	GO:0014912	negative regulation of smooth muscle cell migration	ENSMUSG00000032501	Trib1	IEA
CRE upregulated	GO:0014912	negative regulation of smooth muscle cell migration	ENSMUSG00000015839	Nfe2l2	ISO, IEA
CRE upregulated	GO:0046847	filopodium assembly	ENSMUSG00000024143	Rhoq	IEA
CRE upregulated	GO:0046847	filopodium assembly	ENSMUSG00000006304	Arpc2	ISO
CRE upregulated	GO:0046847	filopodium assembly	ENSMUSG00000043895	S1pr2	IEA
CRE upregulated	GO:0046847	filopodium assembly	ENSMUSG00000022272	Myo10	ISS, IBA, IEA
CRE upregulated	GO:0046847	filopodium assembly	ENSMUSG00000021990	Spata13	IEA
CRE upregulated	GO:0046847	filopodium assembly	ENSMUSG00000001847	Rac1	ISO
CRE upregulated	GO:0046847	filopodium assembly	ENSMUSG00000044147	Arf6	IEA
CRE upregulated	GO:0046847	filopodium assembly	ENSMUSG00000031937	ENSMUSG00000031937	IMP, IBA
CRE upregulated	GO:0046847	filopodium assembly	ENSMUSG00000008859	ENSMUSG00000008859	IEA
CRE upregulated	GO:0046847	filopodium assembly	ENSMUSG00000039671	ENSMUSG00000039671	ISO, IEA
CRE upregulated	GO:0046847	filopodium assembly	ENSMUSG00000047261	ENSMUSG00000047261	IEA
CRE upregulated	GO:0019941	modification-dependent protein catabolic process	ENSMUSG00000039328	Rnf122	ISS, IEA
CRE upregulated	GO:0019941	modification-dependent protein catabolic process	ENSMUSG00000001054	Rmnd5b	IBA, IEA
CRE upregulated	GO:0019941	modification-dependent protein catabolic process	ENSMUSG00000109901	Chmp1b	ISO, IEA
CRE upregulated	GO:0019941	modification-dependent protein catabolic process	ENSMUSG00000028793	Rnf19b	IBA
CRE upregulated	GO:0019941	modification-dependent protein catabolic process	ENSMUSG00000021501	Caml	ISS, IEA
CRE upregulated	GO:0019941	modification-dependent protein catabolic process	ENSMUSG00000025139	Tollip	IBA
CRE upregulated	GO:0019941	modification-dependent protein catabolic process	ENSMUSG00000022607	Ptk2	IMP
CRE upregulated	GO:0019941	modification-dependent protein catabolic process	ENSMUSG00000020271	Fbxw11	IMP, ISS
CRE upregulated	GO:0019941	modification-dependent protein catabolic process	ENSMUSG00000025408	Ddit3	IEA
CRE upregulated	GO:0019941	modification-dependent protein catabolic process	ENSMUSG00000018909	Arrb1	IMP, ISS, IEA
CRE upregulated	GO:0019941	modification-dependent protein catabolic process	ENSMUSG00000020064	Herc4	IBA
CRE upregulated	GO:0019941	modification-dependent protein catabolic process	ENSMUSG00000027455	Nsfl1c	IBA
CRE upregulated	GO:0019941	modification-dependent protein catabolic process	ENSMUSG00000023286	Ube2j2	IEA
CRE upregulated	GO:0019941	modification-dependent protein catabolic process	ENSMUSG00000017428	Psmd11	ISS, IBA, IEA
CRE upregulated	GO:0019941	modification-dependent protein catabolic process	ENSMUSG00000036057	Ptpn23	ISS, IBA, IEA
CRE upregulated	GO:0019941	modification-dependent protein catabolic process	ENSMUSG00000022433	Csnk1e	IMP, IBA
CRE upregulated	GO:0019941	modification-dependent protein catabolic process	ENSMUSG00000020027	Socs2	ISS, IEA
CRE upregulated	GO:0019941	modification-dependent protein catabolic process	ENSMUSG00000017615	Tnfaip1	ISS, IBA, IEA
CRE upregulated	GO:0019941	modification-dependent protein catabolic process	ENSMUSG00000033545	Znrf1	IDA, IBA
CRE upregulated	GO:0019941	modification-dependent protein catabolic process	ENSMUSG00000038733	Wdr26	IBA
CRE upregulated	GO:0019941	modification-dependent protein catabolic process	ENSMUSG00000026718	ENSMUSG00000026718	IBA
CRE upregulated	GO:0019941	modification-dependent protein catabolic process	ENSMUSG00000026078	Pdcl3	ISO, IEA
CRE upregulated	GO:0019941	modification-dependent protein catabolic process	ENSMUSG00000029071	ENSMUSG00000029071	IEA
CRE upregulated	GO:0019941	modification-dependent protein catabolic process	ENSMUSG00000032715	Trib3	IBA, TAS
CRE upregulated	GO:0019941	modification-dependent protein catabolic process	ENSMUSG00000020694	ENSMUSG00000020694	ISS, IEA
CRE upregulated	GO:0019941	modification-dependent protein catabolic process	ENSMUSG00000025162	ENSMUSG00000025162	IMP, IBA, IEA
CRE upregulated	GO:0019941	modification-dependent protein catabolic process	ENSMUSG00000029110	ENSMUSG00000029110	ISS, IEA
CRE upregulated	GO:0019941	modification-dependent protein catabolic process	ENSMUSG00000020448	Rnf185	IBA, IEA
CRE upregulated	GO:0019941	modification-dependent protein catabolic process	ENSMUSG00000038467	ENSMUSG00000038467	ISO, IEA
CRE upregulated	GO:0019941	modification-dependent protein catabolic process	ENSMUSG00000002633	Shh	IMP
CRE upregulated	GO:0019941	modification-dependent protein catabolic process	ENSMUSG00000053581	ENSMUSG00000053581	IMP, IBA
CRE upregulated	GO:0019941	modification-dependent protein catabolic process	ENSMUSG00000038250	ENSMUSG00000038250	IEA
CRE upregulated	GO:0019941	modification-dependent protein catabolic process	ENSMUSG00000020794	Ube2g1	IBA, IEA
CRE upregulated	GO:0019941	modification-dependent protein catabolic process	ENSMUSG00000028291	ENSMUSG00000028291	ISS, IEA
CRE upregulated	GO:0019941	modification-dependent protein catabolic process	ENSMUSG00000032501	Trib1	IDA, IBA
CRE upregulated	GO:0019941	modification-dependent protein catabolic process	ENSMUSG00000015839	Nfe2l2	ISS, IEA
CRE upregulated	GO:0019941	modification-dependent protein catabolic process	ENSMUSG00000031751	ENSMUSG00000031751	IBA, IEA
CRE upregulated	GO:0019941	modification-dependent protein catabolic process	ENSMUSG00000046707	ENSMUSG00000046707	IEA
CRE upregulated	GO:0035967	cellular response to topologically incorrect protein	ENSMUSG00000026628	Atf3	IMP
CRE upregulated	GO:0035967	cellular response to topologically incorrect protein	ENSMUSG00000027540	Ptpn1	IMP, ISS, IBA, IEA
CRE upregulated	GO:0035967	cellular response to topologically incorrect protein	ENSMUSG00000041548	Hspb8	IBA, IEA
CRE upregulated	GO:0035967	cellular response to topologically incorrect protein	ENSMUSG00000042406	Atf4	IDA, IMP
CRE upregulated	GO:0035967	cellular response to topologically incorrect protein	ENSMUSG00000025408	Ddit3	IDA, IMP
CRE upregulated	GO:0035967	cellular response to topologically incorrect protein	ENSMUSG00000040435	Ppp1r15a	IMP
CRE upregulated	GO:0035967	cellular response to topologically incorrect protein	ENSMUSG00000041594	ENSMUSG00000041594	IMP, IBA
CRE upregulated	GO:0035967	cellular response to topologically incorrect protein	ENSMUSG00000028466	Creb3	IEA
CRE upregulated	GO:0035967	cellular response to topologically incorrect protein	ENSMUSG00000031668	ENSMUSG00000031668	IEA
CRE upregulated	GO:0035967	cellular response to topologically incorrect protein	ENSMUSG00000026864	ENSMUSG00000026864	IMP, ISS, IBA
CRE upregulated	GO:0035967	cellular response to topologically incorrect protein	ENSMUSG00000028291	ENSMUSG00000028291	ISS, IEA
CRE upregulated	GO:0035967	cellular response to topologically incorrect protein	ENSMUSG00000015839	Nfe2l2	IDA
CRE upregulated	GO:0035967	cellular response to topologically incorrect protein	ENSMUSG00000031751	ENSMUSG00000031751	IBA, IEA
CRE upregulated	GO:0071216	cellular response to biotic stimulus	ENSMUSG00000031574	Star	IEA
CRE upregulated	GO:0071216	cellular response to biotic stimulus	ENSMUSG00000037447	Arid5a	IMP
CRE upregulated	GO:0071216	cellular response to biotic stimulus	ENSMUSG00000035673	Sbno2	IDA
CRE upregulated	GO:0071216	cellular response to biotic stimulus	ENSMUSG00000002250	Ppard	ISO
CRE upregulated	GO:0071216	cellular response to biotic stimulus	ENSMUSG00000019461	Plscr3	IEP
CRE upregulated	GO:0071216	cellular response to biotic stimulus	ENSMUSG00000053436	Mapk14	IDA, ISO, IEA
CRE upregulated	GO:0071216	cellular response to biotic stimulus	ENSMUSG00000015243	Abca1	IDA
CRE upregulated	GO:0071216	cellular response to biotic stimulus	ENSMUSG00000025746	Il6	IDA, ISO
CRE upregulated	GO:0071216	cellular response to biotic stimulus	ENSMUSG00000055994	Nod2	IMP, ISS, IEA
CRE upregulated	GO:0071216	cellular response to biotic stimulus	ENSMUSG00000025408	Ddit3	IMP, ISO, IBA
CRE upregulated	GO:0071216	cellular response to biotic stimulus	ENSMUSG00000037580	Gch1	TAS
CRE upregulated	GO:0071216	cellular response to biotic stimulus	ENSMUSG00000024789	Jak2	IDA
CRE upregulated	GO:0071216	cellular response to biotic stimulus	ENSMUSG00000059866	Tnip2	IMP, IBA
CRE upregulated	GO:0071216	cellular response to biotic stimulus	ENSMUSG00000024803	Ankrd1	IDA, IEA
CRE upregulated	GO:0071216	cellular response to biotic stimulus	ENSMUSG00000024927	Rela	IEP, ISO, IBA, IEA
CRE upregulated	GO:0071216	cellular response to biotic stimulus	ENSMUSG00000040365	Trim41	ISS, IEA
CRE upregulated	GO:0071216	cellular response to biotic stimulus	ENSMUSG00000031668	ENSMUSG00000031668	IEA
CRE upregulated	GO:0071216	cellular response to biotic stimulus	ENSMUSG00000028599	Tnfrsf1b	IEA
CRE upregulated	GO:0071216	cellular response to biotic stimulus	ENSMUSG00000011877	Git1	IMP
CRE upregulated	GO:0071216	cellular response to biotic stimulus	ENSMUSG00000019256	ENSMUSG00000019256	IEA
CRE upregulated	GO:0071216	cellular response to biotic stimulus	ENSMUSG00000040010	Slc7a5	IEA
CRE upregulated	GO:0071216	cellular response to biotic stimulus	ENSMUSG00000032508	Myd88	IMP
CRE upregulated	GO:0071216	cellular response to biotic stimulus	ENSMUSG00000026864	ENSMUSG00000026864	IDA
CRE upregulated	GO:0071216	cellular response to biotic stimulus	ENSMUSG00000037411	Serpine1	IEA
CRE upregulated	GO:0071216	cellular response to biotic stimulus	ENSMUSG00000027646	ENSMUSG00000027646	IEA
CRE upregulated	GO:0071216	cellular response to biotic stimulus	ENSMUSG00000032501	Trib1	IEA
CRE upregulated	GO:0048729	tissue morphogenesis	ENSMUSG00000051379	Flrt3	IMP
CRE upregulated	GO:0048729	tissue morphogenesis	ENSMUSG00000063632	Sox11	IMP
CRE upregulated	GO:0048729	tissue morphogenesis	ENSMUSG00000025473	Adam8	TAS
CRE upregulated	GO:0048729	tissue morphogenesis	ENSMUSG00000021765	Fst	IMP
CRE upregulated	GO:0048729	tissue morphogenesis	ENSMUSG00000040151	Hs2st1	IMP
CRE upregulated	GO:0048729	tissue morphogenesis	ENSMUSG00000014599	Csf1	IMP
CRE upregulated	GO:0048729	tissue morphogenesis	ENSMUSG00000004846	Plod3	IMP
CRE upregulated	GO:0048729	tissue morphogenesis	ENSMUSG00000031681	Smad1	IGI
CRE upregulated	GO:0048729	tissue morphogenesis	ENSMUSG00000029378	Areg	IMP
CRE upregulated	GO:0048729	tissue morphogenesis	ENSMUSG00000005087	Cd44	IEA
CRE upregulated	GO:0048729	tissue morphogenesis	ENSMUSG00000026836	Acvr1	IMP, IEA
CRE upregulated	GO:0048729	tissue morphogenesis	ENSMUSG00000027198	Ext2	IMP
CRE upregulated	GO:0048729	tissue morphogenesis	ENSMUSG00000001420	Tmem79	IMP
CRE upregulated	GO:0048729	tissue morphogenesis	ENSMUSG00000025809	Itgb1	IEA
CRE upregulated	GO:0048729	tissue morphogenesis	ENSMUSG00000013089	Etv5	IDA
CRE upregulated	GO:0048729	tissue morphogenesis	ENSMUSG00000025746	Il6	IDA, IMP
CRE upregulated	GO:0048729	tissue morphogenesis	ENSMUSG00000002233	Rhoc	ISS
CRE upregulated	GO:0048729	tissue morphogenesis	ENSMUSG00000059923	Grb2	IMP
CRE upregulated	GO:0048729	tissue morphogenesis	ENSMUSG00000001507	Itga3	IEA
CRE upregulated	GO:0048729	tissue morphogenesis	ENSMUSG00000031628	Casp3	IMP
CRE upregulated	GO:0048729	tissue morphogenesis	ENSMUSG00000022346	Myc	IMP
CRE upregulated	GO:0048729	tissue morphogenesis	ENSMUSG00000053113	Socs3	IMP
CRE upregulated	GO:0048729	tissue morphogenesis	ENSMUSG00000024803	Ankrd1	IEA
CRE upregulated	GO:0048729	tissue morphogenesis	ENSMUSG00000067006	ENSMUSG00000067006	IMP
CRE upregulated	GO:0048729	tissue morphogenesis	ENSMUSG00000029071	ENSMUSG00000029071	IMP, IGI
CRE upregulated	GO:0048729	tissue morphogenesis	ENSMUSG00000024335	Brd2	IMP
CRE upregulated	GO:0048729	tissue morphogenesis	ENSMUSG00000036180	ENSMUSG00000036180	IMP
CRE upregulated	GO:0048729	tissue morphogenesis	ENSMUSG00000021796	Bmpr1a	IMP, IGI
CRE upregulated	GO:0048729	tissue morphogenesis	ENSMUSG00000020250	ENSMUSG00000020250	IMP
CRE upregulated	GO:0048729	tissue morphogenesis	ENSMUSG00000039191	Rbpj	IMP, TAS
CRE upregulated	GO:0048729	tissue morphogenesis	ENSMUSG00000035725	ENSMUSG00000035725	ISS, IEA
CRE upregulated	GO:0048729	tissue morphogenesis	ENSMUSG00000020671	ENSMUSG00000020671	ISS
CRE upregulated	GO:0048729	tissue morphogenesis	ENSMUSG00000058354	Krt6a	IMP, IGI
CRE upregulated	GO:0048729	tissue morphogenesis	ENSMUSG00000008859	ENSMUSG00000008859	IMP
CRE upregulated	GO:0048729	tissue morphogenesis	ENSMUSG00000002633	Shh	IDA, IMP, IGI, ISO
CRE upregulated	GO:0048729	tissue morphogenesis	ENSMUSG00000061244	ENSMUSG00000061244	IMP
CRE upregulated	GO:0048729	tissue morphogenesis	ENSMUSG00000027646	ENSMUSG00000027646	IMP
CRE upregulated	GO:0048729	tissue morphogenesis	ENSMUSG00000021477	ENSMUSG00000021477	IMP
CRE upregulated	GO:0048729	tissue morphogenesis	ENSMUSG00000053797	ENSMUSG00000053797	IMP
CRE upregulated	GO:0048729	tissue morphogenesis	ENSMUSG00000029475	ENSMUSG00000029475	IMP
CRE upregulated	GO:0009914	hormone transport	ENSMUSG00000063632	Sox11	IMP
CRE upregulated	GO:0009914	hormone transport	ENSMUSG00000037428	Vgf	IGI
CRE upregulated	GO:0009914	hormone transport	ENSMUSG00000030898	Cckbr	ISO
CRE upregulated	GO:0009914	hormone transport	ENSMUSG00000030102	Itpr1	IMP, IGI
CRE upregulated	GO:0009914	hormone transport	ENSMUSG00000020427	Igfbp3	ISO
CRE upregulated	GO:0009914	hormone transport	ENSMUSG00000035621	Midn	ISO, IEA
CRE upregulated	GO:0009914	hormone transport	ENSMUSG00000024256	Adcyap1	IDA, ISS, ISO, IEA
CRE upregulated	GO:0009914	hormone transport	ENSMUSG00000002250	Ppard	ISO, NAS
CRE upregulated	GO:0009914	hormone transport	ENSMUSG00000038894	Irs2	IMP
CRE upregulated	GO:0009914	hormone transport	ENSMUSG00000035828	Pim3	IMP
CRE upregulated	GO:0009914	hormone transport	ENSMUSG00000026796	Niban2	IEA
CRE upregulated	GO:0009914	hormone transport	ENSMUSG00000051343	Rab11fip5	IMP
CRE upregulated	GO:0009914	hormone transport	ENSMUSG00000025746	Il6	IDA, IMP
CRE upregulated	GO:0009914	hormone transport	ENSMUSG00000001847	Rac1	IMP, ISO
CRE upregulated	GO:0009914	hormone transport	ENSMUSG00000018909	Arrb1	IMP
CRE upregulated	GO:0009914	hormone transport	ENSMUSG00000036437	Npy1r	ISO
CRE upregulated	GO:0009914	hormone transport	ENSMUSG00000024789	Jak2	ISS, ISO, IEA
CRE upregulated	GO:0009914	hormone transport	ENSMUSG00000010095	Slc3a2	IEA
CRE upregulated	GO:0009914	hormone transport	ENSMUSG00000022555	Dgat1	ISO
CRE upregulated	GO:0009914	hormone transport	ENSMUSG00000004347	ENSMUSG00000004347	ISO
CRE upregulated	GO:0009914	hormone transport	ENSMUSG00000044453	Ffar1	IDA, IMP, ISO, IBA
CRE upregulated	GO:0009914	hormone transport	ENSMUSG00000032902	Slc16a1	IMP
CRE upregulated	GO:0009914	hormone transport	ENSMUSG00000026074	Map4k4	IEA
CRE upregulated	GO:0009914	hormone transport	ENSMUSG00000031278	ENSMUSG00000031278	ISS, ISO
CRE upregulated	GO:0009914	hormone transport	ENSMUSG00000024517	Grp	ISS
CRE upregulated	GO:0009914	hormone transport	ENSMUSG00000040010	Slc7a5	IEA
CRE upregulated	GO:0009914	hormone transport	ENSMUSG00000038676	Ucn	ISO, IEA
CRE upregulated	GO:0009914	hormone transport	ENSMUSG00000051209	ENSMUSG00000051209	IDA
CRE upregulated	GO:0009914	hormone transport	ENSMUSG00000024907	Gal	IEA
CRE upregulated	GO:0030968	endoplasmic reticulum unfolded protein response	ENSMUSG00000026628	Atf3	IMP
CRE upregulated	GO:0030968	endoplasmic reticulum unfolded protein response	ENSMUSG00000027540	Ptpn1	IMP, ISS, IBA, IEA
CRE upregulated	GO:0030968	endoplasmic reticulum unfolded protein response	ENSMUSG00000042406	Atf4	IDA, IMP
CRE upregulated	GO:0030968	endoplasmic reticulum unfolded protein response	ENSMUSG00000025408	Ddit3	IDA, IMP
CRE upregulated	GO:0030968	endoplasmic reticulum unfolded protein response	ENSMUSG00000040435	Ppp1r15a	IMP
CRE upregulated	GO:0030968	endoplasmic reticulum unfolded protein response	ENSMUSG00000041594	ENSMUSG00000041594	IMP, IBA
CRE upregulated	GO:0030968	endoplasmic reticulum unfolded protein response	ENSMUSG00000028466	Creb3	IEA
CRE upregulated	GO:0030968	endoplasmic reticulum unfolded protein response	ENSMUSG00000031668	ENSMUSG00000031668	IEA
CRE upregulated	GO:0030968	endoplasmic reticulum unfolded protein response	ENSMUSG00000026864	ENSMUSG00000026864	IMP, ISS, IBA
CRE upregulated	GO:0030968	endoplasmic reticulum unfolded protein response	ENSMUSG00000015839	Nfe2l2	IDA
CRE upregulated	GO:0030968	endoplasmic reticulum unfolded protein response	ENSMUSG00000031751	ENSMUSG00000031751	IBA, IEA
CRE upregulated	GO:0043632	modification-dependent macromolecule catabolic process	ENSMUSG00000039328	Rnf122	ISS, IEA
CRE upregulated	GO:0043632	modification-dependent macromolecule catabolic process	ENSMUSG00000001054	Rmnd5b	IBA, IEA
CRE upregulated	GO:0043632	modification-dependent macromolecule catabolic process	ENSMUSG00000109901	Chmp1b	ISO, IEA
CRE upregulated	GO:0043632	modification-dependent macromolecule catabolic process	ENSMUSG00000028793	Rnf19b	IBA
CRE upregulated	GO:0043632	modification-dependent macromolecule catabolic process	ENSMUSG00000021501	Caml	ISS, IEA
CRE upregulated	GO:0043632	modification-dependent macromolecule catabolic process	ENSMUSG00000025139	Tollip	IBA
CRE upregulated	GO:0043632	modification-dependent macromolecule catabolic process	ENSMUSG00000022607	Ptk2	IMP
CRE upregulated	GO:0043632	modification-dependent macromolecule catabolic process	ENSMUSG00000020271	Fbxw11	IMP, ISS
CRE upregulated	GO:0043632	modification-dependent macromolecule catabolic process	ENSMUSG00000025408	Ddit3	IEA
CRE upregulated	GO:0043632	modification-dependent macromolecule catabolic process	ENSMUSG00000018909	Arrb1	IMP, ISS, IEA
CRE upregulated	GO:0043632	modification-dependent macromolecule catabolic process	ENSMUSG00000020064	Herc4	IBA
CRE upregulated	GO:0043632	modification-dependent macromolecule catabolic process	ENSMUSG00000027455	Nsfl1c	IBA
CRE upregulated	GO:0043632	modification-dependent macromolecule catabolic process	ENSMUSG00000023286	Ube2j2	IEA
CRE upregulated	GO:0043632	modification-dependent macromolecule catabolic process	ENSMUSG00000017428	Psmd11	ISS, IBA, IEA
CRE upregulated	GO:0043632	modification-dependent macromolecule catabolic process	ENSMUSG00000036057	Ptpn23	ISS, IBA, IEA
CRE upregulated	GO:0043632	modification-dependent macromolecule catabolic process	ENSMUSG00000022433	Csnk1e	IMP, IBA
CRE upregulated	GO:0043632	modification-dependent macromolecule catabolic process	ENSMUSG00000020027	Socs2	ISS, IEA
CRE upregulated	GO:0043632	modification-dependent macromolecule catabolic process	ENSMUSG00000017615	Tnfaip1	ISS, IBA, IEA
CRE upregulated	GO:0043632	modification-dependent macromolecule catabolic process	ENSMUSG00000033545	Znrf1	IDA, IBA
CRE upregulated	GO:0043632	modification-dependent macromolecule catabolic process	ENSMUSG00000038733	Wdr26	IBA
CRE upregulated	GO:0043632	modification-dependent macromolecule catabolic process	ENSMUSG00000026718	ENSMUSG00000026718	IBA
CRE upregulated	GO:0043632	modification-dependent macromolecule catabolic process	ENSMUSG00000026078	Pdcl3	ISO, IEA
CRE upregulated	GO:0043632	modification-dependent macromolecule catabolic process	ENSMUSG00000029071	ENSMUSG00000029071	IEA
CRE upregulated	GO:0043632	modification-dependent macromolecule catabolic process	ENSMUSG00000032715	Trib3	IBA, TAS
CRE upregulated	GO:0043632	modification-dependent macromolecule catabolic process	ENSMUSG00000020694	ENSMUSG00000020694	ISS, IEA
CRE upregulated	GO:0043632	modification-dependent macromolecule catabolic process	ENSMUSG00000025162	ENSMUSG00000025162	IMP, IBA, IEA
CRE upregulated	GO:0043632	modification-dependent macromolecule catabolic process	ENSMUSG00000029110	ENSMUSG00000029110	ISS, IEA
CRE upregulated	GO:0043632	modification-dependent macromolecule catabolic process	ENSMUSG00000020448	Rnf185	IBA, IEA
CRE upregulated	GO:0043632	modification-dependent macromolecule catabolic process	ENSMUSG00000038467	ENSMUSG00000038467	ISO, IEA
CRE upregulated	GO:0043632	modification-dependent macromolecule catabolic process	ENSMUSG00000002633	Shh	IMP
CRE upregulated	GO:0043632	modification-dependent macromolecule catabolic process	ENSMUSG00000053581	ENSMUSG00000053581	IMP, IBA
CRE upregulated	GO:0043632	modification-dependent macromolecule catabolic process	ENSMUSG00000038250	ENSMUSG00000038250	IEA
CRE upregulated	GO:0043632	modification-dependent macromolecule catabolic process	ENSMUSG00000020794	Ube2g1	IBA, IEA
CRE upregulated	GO:0043632	modification-dependent macromolecule catabolic process	ENSMUSG00000028291	ENSMUSG00000028291	ISS, IEA
CRE upregulated	GO:0043632	modification-dependent macromolecule catabolic process	ENSMUSG00000032501	Trib1	IDA, IBA
CRE upregulated	GO:0043632	modification-dependent macromolecule catabolic process	ENSMUSG00000015839	Nfe2l2	ISS, IEA
CRE upregulated	GO:0043632	modification-dependent macromolecule catabolic process	ENSMUSG00000031751	ENSMUSG00000031751	IBA, IEA
CRE upregulated	GO:0043632	modification-dependent macromolecule catabolic process	ENSMUSG00000046707	ENSMUSG00000046707	IEA
CRE upregulated	GO:2001243	negative regulation of intrinsic apoptotic signaling pathway	ENSMUSG00000046223	Plaur	IEA
CRE upregulated	GO:2001243	negative regulation of intrinsic apoptotic signaling pathway	ENSMUSG00000004951	Hspb1	IDA
CRE upregulated	GO:2001243	negative regulation of intrinsic apoptotic signaling pathway	ENSMUSG00000005087	Cd44	IEA
CRE upregulated	GO:2001243	negative regulation of intrinsic apoptotic signaling pathway	ENSMUSG00000021070	Bdkrb2	IMP, IGI
CRE upregulated	GO:2001243	negative regulation of intrinsic apoptotic signaling pathway	ENSMUSG00000027540	Ptpn1	IMP
CRE upregulated	GO:2001243	negative regulation of intrinsic apoptotic signaling pathway	ENSMUSG00000037062	Sh3glb1	IMP
CRE upregulated	GO:2001243	negative regulation of intrinsic apoptotic signaling pathway	ENSMUSG00000042406	Atf4	ISO, IEA
CRE upregulated	GO:2001243	negative regulation of intrinsic apoptotic signaling pathway	ENSMUSG00000028466	Creb3	IEA
CRE upregulated	GO:2001243	negative regulation of intrinsic apoptotic signaling pathway	ENSMUSG00000000787	ENSMUSG00000000787	ISS
CRE upregulated	GO:2001243	negative regulation of intrinsic apoptotic signaling pathway	ENSMUSG00000032462	ENSMUSG00000032462	IMP
CRE upregulated	GO:2001243	negative regulation of intrinsic apoptotic signaling pathway	ENSMUSG00000019843	ENSMUSG00000019843	ISO
CRE upregulated	GO:2001243	negative regulation of intrinsic apoptotic signaling pathway	ENSMUSG00000027646	ENSMUSG00000027646	IBA, IEA
CRE upregulated	GO:2001243	negative regulation of intrinsic apoptotic signaling pathway	ENSMUSG00000015839	Nfe2l2	IEA
CRE upregulated	GO:0007267	cell-cell signaling	ENSMUSG00000063632	Sox11	IMP
CRE upregulated	GO:0007267	cell-cell signaling	ENSMUSG00000037428	Vgf	IGI, ISO, IBA, IEA
CRE upregulated	GO:0007267	cell-cell signaling	ENSMUSG00000042816	Gpr151	EXP, IDA, IMP
CRE upregulated	GO:0007267	cell-cell signaling	ENSMUSG00000031574	Star	ISO, IEA
CRE upregulated	GO:0007267	cell-cell signaling	ENSMUSG00000025473	Adam8	IEA
CRE upregulated	GO:0007267	cell-cell signaling	ENSMUSG00000030898	Cckbr	ISO
CRE upregulated	GO:0007267	cell-cell signaling	ENSMUSG00000030102	Itpr1	IMP, IGI
CRE upregulated	GO:0007267	cell-cell signaling	ENSMUSG00000020427	Igfbp3	ISO
CRE upregulated	GO:0007267	cell-cell signaling	ENSMUSG00000035621	Midn	ISO, IEA
CRE upregulated	GO:0007267	cell-cell signaling	ENSMUSG00000024261	Syt4	EXP, IDA, IMP, ISO, IBA, IEA
CRE upregulated	GO:0007267	cell-cell signaling	ENSMUSG00000048482	Bdnf	EXP, IDA, IMP, ISO, IBA, IEA
CRE upregulated	GO:0007267	cell-cell signaling	ENSMUSG00000024256	Adcyap1	IDA, ISS, ISO, IEA
CRE upregulated	GO:0007267	cell-cell signaling	ENSMUSG00000002250	Ppard	ISO, NAS
CRE upregulated	GO:0007267	cell-cell signaling	ENSMUSG00000038894	Irs2	IMP
CRE upregulated	GO:0007267	cell-cell signaling	ENSMUSG00000024883	Rin1	IMP
CRE upregulated	GO:0007267	cell-cell signaling	ENSMUSG00000035828	Pim3	IMP
CRE upregulated	GO:0007267	cell-cell signaling	ENSMUSG00000045136	Tubb2b	IDA, IMP
CRE upregulated	GO:0007267	cell-cell signaling	ENSMUSG00000026796	Niban2	IEA
CRE upregulated	GO:0007267	cell-cell signaling	ENSMUSG00000043895	S1pr2	IMP
CRE upregulated	GO:0007267	cell-cell signaling	ENSMUSG00000051343	Rab11fip5	IMP
CRE upregulated	GO:0007267	cell-cell signaling	ENSMUSG00000025809	Itgb1	IDA, IMP
CRE upregulated	GO:0007267	cell-cell signaling	ENSMUSG00000028156	Eif4e	IDA, IMP, IEP
CRE upregulated	GO:0007267	cell-cell signaling	ENSMUSG00000018362	Kpna2	IDA, IMP
CRE upregulated	GO:0007267	cell-cell signaling	ENSMUSG00000015243	Abca1	IMP, IEA
CRE upregulated	GO:0007267	cell-cell signaling	ENSMUSG00000013089	Etv5	IMP
CRE upregulated	GO:0007267	cell-cell signaling	ENSMUSG00000025746	Il6	IDA, IMP
CRE upregulated	GO:0007267	cell-cell signaling	ENSMUSG00000022607	Ptk2	ISO
CRE upregulated	GO:0007267	cell-cell signaling	ENSMUSG00000023169	Slc38a1	IMP
CRE upregulated	GO:0007267	cell-cell signaling	ENSMUSG00000049303	Syt12	IDA, IMP, ISO, IEA
CRE upregulated	GO:0007267	cell-cell signaling	ENSMUSG00000042406	Atf4	IMP, ISO, IEA
CRE upregulated	GO:0007267	cell-cell signaling	ENSMUSG00000055078	Gabra5	ISO, IBA, IEA
CRE upregulated	GO:0007267	cell-cell signaling	ENSMUSG00000005950	P2rx5	IEA
CRE upregulated	GO:0007267	cell-cell signaling	ENSMUSG00000020838	Slc6a4	ISO, IEA
CRE upregulated	GO:0007267	cell-cell signaling	ENSMUSG00000001847	Rac1	IMP, IGI, ISO
CRE upregulated	GO:0007267	cell-cell signaling	ENSMUSG00000042121	Ssh1	ISO, IEA
CRE upregulated	GO:0007267	cell-cell signaling	ENSMUSG00000018909	Arrb1	IMP
CRE upregulated	GO:0007267	cell-cell signaling	ENSMUSG00000044667	Plppr4	IDA, IMP
CRE upregulated	GO:0007267	cell-cell signaling	ENSMUSG00000057531	Dtnbp1	IDA, IMP, ISO, IBA, IEA
CRE upregulated	GO:0007267	cell-cell signaling	ENSMUSG00000015837	Sqstm1	IMP
CRE upregulated	GO:0007267	cell-cell signaling	ENSMUSG00000036057	Ptpn23	IEA
CRE upregulated	GO:0007267	cell-cell signaling	ENSMUSG00000036437	Npy1r	ISO
CRE upregulated	GO:0007267	cell-cell signaling	ENSMUSG00000023032	Slc4a8	EXP, IDA, IMP
CRE upregulated	GO:0007267	cell-cell signaling	ENSMUSG00000024789	Jak2	ISS, ISO, IEA
CRE upregulated	GO:0007267	cell-cell signaling	ENSMUSG00000004040	ENSMUSG00000004040	ISO
CRE upregulated	GO:0007267	cell-cell signaling	ENSMUSG00000022602	Arc	IDA, IMP, ISS, ISO, IBA, IEA
CRE upregulated	GO:0007267	cell-cell signaling	ENSMUSG00000022555	Dgat1	ISO
CRE upregulated	GO:0007267	cell-cell signaling	ENSMUSG00000004347	ENSMUSG00000004347	ISO
CRE upregulated	GO:0007267	cell-cell signaling	ENSMUSG00000031934	ENSMUSG00000031934	ISO, IBA, IEA
CRE upregulated	GO:0007267	cell-cell signaling	ENSMUSG00000024927	Rela	IEA
CRE upregulated	GO:0007267	cell-cell signaling	ENSMUSG00000029071	ENSMUSG00000029071	IDA, IMP, IGI, ISO, IEA
CRE upregulated	GO:0007267	cell-cell signaling	ENSMUSG00000044453	Ffar1	IDA, IMP, ISO, IBA
CRE upregulated	GO:0007267	cell-cell signaling	ENSMUSG00000032902	Slc16a1	IMP
CRE upregulated	GO:0007267	cell-cell signaling	ENSMUSG00000035594	Chrna5	IDA, IMP, IBA, IEA
CRE upregulated	GO:0007267	cell-cell signaling	ENSMUSG00000026074	Map4k4	IEA
CRE upregulated	GO:0007267	cell-cell signaling	ENSMUSG00000010660	Plcd1	ISO
CRE upregulated	GO:0007267	cell-cell signaling	ENSMUSG00000031278	ENSMUSG00000031278	ISS, ISO
CRE upregulated	GO:0007267	cell-cell signaling	ENSMUSG00000040640	ENSMUSG00000040640	IDA, IMP, IBA
CRE upregulated	GO:0007267	cell-cell signaling	ENSMUSG00000024517	Grp	ISS
CRE upregulated	GO:0007267	cell-cell signaling	ENSMUSG00000040118	ENSMUSG00000040118	IEA
CRE upregulated	GO:0007267	cell-cell signaling	ENSMUSG00000028599	Tnfrsf1b	IMP
CRE upregulated	GO:0007267	cell-cell signaling	ENSMUSG00000011877	Git1	IDA, IMP
CRE upregulated	GO:0007267	cell-cell signaling	ENSMUSG00000038676	Ucn	ISO, IEA
CRE upregulated	GO:0007267	cell-cell signaling	ENSMUSG00000052681	Rap1b	IGI, IBA, IEA
CRE upregulated	GO:0007267	cell-cell signaling	ENSMUSG00000002633	Shh	IMP, IGI, ISO, IEA
CRE upregulated	GO:0007267	cell-cell signaling	ENSMUSG00000039671	ENSMUSG00000039671	ISO, IEA
CRE upregulated	GO:0007267	cell-cell signaling	ENSMUSG00000051209	ENSMUSG00000051209	IDA
CRE upregulated	GO:0007267	cell-cell signaling	ENSMUSG00000019843	ENSMUSG00000019843	IDA, IMP
CRE upregulated	GO:0007267	cell-cell signaling	ENSMUSG00000053825	ENSMUSG00000053825	IEA
CRE upregulated	GO:0007267	cell-cell signaling	ENSMUSG00000024907	Gal	IEA
CRE upregulated	GO:0018209	peptidyl-serine modification	ENSMUSG00000036390	Gadd45a	IMP, IEA
CRE upregulated	GO:0018209	peptidyl-serine modification	ENSMUSG00000005087	Cd44	IEA
CRE upregulated	GO:0018209	peptidyl-serine modification	ENSMUSG00000048482	Bdnf	IMP, ISO, IEA
CRE upregulated	GO:0018209	peptidyl-serine modification	ENSMUSG00000021070	Bdkrb2	IMP
CRE upregulated	GO:0018209	peptidyl-serine modification	ENSMUSG00000053436	Mapk14	IDA
CRE upregulated	GO:0018209	peptidyl-serine modification	ENSMUSG00000025746	Il6	ISO
CRE upregulated	GO:0018209	peptidyl-serine modification	ENSMUSG00000040435	Ppp1r15a	IDA
CRE upregulated	GO:0018209	peptidyl-serine modification	ENSMUSG00000018909	Arrb1	IMP
CRE upregulated	GO:0018209	peptidyl-serine modification	ENSMUSG00000033955	Tnks1bp1	IEA
CRE upregulated	GO:0018209	peptidyl-serine modification	ENSMUSG00000020694	ENSMUSG00000020694	ISS
CRE upregulated	GO:0018209	peptidyl-serine modification	ENSMUSG00000032599	ENSMUSG00000032599	IMP
CRE upregulated	GO:0018209	peptidyl-serine modification	ENSMUSG00000007411	ENSMUSG00000007411	ISS
CRE upregulated	GO:0018209	peptidyl-serine modification	ENSMUSG00000035725	ENSMUSG00000035725	ISS
CRE upregulated	GO:0018209	peptidyl-serine modification	ENSMUSG00000038676	Ucn	ISO
CRE upregulated	GO:0018209	peptidyl-serine modification	ENSMUSG00000055067	ENSMUSG00000055067	IMP
CRE upregulated	GO:0018209	peptidyl-serine modification	ENSMUSG00000026994	ENSMUSG00000026994	IEA
CRE upregulated	GO:0051047	positive regulation of secretion	ENSMUSG00000063632	Sox11	IMP
CRE upregulated	GO:0051047	positive regulation of secretion	ENSMUSG00000030898	Cckbr	ISO
CRE upregulated	GO:0051047	positive regulation of secretion	ENSMUSG00000030748	Il4ra	IMP
CRE upregulated	GO:0051047	positive regulation of secretion	ENSMUSG00000030102	Itpr1	IMP, IGI
CRE upregulated	GO:0051047	positive regulation of secretion	ENSMUSG00000024261	Syt4	IMP
CRE upregulated	GO:0051047	positive regulation of secretion	ENSMUSG00000024256	Adcyap1	ISS, ISO, IEA
CRE upregulated	GO:0051047	positive regulation of secretion	ENSMUSG00000002250	Ppard	ISO
CRE upregulated	GO:0051047	positive regulation of secretion	ENSMUSG00000038894	Irs2	IMP
CRE upregulated	GO:0051047	positive regulation of secretion	ENSMUSG00000020592	Sdc1	IEA
CRE upregulated	GO:0051047	positive regulation of secretion	ENSMUSG00000032231	Anxa2	NAS
CRE upregulated	GO:0051047	positive regulation of secretion	ENSMUSG00000020838	Slc6a4	ISO, IEA
CRE upregulated	GO:0051047	positive regulation of secretion	ENSMUSG00000001847	Rac1	IMP, ISO
CRE upregulated	GO:0051047	positive regulation of secretion	ENSMUSG00000018909	Arrb1	IMP
CRE upregulated	GO:0051047	positive regulation of secretion	ENSMUSG00000057531	Dtnbp1	IMP, ISO, IEA
CRE upregulated	GO:0051047	positive regulation of secretion	ENSMUSG00000036057	Ptpn23	IEA
CRE upregulated	GO:0051047	positive regulation of secretion	ENSMUSG00000030616	Sytl2	IMP
CRE upregulated	GO:0051047	positive regulation of secretion	ENSMUSG00000023032	Slc4a8	IMP
CRE upregulated	GO:0051047	positive regulation of secretion	ENSMUSG00000024789	Jak2	ISS, ISO, IEA
CRE upregulated	GO:0051047	positive regulation of secretion	ENSMUSG00000024803	Ankrd1	IEA
CRE upregulated	GO:0051047	positive regulation of secretion	ENSMUSG00000025793	ENSMUSG00000025793	IEA
CRE upregulated	GO:0051047	positive regulation of secretion	ENSMUSG00000026718	ENSMUSG00000026718	IEA
CRE upregulated	GO:0051047	positive regulation of secretion	ENSMUSG00000044453	Ffar1	IDA, IMP, ISO, IBA
CRE upregulated	GO:0051047	positive regulation of secretion	ENSMUSG00000010660	Plcd1	ISO
CRE upregulated	GO:0051047	positive regulation of secretion	ENSMUSG00000031278	ENSMUSG00000031278	ISS, ISO
CRE upregulated	GO:0051047	positive regulation of secretion	ENSMUSG00000024517	Grp	ISS
CRE upregulated	GO:0051047	positive regulation of secretion	ENSMUSG00000021587	Pcsk1	ISO, IEA
CRE upregulated	GO:0051047	positive regulation of secretion	ENSMUSG00000044147	Arf6	IEA
CRE upregulated	GO:0051047	positive regulation of secretion	ENSMUSG00000038676	Ucn	ISO, IEA
CRE upregulated	GO:0051047	positive regulation of secretion	ENSMUSG00000024907	Gal	IEA
CRE upregulated	GO:0014910	regulation of smooth muscle cell migration	ENSMUSG00000020427	Igfbp3	IEA
CRE upregulated	GO:0014910	regulation of smooth muscle cell migration	ENSMUSG00000006304	Arpc2	ISO
CRE upregulated	GO:0014910	regulation of smooth muscle cell migration	ENSMUSG00000002250	Ppard	ISO
CRE upregulated	GO:0014910	regulation of smooth muscle cell migration	ENSMUSG00000027540	Ptpn1	IEA
CRE upregulated	GO:0014910	regulation of smooth muscle cell migration	ENSMUSG00000043895	S1pr2	ISO
CRE upregulated	GO:0014910	regulation of smooth muscle cell migration	ENSMUSG00000022607	Ptk2	ISO
CRE upregulated	GO:0014910	regulation of smooth muscle cell migration	ENSMUSG00000042121	Ssh1	ISO, IEA
CRE upregulated	GO:0014910	regulation of smooth muscle cell migration	ENSMUSG00000022346	Myc	ISO
CRE upregulated	GO:0014910	regulation of smooth muscle cell migration	ENSMUSG00000021796	Bmpr1a	IEA
CRE upregulated	GO:0014910	regulation of smooth muscle cell migration	ENSMUSG00000037411	Serpine1	IEA
CRE upregulated	GO:0014910	regulation of smooth muscle cell migration	ENSMUSG00000027646	ENSMUSG00000027646	ISO, IEA
CRE upregulated	GO:0014910	regulation of smooth muscle cell migration	ENSMUSG00000032501	Trib1	IEA
CRE upregulated	GO:0014910	regulation of smooth muscle cell migration	ENSMUSG00000015839	Nfe2l2	ISO, IEA
CRE upregulated	GO:0050767	regulation of neurogenesis	ENSMUSG00000063632	Sox11	IDA, IMP, IEA
CRE upregulated	GO:0050767	regulation of neurogenesis	ENSMUSG00000031574	Star	ISO, IEA
CRE upregulated	GO:0050767	regulation of neurogenesis	ENSMUSG00000046731	Kctd11	IDA
CRE upregulated	GO:0050767	regulation of neurogenesis	ENSMUSG00000023905	Tnfrsf12a	IDA
CRE upregulated	GO:0050767	regulation of neurogenesis	ENSMUSG00000030256	Bhlhe41	IBA
CRE upregulated	GO:0050767	regulation of neurogenesis	ENSMUSG00000024261	Syt4	IMP
CRE upregulated	GO:0050767	regulation of neurogenesis	ENSMUSG00000048482	Bdnf	IDA, IMP, ISO, IEA
CRE upregulated	GO:0050767	regulation of neurogenesis	ENSMUSG00000024256	Adcyap1	ISO, IEA
CRE upregulated	GO:0050767	regulation of neurogenesis	ENSMUSG00000018736	Ndel1	ISO
CRE upregulated	GO:0050767	regulation of neurogenesis	ENSMUSG00000018507	Trpv2	IMP
CRE upregulated	GO:0050767	regulation of neurogenesis	ENSMUSG00000025809	Itgb1	IMP
CRE upregulated	GO:0050767	regulation of neurogenesis	ENSMUSG00000040025	Ythdf2	IMP, ISS, IEA
CRE upregulated	GO:0050767	regulation of neurogenesis	ENSMUSG00000013089	Etv5	ISO, IEA
CRE upregulated	GO:0050767	regulation of neurogenesis	ENSMUSG00000025746	Il6	IMP
CRE upregulated	GO:0050767	regulation of neurogenesis	ENSMUSG00000032231	Anxa2	IDA
CRE upregulated	GO:0050767	regulation of neurogenesis	ENSMUSG00000022607	Ptk2	IMP, ISO
CRE upregulated	GO:0050767	regulation of neurogenesis	ENSMUSG00000037062	Sh3glb1	ISO
CRE upregulated	GO:0050767	regulation of neurogenesis	ENSMUSG00000055407	Map6	ISO, IBA
CRE upregulated	GO:0050767	regulation of neurogenesis	ENSMUSG00000030309	Caprin2	IMP
CRE upregulated	GO:0050767	regulation of neurogenesis	ENSMUSG00000001627	Ifrd1	IGI
CRE upregulated	GO:0050767	regulation of neurogenesis	ENSMUSG00000029765	Plxna4	IBA
CRE upregulated	GO:0050767	regulation of neurogenesis	ENSMUSG00000022346	Myc	ISO
CRE upregulated	GO:0050767	regulation of neurogenesis	ENSMUSG00000024927	Rela	ISO, IEA
CRE upregulated	GO:0050767	regulation of neurogenesis	ENSMUSG00000027692	Tnik	ISO
CRE upregulated	GO:0050767	regulation of neurogenesis	ENSMUSG00000037815	Ctnna1	IMP, IGI
CRE upregulated	GO:0050767	regulation of neurogenesis	ENSMUSG00000028599	Tnfrsf1b	IMP, IBA
CRE upregulated	GO:0050767	regulation of neurogenesis	ENSMUSG00000021796	Bmpr1a	IMP
CRE upregulated	GO:0050767	regulation of neurogenesis	ENSMUSG00000040010	Slc7a5	ISO, IEA
CRE upregulated	GO:0050767	regulation of neurogenesis	ENSMUSG00000002633	Shh	IDA, IMP, ISO
CRE upregulated	GO:0050767	regulation of neurogenesis	ENSMUSG00000023277	ENSMUSG00000023277	IEA
CRE upregulated	GO:0050767	regulation of neurogenesis	ENSMUSG00000000627	ENSMUSG00000000627	ISO, IEA
CRE upregulated	GO:0036010	protein localization to endosome	ENSMUSG00000041870	Ankrd13a	ISS, IEA
CRE upregulated	GO:0036010	protein localization to endosome	ENSMUSG00000029518	Rab35	ISS, ISO, IEA
CRE upregulated	GO:0036010	protein localization to endosome	ENSMUSG00000025139	Tollip	IEA
CRE upregulated	GO:0036010	protein localization to endosome	ENSMUSG00000047368	Abhd17b	IMP
CRE upregulated	GO:0036010	protein localization to endosome	ENSMUSG00000020580	Rock2	IEA
CRE upregulated	GO:0036010	protein localization to endosome	ENSMUSG00000033039	Micall1	ISS, ISO, IEA
CRE upregulated	GO:0036010	protein localization to endosome	ENSMUSG00000044147	Arf6	IMP, ISS, IBA, IEA
CRE upregulated	GO:0009306	protein secretion	ENSMUSG00000037428	Vgf	IGI
CRE upregulated	GO:0009306	protein secretion	ENSMUSG00000030102	Itpr1	IMP, IGI
CRE upregulated	GO:0009306	protein secretion	ENSMUSG00000035621	Midn	ISO, IEA
CRE upregulated	GO:0009306	protein secretion	ENSMUSG00000024261	Syt4	IMP
CRE upregulated	GO:0009306	protein secretion	ENSMUSG00000024256	Adcyap1	IDA
CRE upregulated	GO:0009306	protein secretion	ENSMUSG00000002250	Ppard	ISO, NAS
CRE upregulated	GO:0009306	protein secretion	ENSMUSG00000038894	Irs2	IMP
CRE upregulated	GO:0009306	protein secretion	ENSMUSG00000035828	Pim3	IMP
CRE upregulated	GO:0009306	protein secretion	ENSMUSG00000022661	Cd200	IEA
CRE upregulated	GO:0009306	protein secretion	ENSMUSG00000051343	Rab11fip5	IMP
CRE upregulated	GO:0009306	protein secretion	ENSMUSG00000015243	Abca1	IMP, IEA
CRE upregulated	GO:0009306	protein secretion	ENSMUSG00000025746	Il6	IDA
CRE upregulated	GO:0009306	protein secretion	ENSMUSG00000007458	M6pr	IDA
CRE upregulated	GO:0009306	protein secretion	ENSMUSG00000001847	Rac1	IMP, ISO
CRE upregulated	GO:0009306	protein secretion	ENSMUSG00000018909	Arrb1	IMP
CRE upregulated	GO:0009306	protein secretion	ENSMUSG00000036057	Ptpn23	IEA
CRE upregulated	GO:0009306	protein secretion	ENSMUSG00000023032	Slc4a8	ISO, IEA
CRE upregulated	GO:0009306	protein secretion	ENSMUSG00000024789	Jak2	ISS, ISO, IEA
CRE upregulated	GO:0009306	protein secretion	ENSMUSG00000022555	Dgat1	ISO
CRE upregulated	GO:0009306	protein secretion	ENSMUSG00000004347	ENSMUSG00000004347	ISO
CRE upregulated	GO:0009306	protein secretion	ENSMUSG00000024803	Ankrd1	IEA
CRE upregulated	GO:0009306	protein secretion	ENSMUSG00000044453	Ffar1	IDA, IMP, ISO, IBA
CRE upregulated	GO:0009306	protein secretion	ENSMUSG00000032902	Slc16a1	IMP
CRE upregulated	GO:0009306	protein secretion	ENSMUSG00000026074	Map4k4	IEA
CRE upregulated	GO:0009306	protein secretion	ENSMUSG00000031278	ENSMUSG00000031278	ISS, ISO
CRE upregulated	GO:0009306	protein secretion	ENSMUSG00000021587	Pcsk1	ISO, IEA
CRE upregulated	GO:0009306	protein secretion	ENSMUSG00000044147	Arf6	IEA
CRE upregulated	GO:0009306	protein secretion	ENSMUSG00000020671	ENSMUSG00000020671	IBA
CRE upregulated	GO:0009306	protein secretion	ENSMUSG00000051209	ENSMUSG00000051209	IDA
CRE upregulated	GO:0045765	regulation of angiogenesis	ENSMUSG00000036390	Gadd45a	IMP
CRE upregulated	GO:0045765	regulation of angiogenesis	ENSMUSG00000019647	Sema6a	IEA
CRE upregulated	GO:0045765	regulation of angiogenesis	ENSMUSG00000004951	Hspb1	IEA
CRE upregulated	GO:0045765	regulation of angiogenesis	ENSMUSG00000023905	Tnfrsf12a	IDA
CRE upregulated	GO:0045765	regulation of angiogenesis	ENSMUSG00000038650	Rnh1	IBA, IEA
CRE upregulated	GO:0045765	regulation of angiogenesis	ENSMUSG00000031681	Smad1	IEA
CRE upregulated	GO:0045765	regulation of angiogenesis	ENSMUSG00000037568	Vash2	IMP, ISO, IBA, IEA
CRE upregulated	GO:0045765	regulation of angiogenesis	ENSMUSG00000025809	Itgb1	IEA
CRE upregulated	GO:0045765	regulation of angiogenesis	ENSMUSG00000020580	Rock2	IEA
CRE upregulated	GO:0045765	regulation of angiogenesis	ENSMUSG00000040435	Ppp1r15a	ISO
CRE upregulated	GO:0045765	regulation of angiogenesis	ENSMUSG00000036478	Btg1	ISS, IEA
CRE upregulated	GO:0045765	regulation of angiogenesis	ENSMUSG00000027954	Efna1	IDA
CRE upregulated	GO:0045765	regulation of angiogenesis	ENSMUSG00000004040	ENSMUSG00000004040	IDA
CRE upregulated	GO:0045765	regulation of angiogenesis	ENSMUSG00000054136	Adm2	ISO, IEA
CRE upregulated	GO:0045765	regulation of angiogenesis	ENSMUSG00000024927	Rela	IEA
CRE upregulated	GO:0045765	regulation of angiogenesis	ENSMUSG00000025793	ENSMUSG00000025793	IEA
CRE upregulated	GO:0045765	regulation of angiogenesis	ENSMUSG00000026078	Pdcl3	ISO, IEA
CRE upregulated	GO:0045765	regulation of angiogenesis	ENSMUSG00000068739	ENSMUSG00000068739	ISS, IEA
CRE upregulated	GO:0045765	regulation of angiogenesis	ENSMUSG00000003154	Foxj2	IEA
CRE upregulated	GO:0045765	regulation of angiogenesis	ENSMUSG00000001552	ENSMUSG00000001552	IEA
CRE upregulated	GO:0045765	regulation of angiogenesis	ENSMUSG00000002633	Shh	ISO
CRE upregulated	GO:0045765	regulation of angiogenesis	ENSMUSG00000032462	ENSMUSG00000032462	IEA
CRE upregulated	GO:0045765	regulation of angiogenesis	ENSMUSG00000037411	Serpine1	IEA
CRE upregulated	GO:0045765	regulation of angiogenesis	ENSMUSG00000015839	Nfe2l2	ISO, IEA
CRE upregulated	GO:0044089	positive regulation of cellular component biogenesis	ENSMUSG00000051379	Flrt3	IDA
CRE upregulated	GO:0044089	positive regulation of cellular component biogenesis	ENSMUSG00000024143	Rhoq	IEA
CRE upregulated	GO:0044089	positive regulation of cellular component biogenesis	ENSMUSG00000006304	Arpc2	IDA, ISO, IEA
CRE upregulated	GO:0044089	positive regulation of cellular component biogenesis	ENSMUSG00000048482	Bdnf	IEA
CRE upregulated	GO:0044089	positive regulation of cellular component biogenesis	ENSMUSG00000018736	Ndel1	IMP
CRE upregulated	GO:0044089	positive regulation of cellular component biogenesis	ENSMUSG00000015243	Abca1	IMP
CRE upregulated	GO:0044089	positive regulation of cellular component biogenesis	ENSMUSG00000020592	Sdc1	IEA
CRE upregulated	GO:0044089	positive regulation of cellular component biogenesis	ENSMUSG00000002233	Rhoc	IMP, IEA
CRE upregulated	GO:0044089	positive regulation of cellular component biogenesis	ENSMUSG00000031078	Cttn	ISS, ISO, IEA
CRE upregulated	GO:0044089	positive regulation of cellular component biogenesis	ENSMUSG00000037062	Sh3glb1	IMP, IEA
CRE upregulated	GO:0044089	positive regulation of cellular component biogenesis	ENSMUSG00000034247	Plekhm1	IMP
CRE upregulated	GO:0044089	positive regulation of cellular component biogenesis	ENSMUSG00000020580	Rock2	IEA
CRE upregulated	GO:0044089	positive regulation of cellular component biogenesis	ENSMUSG00000059923	Grb2	IGI
CRE upregulated	GO:0044089	positive regulation of cellular component biogenesis	ENSMUSG00000001847	Rac1	IDA, ISO, IEA
CRE upregulated	GO:0044089	positive regulation of cellular component biogenesis	ENSMUSG00000109511	Nup62	IEA
CRE upregulated	GO:0044089	positive regulation of cellular component biogenesis	ENSMUSG00000050335	Lgals3	IEA
CRE upregulated	GO:0044089	positive regulation of cellular component biogenesis	ENSMUSG00000025793	ENSMUSG00000025793	IEA
CRE upregulated	GO:0044089	positive regulation of cellular component biogenesis	ENSMUSG00000026718	ENSMUSG00000026718	IEA
CRE upregulated	GO:0044089	positive regulation of cellular component biogenesis	ENSMUSG00000024777	ENSMUSG00000024777	ISO, IEA
CRE upregulated	GO:0044089	positive regulation of cellular component biogenesis	ENSMUSG00000052921	Arhgef15	ISS, ISO
CRE upregulated	GO:0044089	positive regulation of cellular component biogenesis	ENSMUSG00000020349	ENSMUSG00000020349	IMP
CRE upregulated	GO:0044089	positive regulation of cellular component biogenesis	ENSMUSG00000044147	Arf6	IEA
CRE upregulated	GO:0044089	positive regulation of cellular component biogenesis	ENSMUSG00000011877	Git1	ISS, IEA
CRE upregulated	GO:0044089	positive regulation of cellular component biogenesis	ENSMUSG00000031937	ENSMUSG00000031937	IMP, IBA
CRE upregulated	GO:0044089	positive regulation of cellular component biogenesis	ENSMUSG00000041598	Cdc42ep4	IBA, IEA
CRE upregulated	GO:0044089	positive regulation of cellular component biogenesis	ENSMUSG00000045664	Cdc42ep2	IBA, IEA
CRE upregulated	GO:0044089	positive regulation of cellular component biogenesis	ENSMUSG00000000787	ENSMUSG00000000787	IDA
CRE upregulated	GO:0044089	positive regulation of cellular component biogenesis	ENSMUSG00000008859	ENSMUSG00000008859	IEA
CRE upregulated	GO:0044089	positive regulation of cellular component biogenesis	ENSMUSG00000052681	Rap1b	IEA
CRE upregulated	GO:0044089	positive regulation of cellular component biogenesis	ENSMUSG00000032508	Myd88	ISS, IEA
CRE upregulated	GO:0044089	positive regulation of cellular component biogenesis	ENSMUSG00000039671	ENSMUSG00000039671	ISO, IEA
CRE upregulated	GO:0044089	positive regulation of cellular component biogenesis	ENSMUSG00000023277	ENSMUSG00000023277	IEA
CRE upregulated	GO:0044089	positive regulation of cellular component biogenesis	ENSMUSG00000027646	ENSMUSG00000027646	IDA, IGI
CRE upregulated	GO:0044089	positive regulation of cellular component biogenesis	ENSMUSG00000049550	ENSMUSG00000049550	ISS, IBA, IEA
CRE upregulated	GO:0006979	response to oxidative stress	ENSMUSG00000052684	Jun	IMP, IEP
CRE upregulated	GO:0006979	response to oxidative stress	ENSMUSG00000031574	Star	IEA
CRE upregulated	GO:0006979	response to oxidative stress	ENSMUSG00000004951	Hspb1	ISO
CRE upregulated	GO:0006979	response to oxidative stress	ENSMUSG00000032802	Srxn1	IEA
CRE upregulated	GO:0006979	response to oxidative stress	ENSMUSG00000050989	Selenon	IMP, IGI, ISS, IEA
CRE upregulated	GO:0006979	response to oxidative stress	ENSMUSG00000029378	Areg	IEA
CRE upregulated	GO:0006979	response to oxidative stress	ENSMUSG00000005069	Pex5	IEA
CRE upregulated	GO:0006979	response to oxidative stress	ENSMUSG00000013089	Etv5	ISS, IEA
CRE upregulated	GO:0006979	response to oxidative stress	ENSMUSG00000020592	Sdc1	IEA
CRE upregulated	GO:0006979	response to oxidative stress	ENSMUSG00000042406	Atf4	IMP, ISO, IEA
CRE upregulated	GO:0006979	response to oxidative stress	ENSMUSG00000040322	Slc25a24	IEA
CRE upregulated	GO:0006979	response to oxidative stress	ENSMUSG00000031628	Casp3	ISO, IEA
CRE upregulated	GO:0006979	response to oxidative stress	ENSMUSG00000035199	Arl6ip5	IMP
CRE upregulated	GO:0006979	response to oxidative stress	ENSMUSG00000022951	Rcan1	IGI
CRE upregulated	GO:0006979	response to oxidative stress	ENSMUSG00000036737	Oxsr1	IDA
CRE upregulated	GO:0006979	response to oxidative stress	ENSMUSG00000037580	Gch1	IEA
CRE upregulated	GO:0006979	response to oxidative stress	ENSMUSG00000000811	Txnrd3	IEA
CRE upregulated	GO:0006979	response to oxidative stress	ENSMUSG00000036478	Btg1	IEA
CRE upregulated	GO:0006979	response to oxidative stress	ENSMUSG00000024789	Jak2	ISS, ISO, IEA
CRE upregulated	GO:0006979	response to oxidative stress	ENSMUSG00000024912	Fosl1	IEA
CRE upregulated	GO:0006979	response to oxidative stress	ENSMUSG00000024927	Rela	ISS, IEA
CRE upregulated	GO:0006979	response to oxidative stress	ENSMUSG00000028893	Sesn2	IMP, IEA
CRE upregulated	GO:0006979	response to oxidative stress	ENSMUSG00000020250	ENSMUSG00000020250	ISO
CRE upregulated	GO:0006979	response to oxidative stress	ENSMUSG00000027997	Casp6	ISO
CRE upregulated	GO:0006979	response to oxidative stress	ENSMUSG00000038676	Ucn	ISO, IEA
CRE upregulated	GO:0006979	response to oxidative stress	ENSMUSG00000028680	ENSMUSG00000028680	IEA
CRE upregulated	GO:0006979	response to oxidative stress	ENSMUSG00000019843	ENSMUSG00000019843	ISO
CRE upregulated	GO:0006979	response to oxidative stress	ENSMUSG00000027646	ENSMUSG00000027646	IDA, IMP, IEA
CRE upregulated	GO:0006979	response to oxidative stress	ENSMUSG00000015839	Nfe2l2	IDA, IMP, IBA, IEA
CRE upregulated	GO:0002764	immune response-regulating signaling pathway	ENSMUSG00000046688	Tifa	ISS, IBA, IEA
CRE upregulated	GO:0002764	immune response-regulating signaling pathway	ENSMUSG00000024404	Riok3	IEA
CRE upregulated	GO:0002764	immune response-regulating signaling pathway	ENSMUSG00000055994	Nod2	IDA, IMP, ISS, ISO, IEA
CRE upregulated	GO:0002764	immune response-regulating signaling pathway	ENSMUSG00000059923	Grb2	IDA
CRE upregulated	GO:0002764	immune response-regulating signaling pathway	ENSMUSG00000024349	Sting1	IDA, ISS, IEA
CRE upregulated	GO:0002764	immune response-regulating signaling pathway	ENSMUSG00000015837	Sqstm1	IEA
CRE upregulated	GO:0002764	immune response-regulating signaling pathway	ENSMUSG00000031955	Bcar1	ISS, IEA
CRE upregulated	GO:0002764	immune response-regulating signaling pathway	ENSMUSG00000029135	Fosl2	IDA, IMP
CRE upregulated	GO:0002764	immune response-regulating signaling pathway	ENSMUSG00000020395	Itk	IMP, IBA
CRE upregulated	GO:0002764	immune response-regulating signaling pathway	ENSMUSG00000036990	Otud4	IDA, IBA, IEA
CRE upregulated	GO:0002764	immune response-regulating signaling pathway	ENSMUSG00000029826	Zc3hav1	TAS
CRE upregulated	GO:0002764	immune response-regulating signaling pathway	ENSMUSG00000059866	Tnip2	IMP, IBA
CRE upregulated	GO:0002764	immune response-regulating signaling pathway	ENSMUSG00000033545	Znrf1	IEA
CRE upregulated	GO:0002764	immune response-regulating signaling pathway	ENSMUSG00000023915	Tnfrsf21	IMP
CRE upregulated	GO:0002764	immune response-regulating signaling pathway	ENSMUSG00000024912	Fosl1	IMP
CRE upregulated	GO:0002764	immune response-regulating signaling pathway	ENSMUSG00000024927	Rela	ISO, IEA
CRE upregulated	GO:0002764	immune response-regulating signaling pathway	ENSMUSG00000020349	ENSMUSG00000020349	IMP
CRE upregulated	GO:0002764	immune response-regulating signaling pathway	ENSMUSG00000025340	Rabgef1	IDA, IMP
CRE upregulated	GO:0002764	immune response-regulating signaling pathway	ENSMUSG00000044147	Arf6	NAS
CRE upregulated	GO:0002764	immune response-regulating signaling pathway	ENSMUSG00000030662	ENSMUSG00000030662	IEA
CRE upregulated	GO:0002764	immune response-regulating signaling pathway	ENSMUSG00000024270	ENSMUSG00000024270	ISS, IEA
CRE upregulated	GO:0002764	immune response-regulating signaling pathway	ENSMUSG00000070056	ENSMUSG00000070056	IMP, ISS, IEA
CRE upregulated	GO:0002764	immune response-regulating signaling pathway	ENSMUSG00000037860	Aim2	NAS
CRE upregulated	GO:0002764	immune response-regulating signaling pathway	ENSMUSG00000039844	ENSMUSG00000039844	ISO, IEA
CRE upregulated	GO:0002764	immune response-regulating signaling pathway	ENSMUSG00000020594	ENSMUSG00000020594	IEA
CRE upregulated	GO:0002764	immune response-regulating signaling pathway	ENSMUSG00000000787	ENSMUSG00000000787	IDA, ISS
CRE upregulated	GO:0002764	immune response-regulating signaling pathway	ENSMUSG00000037553	ENSMUSG00000037553	IEA
CRE upregulated	GO:0002764	immune response-regulating signaling pathway	ENSMUSG00000032508	Myd88	IMP, IGI, ISS, IBA, IEA
CRE upregulated	GO:0002764	immune response-regulating signaling pathway	ENSMUSG00000029145	ENSMUSG00000029145	ISS, IEA
CRE upregulated	GO:0002764	immune response-regulating signaling pathway	ENSMUSG00000019843	ENSMUSG00000019843	IBA, IEA
CRE upregulated	GO:0002764	immune response-regulating signaling pathway	ENSMUSG00000027646	ENSMUSG00000027646	IEA
CRE upregulated	GO:0002764	immune response-regulating signaling pathway	ENSMUSG00000021340	ENSMUSG00000021340	IEA
CRE upregulated	GO:0032386	regulation of intracellular transport	ENSMUSG00000030272	Camk1	IDA, IEA
CRE upregulated	GO:0032386	regulation of intracellular transport	ENSMUSG00000018736	Ndel1	IEA
CRE upregulated	GO:0032386	regulation of intracellular transport	ENSMUSG00000027540	Ptpn1	IEA
CRE upregulated	GO:0032386	regulation of intracellular transport	ENSMUSG00000053436	Mapk14	IMP
CRE upregulated	GO:0032386	regulation of intracellular transport	ENSMUSG00000025746	Il6	ISO
CRE upregulated	GO:0032386	regulation of intracellular transport	ENSMUSG00000032231	Anxa2	IMP, IBA, IEA
CRE upregulated	GO:0032386	regulation of intracellular transport	ENSMUSG00000037062	Sh3glb1	ISO
CRE upregulated	GO:0032386	regulation of intracellular transport	ENSMUSG00000024772	Ehd1	IMP
CRE upregulated	GO:0032386	regulation of intracellular transport	ENSMUSG00000032078	Zpr1	IMP, ISS, IBA, IEA
CRE upregulated	GO:0032386	regulation of intracellular transport	ENSMUSG00000004768	Rab23	IEA
CRE upregulated	GO:0032386	regulation of intracellular transport	ENSMUSG00000036057	Ptpn23	IEA
CRE upregulated	GO:0032386	regulation of intracellular transport	ENSMUSG00000047604	Frat2	ISS
CRE upregulated	GO:0032386	regulation of intracellular transport	ENSMUSG00000024789	Jak2	ISO, IEA
CRE upregulated	GO:0032386	regulation of intracellular transport	ENSMUSG00000109511	Nup62	ISO, IEA
CRE upregulated	GO:0032386	regulation of intracellular transport	ENSMUSG00000030662	ENSMUSG00000030662	IMP
CRE upregulated	GO:0032386	regulation of intracellular transport	ENSMUSG00000047281	ENSMUSG00000047281	IDA
CRE upregulated	GO:0032386	regulation of intracellular transport	ENSMUSG00000027465	Tbc1d20	IEA
CRE upregulated	GO:0032386	regulation of intracellular transport	ENSMUSG00000001552	ENSMUSG00000001552	IEA
CRE upregulated	GO:0032386	regulation of intracellular transport	ENSMUSG00000002633	Shh	IGI
CRE upregulated	GO:0032386	regulation of intracellular transport	ENSMUSG00000028680	ENSMUSG00000028680	IEA
CRE upregulated	GO:0032386	regulation of intracellular transport	ENSMUSG00000040652	ENSMUSG00000040652	IDA
CRE upregulated	GO:0032386	regulation of intracellular transport	ENSMUSG00000027646	ENSMUSG00000027646	IEA
CRE upregulated	GO:0032386	regulation of intracellular transport	ENSMUSG00000003541	ENSMUSG00000003541	IMP
CRE upregulated	GO:0018105	peptidyl-serine phosphorylation	ENSMUSG00000036390	Gadd45a	IMP, IEA
CRE upregulated	GO:0018105	peptidyl-serine phosphorylation	ENSMUSG00000005087	Cd44	IEA
CRE upregulated	GO:0018105	peptidyl-serine phosphorylation	ENSMUSG00000048482	Bdnf	IMP, ISO, IEA
CRE upregulated	GO:0018105	peptidyl-serine phosphorylation	ENSMUSG00000021070	Bdkrb2	IMP
CRE upregulated	GO:0018105	peptidyl-serine phosphorylation	ENSMUSG00000053436	Mapk14	IDA
CRE upregulated	GO:0018105	peptidyl-serine phosphorylation	ENSMUSG00000025746	Il6	ISO
CRE upregulated	GO:0018105	peptidyl-serine phosphorylation	ENSMUSG00000040435	Ppp1r15a	IDA
CRE upregulated	GO:0018105	peptidyl-serine phosphorylation	ENSMUSG00000018909	Arrb1	IMP
CRE upregulated	GO:0018105	peptidyl-serine phosphorylation	ENSMUSG00000033955	Tnks1bp1	IEA
CRE upregulated	GO:0018105	peptidyl-serine phosphorylation	ENSMUSG00000020694	ENSMUSG00000020694	ISS
CRE upregulated	GO:0018105	peptidyl-serine phosphorylation	ENSMUSG00000032599	ENSMUSG00000032599	IMP
CRE upregulated	GO:0018105	peptidyl-serine phosphorylation	ENSMUSG00000007411	ENSMUSG00000007411	ISS
CRE upregulated	GO:0018105	peptidyl-serine phosphorylation	ENSMUSG00000035725	ENSMUSG00000035725	ISS
CRE upregulated	GO:0018105	peptidyl-serine phosphorylation	ENSMUSG00000038676	Ucn	ISO
CRE upregulated	GO:0018105	peptidyl-serine phosphorylation	ENSMUSG00000055067	ENSMUSG00000055067	IMP
CRE upregulated	GO:0035592	establishment of protein localization to extracellular region	ENSMUSG00000037428	Vgf	IGI
CRE upregulated	GO:0035592	establishment of protein localization to extracellular region	ENSMUSG00000030102	Itpr1	IMP, IGI
CRE upregulated	GO:0035592	establishment of protein localization to extracellular region	ENSMUSG00000035621	Midn	ISO, IEA
CRE upregulated	GO:0035592	establishment of protein localization to extracellular region	ENSMUSG00000024261	Syt4	IMP
CRE upregulated	GO:0035592	establishment of protein localization to extracellular region	ENSMUSG00000024256	Adcyap1	IDA
CRE upregulated	GO:0035592	establishment of protein localization to extracellular region	ENSMUSG00000002250	Ppard	ISO, NAS
CRE upregulated	GO:0035592	establishment of protein localization to extracellular region	ENSMUSG00000038894	Irs2	IMP
CRE upregulated	GO:0035592	establishment of protein localization to extracellular region	ENSMUSG00000035828	Pim3	IMP
CRE upregulated	GO:0035592	establishment of protein localization to extracellular region	ENSMUSG00000022661	Cd200	IEA
CRE upregulated	GO:0035592	establishment of protein localization to extracellular region	ENSMUSG00000051343	Rab11fip5	IMP
CRE upregulated	GO:0035592	establishment of protein localization to extracellular region	ENSMUSG00000015243	Abca1	IMP, IEA
CRE upregulated	GO:0035592	establishment of protein localization to extracellular region	ENSMUSG00000025746	Il6	IDA
CRE upregulated	GO:0035592	establishment of protein localization to extracellular region	ENSMUSG00000007458	M6pr	IDA
CRE upregulated	GO:0035592	establishment of protein localization to extracellular region	ENSMUSG00000001847	Rac1	IMP, ISO
CRE upregulated	GO:0035592	establishment of protein localization to extracellular region	ENSMUSG00000018909	Arrb1	IMP
CRE upregulated	GO:0035592	establishment of protein localization to extracellular region	ENSMUSG00000036057	Ptpn23	IEA
CRE upregulated	GO:0035592	establishment of protein localization to extracellular region	ENSMUSG00000023032	Slc4a8	ISO, IEA
CRE upregulated	GO:0035592	establishment of protein localization to extracellular region	ENSMUSG00000024789	Jak2	ISS, ISO, IEA
CRE upregulated	GO:0035592	establishment of protein localization to extracellular region	ENSMUSG00000022555	Dgat1	ISO
CRE upregulated	GO:0035592	establishment of protein localization to extracellular region	ENSMUSG00000004347	ENSMUSG00000004347	ISO
CRE upregulated	GO:0035592	establishment of protein localization to extracellular region	ENSMUSG00000024803	Ankrd1	IEA
CRE upregulated	GO:0035592	establishment of protein localization to extracellular region	ENSMUSG00000044453	Ffar1	IDA, IMP, ISO, IBA
CRE upregulated	GO:0035592	establishment of protein localization to extracellular region	ENSMUSG00000032902	Slc16a1	IMP
CRE upregulated	GO:0035592	establishment of protein localization to extracellular region	ENSMUSG00000026074	Map4k4	IEA
CRE upregulated	GO:0035592	establishment of protein localization to extracellular region	ENSMUSG00000031278	ENSMUSG00000031278	ISS, ISO
CRE upregulated	GO:0035592	establishment of protein localization to extracellular region	ENSMUSG00000021587	Pcsk1	ISO, IEA
CRE upregulated	GO:0035592	establishment of protein localization to extracellular region	ENSMUSG00000044147	Arf6	IEA
CRE upregulated	GO:0035592	establishment of protein localization to extracellular region	ENSMUSG00000020671	ENSMUSG00000020671	IBA
CRE upregulated	GO:0035592	establishment of protein localization to extracellular region	ENSMUSG00000051209	ENSMUSG00000051209	IDA
CRE upregulated	GO:0006413	translational initiation	ENSMUSG00000056076	Eif3b	IDA, IBA, IEA
CRE upregulated	GO:0006413	translational initiation	ENSMUSG00000026254	Eif4e2	IBA, IEA
CRE upregulated	GO:0006413	translational initiation	ENSMUSG00000040025	Ythdf2	ISS
CRE upregulated	GO:0006413	translational initiation	ENSMUSG00000028156	Eif4e	IMP, IBA, NAS, IEA
CRE upregulated	GO:0006413	translational initiation	ENSMUSG00000057561	Eif1a	IBA, IEA
CRE upregulated	GO:0006413	translational initiation	ENSMUSG00000027613	Eif6	IEA
CRE upregulated	GO:0006413	translational initiation	ENSMUSG00000040435	Ppp1r15a	IDA
CRE upregulated	GO:0006413	translational initiation	ENSMUSG00000058355	Abce1	IBA, IEA
CRE upregulated	GO:0006413	translational initiation	ENSMUSG00000020547	Bzw2	ISS, IEA
CRE upregulated	GO:0006413	translational initiation	ENSMUSG00000059796	Eif4a1	IBA, NAS, IEA
CRE upregulated	GO:0006413	translational initiation	ENSMUSG00000000787	ENSMUSG00000000787	ISS
CRE upregulated	GO:0006413	translational initiation	ENSMUSG00000029145	ENSMUSG00000029145	ISS, IEA
CRE upregulated	GO:0006413	translational initiation	ENSMUSG00000021282	ENSMUSG00000021282	ISO, IBA, IEA
CRE upregulated	GO:0006413	translational initiation	ENSMUSG00000074656	Eif2s2	ISS, IBA, IEA
CRE upregulated	GO:0016197	endosomal transport	ENSMUSG00000109901	Chmp1b	IBA, NAS
CRE upregulated	GO:0016197	endosomal transport	ENSMUSG00000029518	Rab35	ISS, IBA, IEA
CRE upregulated	GO:0016197	endosomal transport	ENSMUSG00000015243	Abca1	IEA
CRE upregulated	GO:0016197	endosomal transport	ENSMUSG00000037062	Sh3glb1	ISO
CRE upregulated	GO:0016197	endosomal transport	ENSMUSG00000024772	Ehd1	IDA, IMP, ISS, IBA, IEA
CRE upregulated	GO:0016197	endosomal transport	ENSMUSG00000027293	Ehd4	ISS, IBA, IEA
CRE upregulated	GO:0016197	endosomal transport	ENSMUSG00000035392	Dennd1a	IDA, IBA
CRE upregulated	GO:0016197	endosomal transport	ENSMUSG00000033039	Micall1	ISS, IEA
CRE upregulated	GO:0016197	endosomal transport	ENSMUSG00000036057	Ptpn23	IBA, IEA
CRE upregulated	GO:0016197	endosomal transport	ENSMUSG00000025793	ENSMUSG00000025793	IBA
CRE upregulated	GO:0016197	endosomal transport	ENSMUSG00000002733	Plekha3	IBA
CRE upregulated	GO:0016197	endosomal transport	ENSMUSG00000026718	ENSMUSG00000026718	IBA
CRE upregulated	GO:0016197	endosomal transport	ENSMUSG00000022125	Cln5	IEA
CRE upregulated	GO:0016197	endosomal transport	ENSMUSG00000049866	Arl4c	ISS, IBA, IEA
CRE upregulated	GO:0016197	endosomal transport	ENSMUSG00000004530	ENSMUSG00000004530	ISS, IEA
CRE upregulated	GO:0016197	endosomal transport	ENSMUSG00000044147	Arf6	ISO, IEA
CRE upregulated	GO:0016197	endosomal transport	ENSMUSG00000044465	ENSMUSG00000044465	ISS, IBA, IEA
CRE upregulated	GO:0016197	endosomal transport	ENSMUSG00000020671	ENSMUSG00000020671	ISS, IEA
CRE upregulated	GO:0016197	endosomal transport	ENSMUSG00000038467	ENSMUSG00000038467	IBA, NAS
CRE upregulated	GO:0016197	endosomal transport	ENSMUSG00000027646	ENSMUSG00000027646	IEA
CRE upregulated	GO:0016197	endosomal transport	ENSMUSG00000019726	ENSMUSG00000019726	IEA
CRE upregulated	GO:0016197	endosomal transport	ENSMUSG00000034006	ENSMUSG00000034006	IBA
CRE upregulated	GO:0016055	Wnt signaling pathway	ENSMUSG00000073680	Tmem88b	IBA
CRE upregulated	GO:0016055	Wnt signaling pathway	ENSMUSG00000053436	Mapk14	IMP
CRE upregulated	GO:0016055	Wnt signaling pathway	ENSMUSG00000025239	Limd1	IMP
CRE upregulated	GO:0016055	Wnt signaling pathway	ENSMUSG00000020592	Sdc1	IMP
CRE upregulated	GO:0016055	Wnt signaling pathway	ENSMUSG00000032280	Tle3	IBA, IEA
CRE upregulated	GO:0016055	Wnt signaling pathway	ENSMUSG00000073563	Csnk1g3	IBA, IEA
CRE upregulated	GO:0016055	Wnt signaling pathway	ENSMUSG00000020271	Fbxw11	IEA
CRE upregulated	GO:0016055	Wnt signaling pathway	ENSMUSG00000001507	Itga3	IEA
CRE upregulated	GO:0016055	Wnt signaling pathway	ENSMUSG00000025408	Ddit3	IDA, IEA
CRE upregulated	GO:0016055	Wnt signaling pathway	ENSMUSG00000001847	Rac1	IGI
CRE upregulated	GO:0016055	Wnt signaling pathway	ENSMUSG00000030309	Caprin2	IBA
CRE upregulated	GO:0016055	Wnt signaling pathway	ENSMUSG00000022433	Csnk1e	IGI, IBA, IEA
CRE upregulated	GO:0016055	Wnt signaling pathway	ENSMUSG00000022346	Myc	IDA
CRE upregulated	GO:0016055	Wnt signaling pathway	ENSMUSG00000047604	Frat2	IGI, ISS
CRE upregulated	GO:0016055	Wnt signaling pathway	ENSMUSG00000030223	ENSMUSG00000030223	IDA, IBA
CRE upregulated	GO:0016055	Wnt signaling pathway	ENSMUSG00000027692	Tnik	IEA
CRE upregulated	GO:0016055	Wnt signaling pathway	ENSMUSG00000029071	ENSMUSG00000029071	IDA, IMP, IGI, ISO, IBA, TAS, IEA
CRE upregulated	GO:0016055	Wnt signaling pathway	ENSMUSG00000048047	Zbtb33	IEA
CRE upregulated	GO:0016055	Wnt signaling pathway	ENSMUSG00000025162	ENSMUSG00000025162	IGI, IBA, IEA
CRE upregulated	GO:0016055	Wnt signaling pathway	ENSMUSG00000039191	Rbpj	IMP
CRE upregulated	GO:0016055	Wnt signaling pathway	ENSMUSG00000039844	ENSMUSG00000039844	IGI
CRE upregulated	GO:0016055	Wnt signaling pathway	ENSMUSG00000001552	ENSMUSG00000001552	IBA
CRE upregulated	GO:0016055	Wnt signaling pathway	ENSMUSG00000058354	Krt6a	IDA
CRE upregulated	GO:0016055	Wnt signaling pathway	ENSMUSG00000000787	ENSMUSG00000000787	ISS
CRE upregulated	GO:0016055	Wnt signaling pathway	ENSMUSG00000002633	Shh	IDA, IMP
CRE upregulated	GO:0016055	Wnt signaling pathway	ENSMUSG00000045174	ENSMUSG00000045174	IBA, IEA
CRE upregulated	GO:0016055	Wnt signaling pathway	ENSMUSG00000027646	ENSMUSG00000027646	IGI
CRE upregulated	GO:0016055	Wnt signaling pathway	ENSMUSG00000074886	ENSMUSG00000074886	IEA
CRE upregulated	GO:0016055	Wnt signaling pathway	ENSMUSG00000031751	ENSMUSG00000031751	IMP, IEA
CRE upregulated	GO:0016055	Wnt signaling pathway	ENSMUSG00000046707	ENSMUSG00000046707	IEA
CRE upregulated	GO:0010256	endomembrane system organization	ENSMUSG00000109901	Chmp1b	ISO, NAS, IEA
CRE upregulated	GO:0010256	endomembrane system organization	ENSMUSG00000030095	Tmem43	IDA, ISO, IBA, IEA
CRE upregulated	GO:0010256	endomembrane system organization	ENSMUSG00000024261	Syt4	ISO, IEA
CRE upregulated	GO:0010256	endomembrane system organization	ENSMUSG00000032939	Nup93	ISS, IEA
CRE upregulated	GO:0010256	endomembrane system organization	ENSMUSG00000018736	Ndel1	ISS
CRE upregulated	GO:0010256	endomembrane system organization	ENSMUSG00000021501	Caml	ISS, ISO, IBA, IEA
CRE upregulated	GO:0010256	endomembrane system organization	ENSMUSG00000005069	Pex5	IMP
CRE upregulated	GO:0010256	endomembrane system organization	ENSMUSG00000019461	Plscr3	IBA, IEA
CRE upregulated	GO:0010256	endomembrane system organization	ENSMUSG00000028063	Lmna	IGI, ISS, IBA, IEA
CRE upregulated	GO:0010256	endomembrane system organization	ENSMUSG00000015243	Abca1	IEA
CRE upregulated	GO:0010256	endomembrane system organization	ENSMUSG00000032231	Anxa2	NAS
CRE upregulated	GO:0010256	endomembrane system organization	ENSMUSG00000037062	Sh3glb1	IEA
CRE upregulated	GO:0010256	endomembrane system organization	ENSMUSG00000033039	Micall1	ISS, IEA
CRE upregulated	GO:0010256	endomembrane system organization	ENSMUSG00000027455	Nsfl1c	ISO, IBA
CRE upregulated	GO:0010256	endomembrane system organization	ENSMUSG00000057531	Dtnbp1	IMP, IBA
CRE upregulated	GO:0010256	endomembrane system organization	ENSMUSG00000015837	Sqstm1	ISS, IBA, IEA
CRE upregulated	GO:0010256	endomembrane system organization	ENSMUSG00000025178	Pi4k2a	IBA
CRE upregulated	GO:0010256	endomembrane system organization	ENSMUSG00000047554	Tmem41b	IEA
CRE upregulated	GO:0010256	endomembrane system organization	ENSMUSG00000002733	Plekha3	IBA
CRE upregulated	GO:0010256	endomembrane system organization	ENSMUSG00000064210	ENSMUSG00000064210	IDA, IMP, IBA, IEA
CRE upregulated	GO:0010256	endomembrane system organization	ENSMUSG00000025162	ENSMUSG00000025162	IEA
CRE upregulated	GO:0010256	endomembrane system organization	ENSMUSG00000040640	ENSMUSG00000040640	IDA, IMP
CRE upregulated	GO:0010256	endomembrane system organization	ENSMUSG00000022353	ENSMUSG00000022353	IEA
CRE upregulated	GO:0010256	endomembrane system organization	ENSMUSG00000004530	ENSMUSG00000004530	ISS, IEA
CRE upregulated	GO:0010256	endomembrane system organization	ENSMUSG00000062234	ENSMUSG00000062234	IEA
CRE upregulated	GO:0010256	endomembrane system organization	ENSMUSG00000044465	ENSMUSG00000044465	ISS, IBA, IEA
CRE upregulated	GO:0010256	endomembrane system organization	ENSMUSG00000025366	ENSMUSG00000025366	IEA
CRE upregulated	GO:0010256	endomembrane system organization	ENSMUSG00000027465	Tbc1d20	IMP, IEA
CRE upregulated	GO:0010256	endomembrane system organization	ENSMUSG00000022270	ENSMUSG00000022270	IMP
CRE upregulated	GO:0010256	endomembrane system organization	ENSMUSG00000020671	ENSMUSG00000020671	ISS, IEA
CRE upregulated	GO:0010256	endomembrane system organization	ENSMUSG00000038467	ENSMUSG00000038467	ISS, ISO, NAS, IEA
CRE upregulated	GO:0010256	endomembrane system organization	ENSMUSG00000028680	ENSMUSG00000028680	IEA
CRE upregulated	GO:0010256	endomembrane system organization	ENSMUSG00000004270	ENSMUSG00000004270	IMP
CRE upregulated	GO:0010256	endomembrane system organization	ENSMUSG00000056050	ENSMUSG00000056050	IEA
CRE upregulated	GO:0010256	endomembrane system organization	ENSMUSG00000026159	ENSMUSG00000026159	IMP, IBA
CRE upregulated	GO:0007049	cell cycle	ENSMUSG00000036390	Gadd45a	IDA, IGI, IBA, IEA
CRE upregulated	GO:0007049	cell cycle	ENSMUSG00000052684	Jun	IMP, IBA, IEA
CRE upregulated	GO:0007049	cell cycle	ENSMUSG00000001473	Tubb6	IBA, IEA
CRE upregulated	GO:0007049	cell cycle	ENSMUSG00000023067	Cdkn1a	IDA, IMP, ISS, ISO, IBA, IEA
CRE upregulated	GO:0007049	cell cycle	ENSMUSG00000109901	Chmp1b	ISO, IEA
CRE upregulated	GO:0007049	cell cycle	ENSMUSG00000026836	Acvr1	IEA
CRE upregulated	GO:0007049	cell cycle	ENSMUSG00000021453	Gadd45g	IEA
CRE upregulated	GO:0007049	cell cycle	ENSMUSG00000038943	Prc1	ISS, IBA, IEA
CRE upregulated	GO:0007049	cell cycle	ENSMUSG00000028896	Rcc1	ISS, IEA
CRE upregulated	GO:0007049	cell cycle	ENSMUSG00000024256	Adcyap1	IDA
CRE upregulated	GO:0007049	cell cycle	ENSMUSG00000037458	Azin1	ISO
CRE upregulated	GO:0007049	cell cycle	ENSMUSG00000018736	Ndel1	IMP, IGI, IBA, IEA
CRE upregulated	GO:0007049	cell cycle	ENSMUSG00000025337	Sbds	IEA
CRE upregulated	GO:0007049	cell cycle	ENSMUSG00000035828	Pim3	ISS, IBA, IEA
CRE upregulated	GO:0007049	cell cycle	ENSMUSG00000007812	Zfp655	ISS, IEA
CRE upregulated	GO:0007049	cell cycle	ENSMUSG00000029518	Rab35	IEA
CRE upregulated	GO:0007049	cell cycle	ENSMUSG00000045136	Tubb2b	IBA, IEA
CRE upregulated	GO:0007049	cell cycle	ENSMUSG00000028063	Lmna	ISS, IEA
CRE upregulated	GO:0007049	cell cycle	ENSMUSG00000053436	Mapk14	IMP
CRE upregulated	GO:0007049	cell cycle	ENSMUSG00000025809	Itgb1	IMP, IEA
CRE upregulated	GO:0007049	cell cycle	ENSMUSG00000040025	Ythdf2	IMP
CRE upregulated	GO:0007049	cell cycle	ENSMUSG00000028156	Eif4e	IEA
CRE upregulated	GO:0007049	cell cycle	ENSMUSG00000022043	Trim35	IEA
CRE upregulated	GO:0007049	cell cycle	ENSMUSG00000002233	Rhoc	ISS, IBA, IEA
CRE upregulated	GO:0007049	cell cycle	ENSMUSG00000043091	Tuba1c	IBA, IEA
CRE upregulated	GO:0007049	cell cycle	ENSMUSG00000037062	Sh3glb1	IEA
CRE upregulated	GO:0007049	cell cycle	ENSMUSG00000020580	Rock2	IEA
CRE upregulated	GO:0007049	cell cycle	ENSMUSG00000020271	Fbxw11	IBA
CRE upregulated	GO:0007049	cell cycle	ENSMUSG00000020838	Slc6a4	IMP
CRE upregulated	GO:0007049	cell cycle	ENSMUSG00000031628	Casp3	IMP
CRE upregulated	GO:0007049	cell cycle	ENSMUSG00000025408	Ddit3	IEA
CRE upregulated	GO:0007049	cell cycle	ENSMUSG00000039879	Heca	IEA
CRE upregulated	GO:0007049	cell cycle	ENSMUSG00000032078	Zpr1	IMP, IEA
CRE upregulated	GO:0007049	cell cycle	ENSMUSG00000026107	Nabp1	ISS, ISO, IEA
CRE upregulated	GO:0007049	cell cycle	ENSMUSG00000027455	Nsfl1c	IEA
CRE upregulated	GO:0007049	cell cycle	ENSMUSG00000030677	Kif22	ISS, IEA
CRE upregulated	GO:0007049	cell cycle	ENSMUSG00000020015	Cdk17	IEA
CRE upregulated	GO:0007049	cell cycle	ENSMUSG00000022346	Myc	ISS, ISO, IEA
CRE upregulated	GO:0007049	cell cycle	ENSMUSG00000036478	Btg1	IBA, IEA
CRE upregulated	GO:0007049	cell cycle	ENSMUSG00000004040	ENSMUSG00000004040	IDA, ISS, IEA
CRE upregulated	GO:0007049	cell cycle	ENSMUSG00000061589	Dot1l	IBA, IEA
CRE upregulated	GO:0007049	cell cycle	ENSMUSG00000109511	Nup62	IEA
CRE upregulated	GO:0007049	cell cycle	ENSMUSG00000033769	Exoc6b	NAS
CRE upregulated	GO:0007049	cell cycle	ENSMUSG00000024190	Dusp1	ISS
CRE upregulated	GO:0007049	cell cycle	ENSMUSG00000004865	ENSMUSG00000004865	ISS, IEA
CRE upregulated	GO:0007049	cell cycle	ENSMUSG00000027806	Tsc22d2	ISS, IEA
CRE upregulated	GO:0007049	cell cycle	ENSMUSG00000026930	Gpsm1	IBA
CRE upregulated	GO:0007049	cell cycle	ENSMUSG00000026426	ENSMUSG00000026426	IEA
CRE upregulated	GO:0007049	cell cycle	ENSMUSG00000024912	Fosl1	ISO, IEA
CRE upregulated	GO:0007049	cell cycle	ENSMUSG00000024947	Men1	IMP, ISO, IBA, IEA
CRE upregulated	GO:0007049	cell cycle	ENSMUSG00000032902	Slc16a1	IEA
CRE upregulated	GO:0007049	cell cycle	ENSMUSG00000024777	ENSMUSG00000024777	ISO, IEA
CRE upregulated	GO:0007049	cell cycle	ENSMUSG00000020694	ENSMUSG00000020694	ISS, IBA, IEA
CRE upregulated	GO:0007049	cell cycle	ENSMUSG00000025162	ENSMUSG00000025162	IBA, IEA
CRE upregulated	GO:0007049	cell cycle	ENSMUSG00000003154	Foxj2	IMP, IEA
CRE upregulated	GO:0007049	cell cycle	ENSMUSG00000020349	ENSMUSG00000020349	IBA, TAS, IEA
CRE upregulated	GO:0007049	cell cycle	ENSMUSG00000039108	ENSMUSG00000039108	IMP
CRE upregulated	GO:0007049	cell cycle	ENSMUSG00000029752	ENSMUSG00000029752	IEA
CRE upregulated	GO:0007049	cell cycle	ENSMUSG00000044147	Arf6	IEA
CRE upregulated	GO:0007049	cell cycle	ENSMUSG00000011877	Git1	IEA
CRE upregulated	GO:0007049	cell cycle	ENSMUSG00000052837	ENSMUSG00000052837	IDA, IBA, IEA
CRE upregulated	GO:0007049	cell cycle	ENSMUSG00000047281	ENSMUSG00000047281	IDA
CRE upregulated	GO:0007049	cell cycle	ENSMUSG00000049649	Gpr3	IMP
CRE upregulated	GO:0007049	cell cycle	ENSMUSG00000029110	ENSMUSG00000029110	ISS, IEA
CRE upregulated	GO:0007049	cell cycle	ENSMUSG00000048668	Rhno1	IEA
CRE upregulated	GO:0007049	cell cycle	ENSMUSG00000040463	ENSMUSG00000040463	IEA
CRE upregulated	GO:0007049	cell cycle	ENSMUSG00000020594	ENSMUSG00000020594	ISS, IEA
CRE upregulated	GO:0007049	cell cycle	ENSMUSG00000000787	ENSMUSG00000000787	ISS, IEA
CRE upregulated	GO:0007049	cell cycle	ENSMUSG00000038467	ENSMUSG00000038467	ISS, ISO, IEA
CRE upregulated	GO:0007049	cell cycle	ENSMUSG00000042185	ENSMUSG00000042185	ISO, IEA
CRE upregulated	GO:0007049	cell cycle	ENSMUSG00000028680	ENSMUSG00000028680	IEA
CRE upregulated	GO:0007049	cell cycle	ENSMUSG00000061244	ENSMUSG00000061244	NAS
CRE upregulated	GO:0007049	cell cycle	ENSMUSG00000037411	Serpine1	IEA
CRE upregulated	GO:0007049	cell cycle	ENSMUSG00000003119	ENSMUSG00000003119	IEA
CRE upregulated	GO:0007049	cell cycle	ENSMUSG00000040843	ENSMUSG00000040843	IEA
CRE upregulated	GO:0007049	cell cycle	ENSMUSG00000046707	ENSMUSG00000046707	IDA, ISS, IBA, IEA
CRE upregulated	GO:0007049	cell cycle	ENSMUSG00000003541	ENSMUSG00000003541	IMP
CRE upregulated	GO:0007162	negative regulation of cell adhesion	ENSMUSG00000019647	Sema6a	IEA
CRE upregulated	GO:0007162	negative regulation of cell adhesion	ENSMUSG00000004951	Hspb1	ISO
CRE upregulated	GO:0007162	negative regulation of cell adhesion	ENSMUSG00000025473	Adam8	NAS
CRE upregulated	GO:0007162	negative regulation of cell adhesion	ENSMUSG00000030748	Il4ra	IGI
CRE upregulated	GO:0007162	negative regulation of cell adhesion	ENSMUSG00000068566	Myadm	IBA, IEA
CRE upregulated	GO:0007162	negative regulation of cell adhesion	ENSMUSG00000054855	Rnd1	IEA
CRE upregulated	GO:0007162	negative regulation of cell adhesion	ENSMUSG00000027540	Ptpn1	IEA
CRE upregulated	GO:0007162	negative regulation of cell adhesion	ENSMUSG00000040025	Ythdf2	ISS
CRE upregulated	GO:0007162	negative regulation of cell adhesion	ENSMUSG00000031628	Casp3	IMP
CRE upregulated	GO:0007162	negative regulation of cell adhesion	ENSMUSG00000031955	Bcar1	ISO
CRE upregulated	GO:0007162	negative regulation of cell adhesion	ENSMUSG00000029765	Plxna4	IBA
CRE upregulated	GO:0007162	negative regulation of cell adhesion	ENSMUSG00000024789	Jak2	ISS, ISO, IEA
CRE upregulated	GO:0007162	negative regulation of cell adhesion	ENSMUSG00000050335	Lgals3	IEA
CRE upregulated	GO:0007162	negative regulation of cell adhesion	ENSMUSG00000024190	Dusp1	IEA
CRE upregulated	GO:0007162	negative regulation of cell adhesion	ENSMUSG00000021360	ENSMUSG00000021360	IEA
CRE upregulated	GO:0007162	negative regulation of cell adhesion	ENSMUSG00000023915	Tnfrsf21	IMP, IBA
CRE upregulated	GO:0007162	negative regulation of cell adhesion	ENSMUSG00000024947	Men1	ISO
CRE upregulated	GO:0007162	negative regulation of cell adhesion	ENSMUSG00000004530	ENSMUSG00000004530	IEA
CRE upregulated	GO:0007162	negative regulation of cell adhesion	ENSMUSG00000021072	Tmx1	IMP, IEA
CRE upregulated	GO:0007162	negative regulation of cell adhesion	ENSMUSG00000002633	Shh	IMP
CRE upregulated	GO:0007162	negative regulation of cell adhesion	ENSMUSG00000056050	ENSMUSG00000056050	IEA
CRE upregulated	GO:0007162	negative regulation of cell adhesion	ENSMUSG00000037411	Serpine1	IEA
CRE upregulated	GO:0007162	negative regulation of cell adhesion	ENSMUSG00000027646	ENSMUSG00000027646	ISO, IEA
CRE upregulated	GO:0002221	pattern recognition receptor signaling pathway	ENSMUSG00000046688	Tifa	ISS, IBA, IEA
CRE upregulated	GO:0002221	pattern recognition receptor signaling pathway	ENSMUSG00000024404	Riok3	IEA
CRE upregulated	GO:0002221	pattern recognition receptor signaling pathway	ENSMUSG00000055994	Nod2	IDA, IMP, ISS, ISO, IEA
CRE upregulated	GO:0002221	pattern recognition receptor signaling pathway	ENSMUSG00000024349	Sting1	IDA, ISS, IEA
CRE upregulated	GO:0002221	pattern recognition receptor signaling pathway	ENSMUSG00000015837	Sqstm1	IEA
CRE upregulated	GO:0002221	pattern recognition receptor signaling pathway	ENSMUSG00000036990	Otud4	IDA, IBA, IEA
CRE upregulated	GO:0002221	pattern recognition receptor signaling pathway	ENSMUSG00000029826	Zc3hav1	TAS
CRE upregulated	GO:0002221	pattern recognition receptor signaling pathway	ENSMUSG00000059866	Tnip2	IMP, IBA
CRE upregulated	GO:0002221	pattern recognition receptor signaling pathway	ENSMUSG00000033545	Znrf1	IEA
CRE upregulated	GO:0002221	pattern recognition receptor signaling pathway	ENSMUSG00000024912	Fosl1	IMP
CRE upregulated	GO:0002221	pattern recognition receptor signaling pathway	ENSMUSG00000024927	Rela	ISO, IEA
CRE upregulated	GO:0002221	pattern recognition receptor signaling pathway	ENSMUSG00000020349	ENSMUSG00000020349	IMP
CRE upregulated	GO:0002221	pattern recognition receptor signaling pathway	ENSMUSG00000044147	Arf6	NAS
CRE upregulated	GO:0002221	pattern recognition receptor signaling pathway	ENSMUSG00000030662	ENSMUSG00000030662	IEA
CRE upregulated	GO:0002221	pattern recognition receptor signaling pathway	ENSMUSG00000070056	ENSMUSG00000070056	IMP, ISS, IEA
CRE upregulated	GO:0002221	pattern recognition receptor signaling pathway	ENSMUSG00000037860	Aim2	NAS
CRE upregulated	GO:0002221	pattern recognition receptor signaling pathway	ENSMUSG00000020594	ENSMUSG00000020594	IEA
CRE upregulated	GO:0002221	pattern recognition receptor signaling pathway	ENSMUSG00000000787	ENSMUSG00000000787	IDA, ISS
CRE upregulated	GO:0002221	pattern recognition receptor signaling pathway	ENSMUSG00000037553	ENSMUSG00000037553	IEA
CRE upregulated	GO:0002221	pattern recognition receptor signaling pathway	ENSMUSG00000032508	Myd88	IMP, IGI, ISS, IBA, IEA
CRE upregulated	GO:0002221	pattern recognition receptor signaling pathway	ENSMUSG00000027646	ENSMUSG00000027646	IEA
CRE upregulated	GO:0043408	regulation of MAPK cascade	ENSMUSG00000026628	Atf3	IMP
CRE upregulated	GO:0043408	regulation of MAPK cascade	ENSMUSG00000036390	Gadd45a	IEA
CRE upregulated	GO:0043408	regulation of MAPK cascade	ENSMUSG00000052684	Jun	IMP
CRE upregulated	GO:0043408	regulation of MAPK cascade	ENSMUSG00000019647	Sema6a	IEA
CRE upregulated	GO:0043408	regulation of MAPK cascade	ENSMUSG00000025473	Adam8	IDA
CRE upregulated	GO:0043408	regulation of MAPK cascade	ENSMUSG00000020427	Igfbp3	IGI
CRE upregulated	GO:0043408	regulation of MAPK cascade	ENSMUSG00000005087	Cd44	IEA
CRE upregulated	GO:0043408	regulation of MAPK cascade	ENSMUSG00000021453	Gadd45g	IEA
CRE upregulated	GO:0043408	regulation of MAPK cascade	ENSMUSG00000024256	Adcyap1	ISS, ISO, IBA, IEA
CRE upregulated	GO:0043408	regulation of MAPK cascade	ENSMUSG00000027540	Ptpn1	IMP, IGI, IBA
CRE upregulated	GO:0043408	regulation of MAPK cascade	ENSMUSG00000025746	Il6	ISO
CRE upregulated	GO:0043408	regulation of MAPK cascade	ENSMUSG00000055994	Nod2	IDA, IMP, ISO, IEA
CRE upregulated	GO:0043408	regulation of MAPK cascade	ENSMUSG00000027560	Dok5	IDA, IBA
CRE upregulated	GO:0043408	regulation of MAPK cascade	ENSMUSG00000059923	Grb2	IGI, IBA, IEA
CRE upregulated	GO:0043408	regulation of MAPK cascade	ENSMUSG00000035199	Arl6ip5	IEA
CRE upregulated	GO:0043408	regulation of MAPK cascade	ENSMUSG00000001847	Rac1	IDA
CRE upregulated	GO:0043408	regulation of MAPK cascade	ENSMUSG00000018909	Arrb1	IMP, ISO, IBA, IEA
CRE upregulated	GO:0043408	regulation of MAPK cascade	ENSMUSG00000054008	Ndst1	IMP
CRE upregulated	GO:0043408	regulation of MAPK cascade	ENSMUSG00000015316	Slamf1	IEA
CRE upregulated	GO:0043408	regulation of MAPK cascade	ENSMUSG00000027954	Efna1	IDA
CRE upregulated	GO:0043408	regulation of MAPK cascade	ENSMUSG00000024789	Jak2	ISO, IEA
CRE upregulated	GO:0043408	regulation of MAPK cascade	ENSMUSG00000109511	Nup62	IMP
CRE upregulated	GO:0043408	regulation of MAPK cascade	ENSMUSG00000024190	Dusp1	IMP, ISS, ISO, IBA, IEA
CRE upregulated	GO:0043408	regulation of MAPK cascade	ENSMUSG00000021360	ENSMUSG00000021360	IMP, IEA
CRE upregulated	GO:0043408	regulation of MAPK cascade	ENSMUSG00000042608	Stk40	IMP
CRE upregulated	GO:0043408	regulation of MAPK cascade	ENSMUSG00000053716	Dusp7	IBA
CRE upregulated	GO:0043408	regulation of MAPK cascade	ENSMUSG00000027692	Tnik	ISS, IBA, IEA
CRE upregulated	GO:0043408	regulation of MAPK cascade	ENSMUSG00000024947	Men1	IEA
CRE upregulated	GO:0043408	regulation of MAPK cascade	ENSMUSG00000031383	Dusp9	IDA, IBA
CRE upregulated	GO:0043408	regulation of MAPK cascade	ENSMUSG00000070056	ENSMUSG00000070056	ISS, IEA
CRE upregulated	GO:0043408	regulation of MAPK cascade	ENSMUSG00000039844	ENSMUSG00000039844	IGI, ISO, IEA
CRE upregulated	GO:0043408	regulation of MAPK cascade	ENSMUSG00000046722	ENSMUSG00000046722	ISS
CRE upregulated	GO:0043408	regulation of MAPK cascade	ENSMUSG00000052681	Rap1b	IGI
CRE upregulated	GO:0043408	regulation of MAPK cascade	ENSMUSG00000032508	Myd88	IMP
CRE upregulated	GO:0043408	regulation of MAPK cascade	ENSMUSG00000032462	ENSMUSG00000032462	IMP
CRE upregulated	GO:0043408	regulation of MAPK cascade	ENSMUSG00000027646	ENSMUSG00000027646	IMP, ISO, IEA
CRE upregulated	GO:0043408	regulation of MAPK cascade	ENSMUSG00000031073	Fgf15	IBA
CRE upregulated	GO:0043408	regulation of MAPK cascade	ENSMUSG00000054204	ENSMUSG00000054204	IBA, IEA
CRE upregulated	GO:0071559	response to transforming growth factor beta	ENSMUSG00000052684	Jun	IDA
CRE upregulated	GO:0071559	response to transforming growth factor beta	ENSMUSG00000063632	Sox11	IEA
CRE upregulated	GO:0071559	response to transforming growth factor beta	ENSMUSG00000031574	Star	IEA
CRE upregulated	GO:0071559	response to transforming growth factor beta	ENSMUSG00000031681	Smad1	ISO, IBA, IEA
CRE upregulated	GO:0071559	response to transforming growth factor beta	ENSMUSG00000050989	Selenon	IMP
CRE upregulated	GO:0071559	response to transforming growth factor beta	ENSMUSG00000026836	Acvr1	IDA, ISO, IBA, TAS, IEA
CRE upregulated	GO:0071559	response to transforming growth factor beta	ENSMUSG00000022607	Ptk2	IDA
CRE upregulated	GO:0071559	response to transforming growth factor beta	ENSMUSG00000001507	Itga3	IEA
CRE upregulated	GO:0071559	response to transforming growth factor beta	ENSMUSG00000038552	Fndc4	IEA
CRE upregulated	GO:0071559	response to transforming growth factor beta	ENSMUSG00000004040	ENSMUSG00000004040	IEA
CRE upregulated	GO:0071559	response to transforming growth factor beta	ENSMUSG00000029860	Zyx	IMP, IBA, IEA
CRE upregulated	GO:0071559	response to transforming growth factor beta	ENSMUSG00000021360	ENSMUSG00000021360	IMP, IBA, IEA
CRE upregulated	GO:0071559	response to transforming growth factor beta	ENSMUSG00000024803	Ankrd1	IEA
CRE upregulated	GO:0071559	response to transforming growth factor beta	ENSMUSG00000024238	Zeb1	IGI, IEA
CRE upregulated	GO:0071559	response to transforming growth factor beta	ENSMUSG00000024947	Men1	ISO, IEA
CRE upregulated	GO:0071559	response to transforming growth factor beta	ENSMUSG00000039985	Sinhcaf	NAS
CRE upregulated	GO:0071559	response to transforming growth factor beta	ENSMUSG00000021796	Bmpr1a	IEA
CRE upregulated	GO:0071559	response to transforming growth factor beta	ENSMUSG00000004099	ENSMUSG00000004099	ISO
CRE upregulated	GO:0071559	response to transforming growth factor beta	ENSMUSG00000026864	ENSMUSG00000026864	IGI
CRE upregulated	GO:0071559	response to transforming growth factor beta	ENSMUSG00000019843	ENSMUSG00000019843	IGI
CRE upregulated	GO:0071559	response to transforming growth factor beta	ENSMUSG00000027646	ENSMUSG00000027646	IGI, IEA
CRE upregulated	GO:0071559	response to transforming growth factor beta	ENSMUSG00000042197	ENSMUSG00000042197	ISS, IEA
CRE upregulated	GO:0032652	regulation of interleukin-1 production	ENSMUSG00000004951	Hspb1	IDA
CRE upregulated	GO:0032652	regulation of interleukin-1 production	ENSMUSG00000044734	Serpinb1a	IMP, IBA
CRE upregulated	GO:0032652	regulation of interleukin-1 production	ENSMUSG00000055994	Nod2	IDA, ISS, IEA
CRE upregulated	GO:0032652	regulation of interleukin-1 production	ENSMUSG00000079049	Serpinb1c	IMP, IBA
CRE upregulated	GO:0032652	regulation of interleukin-1 production	ENSMUSG00000024789	Jak2	IGI, ISS, ISO, IEA
CRE upregulated	GO:0032652	regulation of interleukin-1 production	ENSMUSG00000004040	ENSMUSG00000004040	IEA
CRE upregulated	GO:0032652	regulation of interleukin-1 production	ENSMUSG00000031934	ENSMUSG00000031934	IMP, IEA
CRE upregulated	GO:0032652	regulation of interleukin-1 production	ENSMUSG00000024927	Rela	IEA
CRE upregulated	GO:0032652	regulation of interleukin-1 production	ENSMUSG00000044453	Ffar1	IEA
CRE upregulated	GO:0032652	regulation of interleukin-1 production	ENSMUSG00000011877	Git1	IMP
CRE upregulated	GO:0032652	regulation of interleukin-1 production	ENSMUSG00000037860	Aim2	IDA, IMP, IGI, ISO, IEA
CRE upregulated	GO:0032652	regulation of interleukin-1 production	ENSMUSG00000032508	Myd88	ISS, IEA
CRE upregulated	GO:0032652	regulation of interleukin-1 production	ENSMUSG00000067586	ENSMUSG00000067586	IMP
CRE upregulated	GO:0032612	interleukin-1 production	ENSMUSG00000004951	Hspb1	IDA
CRE upregulated	GO:0032612	interleukin-1 production	ENSMUSG00000044734	Serpinb1a	IMP, IBA
CRE upregulated	GO:0032612	interleukin-1 production	ENSMUSG00000055994	Nod2	IDA, ISS, IEA
CRE upregulated	GO:0032612	interleukin-1 production	ENSMUSG00000079049	Serpinb1c	IMP, IBA
CRE upregulated	GO:0032612	interleukin-1 production	ENSMUSG00000024789	Jak2	IGI, ISS, ISO, IEA
CRE upregulated	GO:0032612	interleukin-1 production	ENSMUSG00000004040	ENSMUSG00000004040	IEA
CRE upregulated	GO:0032612	interleukin-1 production	ENSMUSG00000031934	ENSMUSG00000031934	IMP, IEA
CRE upregulated	GO:0032612	interleukin-1 production	ENSMUSG00000024927	Rela	IEA
CRE upregulated	GO:0032612	interleukin-1 production	ENSMUSG00000044453	Ffar1	IEA
CRE upregulated	GO:0032612	interleukin-1 production	ENSMUSG00000011877	Git1	IMP
CRE upregulated	GO:0032612	interleukin-1 production	ENSMUSG00000037860	Aim2	IDA, IMP, IGI, ISO, IEA
CRE upregulated	GO:0032612	interleukin-1 production	ENSMUSG00000032508	Myd88	ISS, IEA
CRE upregulated	GO:0032612	interleukin-1 production	ENSMUSG00000067586	ENSMUSG00000067586	IMP
CRE upregulated	GO:0048598	embryonic morphogenesis	ENSMUSG00000051379	Flrt3	IMP
CRE upregulated	GO:0048598	embryonic morphogenesis	ENSMUSG00000063632	Sox11	IMP
CRE upregulated	GO:0048598	embryonic morphogenesis	ENSMUSG00000022895	Ets2	IMP, IGI
CRE upregulated	GO:0048598	embryonic morphogenesis	ENSMUSG00000025348	Itga7	IEA
CRE upregulated	GO:0048598	embryonic morphogenesis	ENSMUSG00000040151	Hs2st1	IMP
CRE upregulated	GO:0048598	embryonic morphogenesis	ENSMUSG00000037705	Tecta	IGI
CRE upregulated	GO:0048598	embryonic morphogenesis	ENSMUSG00000028226	Mmp16	IGI
CRE upregulated	GO:0048598	embryonic morphogenesis	ENSMUSG00000031681	Smad1	IGI
CRE upregulated	GO:0048598	embryonic morphogenesis	ENSMUSG00000026836	Acvr1	IMP, IEA
CRE upregulated	GO:0048598	embryonic morphogenesis	ENSMUSG00000068566	Myadm	IBA, IEA
CRE upregulated	GO:0048598	embryonic morphogenesis	ENSMUSG00000027198	Ext2	IMP
CRE upregulated	GO:0048598	embryonic morphogenesis	ENSMUSG00000029201	Ugdh	IMP
CRE upregulated	GO:0048598	embryonic morphogenesis	ENSMUSG00000025809	Itgb1	IEA
CRE upregulated	GO:0048598	embryonic morphogenesis	ENSMUSG00000040025	Ythdf2	ISS
CRE upregulated	GO:0048598	embryonic morphogenesis	ENSMUSG00000059923	Grb2	IMP
CRE upregulated	GO:0048598	embryonic morphogenesis	ENSMUSG00000001507	Itga3	IEA
CRE upregulated	GO:0048598	embryonic morphogenesis	ENSMUSG00000031628	Casp3	IMP
CRE upregulated	GO:0048598	embryonic morphogenesis	ENSMUSG00000001847	Rac1	IMP
CRE upregulated	GO:0048598	embryonic morphogenesis	ENSMUSG00000054008	Ndst1	IMP
CRE upregulated	GO:0048598	embryonic morphogenesis	ENSMUSG00000029131	Dnajb6	IMP
CRE upregulated	GO:0048598	embryonic morphogenesis	ENSMUSG00000022346	Myc	IMP
CRE upregulated	GO:0048598	embryonic morphogenesis	ENSMUSG00000053113	Socs3	IMP
CRE upregulated	GO:0048598	embryonic morphogenesis	ENSMUSG00000027954	Efna1	IGI
CRE upregulated	GO:0048598	embryonic morphogenesis	ENSMUSG00000024190	Dusp1	IBA, IEA
CRE upregulated	GO:0048598	embryonic morphogenesis	ENSMUSG00000030029	Lrig1	IGI
CRE upregulated	GO:0048598	embryonic morphogenesis	ENSMUSG00000024238	Zeb1	IMP, IGI
CRE upregulated	GO:0048598	embryonic morphogenesis	ENSMUSG00000024947	Men1	IMP
CRE upregulated	GO:0048598	embryonic morphogenesis	ENSMUSG00000029071	ENSMUSG00000029071	IGI
CRE upregulated	GO:0048598	embryonic morphogenesis	ENSMUSG00000024335	Brd2	IMP
CRE upregulated	GO:0048598	embryonic morphogenesis	ENSMUSG00000025485	ENSMUSG00000025485	IMP
CRE upregulated	GO:0048598	embryonic morphogenesis	ENSMUSG00000036180	ENSMUSG00000036180	IMP
CRE upregulated	GO:0048598	embryonic morphogenesis	ENSMUSG00000021796	Bmpr1a	IMP, IGI
CRE upregulated	GO:0048598	embryonic morphogenesis	ENSMUSG00000020250	ENSMUSG00000020250	IMP
CRE upregulated	GO:0048598	embryonic morphogenesis	ENSMUSG00000039191	Rbpj	TAS
CRE upregulated	GO:0048598	embryonic morphogenesis	ENSMUSG00000008859	ENSMUSG00000008859	IMP
CRE upregulated	GO:0048598	embryonic morphogenesis	ENSMUSG00000008730	Hipk1	IMP
CRE upregulated	GO:0048598	embryonic morphogenesis	ENSMUSG00000066595	ENSMUSG00000066595	IMP
CRE upregulated	GO:0048598	embryonic morphogenesis	ENSMUSG00000002633	Shh	IDA, IMP, IGI, ISO, TAS
CRE upregulated	GO:0048598	embryonic morphogenesis	ENSMUSG00000029475	ENSMUSG00000029475	IMP
CRE upregulated	GO:0043170	macromolecule metabolic process	ENSMUSG00000026628	Atf3	IDA, IMP, IGI, ISO, IBA, IEA
CRE upregulated	GO:0043170	macromolecule metabolic process	ENSMUSG00000036390	Gadd45a	IMP, IEA
CRE upregulated	GO:0043170	macromolecule metabolic process	ENSMUSG00000052684	Jun	IDA, IMP, IGI, ISS, ISO, IBA, NAS, IEA
CRE upregulated	GO:0043170	macromolecule metabolic process	ENSMUSG00000063632	Sox11	IDA, IMP, ISO, IBA, IEA
CRE upregulated	GO:0043170	macromolecule metabolic process	ENSMUSG00000046223	Plaur	NAS
CRE upregulated	GO:0043170	macromolecule metabolic process	ENSMUSG00000031574	Star	ISO, IEA
CRE upregulated	GO:0043170	macromolecule metabolic process	ENSMUSG00000039328	Rnf122	ISS, IEA
CRE upregulated	GO:0043170	macromolecule metabolic process	ENSMUSG00000004951	Hspb1	IDA, ISS, IBA, IEA
CRE upregulated	GO:0043170	macromolecule metabolic process	ENSMUSG00000025473	Adam8	IDA, IMP, IBA, IEA
CRE upregulated	GO:0043170	macromolecule metabolic process	ENSMUSG00000046731	Kctd11	IEA
CRE upregulated	GO:0043170	macromolecule metabolic process	ENSMUSG00000056749	Nfil3	IDA, IMP, IBA, IEA
CRE upregulated	GO:0043170	macromolecule metabolic process	ENSMUSG00000024143	Rhoq	IEA
CRE upregulated	GO:0043170	macromolecule metabolic process	ENSMUSG00000022895	Ets2	ISO, IBA, IEA
CRE upregulated	GO:0043170	macromolecule metabolic process	ENSMUSG00000019876	Pkib	IEA
CRE upregulated	GO:0043170	macromolecule metabolic process	ENSMUSG00000037447	Arid5a	IDA, IMP, IGI, ISS, IBA, IEA
CRE upregulated	GO:0043170	macromolecule metabolic process	ENSMUSG00000033902	Mapkbp1	IEA
CRE upregulated	GO:0043170	macromolecule metabolic process	ENSMUSG00000030748	Il4ra	IMP
CRE upregulated	GO:0043170	macromolecule metabolic process	ENSMUSG00000032515	Csrnp1	IDA, IMP, IBA
CRE upregulated	GO:0043170	macromolecule metabolic process	ENSMUSG00000025089	Gfra1	ISO, IEA
CRE upregulated	GO:0043170	macromolecule metabolic process	ENSMUSG00000021765	Fst	IEA
CRE upregulated	GO:0043170	macromolecule metabolic process	ENSMUSG00000030256	Bhlhe41	IDA, IMP, IBA, TAS, IEA
CRE upregulated	GO:0043170	macromolecule metabolic process	ENSMUSG00000040151	Hs2st1	IMP
CRE upregulated	GO:0043170	macromolecule metabolic process	ENSMUSG00000001054	Rmnd5b	IBA, IEA
CRE upregulated	GO:0043170	macromolecule metabolic process	ENSMUSG00000014599	Csf1	IDA, IEA
CRE upregulated	GO:0043170	macromolecule metabolic process	ENSMUSG00000025612	Bach1	IDA, ISS, IBA, IEA
CRE upregulated	GO:0043170	macromolecule metabolic process	ENSMUSG00000020427	Igfbp3	ISO, IEA
CRE upregulated	GO:0043170	macromolecule metabolic process	ENSMUSG00000023067	Cdkn1a	IMP, IEA
CRE upregulated	GO:0043170	macromolecule metabolic process	ENSMUSG00000024404	Riok3	IBA, IEA
CRE upregulated	GO:0043170	macromolecule metabolic process	ENSMUSG00000000078	Klf6	IEA
CRE upregulated	GO:0043170	macromolecule metabolic process	ENSMUSG00000030681	Mvp	IMP, IEA
CRE upregulated	GO:0043170	macromolecule metabolic process	ENSMUSG00000058093	Zfp729b	IBA, IEA
CRE upregulated	GO:0043170	macromolecule metabolic process	ENSMUSG00000109901	Chmp1b	ISO, IEA
CRE upregulated	GO:0043170	macromolecule metabolic process	ENSMUSG00000044934	Zfp367	ISO, IBA, IEA
CRE upregulated	GO:0043170	macromolecule metabolic process	ENSMUSG00000028226	Mmp16	IEA
CRE upregulated	GO:0043170	macromolecule metabolic process	ENSMUSG00000030272	Camk1	ISS, IEA
CRE upregulated	GO:0043170	macromolecule metabolic process	ENSMUSG00000004846	Plod3	IDA, ISS, IEA
CRE upregulated	GO:0043170	macromolecule metabolic process	ENSMUSG00000033983	Coil	IBA
CRE upregulated	GO:0043170	macromolecule metabolic process	ENSMUSG00000001542	Ell2	ISS, ISO, IBA, IEA
CRE upregulated	GO:0043170	macromolecule metabolic process	ENSMUSG00000031681	Smad1	IDA, IMP, IGI, ISO, IBA, IEA
CRE upregulated	GO:0043170	macromolecule metabolic process	ENSMUSG00000035673	Sbno2	IMP, IBA, IEA
CRE upregulated	GO:0043170	macromolecule metabolic process	ENSMUSG00000037280	Galnt6	ISS, IBA, IEA
CRE upregulated	GO:0043170	macromolecule metabolic process	ENSMUSG00000032939	Nup93	IBA
CRE upregulated	GO:0043170	macromolecule metabolic process	ENSMUSG00000033060	Lmo7	IDA, ISS, ISO
CRE upregulated	GO:0043170	macromolecule metabolic process	ENSMUSG00000028793	Rnf19b	ISS, IBA, IEA
CRE upregulated	GO:0043170	macromolecule metabolic process	ENSMUSG00000024691	Fam111a	ISS, IBA, IEA
CRE upregulated	GO:0043170	macromolecule metabolic process	ENSMUSG00000003644	Rps6ka1	ISO, IBA, IEA
CRE upregulated	GO:0043170	macromolecule metabolic process	ENSMUSG00000029378	Areg	IDA
CRE upregulated	GO:0043170	macromolecule metabolic process	ENSMUSG00000042688	Mapk6	IDA, IEA
CRE upregulated	GO:0043170	macromolecule metabolic process	ENSMUSG00000005087	Cd44	IEA
CRE upregulated	GO:0043170	macromolecule metabolic process	ENSMUSG00000026836	Acvr1	IMP, IEA
CRE upregulated	GO:0043170	macromolecule metabolic process	ENSMUSG00000026670	Uap1	IEA
CRE upregulated	GO:0043170	macromolecule metabolic process	ENSMUSG00000021400	Wrnip1	ISS, IBA, IEA
CRE upregulated	GO:0043170	macromolecule metabolic process	ENSMUSG00000068566	Myadm	IEA
CRE upregulated	GO:0043170	macromolecule metabolic process	ENSMUSG00000048482	Bdnf	IMP, ISO, IEA
CRE upregulated	GO:0043170	macromolecule metabolic process	ENSMUSG00000024256	Adcyap1	IDA, ISS, ISO, IEA
CRE upregulated	GO:0043170	macromolecule metabolic process	ENSMUSG00000034832	Tet3	IMP, ISS, IBA, IEA
CRE upregulated	GO:0043170	macromolecule metabolic process	ENSMUSG00000056076	Eif3b	IDA, IBA, IEA
CRE upregulated	GO:0043170	macromolecule metabolic process	ENSMUSG00000037458	Azin1	ISS, ISO, IBA, IEA
CRE upregulated	GO:0043170	macromolecule metabolic process	ENSMUSG00000014195	Dnajc7	IEA
CRE upregulated	GO:0043170	macromolecule metabolic process	ENSMUSG00000021070	Bdkrb2	IMP
CRE upregulated	GO:0043170	macromolecule metabolic process	ENSMUSG00000079442	St6galnac4	IEA
CRE upregulated	GO:0043170	macromolecule metabolic process	ENSMUSG00000002250	Ppard	IDA, IMP, ISS, ISO, IBA, IEA
CRE upregulated	GO:0043170	macromolecule metabolic process	ENSMUSG00000027198	Ext2	IDA, IMP, IGI, IEA
CRE upregulated	GO:0043170	macromolecule metabolic process	ENSMUSG00000044734	Serpinb1a	IPI, IMP, IBA
CRE upregulated	GO:0043170	macromolecule metabolic process	ENSMUSG00000037638	Zbtb42	IDA, IBA
CRE upregulated	GO:0043170	macromolecule metabolic process	ENSMUSG00000021501	Caml	IMP, ISS, IEA
CRE upregulated	GO:0043170	macromolecule metabolic process	ENSMUSG00000038894	Irs2	IEA
CRE upregulated	GO:0043170	macromolecule metabolic process	ENSMUSG00000037568	Vash2	IDA, IEA
CRE upregulated	GO:0043170	macromolecule metabolic process	ENSMUSG00000066838	Zfp772	IBA, IEA
CRE upregulated	GO:0043170	macromolecule metabolic process	ENSMUSG00000025337	Sbds	IEA
CRE upregulated	GO:0043170	macromolecule metabolic process	ENSMUSG00000035828	Pim3	ISS, IEA
CRE upregulated	GO:0043170	macromolecule metabolic process	ENSMUSG00000032578	Cish	IEA
CRE upregulated	GO:0043170	macromolecule metabolic process	ENSMUSG00000007812	Zfp655	IBA, IEA
CRE upregulated	GO:0043170	macromolecule metabolic process	ENSMUSG00000005069	Pex5	ISS, IEA
CRE upregulated	GO:0043170	macromolecule metabolic process	ENSMUSG00000029201	Ugdh	IMP, IBA
CRE upregulated	GO:0043170	macromolecule metabolic process	ENSMUSG00000042507	Mideas	IBA
CRE upregulated	GO:0043170	macromolecule metabolic process	ENSMUSG00000027313	Chac1	ISS, IEA
CRE upregulated	GO:0043170	macromolecule metabolic process	ENSMUSG00000028789	Azin2	IBA, IEA
CRE upregulated	GO:0043170	macromolecule metabolic process	ENSMUSG00000026796	Niban2	IEA
CRE upregulated	GO:0043170	macromolecule metabolic process	ENSMUSG00000039954	Stk32a	IEA
CRE upregulated	GO:0043170	macromolecule metabolic process	ENSMUSG00000027540	Ptpn1	IMP, IGI, ISS, IEA
CRE upregulated	GO:0043170	macromolecule metabolic process	ENSMUSG00000043895	S1pr2	IMP, IEA
CRE upregulated	GO:0043170	macromolecule metabolic process	ENSMUSG00000022661	Cd200	IEA
CRE upregulated	GO:0043170	macromolecule metabolic process	ENSMUSG00000011179	Odc1	IDA
CRE upregulated	GO:0043170	macromolecule metabolic process	ENSMUSG00000027583	Zbtb46	IDA, IBA, IEA
CRE upregulated	GO:0043170	macromolecule metabolic process	ENSMUSG00000028063	Lmna	IMP, IBA
CRE upregulated	GO:0043170	macromolecule metabolic process	ENSMUSG00000000278	Scpep1	IEA
CRE upregulated	GO:0043170	macromolecule metabolic process	ENSMUSG00000024785	Rcl1	IMP, ISA, IBA, IEA
CRE upregulated	GO:0043170	macromolecule metabolic process	ENSMUSG00000015341	Golga7	ISS
CRE upregulated	GO:0043170	macromolecule metabolic process	ENSMUSG00000026254	Eif4e2	ISS, ISO, IBA, IEA
CRE upregulated	GO:0043170	macromolecule metabolic process	ENSMUSG00000030678	Maz	IEA
CRE upregulated	GO:0043170	macromolecule metabolic process	ENSMUSG00000053436	Mapk14	IDA, IMP, ISO, IEA
CRE upregulated	GO:0043170	macromolecule metabolic process	ENSMUSG00000025809	Itgb1	ISO
CRE upregulated	GO:0043170	macromolecule metabolic process	ENSMUSG00000040025	Ythdf2	IMP, ISS, IBA, IEA
CRE upregulated	GO:0043170	macromolecule metabolic process	ENSMUSG00000028156	Eif4e	IDA, IMP, IEP, ISS, IBA, NAS, IEA
CRE upregulated	GO:0043170	macromolecule metabolic process	ENSMUSG00000025239	Limd1	ISS, ISO, IBA, IEA
CRE upregulated	GO:0043170	macromolecule metabolic process	ENSMUSG00000005370	Msh6	IMP, IGI, ISO, IBA, IEA
CRE upregulated	GO:0043170	macromolecule metabolic process	ENSMUSG00000057561	Eif1a	IBA, IEA
CRE upregulated	GO:0043170	macromolecule metabolic process	ENSMUSG00000011008	Mcoln2	IMP
CRE upregulated	GO:0043170	macromolecule metabolic process	ENSMUSG00000048490	Nrip1	IDA, IMP, IBA, IEA
CRE upregulated	GO:0043170	macromolecule metabolic process	ENSMUSG00000015243	Abca1	IMP, ISO, IEA
CRE upregulated	GO:0043170	macromolecule metabolic process	ENSMUSG00000022096	Hr	IDA, IBA
CRE upregulated	GO:0043170	macromolecule metabolic process	ENSMUSG00000013089	Etv5	IDA, IBA, IEA
CRE upregulated	GO:0043170	macromolecule metabolic process	ENSMUSG00000025139	Tollip	ISO, IBA, IEA
CRE upregulated	GO:0043170	macromolecule metabolic process	ENSMUSG00000025746	Il6	IDA, IMP, IGI, ISS, ISO
CRE upregulated	GO:0043170	macromolecule metabolic process	ENSMUSG00000046378	Asphd1	IEA
CRE upregulated	GO:0043170	macromolecule metabolic process	ENSMUSG00000032231	Anxa2	IDA, IMP, ISO, IEA
CRE upregulated	GO:0043170	macromolecule metabolic process	ENSMUSG00000047368	Abhd17b	IMP
CRE upregulated	GO:0043170	macromolecule metabolic process	ENSMUSG00000032280	Tle3	ISO, IEA
CRE upregulated	GO:0043170	macromolecule metabolic process	ENSMUSG00000073563	Csnk1g3	IEA
CRE upregulated	GO:0043170	macromolecule metabolic process	ENSMUSG00000022607	Ptk2	IDA, IMP, ISS, IEA
CRE upregulated	GO:0043170	macromolecule metabolic process	ENSMUSG00000055994	Nod2	IDA, IMP, IGI, ISS, ISO, IEA
CRE upregulated	GO:0043170	macromolecule metabolic process	ENSMUSG00000024014	Pim1	IDA, IMP, IEA
CRE upregulated	GO:0043170	macromolecule metabolic process	ENSMUSG00000037062	Sh3glb1	IDA, IEA
CRE upregulated	GO:0043170	macromolecule metabolic process	ENSMUSG00000027293	Ehd4	ISO, IEA
CRE upregulated	GO:0043170	macromolecule metabolic process	ENSMUSG00000020580	Rock2	IEA
CRE upregulated	GO:0043170	macromolecule metabolic process	ENSMUSG00000063889	Crem	IGI, IBA, IEA
CRE upregulated	GO:0043170	macromolecule metabolic process	ENSMUSG00000027613	Eif6	IMP, ISS, IBA, IEA
CRE upregulated	GO:0043170	macromolecule metabolic process	ENSMUSG00000042406	Atf4	IDA, IMP, IGI, ISS, ISO, IBA, IEA
CRE upregulated	GO:0043170	macromolecule metabolic process	ENSMUSG00000052557	Gan	ISS, IEA
CRE upregulated	GO:0043170	macromolecule metabolic process	ENSMUSG00000079049	Serpinb1c	IMP, IBA
CRE upregulated	GO:0043170	macromolecule metabolic process	ENSMUSG00000023079	Gtf2ird1	IEA
CRE upregulated	GO:0043170	macromolecule metabolic process	ENSMUSG00000017929	B4galt5	IMP, IBA, IEA
CRE upregulated	GO:0043170	macromolecule metabolic process	ENSMUSG00000029777	Gars1	IMP, ISS, IBA, IEA
CRE upregulated	GO:0043170	macromolecule metabolic process	ENSMUSG00000020271	Fbxw11	IDA, IMP, ISS, IEA
CRE upregulated	GO:0043170	macromolecule metabolic process	ENSMUSG00000020838	Slc6a4	IMP
CRE upregulated	GO:0043170	macromolecule metabolic process	ENSMUSG00000046854	Pip5kl1	IEA
CRE upregulated	GO:0043170	macromolecule metabolic process	ENSMUSG00000029641	Rasl11a	IDA
CRE upregulated	GO:0043170	macromolecule metabolic process	ENSMUSG00000001507	Itga3	ISO, IEA
CRE upregulated	GO:0043170	macromolecule metabolic process	ENSMUSG00000031628	Casp3	IDA, ISS, ISO, IBA, RCA, IEA
CRE upregulated	GO:0043170	macromolecule metabolic process	ENSMUSG00000025408	Ddit3	IDA, IMP, IGI, ISS, ISO, IBA, NAS, IEA
CRE upregulated	GO:0043170	macromolecule metabolic process	ENSMUSG00000010755	Cars1	ISS, IBA, IEA
CRE upregulated	GO:0043170	macromolecule metabolic process	ENSMUSG00000040435	Ppp1r15a	IDA, ISO, IEA
CRE upregulated	GO:0043170	macromolecule metabolic process	ENSMUSG00000032078	Zpr1	IMP, ISS, IBA, IEA
CRE upregulated	GO:0043170	macromolecule metabolic process	ENSMUSG00000001847	Rac1	ISS, ISO, IEA
CRE upregulated	GO:0043170	macromolecule metabolic process	ENSMUSG00000042121	Ssh1	ISO, IEA
CRE upregulated	GO:0043170	macromolecule metabolic process	ENSMUSG00000050271	Prag1	IEA
CRE upregulated	GO:0043170	macromolecule metabolic process	ENSMUSG00000033316	Galnt9	IBA, IEA
CRE upregulated	GO:0043170	macromolecule metabolic process	ENSMUSG00000018909	Arrb1	IMP, ISS, ISO, IEA
CRE upregulated	GO:0043170	macromolecule metabolic process	ENSMUSG00000020248	Nfyb	IDA, ISO, IBA, IEA
CRE upregulated	GO:0043170	macromolecule metabolic process	ENSMUSG00000050410	Tcf19	IEA
CRE upregulated	GO:0043170	macromolecule metabolic process	ENSMUSG00000024349	Sting1	IDA, IMP, IGI, ISS, ISO, IBA, IEA
CRE upregulated	GO:0043170	macromolecule metabolic process	ENSMUSG00000030057	Cnbp	IDA, IBA, IEA
CRE upregulated	GO:0043170	macromolecule metabolic process	ENSMUSG00000020064	Herc4	IBA, TAS, IEA
CRE upregulated	GO:0043170	macromolecule metabolic process	ENSMUSG00000026317	Cln8	IMP
CRE upregulated	GO:0043170	macromolecule metabolic process	ENSMUSG00000033955	Tnks1bp1	IBA, IEA
CRE upregulated	GO:0043170	macromolecule metabolic process	ENSMUSG00000026107	Nabp1	ISS, ISO, IBA, IEA
CRE upregulated	GO:0043170	macromolecule metabolic process	ENSMUSG00000024360	Etf1	ISO, IBA, IEA
CRE upregulated	GO:0043170	macromolecule metabolic process	ENSMUSG00000027455	Nsfl1c	IBA
CRE upregulated	GO:0043170	macromolecule metabolic process	ENSMUSG00000054008	Ndst1	IDA, IMP, ISO, IEA
CRE upregulated	GO:0043170	macromolecule metabolic process	ENSMUSG00000057531	Dtnbp1	IDA, IMP, ISO
CRE upregulated	GO:0043170	macromolecule metabolic process	ENSMUSG00000058355	Abce1	ISS, IBA, IEA
CRE upregulated	GO:0043170	macromolecule metabolic process	ENSMUSG00000000134	Tfe3	IDA, IMP, IBA, IEA
CRE upregulated	GO:0043170	macromolecule metabolic process	ENSMUSG00000008393	Carhsp1	IMP, IBA, IEA
CRE upregulated	GO:0043170	macromolecule metabolic process	ENSMUSG00000015837	Sqstm1	IDA, IMP, ISS, ISO, IEA
CRE upregulated	GO:0043170	macromolecule metabolic process	ENSMUSG00000028901	Gmeb1	IDA, IBA
CRE upregulated	GO:0043170	macromolecule metabolic process	ENSMUSG00000030677	Kif22	IEA
CRE upregulated	GO:0043170	macromolecule metabolic process	ENSMUSG00000030309	Caprin2	IEA
CRE upregulated	GO:0043170	macromolecule metabolic process	ENSMUSG00000029131	Dnajb6	IDA, ISO, IBA, IEA
CRE upregulated	GO:0043170	macromolecule metabolic process	ENSMUSG00000036737	Oxsr1	IGI, ISS, IEA
CRE upregulated	GO:0043170	macromolecule metabolic process	ENSMUSG00000037580	Gch1	ISO, IEA
CRE upregulated	GO:0043170	macromolecule metabolic process	ENSMUSG00000023286	Ube2j2	ISS, IBA, IEA
CRE upregulated	GO:0043170	macromolecule metabolic process	ENSMUSG00000023087	Noct	IMP, IGI
CRE upregulated	GO:0043170	macromolecule metabolic process	ENSMUSG00000017428	Psmd11	ISS, IBA, IEA
CRE upregulated	GO:0043170	macromolecule metabolic process	ENSMUSG00000001627	Ifrd1	ISO
CRE upregulated	GO:0043170	macromolecule metabolic process	ENSMUSG00000036057	Ptpn23	ISS, IBA, IEA
CRE upregulated	GO:0043170	macromolecule metabolic process	ENSMUSG00000015316	Slamf1	IDA, IBA, IEA
CRE upregulated	GO:0043170	macromolecule metabolic process	ENSMUSG00000020015	Cdk17	IEA
CRE upregulated	GO:0043170	macromolecule metabolic process	ENSMUSG00000022433	Csnk1e	IDA, IMP, IGI, ISO, IBA, IEA
CRE upregulated	GO:0043170	macromolecule metabolic process	ENSMUSG00000022346	Myc	IDA, IMP, IGI, ISS, ISO, IBA, IEA
CRE upregulated	GO:0043170	macromolecule metabolic process	ENSMUSG00000053113	Socs3	IDA, IEA
CRE upregulated	GO:0043170	macromolecule metabolic process	ENSMUSG00000035572	Dcaf10	IEA
CRE upregulated	GO:0043170	macromolecule metabolic process	ENSMUSG00000026072	Il1r1	ISS, IEA
CRE upregulated	GO:0043170	macromolecule metabolic process	ENSMUSG00000005813	Metap1	IDA, IEA
CRE upregulated	GO:0043170	macromolecule metabolic process	ENSMUSG00000027954	Efna1	IDA, IMP, IEA
CRE upregulated	GO:0043170	macromolecule metabolic process	ENSMUSG00000026247	Ecel1	IBA, IEA
CRE upregulated	GO:0043170	macromolecule metabolic process	ENSMUSG00000024789	Jak2	IDA, IGI, ISS, ISO, NAS, IEA
CRE upregulated	GO:0043170	macromolecule metabolic process	ENSMUSG00000004040	ENSMUSG00000004040	IDA, IMP, IGI, ISO, IBA, NAS, IEA
CRE upregulated	GO:0043170	macromolecule metabolic process	ENSMUSG00000042292	Mrtfa	IDA, ISS, ISO, IBA, IEA
CRE upregulated	GO:0043170	macromolecule metabolic process	ENSMUSG00000061589	Dot1l	IDA, IMP, ISO, IBA, IEA
CRE upregulated	GO:0043170	macromolecule metabolic process	ENSMUSG00000020027	Socs2	ISS, IEA
CRE upregulated	GO:0043170	macromolecule metabolic process	ENSMUSG00000029578	Wipi2	IBA
CRE upregulated	GO:0043170	macromolecule metabolic process	ENSMUSG00000109511	Nup62	IMP, IEA
CRE upregulated	GO:0043170	macromolecule metabolic process	ENSMUSG00000035778	Ggta1	IEA
CRE upregulated	GO:0043170	macromolecule metabolic process	ENSMUSG00000029135	Fosl2	IDA, IMP, ISO, IBA, IEA
CRE upregulated	GO:0043170	macromolecule metabolic process	ENSMUSG00000054136	Adm2	IEA
CRE upregulated	GO:0043170	macromolecule metabolic process	ENSMUSG00000020395	Itk	IMP, IEA
CRE upregulated	GO:0043170	macromolecule metabolic process	ENSMUSG00000036990	Otud4	IDA, ISS, IBA, IEA
CRE upregulated	GO:0043170	macromolecule metabolic process	ENSMUSG00000047554	Tmem41b	IEA
CRE upregulated	GO:0043170	macromolecule metabolic process	ENSMUSG00000018143	Mafk	IDA, IBA, IEA
CRE upregulated	GO:0043170	macromolecule metabolic process	ENSMUSG00000029826	Zc3hav1	IDA, ISS, ISO, IBA, IEA
CRE upregulated	GO:0043170	macromolecule metabolic process	ENSMUSG00000050335	Lgals3	IEA
CRE upregulated	GO:0043170	macromolecule metabolic process	ENSMUSG00000037851	Iars1	IDA, ISO, IBA, IEA
CRE upregulated	GO:0043170	macromolecule metabolic process	ENSMUSG00000047649	Polr1g	IDA, IEA
CRE upregulated	GO:0043170	macromolecule metabolic process	ENSMUSG00000028255	Clca1	IEA
CRE upregulated	GO:0043170	macromolecule metabolic process	ENSMUSG00000024190	Dusp1	IMP, ISS, ISO, IEA
CRE upregulated	GO:0043170	macromolecule metabolic process	ENSMUSG00000063919	Srrm4	IDA, IMP, ISS, IBA, IEA
CRE upregulated	GO:0043170	macromolecule metabolic process	ENSMUSG00000032307	Ube2q2	ISS, IBA, IEA
CRE upregulated	GO:0043170	macromolecule metabolic process	ENSMUSG00000030223	ENSMUSG00000030223	IDA, IEA
CRE upregulated	GO:0043170	macromolecule metabolic process	ENSMUSG00000035236	Scai	IEA
CRE upregulated	GO:0043170	macromolecule metabolic process	ENSMUSG00000027797	Dclk1	IEA
CRE upregulated	GO:0043170	macromolecule metabolic process	ENSMUSG00000031960	Aars1	IDA, IMP, ISO, IBA, IEA
CRE upregulated	GO:0043170	macromolecule metabolic process	ENSMUSG00000020358	Hnrnpab	IDA, IGI, ISO, IBA, IEA
CRE upregulated	GO:0043170	macromolecule metabolic process	ENSMUSG00000059866	Tnip2	ISS, IBA, IEA
CRE upregulated	GO:0043170	macromolecule metabolic process	ENSMUSG00000004865	ENSMUSG00000004865	IDA, IBA, IEA
CRE upregulated	GO:0043170	macromolecule metabolic process	ENSMUSG00000041594	ENSMUSG00000041594	ISS, IBA, IEA
CRE upregulated	GO:0043170	macromolecule metabolic process	ENSMUSG00000027806	Tsc22d2	IEA
CRE upregulated	GO:0043170	macromolecule metabolic process	ENSMUSG00000017615	Tnfaip1	ISS, ISO, IBA, IEA
CRE upregulated	GO:0043170	macromolecule metabolic process	ENSMUSG00000033545	Znrf1	IDA, IBA, IEA
CRE upregulated	GO:0043170	macromolecule metabolic process	ENSMUSG00000057421	Las1l	ISS, IBA, IEA
CRE upregulated	GO:0043170	macromolecule metabolic process	ENSMUSG00000040033	ENSMUSG00000040033	IEA
CRE upregulated	GO:0043170	macromolecule metabolic process	ENSMUSG00000021360	ENSMUSG00000021360	IMP, IEA
CRE upregulated	GO:0043170	macromolecule metabolic process	ENSMUSG00000050747	Trim15	IBA
CRE upregulated	GO:0043170	macromolecule metabolic process	ENSMUSG00000024803	Ankrd1	IDA, ISO, IBA, IEA
CRE upregulated	GO:0043170	macromolecule metabolic process	ENSMUSG00000031934	ENSMUSG00000031934	IMP, IEA
CRE upregulated	GO:0043170	macromolecule metabolic process	ENSMUSG00000018565	Elp5	IBA, IEA
CRE upregulated	GO:0043170	macromolecule metabolic process	ENSMUSG00000038733	Wdr26	IBA
CRE upregulated	GO:0043170	macromolecule metabolic process	ENSMUSG00000019188	ENSMUSG00000019188	ISS, IBA, IEA
CRE upregulated	GO:0043170	macromolecule metabolic process	ENSMUSG00000032497	Lrrfip2	IEA
CRE upregulated	GO:0043170	macromolecule metabolic process	ENSMUSG00000023915	Tnfrsf21	IMP
CRE upregulated	GO:0043170	macromolecule metabolic process	ENSMUSG00000024912	Fosl1	IMP, ISO, IBA, IEA
CRE upregulated	GO:0043170	macromolecule metabolic process	ENSMUSG00000024927	Rela	IDA, IMP, ISS, ISO, IBA, TAS, IEA
CRE upregulated	GO:0043170	macromolecule metabolic process	ENSMUSG00000038335	Tsr1	IBA
CRE upregulated	GO:0043170	macromolecule metabolic process	ENSMUSG00000029458	ENSMUSG00000029458	IBA, IEA
CRE upregulated	GO:0043170	macromolecule metabolic process	ENSMUSG00000042608	Stk40	IMP, IEA
CRE upregulated	GO:0043170	macromolecule metabolic process	ENSMUSG00000053716	Dusp7	IEA
CRE upregulated	GO:0043170	macromolecule metabolic process	ENSMUSG00000025793	ENSMUSG00000025793	IEA
CRE upregulated	GO:0043170	macromolecule metabolic process	ENSMUSG00000038591	Colec10	IEA
CRE upregulated	GO:0043170	macromolecule metabolic process	ENSMUSG00000027692	Tnik	ISS, IEA
CRE upregulated	GO:0043170	macromolecule metabolic process	ENSMUSG00000002733	Plekha3	IBA
CRE upregulated	GO:0043170	macromolecule metabolic process	ENSMUSG00000003435	ENSMUSG00000003435	ISO, IBA, IEA
CRE upregulated	GO:0043170	macromolecule metabolic process	ENSMUSG00000055044	Pdlim1	IDA, IEA
CRE upregulated	GO:0043170	macromolecule metabolic process	ENSMUSG00000024238	Zeb1	IDA, IMP, IGI, ISS, ISO, IBA, IEA
CRE upregulated	GO:0043170	macromolecule metabolic process	ENSMUSG00000026718	ENSMUSG00000026718	IBA
CRE upregulated	GO:0043170	macromolecule metabolic process	ENSMUSG00000026078	Pdcl3	IMP, ISO, IBA, IEA
CRE upregulated	GO:0043170	macromolecule metabolic process	ENSMUSG00000028893	Sesn2	IMP, IEA
CRE upregulated	GO:0043170	macromolecule metabolic process	ENSMUSG00000025279	ENSMUSG00000025279	IDA, IBA, IEA
CRE upregulated	GO:0043170	macromolecule metabolic process	ENSMUSG00000024947	Men1	IDA, IMP, IGI, ISO, IBA, IEA
CRE upregulated	GO:0043170	macromolecule metabolic process	ENSMUSG00000029071	ENSMUSG00000029071	IDA, IGI, IEA
CRE upregulated	GO:0043170	macromolecule metabolic process	ENSMUSG00000036894	Rap2b	IDA, IEA
CRE upregulated	GO:0043170	macromolecule metabolic process	ENSMUSG00000022125	Cln5	ISS, IEA
CRE upregulated	GO:0043170	macromolecule metabolic process	ENSMUSG00000040433	Zbtb38	ISO, IBA, IEA
CRE upregulated	GO:0043170	macromolecule metabolic process	ENSMUSG00000044453	Ffar1	IEA
CRE upregulated	GO:0043170	macromolecule metabolic process	ENSMUSG00000032715	Trib3	IDA, ISS, IBA, TAS, IC, IEA
CRE upregulated	GO:0043170	macromolecule metabolic process	ENSMUSG00000024777	ENSMUSG00000024777	ISO, IEA
CRE upregulated	GO:0043170	macromolecule metabolic process	ENSMUSG00000024335	Brd2	IDA, IMP, ISS, IBA, IEA
CRE upregulated	GO:0043170	macromolecule metabolic process	ENSMUSG00000026074	Map4k4	IEA
CRE upregulated	GO:0043170	macromolecule metabolic process	ENSMUSG00000040365	Trim41	ISS, IBA, IEA
CRE upregulated	GO:0043170	macromolecule metabolic process	ENSMUSG00000048047	Zbtb33	ISS, ISA, IBA, IEA
CRE upregulated	GO:0043170	macromolecule metabolic process	ENSMUSG00000020547	Bzw2	ISS, IEA
CRE upregulated	GO:0043170	macromolecule metabolic process	ENSMUSG00000020694	ENSMUSG00000020694	ISS, IEA
CRE upregulated	GO:0043170	macromolecule metabolic process	ENSMUSG00000028466	Creb3	IEA
CRE upregulated	GO:0043170	macromolecule metabolic process	ENSMUSG00000037876	Jmjd1c	IBA
CRE upregulated	GO:0043170	macromolecule metabolic process	ENSMUSG00000022526	Zfp251	IBA, IEA
CRE upregulated	GO:0043170	macromolecule metabolic process	ENSMUSG00000071637	Cebpd	IDA, ISO, IBA, IEA
CRE upregulated	GO:0043170	macromolecule metabolic process	ENSMUSG00000025162	ENSMUSG00000025162	IDA, IMP, IGI, ISS, IBA, IEA
CRE upregulated	GO:0043170	macromolecule metabolic process	ENSMUSG00000028811	ENSMUSG00000028811	IEA
CRE upregulated	GO:0043170	macromolecule metabolic process	ENSMUSG00000015776	Med22	NAS, IEA
CRE upregulated	GO:0043170	macromolecule metabolic process	ENSMUSG00000031668	ENSMUSG00000031668	IEA
CRE upregulated	GO:0043170	macromolecule metabolic process	ENSMUSG00000028233	ENSMUSG00000028233	IBA, IEA
CRE upregulated	GO:0043170	macromolecule metabolic process	ENSMUSG00000053175	Bcl3	IDA, IMP, IBA, IEA
CRE upregulated	GO:0043170	macromolecule metabolic process	ENSMUSG00000068739	ENSMUSG00000068739	ISS, IBA, IEA
CRE upregulated	GO:0043170	macromolecule metabolic process	ENSMUSG00000059796	Eif4a1	ISS, IBA, NAS, IEA
CRE upregulated	GO:0043170	macromolecule metabolic process	ENSMUSG00000032599	ENSMUSG00000032599	IMP
CRE upregulated	GO:0043170	macromolecule metabolic process	ENSMUSG00000036693	ENSMUSG00000036693	IBA, IEA
CRE upregulated	GO:0043170	macromolecule metabolic process	ENSMUSG00000030199	Etv6	IDA, IBA, IEA
CRE upregulated	GO:0043170	macromolecule metabolic process	ENSMUSG00000003154	Foxj2	IBA, IEA
CRE upregulated	GO:0043170	macromolecule metabolic process	ENSMUSG00000040857	Erf	IEA
CRE upregulated	GO:0043170	macromolecule metabolic process	ENSMUSG00000020349	ENSMUSG00000020349	ISS, ISO
CRE upregulated	GO:0043170	macromolecule metabolic process	ENSMUSG00000024517	Grp	ISO, IEA
CRE upregulated	GO:0043170	macromolecule metabolic process	ENSMUSG00000023307	Marchf5	ISS, IBA, IEA
CRE upregulated	GO:0043170	macromolecule metabolic process	ENSMUSG00000025340	Rabgef1	IMP
CRE upregulated	GO:0043170	macromolecule metabolic process	ENSMUSG00000039108	ENSMUSG00000039108	IMP, IEA
CRE upregulated	GO:0043170	macromolecule metabolic process	ENSMUSG00000021587	Pcsk1	IDA, IMP, ISO, IBA, IEA
CRE upregulated	GO:0043170	macromolecule metabolic process	ENSMUSG00000033159	ENSMUSG00000033159	IEA
CRE upregulated	GO:0043170	macromolecule metabolic process	ENSMUSG00000028599	Tnfrsf1b	IMP, IGI, IBA, IEA
CRE upregulated	GO:0043170	macromolecule metabolic process	ENSMUSG00000004530	ENSMUSG00000004530	IEA
CRE upregulated	GO:0043170	macromolecule metabolic process	ENSMUSG00000027605	Acss2	IEA
CRE upregulated	GO:0043170	macromolecule metabolic process	ENSMUSG00000018648	Dusp14	IEA
CRE upregulated	GO:0043170	macromolecule metabolic process	ENSMUSG00000036180	ENSMUSG00000036180	ISS, IBA, NAS, IEA
CRE upregulated	GO:0043170	macromolecule metabolic process	ENSMUSG00000011877	Git1	IMP, ISO
CRE upregulated	GO:0043170	macromolecule metabolic process	ENSMUSG00000039985	Sinhcaf	NAS
CRE upregulated	GO:0043170	macromolecule metabolic process	ENSMUSG00000025060	ENSMUSG00000025060	ISS, IEA
CRE upregulated	GO:0043170	macromolecule metabolic process	ENSMUSG00000055491	ENSMUSG00000055491	IBA
CRE upregulated	GO:0043170	macromolecule metabolic process	ENSMUSG00000062234	ENSMUSG00000062234	IEA
CRE upregulated	GO:0043170	macromolecule metabolic process	ENSMUSG00000052837	ENSMUSG00000052837	IDA, IMP, ISO, IBA, IEA
CRE upregulated	GO:0043170	macromolecule metabolic process	ENSMUSG00000007411	ENSMUSG00000007411	ISS, IEA
CRE upregulated	GO:0043170	macromolecule metabolic process	ENSMUSG00000013483	Card14	ISS
CRE upregulated	GO:0043170	macromolecule metabolic process	ENSMUSG00000028840	Zfp593	IEA
CRE upregulated	GO:0043170	macromolecule metabolic process	ENSMUSG00000047281	ENSMUSG00000047281	IDA
CRE upregulated	GO:0043170	macromolecule metabolic process	ENSMUSG00000021111	ENSMUSG00000021111	IDA, ISS, IEA
CRE upregulated	GO:0043170	macromolecule metabolic process	ENSMUSG00000021796	Bmpr1a	IDA, IMP, IEA
CRE upregulated	GO:0043170	macromolecule metabolic process	ENSMUSG00000031383	Dusp9	IEA
CRE upregulated	GO:0043170	macromolecule metabolic process	ENSMUSG00000028703	ENSMUSG00000028703	IEA
CRE upregulated	GO:0043170	macromolecule metabolic process	ENSMUSG00000019842	ENSMUSG00000019842	IDA, IMP, IEA
CRE upregulated	GO:0043170	macromolecule metabolic process	ENSMUSG00000016534	ENSMUSG00000016534	IMP, IGI, ISS, ISO, IBA, IEA
CRE upregulated	GO:0043170	macromolecule metabolic process	ENSMUSG00000034543	ENSMUSG00000034543	IMP, ISS
CRE upregulated	GO:0043170	macromolecule metabolic process	ENSMUSG00000029110	ENSMUSG00000029110	IDA, ISS, ISO, IBA, IEA
CRE upregulated	GO:0043170	macromolecule metabolic process	ENSMUSG00000021890	ENSMUSG00000021890	ISO, IBA, IEA
CRE upregulated	GO:0043170	macromolecule metabolic process	ENSMUSG00000045763	ENSMUSG00000045763	ISS, IBA, IEA
CRE upregulated	GO:0043170	macromolecule metabolic process	ENSMUSG00000037860	Aim2	IDA, IMP, IGI, ISO, IEA
CRE upregulated	GO:0043170	macromolecule metabolic process	ENSMUSG00000028434	Epb41l4b	IEA
CRE upregulated	GO:0043170	macromolecule metabolic process	ENSMUSG00000109336	ENSMUSG00000109336	IEA
CRE upregulated	GO:0043170	macromolecule metabolic process	ENSMUSG00000039191	Rbpj	IDA, IMP, IGI, ISS, ISO, IEA
CRE upregulated	GO:0043170	macromolecule metabolic process	ENSMUSG00000048668	Rhno1	IEA
CRE upregulated	GO:0043170	macromolecule metabolic process	ENSMUSG00000019256	ENSMUSG00000019256	IEA
CRE upregulated	GO:0043170	macromolecule metabolic process	ENSMUSG00000035725	ENSMUSG00000035725	ISS, IEA
CRE upregulated	GO:0043170	macromolecule metabolic process	ENSMUSG00000046962	ENSMUSG00000046962	IBA, IEA
CRE upregulated	GO:0043170	macromolecule metabolic process	ENSMUSG00000019763	ENSMUSG00000019763	ISS, IBA, IEA
CRE upregulated	GO:0043170	macromolecule metabolic process	ENSMUSG00000051316	Taf7	IDA, ISS, ISO, IBA, NAS, IEA
CRE upregulated	GO:0043170	macromolecule metabolic process	ENSMUSG00000001552	ENSMUSG00000001552	IBA
CRE upregulated	GO:0043170	macromolecule metabolic process	ENSMUSG00000040010	Slc7a5	IEA
CRE upregulated	GO:0043170	macromolecule metabolic process	ENSMUSG00000017677	Wsb1	IDA, IBA, IEA
CRE upregulated	GO:0043170	macromolecule metabolic process	ENSMUSG00000040463	ENSMUSG00000040463	IDA, ISO, NAS, IEA
CRE upregulated	GO:0043170	macromolecule metabolic process	ENSMUSG00000004099	ENSMUSG00000004099	IDA, IMP, IGI, ISO, IBA, IEA
CRE upregulated	GO:0043170	macromolecule metabolic process	ENSMUSG00000022858	ENSMUSG00000022858	IMP, ISS, IBA, IEA
CRE upregulated	GO:0043170	macromolecule metabolic process	ENSMUSG00000027997	Casp6	ISS, RCA, IEA
CRE upregulated	GO:0043170	macromolecule metabolic process	ENSMUSG00000018848	ENSMUSG00000018848	IDA, ISO, IBA, IEA
CRE upregulated	GO:0043170	macromolecule metabolic process	ENSMUSG00000053007	Creb5	IEA
CRE upregulated	GO:0043170	macromolecule metabolic process	ENSMUSG00000023952	ENSMUSG00000023952	IMP, IBA
CRE upregulated	GO:0043170	macromolecule metabolic process	ENSMUSG00000020594	ENSMUSG00000020594	IMP, ISS, ISO, IBA, IEA
CRE upregulated	GO:0043170	macromolecule metabolic process	ENSMUSG00000011256	ENSMUSG00000011256	IDA, IMP, ISS, IBA, IEA
CRE upregulated	GO:0043170	macromolecule metabolic process	ENSMUSG00000020448	Rnf185	ISS, IBA, IEA
CRE upregulated	GO:0043170	macromolecule metabolic process	ENSMUSG00000053289	ENSMUSG00000053289	IBA
CRE upregulated	GO:0043170	macromolecule metabolic process	ENSMUSG00000000787	ENSMUSG00000000787	IDA, IMP, ISS, IBA, IEA
CRE upregulated	GO:0043170	macromolecule metabolic process	ENSMUSG00000008730	Hipk1	ISS, IEA
CRE upregulated	GO:0043170	macromolecule metabolic process	ENSMUSG00000059288	ENSMUSG00000059288	IDA, IEA
CRE upregulated	GO:0043170	macromolecule metabolic process	ENSMUSG00000050022	ENSMUSG00000050022	IEA
CRE upregulated	GO:0043170	macromolecule metabolic process	ENSMUSG00000022948	Setd4	IDA, IBA, IEA
CRE upregulated	GO:0043170	macromolecule metabolic process	ENSMUSG00000038676	Ucn	IMP, ISO, IEA
CRE upregulated	GO:0043170	macromolecule metabolic process	ENSMUSG00000038467	ENSMUSG00000038467	ISO, IEA
CRE upregulated	GO:0043170	macromolecule metabolic process	ENSMUSG00000037553	ENSMUSG00000037553	ISS
CRE upregulated	GO:0043170	macromolecule metabolic process	ENSMUSG00000042185	ENSMUSG00000042185	IDA, IMP, ISO, IEA
CRE upregulated	GO:0043170	macromolecule metabolic process	ENSMUSG00000025403	ENSMUSG00000025403	IMP, IEA
CRE upregulated	GO:0043170	macromolecule metabolic process	ENSMUSG00000039372	ENSMUSG00000039372	IEA
CRE upregulated	GO:0043170	macromolecule metabolic process	ENSMUSG00000032508	Myd88	IMP, IGI, ISS, IEA
CRE upregulated	GO:0043170	macromolecule metabolic process	ENSMUSG00000028370	Pappa	ISO, IBA, IEA
CRE upregulated	GO:0043170	macromolecule metabolic process	ENSMUSG00000026864	ENSMUSG00000026864	IDA, IMP, IBA
CRE upregulated	GO:0043170	macromolecule metabolic process	ENSMUSG00000021072	Tmx1	ISS, IEA
CRE upregulated	GO:0043170	macromolecule metabolic process	ENSMUSG00000002633	Shh	IDA, IMP, IGI, ISO, IBA, IEA
CRE upregulated	GO:0043170	macromolecule metabolic process	ENSMUSG00000008384	Sertad1	IDA, IGI
CRE upregulated	GO:0043170	macromolecule metabolic process	ENSMUSG00000026209	ENSMUSG00000026209	IEA
CRE upregulated	GO:0043170	macromolecule metabolic process	ENSMUSG00000032540	ENSMUSG00000032540	IEA
CRE upregulated	GO:0043170	macromolecule metabolic process	ENSMUSG00000028680	ENSMUSG00000028680	IEA
CRE upregulated	GO:0043170	macromolecule metabolic process	ENSMUSG00000027978	Prss12	IDA, IMP, IBA, IEA
CRE upregulated	GO:0043170	macromolecule metabolic process	ENSMUSG00000053581	ENSMUSG00000053581	IMP, IBA
CRE upregulated	GO:0043170	macromolecule metabolic process	ENSMUSG00000006344	ENSMUSG00000006344	IEA
CRE upregulated	GO:0043170	macromolecule metabolic process	ENSMUSG00000015357	ENSMUSG00000015357	ISS, IBA, IEA
CRE upregulated	GO:0043170	macromolecule metabolic process	ENSMUSG00000032462	ENSMUSG00000032462	ISO, IEA
CRE upregulated	GO:0043170	macromolecule metabolic process	ENSMUSG00000025198	ENSMUSG00000025198	IEA
CRE upregulated	GO:0043170	macromolecule metabolic process	ENSMUSG00000027944	Hax1	IEA
CRE upregulated	GO:0043170	macromolecule metabolic process	ENSMUSG00000039671	ENSMUSG00000039671	IEA
CRE upregulated	GO:0043170	macromolecule metabolic process	ENSMUSG00000029145	ENSMUSG00000029145	ISS, IEA
CRE upregulated	GO:0043170	macromolecule metabolic process	ENSMUSG00000067586	ENSMUSG00000067586	IMP
CRE upregulated	GO:0043170	macromolecule metabolic process	ENSMUSG00000038250	ENSMUSG00000038250	IBA, IEA
CRE upregulated	GO:0043170	macromolecule metabolic process	ENSMUSG00000063952	Brpf3	ISS, IBA, IEA
CRE upregulated	GO:0043170	macromolecule metabolic process	ENSMUSG00000020794	Ube2g1	IDA, ISS, ISO, IBA, IEA
CRE upregulated	GO:0043170	macromolecule metabolic process	ENSMUSG00000040652	ENSMUSG00000040652	IDA, IBA
CRE upregulated	GO:0043170	macromolecule metabolic process	ENSMUSG00000048027	ENSMUSG00000048027	IDA
CRE upregulated	GO:0043170	macromolecule metabolic process	ENSMUSG00000028291	ENSMUSG00000028291	IDA, IMP, ISS, ISO, IBA, IEA
CRE upregulated	GO:0043170	macromolecule metabolic process	ENSMUSG00000037411	Serpine1	IEA
CRE upregulated	GO:0043170	macromolecule metabolic process	ENSMUSG00000032786	ENSMUSG00000032786	IBA
CRE upregulated	GO:0043170	macromolecule metabolic process	ENSMUSG00000078676	ENSMUSG00000078676	ISS, ISO, NAS, IEA
CRE upregulated	GO:0043170	macromolecule metabolic process	ENSMUSG00000020340	ENSMUSG00000020340	IEA
CRE upregulated	GO:0043170	macromolecule metabolic process	ENSMUSG00000028382	ENSMUSG00000028382	IMP, IBA, IEA
CRE upregulated	GO:0043170	macromolecule metabolic process	ENSMUSG00000037465	Klf10	IDA, IMP, IBA, IEA
CRE upregulated	GO:0043170	macromolecule metabolic process	ENSMUSG00000038712	ENSMUSG00000038712	IBA, IEA
CRE upregulated	GO:0043170	macromolecule metabolic process	ENSMUSG00000024613	ENSMUSG00000024613	IMP, ISS, IBA, IEA
CRE upregulated	GO:0043170	macromolecule metabolic process	ENSMUSG00000019843	ENSMUSG00000019843	IDA, IMP, IGI, IEA
CRE upregulated	GO:0043170	macromolecule metabolic process	ENSMUSG00000020755	ENSMUSG00000020755	IEA
CRE upregulated	GO:0043170	macromolecule metabolic process	ENSMUSG00000024493	ENSMUSG00000024493	IDA, IBA, IEA
CRE upregulated	GO:0043170	macromolecule metabolic process	ENSMUSG00000027646	ENSMUSG00000027646	IGI, ISO, IEA
CRE upregulated	GO:0043170	macromolecule metabolic process	ENSMUSG00000020680	ENSMUSG00000020680	IMP, IGI, ISO, IEA
CRE upregulated	GO:0043170	macromolecule metabolic process	ENSMUSG00000037306	ENSMUSG00000037306	ISO
CRE upregulated	GO:0043170	macromolecule metabolic process	ENSMUSG00000021340	ENSMUSG00000021340	IEA
CRE upregulated	GO:0043170	macromolecule metabolic process	ENSMUSG00000033991	ENSMUSG00000033991	ISS, IBA, IEA
CRE upregulated	GO:0043170	macromolecule metabolic process	ENSMUSG00000029313	Aff1	IEA
CRE upregulated	GO:0043170	macromolecule metabolic process	ENSMUSG00000004698	ENSMUSG00000004698	IEA
CRE upregulated	GO:0043170	macromolecule metabolic process	ENSMUSG00000032501	Trib1	IDA, ISS, IBA, IC, IEA
CRE upregulated	GO:0043170	macromolecule metabolic process	ENSMUSG00000003119	ENSMUSG00000003119	ISS, ISO, IBA, IEA
CRE upregulated	GO:0043170	macromolecule metabolic process	ENSMUSG00000025027	Xpnpep1	ISS, ISO, IEA
CRE upregulated	GO:0043170	macromolecule metabolic process	ENSMUSG00000031642	Sh3rf1	IEA
CRE upregulated	GO:0043170	macromolecule metabolic process	ENSMUSG00000042197	ENSMUSG00000042197	ISS, IBA, IEA
CRE upregulated	GO:0043170	macromolecule metabolic process	ENSMUSG00000055067	ENSMUSG00000055067	IMP
CRE upregulated	GO:0043170	macromolecule metabolic process	ENSMUSG00000026384	Ptpn4	IEA
CRE upregulated	GO:0043170	macromolecule metabolic process	ENSMUSG00000074886	ENSMUSG00000074886	IEA
CRE upregulated	GO:0043170	macromolecule metabolic process	ENSMUSG00000021282	ENSMUSG00000021282	ISO, IBA, IEA
CRE upregulated	GO:0043170	macromolecule metabolic process	ENSMUSG00000031073	Fgf15	IBA, IEA
CRE upregulated	GO:0043170	macromolecule metabolic process	ENSMUSG00000027433	ENSMUSG00000027433	IGI, ISS, IBA, NAS, IEA
CRE upregulated	GO:0043170	macromolecule metabolic process	ENSMUSG00000015839	Nfe2l2	IDA, IMP, IGI, ISS, ISO, IBA, IEA
CRE upregulated	GO:0043170	macromolecule metabolic process	ENSMUSG00000021477	ENSMUSG00000021477	IDA, IMP, ISS, ISO, IBA, IEA
CRE upregulated	GO:0043170	macromolecule metabolic process	ENSMUSG00000022332	ENSMUSG00000022332	IDA, ISO, IBA, IEA
CRE upregulated	GO:0043170	macromolecule metabolic process	ENSMUSG00000074656	Eif2s2	ISS, IBA, IEA
CRE upregulated	GO:0043170	macromolecule metabolic process	ENSMUSG00000024907	Gal	ISS, IEA
CRE upregulated	GO:0043170	macromolecule metabolic process	ENSMUSG00000031751	ENSMUSG00000031751	ISS, IBA, IEA
CRE upregulated	GO:0043170	macromolecule metabolic process	ENSMUSG00000046707	ENSMUSG00000046707	ISS, IEA
CRE upregulated	GO:0043170	macromolecule metabolic process	ENSMUSG00000003541	ENSMUSG00000003541	IDA, IMP
CRE upregulated	GO:0043170	macromolecule metabolic process	ENSMUSG00000026994	ENSMUSG00000026994	IDA, IMP, IBA, IEA
CRE upregulated	GO:0043170	macromolecule metabolic process	ENSMUSG00000024287	ENSMUSG00000024287	ISS, IBA, IEA
CRE upregulated	GO:0043170	macromolecule metabolic process	ENSMUSG00000024026	ENSMUSG00000024026	IDA
CRE upregulated	GO:0043170	macromolecule metabolic process	ENSMUSG00000029475	ENSMUSG00000029475	IDA, IMP, IBA
CRE upregulated	GO:0002253	activation of immune response	ENSMUSG00000046688	Tifa	ISS, IBA, IEA
CRE upregulated	GO:0002253	activation of immune response	ENSMUSG00000024404	Riok3	IEA
CRE upregulated	GO:0002253	activation of immune response	ENSMUSG00000055994	Nod2	IDA, IMP, ISS, ISO, IEA
CRE upregulated	GO:0002253	activation of immune response	ENSMUSG00000059923	Grb2	IDA
CRE upregulated	GO:0002253	activation of immune response	ENSMUSG00000024349	Sting1	IDA, IMP, ISS, IBA, IEA
CRE upregulated	GO:0002253	activation of immune response	ENSMUSG00000015837	Sqstm1	IEA
CRE upregulated	GO:0002253	activation of immune response	ENSMUSG00000031955	Bcar1	ISS, IEA
CRE upregulated	GO:0002253	activation of immune response	ENSMUSG00000029135	Fosl2	IDA, IMP
CRE upregulated	GO:0002253	activation of immune response	ENSMUSG00000020395	Itk	IMP, IBA
CRE upregulated	GO:0002253	activation of immune response	ENSMUSG00000036990	Otud4	IDA, IBA, IEA
CRE upregulated	GO:0002253	activation of immune response	ENSMUSG00000029826	Zc3hav1	TAS
CRE upregulated	GO:0002253	activation of immune response	ENSMUSG00000059866	Tnip2	IMP, IBA
CRE upregulated	GO:0002253	activation of immune response	ENSMUSG00000033545	Znrf1	IEA
CRE upregulated	GO:0002253	activation of immune response	ENSMUSG00000023915	Tnfrsf21	IMP
CRE upregulated	GO:0002253	activation of immune response	ENSMUSG00000024912	Fosl1	IMP
CRE upregulated	GO:0002253	activation of immune response	ENSMUSG00000024927	Rela	ISO, IEA
CRE upregulated	GO:0002253	activation of immune response	ENSMUSG00000038591	Colec10	IEA
CRE upregulated	GO:0002253	activation of immune response	ENSMUSG00000020349	ENSMUSG00000020349	IMP
CRE upregulated	GO:0002253	activation of immune response	ENSMUSG00000025340	Rabgef1	IDA, IMP
CRE upregulated	GO:0002253	activation of immune response	ENSMUSG00000044147	Arf6	NAS
CRE upregulated	GO:0002253	activation of immune response	ENSMUSG00000030662	ENSMUSG00000030662	IEA
CRE upregulated	GO:0002253	activation of immune response	ENSMUSG00000024270	ENSMUSG00000024270	ISS, IEA
CRE upregulated	GO:0002253	activation of immune response	ENSMUSG00000070056	ENSMUSG00000070056	IMP, ISS, IEA
CRE upregulated	GO:0002253	activation of immune response	ENSMUSG00000037860	Aim2	IDA, IBA, NAS, IEA
CRE upregulated	GO:0002253	activation of immune response	ENSMUSG00000039844	ENSMUSG00000039844	ISO, IEA
CRE upregulated	GO:0002253	activation of immune response	ENSMUSG00000027997	Casp6	ISS, IEA
CRE upregulated	GO:0002253	activation of immune response	ENSMUSG00000020594	ENSMUSG00000020594	IEA
CRE upregulated	GO:0002253	activation of immune response	ENSMUSG00000000787	ENSMUSG00000000787	IDA, ISS
CRE upregulated	GO:0002253	activation of immune response	ENSMUSG00000037553	ENSMUSG00000037553	IEA
CRE upregulated	GO:0002253	activation of immune response	ENSMUSG00000032508	Myd88	IMP, IGI, ISS, IBA, IEA
CRE upregulated	GO:0002253	activation of immune response	ENSMUSG00000029145	ENSMUSG00000029145	ISS, IEA
CRE upregulated	GO:0002253	activation of immune response	ENSMUSG00000019843	ENSMUSG00000019843	IBA, IEA
CRE upregulated	GO:0002253	activation of immune response	ENSMUSG00000027646	ENSMUSG00000027646	IEA
CRE upregulated	GO:0002253	activation of immune response	ENSMUSG00000021340	ENSMUSG00000021340	IEA
CRE upregulated	GO:0051896	regulation of phosphatidylinositol 3-kinase/protein kinase B signal transduction	ENSMUSG00000025473	Adam8	IDA
CRE upregulated	GO:0051896	regulation of phosphatidylinositol 3-kinase/protein kinase B signal transduction	ENSMUSG00000002250	Ppard	IDA
CRE upregulated	GO:0051896	regulation of phosphatidylinositol 3-kinase/protein kinase B signal transduction	ENSMUSG00000038894	Irs2	IMP
CRE upregulated	GO:0051896	regulation of phosphatidylinositol 3-kinase/protein kinase B signal transduction	ENSMUSG00000027540	Ptpn1	IEA
CRE upregulated	GO:0051896	regulation of phosphatidylinositol 3-kinase/protein kinase B signal transduction	ENSMUSG00000030678	Maz	IEA
CRE upregulated	GO:0051896	regulation of phosphatidylinositol 3-kinase/protein kinase B signal transduction	ENSMUSG00000025809	Itgb1	IEA
CRE upregulated	GO:0051896	regulation of phosphatidylinositol 3-kinase/protein kinase B signal transduction	ENSMUSG00000025746	Il6	ISO
CRE upregulated	GO:0051896	regulation of phosphatidylinositol 3-kinase/protein kinase B signal transduction	ENSMUSG00000022607	Ptk2	ISS
CRE upregulated	GO:0051896	regulation of phosphatidylinositol 3-kinase/protein kinase B signal transduction	ENSMUSG00000025408	Ddit3	IEA
CRE upregulated	GO:0051896	regulation of phosphatidylinositol 3-kinase/protein kinase B signal transduction	ENSMUSG00000001847	Rac1	IMP
CRE upregulated	GO:0051896	regulation of phosphatidylinositol 3-kinase/protein kinase B signal transduction	ENSMUSG00000028145	Them4	ISS, IEA
CRE upregulated	GO:0051896	regulation of phosphatidylinositol 3-kinase/protein kinase B signal transduction	ENSMUSG00000024789	Jak2	IMP
CRE upregulated	GO:0051896	regulation of phosphatidylinositol 3-kinase/protein kinase B signal transduction	ENSMUSG00000021360	ENSMUSG00000021360	IMP, IEA
CRE upregulated	GO:0051896	regulation of phosphatidylinositol 3-kinase/protein kinase B signal transduction	ENSMUSG00000028893	Sesn2	IMP
CRE upregulated	GO:0051896	regulation of phosphatidylinositol 3-kinase/protein kinase B signal transduction	ENSMUSG00000020349	ENSMUSG00000020349	IMP, IEA
CRE upregulated	GO:0051896	regulation of phosphatidylinositol 3-kinase/protein kinase B signal transduction	ENSMUSG00000070056	ENSMUSG00000070056	ISS, IEA
CRE upregulated	GO:0051896	regulation of phosphatidylinositol 3-kinase/protein kinase B signal transduction	ENSMUSG00000037860	Aim2	IDA
CRE upregulated	GO:0051896	regulation of phosphatidylinositol 3-kinase/protein kinase B signal transduction	ENSMUSG00000039844	ENSMUSG00000039844	IGI
CRE upregulated	GO:0051896	regulation of phosphatidylinositol 3-kinase/protein kinase B signal transduction	ENSMUSG00000032462	ENSMUSG00000032462	IMP, IEA
CRE upregulated	GO:0051896	regulation of phosphatidylinositol 3-kinase/protein kinase B signal transduction	ENSMUSG00000027944	Hax1	IEA
CRE upregulated	GO:0051896	regulation of phosphatidylinositol 3-kinase/protein kinase B signal transduction	ENSMUSG00000019843	ENSMUSG00000019843	ISO
CRE upregulated	GO:0051896	regulation of phosphatidylinositol 3-kinase/protein kinase B signal transduction	ENSMUSG00000027646	ENSMUSG00000027646	ISO, IEA
CRE upregulated	GO:1903828	negative regulation of protein localization	ENSMUSG00000024143	Rhoq	IDA, IEA
CRE upregulated	GO:1903828	negative regulation of protein localization	ENSMUSG00000035621	Midn	ISO, IEA
CRE upregulated	GO:1903828	negative regulation of protein localization	ENSMUSG00000024261	Syt4	IMP
CRE upregulated	GO:1903828	negative regulation of protein localization	ENSMUSG00000041870	Ankrd13a	ISS, IEA
CRE upregulated	GO:1903828	negative regulation of protein localization	ENSMUSG00000035828	Pim3	IMP
CRE upregulated	GO:1903828	negative regulation of protein localization	ENSMUSG00000022661	Cd200	IEA
CRE upregulated	GO:1903828	negative regulation of protein localization	ENSMUSG00000047368	Abhd17b	IMP
CRE upregulated	GO:1903828	negative regulation of protein localization	ENSMUSG00000020580	Rock2	IEA
CRE upregulated	GO:1903828	negative regulation of protein localization	ENSMUSG00000027455	Nsfl1c	IEA
CRE upregulated	GO:1903828	negative regulation of protein localization	ENSMUSG00000004768	Rab23	IEA
CRE upregulated	GO:1903828	negative regulation of protein localization	ENSMUSG00000004347	ENSMUSG00000004347	ISO
CRE upregulated	GO:1903828	negative regulation of protein localization	ENSMUSG00000027797	Dclk1	IDA
CRE upregulated	GO:1903828	negative regulation of protein localization	ENSMUSG00000026074	Map4k4	IEA
CRE upregulated	GO:1903828	negative regulation of protein localization	ENSMUSG00000037815	Ctnna1	IMP
CRE upregulated	GO:1903828	negative regulation of protein localization	ENSMUSG00000044147	Arf6	IDA
CRE upregulated	GO:1903828	negative regulation of protein localization	ENSMUSG00000007411	ENSMUSG00000007411	ISS, IEA
CRE upregulated	GO:1903828	negative regulation of protein localization	ENSMUSG00000047281	ENSMUSG00000047281	ISS, IEA
CRE upregulated	GO:1903828	negative regulation of protein localization	ENSMUSG00000070056	ENSMUSG00000070056	ISS, IEA
CRE upregulated	GO:1903828	negative regulation of protein localization	ENSMUSG00000029110	ENSMUSG00000029110	IEA
CRE upregulated	GO:1903828	negative regulation of protein localization	ENSMUSG00000052316	ENSMUSG00000052316	IEA
CRE upregulated	GO:0043549	regulation of kinase activity	ENSMUSG00000004951	Hspb1	IDA
CRE upregulated	GO:0043549	regulation of kinase activity	ENSMUSG00000019876	Pkib	IEA
CRE upregulated	GO:0043549	regulation of kinase activity	ENSMUSG00000030272	Camk1	ISS
CRE upregulated	GO:0043549	regulation of kinase activity	ENSMUSG00000024256	Adcyap1	ISS
CRE upregulated	GO:0043549	regulation of kinase activity	ENSMUSG00000038894	Irs2	IMP
CRE upregulated	GO:0043549	regulation of kinase activity	ENSMUSG00000027540	Ptpn1	IMP, IGI
CRE upregulated	GO:0043549	regulation of kinase activity	ENSMUSG00000022607	Ptk2	ISS
CRE upregulated	GO:0043549	regulation of kinase activity	ENSMUSG00000057531	Dtnbp1	IMP
CRE upregulated	GO:0043549	regulation of kinase activity	ENSMUSG00000024789	Jak2	IDA
CRE upregulated	GO:0043549	regulation of kinase activity	ENSMUSG00000109511	Nup62	IMP
CRE upregulated	GO:0043549	regulation of kinase activity	ENSMUSG00000024190	Dusp1	ISS
CRE upregulated	GO:0043549	regulation of kinase activity	ENSMUSG00000030223	ENSMUSG00000030223	IDA
CRE upregulated	GO:0043549	regulation of kinase activity	ENSMUSG00000036894	Rap2b	IDA
CRE upregulated	GO:0043549	regulation of kinase activity	ENSMUSG00000032715	Trib3	IDA, ISS
CRE upregulated	GO:0043549	regulation of kinase activity	ENSMUSG00000033159	ENSMUSG00000033159	IEA
CRE upregulated	GO:0043549	regulation of kinase activity	ENSMUSG00000000787	ENSMUSG00000000787	ISS
CRE upregulated	GO:0043549	regulation of kinase activity	ENSMUSG00000032501	Trib1	ISS
CRE upregulated	GO:0043549	regulation of kinase activity	ENSMUSG00000003119	ENSMUSG00000003119	ISS
CRE upregulated	GO:1901342	regulation of vasculature development	ENSMUSG00000036390	Gadd45a	IMP
CRE upregulated	GO:1901342	regulation of vasculature development	ENSMUSG00000019647	Sema6a	IEA
CRE upregulated	GO:1901342	regulation of vasculature development	ENSMUSG00000004951	Hspb1	IEA
CRE upregulated	GO:1901342	regulation of vasculature development	ENSMUSG00000023905	Tnfrsf12a	IDA
CRE upregulated	GO:1901342	regulation of vasculature development	ENSMUSG00000038650	Rnh1	IBA, IEA
CRE upregulated	GO:1901342	regulation of vasculature development	ENSMUSG00000031681	Smad1	IEA
CRE upregulated	GO:1901342	regulation of vasculature development	ENSMUSG00000037568	Vash2	IMP, ISO, IBA, IEA
CRE upregulated	GO:1901342	regulation of vasculature development	ENSMUSG00000025809	Itgb1	IEA
CRE upregulated	GO:1901342	regulation of vasculature development	ENSMUSG00000020580	Rock2	IEA
CRE upregulated	GO:1901342	regulation of vasculature development	ENSMUSG00000040435	Ppp1r15a	ISO
CRE upregulated	GO:1901342	regulation of vasculature development	ENSMUSG00000036478	Btg1	ISS, IEA
CRE upregulated	GO:1901342	regulation of vasculature development	ENSMUSG00000027954	Efna1	IDA
CRE upregulated	GO:1901342	regulation of vasculature development	ENSMUSG00000004040	ENSMUSG00000004040	IDA
CRE upregulated	GO:1901342	regulation of vasculature development	ENSMUSG00000054136	Adm2	ISO, IEA
CRE upregulated	GO:1901342	regulation of vasculature development	ENSMUSG00000024927	Rela	IEA
CRE upregulated	GO:1901342	regulation of vasculature development	ENSMUSG00000025793	ENSMUSG00000025793	IEA
CRE upregulated	GO:1901342	regulation of vasculature development	ENSMUSG00000026078	Pdcl3	ISO, IEA
CRE upregulated	GO:1901342	regulation of vasculature development	ENSMUSG00000068739	ENSMUSG00000068739	ISS, IEA
CRE upregulated	GO:1901342	regulation of vasculature development	ENSMUSG00000003154	Foxj2	IEA
CRE upregulated	GO:1901342	regulation of vasculature development	ENSMUSG00000001552	ENSMUSG00000001552	IEA
CRE upregulated	GO:1901342	regulation of vasculature development	ENSMUSG00000002633	Shh	ISO
CRE upregulated	GO:1901342	regulation of vasculature development	ENSMUSG00000032462	ENSMUSG00000032462	IEA
CRE upregulated	GO:1901342	regulation of vasculature development	ENSMUSG00000037411	Serpine1	IEA
CRE upregulated	GO:1901342	regulation of vasculature development	ENSMUSG00000015839	Nfe2l2	ISO, IEA
CRE upregulated	GO:0071692	protein localization to extracellular region	ENSMUSG00000037428	Vgf	IGI
CRE upregulated	GO:0071692	protein localization to extracellular region	ENSMUSG00000030102	Itpr1	IMP, IGI
CRE upregulated	GO:0071692	protein localization to extracellular region	ENSMUSG00000035621	Midn	ISO, IEA
CRE upregulated	GO:0071692	protein localization to extracellular region	ENSMUSG00000024261	Syt4	IMP
CRE upregulated	GO:0071692	protein localization to extracellular region	ENSMUSG00000024256	Adcyap1	IDA
CRE upregulated	GO:0071692	protein localization to extracellular region	ENSMUSG00000002250	Ppard	ISO, NAS
CRE upregulated	GO:0071692	protein localization to extracellular region	ENSMUSG00000038894	Irs2	IMP
CRE upregulated	GO:0071692	protein localization to extracellular region	ENSMUSG00000035828	Pim3	IMP
CRE upregulated	GO:0071692	protein localization to extracellular region	ENSMUSG00000022661	Cd200	IEA
CRE upregulated	GO:0071692	protein localization to extracellular region	ENSMUSG00000051343	Rab11fip5	IMP
CRE upregulated	GO:0071692	protein localization to extracellular region	ENSMUSG00000015243	Abca1	IMP, IEA
CRE upregulated	GO:0071692	protein localization to extracellular region	ENSMUSG00000025746	Il6	IDA
CRE upregulated	GO:0071692	protein localization to extracellular region	ENSMUSG00000007458	M6pr	IDA
CRE upregulated	GO:0071692	protein localization to extracellular region	ENSMUSG00000001847	Rac1	IMP, ISO
CRE upregulated	GO:0071692	protein localization to extracellular region	ENSMUSG00000018909	Arrb1	IMP
CRE upregulated	GO:0071692	protein localization to extracellular region	ENSMUSG00000036057	Ptpn23	IEA
CRE upregulated	GO:0071692	protein localization to extracellular region	ENSMUSG00000023032	Slc4a8	ISO, IEA
CRE upregulated	GO:0071692	protein localization to extracellular region	ENSMUSG00000024789	Jak2	ISS, ISO, IEA
CRE upregulated	GO:0071692	protein localization to extracellular region	ENSMUSG00000022555	Dgat1	ISO
CRE upregulated	GO:0071692	protein localization to extracellular region	ENSMUSG00000004347	ENSMUSG00000004347	ISO
CRE upregulated	GO:0071692	protein localization to extracellular region	ENSMUSG00000024803	Ankrd1	IEA
CRE upregulated	GO:0071692	protein localization to extracellular region	ENSMUSG00000044453	Ffar1	IDA, IMP, ISO, IBA
CRE upregulated	GO:0071692	protein localization to extracellular region	ENSMUSG00000032902	Slc16a1	IMP
CRE upregulated	GO:0071692	protein localization to extracellular region	ENSMUSG00000026074	Map4k4	IEA
CRE upregulated	GO:0071692	protein localization to extracellular region	ENSMUSG00000031278	ENSMUSG00000031278	ISS, ISO
CRE upregulated	GO:0071692	protein localization to extracellular region	ENSMUSG00000021587	Pcsk1	ISO, IEA
CRE upregulated	GO:0071692	protein localization to extracellular region	ENSMUSG00000044147	Arf6	IEA
CRE upregulated	GO:0071692	protein localization to extracellular region	ENSMUSG00000020671	ENSMUSG00000020671	IBA
CRE upregulated	GO:0071692	protein localization to extracellular region	ENSMUSG00000051209	ENSMUSG00000051209	IDA
CRE upregulated	GO:0045089	positive regulation of innate immune response	ENSMUSG00000046688	Tifa	ISS, IBA, IEA
CRE upregulated	GO:0045089	positive regulation of innate immune response	ENSMUSG00000025473	Adam8	IDA
CRE upregulated	GO:0045089	positive regulation of innate immune response	ENSMUSG00000024404	Riok3	IEA
CRE upregulated	GO:0045089	positive regulation of innate immune response	ENSMUSG00000055994	Nod2	IDA, IMP, ISS, ISO, IEA
CRE upregulated	GO:0045089	positive regulation of innate immune response	ENSMUSG00000024349	Sting1	IDA, IMP, ISS, IBA, IEA
CRE upregulated	GO:0045089	positive regulation of innate immune response	ENSMUSG00000015837	Sqstm1	IEA
CRE upregulated	GO:0045089	positive regulation of innate immune response	ENSMUSG00000036990	Otud4	IDA, IBA, IEA
CRE upregulated	GO:0045089	positive regulation of innate immune response	ENSMUSG00000029826	Zc3hav1	TAS
CRE upregulated	GO:0045089	positive regulation of innate immune response	ENSMUSG00000059866	Tnip2	IMP, IBA
CRE upregulated	GO:0045089	positive regulation of innate immune response	ENSMUSG00000033545	Znrf1	IEA
CRE upregulated	GO:0045089	positive regulation of innate immune response	ENSMUSG00000024912	Fosl1	IMP
CRE upregulated	GO:0045089	positive regulation of innate immune response	ENSMUSG00000024927	Rela	ISO, IEA
CRE upregulated	GO:0045089	positive regulation of innate immune response	ENSMUSG00000040365	Trim41	ISS, IEA
CRE upregulated	GO:0045089	positive regulation of innate immune response	ENSMUSG00000020349	ENSMUSG00000020349	IMP
CRE upregulated	GO:0045089	positive regulation of innate immune response	ENSMUSG00000044147	Arf6	NAS
CRE upregulated	GO:0045089	positive regulation of innate immune response	ENSMUSG00000030662	ENSMUSG00000030662	IEA
CRE upregulated	GO:0045089	positive regulation of innate immune response	ENSMUSG00000070056	ENSMUSG00000070056	IMP, ISS, IEA
CRE upregulated	GO:0045089	positive regulation of innate immune response	ENSMUSG00000037860	Aim2	IDA, IBA, NAS, IEA
CRE upregulated	GO:0045089	positive regulation of innate immune response	ENSMUSG00000027997	Casp6	ISS, IEA
CRE upregulated	GO:0045089	positive regulation of innate immune response	ENSMUSG00000020594	ENSMUSG00000020594	IEA
CRE upregulated	GO:0045089	positive regulation of innate immune response	ENSMUSG00000020448	Rnf185	ISS, IEA
CRE upregulated	GO:0045089	positive regulation of innate immune response	ENSMUSG00000000787	ENSMUSG00000000787	IDA, ISS
CRE upregulated	GO:0045089	positive regulation of innate immune response	ENSMUSG00000037553	ENSMUSG00000037553	IEA
CRE upregulated	GO:0045089	positive regulation of innate immune response	ENSMUSG00000032508	Myd88	IMP, IGI, ISS, IBA, IEA
CRE upregulated	GO:0045089	positive regulation of innate immune response	ENSMUSG00000028291	ENSMUSG00000028291	IMP, IBA
CRE upregulated	GO:0045089	positive regulation of innate immune response	ENSMUSG00000027646	ENSMUSG00000027646	IEA
CRE upregulated	GO:0048511	rhythmic process	ENSMUSG00000052684	Jun	IEP
CRE upregulated	GO:0048511	rhythmic process	ENSMUSG00000031574	Star	IEA
CRE upregulated	GO:0048511	rhythmic process	ENSMUSG00000030898	Cckbr	ISO
CRE upregulated	GO:0048511	rhythmic process	ENSMUSG00000056749	Nfil3	IBA, IEA
CRE upregulated	GO:0048511	rhythmic process	ENSMUSG00000030256	Bhlhe41	IMP, IEP, IBA, IEA
CRE upregulated	GO:0048511	rhythmic process	ENSMUSG00000048482	Bdnf	IEP
CRE upregulated	GO:0048511	rhythmic process	ENSMUSG00000027597	Ahcy	ISO
CRE upregulated	GO:0048511	rhythmic process	ENSMUSG00000048490	Nrip1	IMP, IBA, IEA
CRE upregulated	GO:0048511	rhythmic process	ENSMUSG00000025746	Il6	ISO
CRE upregulated	GO:0048511	rhythmic process	ENSMUSG00000020580	Rock2	IEA
CRE upregulated	GO:0048511	rhythmic process	ENSMUSG00000063889	Crem	IEA
CRE upregulated	GO:0048511	rhythmic process	ENSMUSG00000042406	Atf4	IMP, IEP, IEA
CRE upregulated	GO:0048511	rhythmic process	ENSMUSG00000020271	Fbxw11	IMP, ISS, IEA
CRE upregulated	GO:0048511	rhythmic process	ENSMUSG00000020838	Slc6a4	ISO, IEA
CRE upregulated	GO:0048511	rhythmic process	ENSMUSG00000031628	Casp3	IEA
CRE upregulated	GO:0048511	rhythmic process	ENSMUSG00000018909	Arrb1	ISO
CRE upregulated	GO:0048511	rhythmic process	ENSMUSG00000023087	Noct	IMP, IEP, IEA
CRE upregulated	GO:0048511	rhythmic process	ENSMUSG00000022433	Csnk1e	IMP, ISO, TAS, IEA
CRE upregulated	GO:0048511	rhythmic process	ENSMUSG00000025162	ENSMUSG00000025162	IMP, IBA, IEA
CRE upregulated	GO:0048511	rhythmic process	ENSMUSG00000040046	Tph1	IEA
CRE upregulated	GO:0048511	rhythmic process	ENSMUSG00000019256	ENSMUSG00000019256	IEA
CRE upregulated	GO:0048511	rhythmic process	ENSMUSG00000040463	ENSMUSG00000040463	IDA, IEA
CRE upregulated	GO:0048511	rhythmic process	ENSMUSG00000020097	ENSMUSG00000020097	IMP
CRE upregulated	GO:0048511	rhythmic process	ENSMUSG00000037465	Klf10	IEP, ISS, ISO, IEA
CRE upregulated	GO:0048511	rhythmic process	ENSMUSG00000027646	ENSMUSG00000027646	ISO, IEA
CRE upregulated	GO:0048511	rhythmic process	ENSMUSG00000032373	ENSMUSG00000032373	IEA
CRE upregulated	GO:0070498	interleukin-1-mediated signaling pathway	ENSMUSG00000025139	Tollip	IDA, IEA
CRE upregulated	GO:0070498	interleukin-1-mediated signaling pathway	ENSMUSG00000025746	Il6	IMP
CRE upregulated	GO:0070498	interleukin-1-mediated signaling pathway	ENSMUSG00000026072	Il1r1	IDA, IMP, ISO, IBA, IEA
CRE upregulated	GO:0070498	interleukin-1-mediated signaling pathway	ENSMUSG00000036990	Otud4	IDA, IBA, IEA
CRE upregulated	GO:0070498	interleukin-1-mediated signaling pathway	ENSMUSG00000059866	Tnip2	IMP
CRE upregulated	GO:0070498	interleukin-1-mediated signaling pathway	ENSMUSG00000024927	Rela	IEA
CRE upregulated	GO:0070498	interleukin-1-mediated signaling pathway	ENSMUSG00000032508	Myd88	IDA, IEA
CRE upregulated	GO:0065009	regulation of molecular function	ENSMUSG00000063632	Sox11	ISS
CRE upregulated	GO:0065009	regulation of molecular function	ENSMUSG00000004951	Hspb1	IDA
CRE upregulated	GO:0065009	regulation of molecular function	ENSMUSG00000019876	Pkib	IEA
CRE upregulated	GO:0065009	regulation of molecular function	ENSMUSG00000030272	Camk1	ISS
CRE upregulated	GO:0065009	regulation of molecular function	ENSMUSG00000050989	Selenon	ISS
CRE upregulated	GO:0065009	regulation of molecular function	ENSMUSG00000024256	Adcyap1	ISS
CRE upregulated	GO:0065009	regulation of molecular function	ENSMUSG00000038894	Irs2	IMP
CRE upregulated	GO:0065009	regulation of molecular function	ENSMUSG00000028789	Azin2	IDA
CRE upregulated	GO:0065009	regulation of molecular function	ENSMUSG00000027540	Ptpn1	IMP, IGI
CRE upregulated	GO:0065009	regulation of molecular function	ENSMUSG00000025809	Itgb1	IMP
CRE upregulated	GO:0065009	regulation of molecular function	ENSMUSG00000032231	Anxa2	IMP
CRE upregulated	GO:0065009	regulation of molecular function	ENSMUSG00000022607	Ptk2	ISS
CRE upregulated	GO:0065009	regulation of molecular function	ENSMUSG00000055994	Nod2	ISS
CRE upregulated	GO:0065009	regulation of molecular function	ENSMUSG00000024014	Pim1	ISS
CRE upregulated	GO:0065009	regulation of molecular function	ENSMUSG00000035392	Dennd1a	IDA
CRE upregulated	GO:0065009	regulation of molecular function	ENSMUSG00000018909	Arrb1	IMP
CRE upregulated	GO:0065009	regulation of molecular function	ENSMUSG00000057531	Dtnbp1	IMP
CRE upregulated	GO:0065009	regulation of molecular function	ENSMUSG00000036737	Oxsr1	IGI
CRE upregulated	GO:0065009	regulation of molecular function	ENSMUSG00000032502	Stac	IMP
CRE upregulated	GO:0065009	regulation of molecular function	ENSMUSG00000036478	Btg1	NAS
CRE upregulated	GO:0065009	regulation of molecular function	ENSMUSG00000024789	Jak2	IDA, IGI, ISS
CRE upregulated	GO:0065009	regulation of molecular function	ENSMUSG00000022602	Arc	IEA
CRE upregulated	GO:0065009	regulation of molecular function	ENSMUSG00000109511	Nup62	IMP
CRE upregulated	GO:0065009	regulation of molecular function	ENSMUSG00000024190	Dusp1	ISS
CRE upregulated	GO:0065009	regulation of molecular function	ENSMUSG00000030223	ENSMUSG00000030223	IDA
CRE upregulated	GO:0065009	regulation of molecular function	ENSMUSG00000059316	Slc27a4	IDA
CRE upregulated	GO:0065009	regulation of molecular function	ENSMUSG00000024927	Rela	IDA
CRE upregulated	GO:0065009	regulation of molecular function	ENSMUSG00000036206	Sh3bp4	ISS
CRE upregulated	GO:0065009	regulation of molecular function	ENSMUSG00000036894	Rap2b	IDA
CRE upregulated	GO:0065009	regulation of molecular function	ENSMUSG00000032715	Trib3	IDA, ISS
CRE upregulated	GO:0065009	regulation of molecular function	ENSMUSG00000052921	Arhgef15	ISS
CRE upregulated	GO:0065009	regulation of molecular function	ENSMUSG00000024517	Grp	ISS
CRE upregulated	GO:0065009	regulation of molecular function	ENSMUSG00000033159	ENSMUSG00000033159	IEA
CRE upregulated	GO:0065009	regulation of molecular function	ENSMUSG00000004530	ENSMUSG00000004530	IMP, IGI
CRE upregulated	GO:0065009	regulation of molecular function	ENSMUSG00000007411	ENSMUSG00000007411	ISS
CRE upregulated	GO:0065009	regulation of molecular function	ENSMUSG00000013483	Card14	ISS
CRE upregulated	GO:0065009	regulation of molecular function	ENSMUSG00000027465	Tbc1d20	IEA
CRE upregulated	GO:0065009	regulation of molecular function	ENSMUSG00000000346	Dazap2	IMP
CRE upregulated	GO:0065009	regulation of molecular function	ENSMUSG00000000787	ENSMUSG00000000787	ISS
CRE upregulated	GO:0065009	regulation of molecular function	ENSMUSG00000008730	Hipk1	ISS
CRE upregulated	GO:0065009	regulation of molecular function	ENSMUSG00000032501	Trib1	IDA, ISS, IC
CRE upregulated	GO:0065009	regulation of molecular function	ENSMUSG00000003119	ENSMUSG00000003119	ISS
CRE upregulated	GO:0051960	regulation of nervous system development	ENSMUSG00000051379	Flrt3	IDA
CRE upregulated	GO:0051960	regulation of nervous system development	ENSMUSG00000063632	Sox11	IDA, IMP, IEA
CRE upregulated	GO:0051960	regulation of nervous system development	ENSMUSG00000031574	Star	ISO, IEA
CRE upregulated	GO:0051960	regulation of nervous system development	ENSMUSG00000046731	Kctd11	IDA
CRE upregulated	GO:0051960	regulation of nervous system development	ENSMUSG00000023905	Tnfrsf12a	IDA
CRE upregulated	GO:0051960	regulation of nervous system development	ENSMUSG00000030256	Bhlhe41	IBA
CRE upregulated	GO:0051960	regulation of nervous system development	ENSMUSG00000024261	Syt4	IMP
CRE upregulated	GO:0051960	regulation of nervous system development	ENSMUSG00000048482	Bdnf	IDA, IMP, ISO, IEA
CRE upregulated	GO:0051960	regulation of nervous system development	ENSMUSG00000024256	Adcyap1	ISO, IEA
CRE upregulated	GO:0051960	regulation of nervous system development	ENSMUSG00000018736	Ndel1	ISO
CRE upregulated	GO:0051960	regulation of nervous system development	ENSMUSG00000018507	Trpv2	IMP
CRE upregulated	GO:0051960	regulation of nervous system development	ENSMUSG00000025809	Itgb1	IMP
CRE upregulated	GO:0051960	regulation of nervous system development	ENSMUSG00000040025	Ythdf2	IMP, ISS, IEA
CRE upregulated	GO:0051960	regulation of nervous system development	ENSMUSG00000013089	Etv5	ISO, IEA
CRE upregulated	GO:0051960	regulation of nervous system development	ENSMUSG00000025746	Il6	IMP
CRE upregulated	GO:0051960	regulation of nervous system development	ENSMUSG00000032231	Anxa2	IDA
CRE upregulated	GO:0051960	regulation of nervous system development	ENSMUSG00000022607	Ptk2	IMP, ISO
CRE upregulated	GO:0051960	regulation of nervous system development	ENSMUSG00000037062	Sh3glb1	ISO
CRE upregulated	GO:0051960	regulation of nervous system development	ENSMUSG00000032078	Zpr1	IMP
CRE upregulated	GO:0051960	regulation of nervous system development	ENSMUSG00000055407	Map6	ISO, IBA
CRE upregulated	GO:0051960	regulation of nervous system development	ENSMUSG00000030309	Caprin2	IMP
CRE upregulated	GO:0051960	regulation of nervous system development	ENSMUSG00000001627	Ifrd1	IGI
CRE upregulated	GO:0051960	regulation of nervous system development	ENSMUSG00000029765	Plxna4	IBA
CRE upregulated	GO:0051960	regulation of nervous system development	ENSMUSG00000022346	Myc	ISO
CRE upregulated	GO:0051960	regulation of nervous system development	ENSMUSG00000023915	Tnfrsf21	IBA, IEA
CRE upregulated	GO:0051960	regulation of nervous system development	ENSMUSG00000024927	Rela	ISO, IEA
CRE upregulated	GO:0051960	regulation of nervous system development	ENSMUSG00000027692	Tnik	ISO
CRE upregulated	GO:0051960	regulation of nervous system development	ENSMUSG00000037815	Ctnna1	IMP, IGI
CRE upregulated	GO:0051960	regulation of nervous system development	ENSMUSG00000028599	Tnfrsf1b	IMP, IGI, IBA
CRE upregulated	GO:0051960	regulation of nervous system development	ENSMUSG00000031937	ENSMUSG00000031937	IMP, IBA
CRE upregulated	GO:0051960	regulation of nervous system development	ENSMUSG00000021796	Bmpr1a	IMP
CRE upregulated	GO:0051960	regulation of nervous system development	ENSMUSG00000040010	Slc7a5	ISO, IEA
CRE upregulated	GO:0051960	regulation of nervous system development	ENSMUSG00000002633	Shh	IDA, IMP, ISO
CRE upregulated	GO:0051960	regulation of nervous system development	ENSMUSG00000023277	ENSMUSG00000023277	IEA
CRE upregulated	GO:0051960	regulation of nervous system development	ENSMUSG00000000627	ENSMUSG00000000627	ISO, IEA
CRE upregulated	GO:0043254	regulation of protein-containing complex assembly	ENSMUSG00000024404	Riok3	IEA
CRE upregulated	GO:0043254	regulation of protein-containing complex assembly	ENSMUSG00000006304	Arpc2	IDA, ISO
CRE upregulated	GO:0043254	regulation of protein-containing complex assembly	ENSMUSG00000068566	Myadm	IEA
CRE upregulated	GO:0043254	regulation of protein-containing complex assembly	ENSMUSG00000005069	Pex5	IEA
CRE upregulated	GO:0043254	regulation of protein-containing complex assembly	ENSMUSG00000015243	Abca1	IMP
CRE upregulated	GO:0043254	regulation of protein-containing complex assembly	ENSMUSG00000002233	Rhoc	IMP
CRE upregulated	GO:0043254	regulation of protein-containing complex assembly	ENSMUSG00000031078	Cttn	ISS, ISO, IBA, IEA
CRE upregulated	GO:0043254	regulation of protein-containing complex assembly	ENSMUSG00000037062	Sh3glb1	IEA
CRE upregulated	GO:0043254	regulation of protein-containing complex assembly	ENSMUSG00000059923	Grb2	IGI
CRE upregulated	GO:0043254	regulation of protein-containing complex assembly	ENSMUSG00000001847	Rac1	IDA, IEA
CRE upregulated	GO:0043254	regulation of protein-containing complex assembly	ENSMUSG00000042121	Ssh1	IBA, IEA
CRE upregulated	GO:0043254	regulation of protein-containing complex assembly	ENSMUSG00000050335	Lgals3	IEA
CRE upregulated	GO:0043254	regulation of protein-containing complex assembly	ENSMUSG00000024777	ENSMUSG00000024777	ISO, IEA
CRE upregulated	GO:0043254	regulation of protein-containing complex assembly	ENSMUSG00000020349	ENSMUSG00000020349	IMP
CRE upregulated	GO:0043254	regulation of protein-containing complex assembly	ENSMUSG00000044147	Arf6	IEA
CRE upregulated	GO:0043254	regulation of protein-containing complex assembly	ENSMUSG00000011877	Git1	ISS, IEA
CRE upregulated	GO:0043254	regulation of protein-containing complex assembly	ENSMUSG00000062234	ENSMUSG00000062234	IEA
CRE upregulated	GO:0043254	regulation of protein-containing complex assembly	ENSMUSG00000029110	ENSMUSG00000029110	ISS, IEA
CRE upregulated	GO:0043254	regulation of protein-containing complex assembly	ENSMUSG00000041598	Cdc42ep4	IBA
CRE upregulated	GO:0043254	regulation of protein-containing complex assembly	ENSMUSG00000045664	Cdc42ep2	IBA, IEA
CRE upregulated	GO:0043254	regulation of protein-containing complex assembly	ENSMUSG00000000787	ENSMUSG00000000787	IDA, ISS
CRE upregulated	GO:0043254	regulation of protein-containing complex assembly	ENSMUSG00000052681	Rap1b	IEA
CRE upregulated	GO:0043254	regulation of protein-containing complex assembly	ENSMUSG00000032508	Myd88	ISS, IEA
CRE upregulated	GO:0043254	regulation of protein-containing complex assembly	ENSMUSG00000026864	ENSMUSG00000026864	ISS
CRE upregulated	GO:0043254	regulation of protein-containing complex assembly	ENSMUSG00000027944	Hax1	IBA, IEA
CRE upregulated	GO:0043254	regulation of protein-containing complex assembly	ENSMUSG00000020340	ENSMUSG00000020340	IEA
CRE upregulated	GO:0043254	regulation of protein-containing complex assembly	ENSMUSG00000023277	ENSMUSG00000023277	IDA, IBA, IEA
CRE upregulated	GO:0043254	regulation of protein-containing complex assembly	ENSMUSG00000027646	ENSMUSG00000027646	IDA, IGI, IEA
CRE upregulated	GO:0043254	regulation of protein-containing complex assembly	ENSMUSG00000049550	ENSMUSG00000049550	ISS, IBA, IEA
CRE upregulated	GO:0006520	amino acid metabolic process	ENSMUSG00000004846	Plod3	IDA
CRE upregulated	GO:0006520	amino acid metabolic process	ENSMUSG00000037458	Azin1	IBA
CRE upregulated	GO:0006520	amino acid metabolic process	ENSMUSG00000028789	Azin2	IDA, IBA
CRE upregulated	GO:0006520	amino acid metabolic process	ENSMUSG00000011179	Odc1	IDA, IBA, IEA
CRE upregulated	GO:0006520	amino acid metabolic process	ENSMUSG00000027597	Ahcy	IDA, ISO
CRE upregulated	GO:0006520	amino acid metabolic process	ENSMUSG00000023169	Slc38a1	IMP, ISS, ISO, IEA
CRE upregulated	GO:0006520	amino acid metabolic process	ENSMUSG00000042406	Atf4	IEA
CRE upregulated	GO:0006520	amino acid metabolic process	ENSMUSG00000029777	Gars1	IMP, ISS, IBA, IEA
CRE upregulated	GO:0006520	amino acid metabolic process	ENSMUSG00000010755	Cars1	ISS, IBA, IEA
CRE upregulated	GO:0006520	amino acid metabolic process	ENSMUSG00000037851	Iars1	IDA, ISO, IBA, IEA
CRE upregulated	GO:0006520	amino acid metabolic process	ENSMUSG00000031960	Aars1	IDA, IMP, ISO, IBA, IEA
CRE upregulated	GO:0006520	amino acid metabolic process	ENSMUSG00000025007	Aldh18a1	ISS, TAS, IEA
CRE upregulated	GO:0006520	amino acid metabolic process	ENSMUSG00000028811	ENSMUSG00000028811	IEA
CRE upregulated	GO:0006520	amino acid metabolic process	ENSMUSG00000068739	ENSMUSG00000068739	ISS, IBA, IEA
CRE upregulated	GO:0006520	amino acid metabolic process	ENSMUSG00000029752	ENSMUSG00000029752	ISO, IBA, IEA
CRE upregulated	GO:0006520	amino acid metabolic process	ENSMUSG00000040046	Tph1	IEA
CRE upregulated	GO:0006520	amino acid metabolic process	ENSMUSG00000009566	Fpgs	IEA
CRE upregulated	GO:0006520	amino acid metabolic process	ENSMUSG00000020250	ENSMUSG00000020250	ISO
CRE upregulated	GO:0006520	amino acid metabolic process	ENSMUSG00000018848	ENSMUSG00000018848	IDA, ISO, IBA, IEA
CRE upregulated	GO:0006520	amino acid metabolic process	ENSMUSG00000025403	ENSMUSG00000025403	ISS, ISO, IBA, IEA
CRE upregulated	GO:0006520	amino acid metabolic process	ENSMUSG00000006344	ENSMUSG00000006344	IEA
CRE upregulated	GO:0006520	amino acid metabolic process	ENSMUSG00000024493	ENSMUSG00000024493	IDA, IBA, IEA
CRE upregulated	GO:0043588	skin development	ENSMUSG00000021765	Fst	IMP, ISO, IEA
CRE upregulated	GO:0043588	skin development	ENSMUSG00000023067	Cdkn1a	IGI
CRE upregulated	GO:0043588	skin development	ENSMUSG00000039473	Ubn1	TAS
CRE upregulated	GO:0043588	skin development	ENSMUSG00000050359	Sprr1a	IEA
CRE upregulated	GO:0043588	skin development	ENSMUSG00000001420	Tmem79	IMP
CRE upregulated	GO:0043588	skin development	ENSMUSG00000020580	Rock2	IEA
CRE upregulated	GO:0043588	skin development	ENSMUSG00000001507	Itga3	IEA
CRE upregulated	GO:0043588	skin development	ENSMUSG00000031628	Casp3	IMP, IBA
CRE upregulated	GO:0043588	skin development	ENSMUSG00000103523	2210017I01Rik	IEA
CRE upregulated	GO:0043588	skin development	ENSMUSG00000029135	Fosl2	IMP
CRE upregulated	GO:0043588	skin development	ENSMUSG00000059316	Slc27a4	IMP
CRE upregulated	GO:0043588	skin development	ENSMUSG00000024927	Rela	IMP
CRE upregulated	GO:0043588	skin development	ENSMUSG00000027919	Lce1g	IEA
CRE upregulated	GO:0043588	skin development	ENSMUSG00000047281	ENSMUSG00000047281	IMP, IGI
CRE upregulated	GO:0043588	skin development	ENSMUSG00000019842	ENSMUSG00000019842	IMP
CRE upregulated	GO:0043588	skin development	ENSMUSG00000039191	Rbpj	IMP
CRE upregulated	GO:0043588	skin development	ENSMUSG00000001552	ENSMUSG00000001552	IMP
CRE upregulated	GO:0043588	skin development	ENSMUSG00000058354	Krt6a	IGI, IBA
CRE upregulated	GO:0043588	skin development	ENSMUSG00000020594	ENSMUSG00000020594	IDA
CRE upregulated	GO:0043588	skin development	ENSMUSG00000032508	Myd88	IMP
CRE upregulated	GO:0043588	skin development	ENSMUSG00000002633	Shh	IMP
CRE upregulated	GO:0043588	skin development	ENSMUSG00000021477	ENSMUSG00000021477	IMP
CRE upregulated	GO:0043588	skin development	ENSMUSG00000024907	Gal	IEA
CRE upregulated	GO:0043588	skin development	ENSMUSG00000053797	ENSMUSG00000053797	IDA, IMP
CRE upregulated	GO:0070059	intrinsic apoptotic signaling pathway in response to endoplasmic reticulum stress	ENSMUSG00000030102	Itpr1	IMP
CRE upregulated	GO:0070059	intrinsic apoptotic signaling pathway in response to endoplasmic reticulum stress	ENSMUSG00000027313	Chac1	ISS, IEA
CRE upregulated	GO:0070059	intrinsic apoptotic signaling pathway in response to endoplasmic reticulum stress	ENSMUSG00000027540	Ptpn1	IMP
CRE upregulated	GO:0070059	intrinsic apoptotic signaling pathway in response to endoplasmic reticulum stress	ENSMUSG00000042406	Atf4	IDA, IMP
CRE upregulated	GO:0070059	intrinsic apoptotic signaling pathway in response to endoplasmic reticulum stress	ENSMUSG00000031628	Casp3	NAS
CRE upregulated	GO:0070059	intrinsic apoptotic signaling pathway in response to endoplasmic reticulum stress	ENSMUSG00000025408	Ddit3	IDA, IMP, IBA, IEA
CRE upregulated	GO:0070059	intrinsic apoptotic signaling pathway in response to endoplasmic reticulum stress	ENSMUSG00000024521	Pmaip1	IMP
CRE upregulated	GO:0070059	intrinsic apoptotic signaling pathway in response to endoplasmic reticulum stress	ENSMUSG00000032715	Trib3	ISS, IEA
CRE upregulated	GO:0070059	intrinsic apoptotic signaling pathway in response to endoplasmic reticulum stress	ENSMUSG00000028466	Creb3	IEA
CRE upregulated	GO:0070059	intrinsic apoptotic signaling pathway in response to endoplasmic reticulum stress	ENSMUSG00000031668	ENSMUSG00000031668	IEA
CRE upregulated	GO:0043434	response to peptide hormone	ENSMUSG00000052684	Jun	IEP
CRE upregulated	GO:0043434	response to peptide hormone	ENSMUSG00000037428	Vgf	IMP
CRE upregulated	GO:0043434	response to peptide hormone	ENSMUSG00000031574	Star	IEA
CRE upregulated	GO:0043434	response to peptide hormone	ENSMUSG00000024143	Rhoq	IMP, IEA
CRE upregulated	GO:0043434	response to peptide hormone	ENSMUSG00000029378	Areg	IEA
CRE upregulated	GO:0043434	response to peptide hormone	ENSMUSG00000018736	Ndel1	IDA
CRE upregulated	GO:0043434	response to peptide hormone	ENSMUSG00000038894	Irs2	IDA, IMP, ISO, IBA, IEA
CRE upregulated	GO:0043434	response to peptide hormone	ENSMUSG00000027540	Ptpn1	IMP, ISO, IEA
CRE upregulated	GO:0043434	response to peptide hormone	ENSMUSG00000028645	Slc2a1	IBA, IEA
CRE upregulated	GO:0043434	response to peptide hormone	ENSMUSG00000053436	Mapk14	IMP
CRE upregulated	GO:0043434	response to peptide hormone	ENSMUSG00000027613	Eif6	IMP
CRE upregulated	GO:0043434	response to peptide hormone	ENSMUSG00000059923	Grb2	IDA, IEA
CRE upregulated	GO:0043434	response to peptide hormone	ENSMUSG00000001847	Rac1	IDA
CRE upregulated	GO:0043434	response to peptide hormone	ENSMUSG00000031955	Bcar1	ISS, ISO
CRE upregulated	GO:0043434	response to peptide hormone	ENSMUSG00000036478	Btg1	IEA
CRE upregulated	GO:0043434	response to peptide hormone	ENSMUSG00000053113	Socs3	IDA
CRE upregulated	GO:0043434	response to peptide hormone	ENSMUSG00000024789	Jak2	IDA, IMP, ISS, ISO, IBA, IEA
CRE upregulated	GO:0043434	response to peptide hormone	ENSMUSG00000004040	ENSMUSG00000004040	IDA, IBA, IEA
CRE upregulated	GO:0043434	response to peptide hormone	ENSMUSG00000020027	Socs2	IMP, IEA
CRE upregulated	GO:0043434	response to peptide hormone	ENSMUSG00000059316	Slc27a4	IMP, IEA
CRE upregulated	GO:0043434	response to peptide hormone	ENSMUSG00000024927	Rela	ISO, IEA
CRE upregulated	GO:0043434	response to peptide hormone	ENSMUSG00000028893	Sesn2	IMP, IGI
CRE upregulated	GO:0043434	response to peptide hormone	ENSMUSG00000032715	Trib3	IDA
CRE upregulated	GO:0043434	response to peptide hormone	ENSMUSG00000010660	Plcd1	ISO
CRE upregulated	GO:0043434	response to peptide hormone	ENSMUSG00000021587	Pcsk1	IEA
CRE upregulated	GO:0043434	response to peptide hormone	ENSMUSG00000020671	ENSMUSG00000020671	IMP, IEA
CRE upregulated	GO:0043434	response to peptide hormone	ENSMUSG00000022094	ENSMUSG00000022094	IMP
CRE upregulated	GO:0043434	response to peptide hormone	ENSMUSG00000029145	ENSMUSG00000029145	ISO
CRE upregulated	GO:0043434	response to peptide hormone	ENSMUSG00000027646	ENSMUSG00000027646	IGI, ISO, IEA
CRE upregulated	GO:0043434	response to peptide hormone	ENSMUSG00000021340	ENSMUSG00000021340	IEA
CRE upregulated	GO:0043434	response to peptide hormone	ENSMUSG00000004698	ENSMUSG00000004698	IEA
CRE upregulated	GO:0043434	response to peptide hormone	ENSMUSG00000015839	Nfe2l2	ISO, IEA
CRE upregulated	GO:0030097	hemopoiesis	ENSMUSG00000052684	Jun	IDA, IMP, ISO
CRE upregulated	GO:0030097	hemopoiesis	ENSMUSG00000004951	Hspb1	ISO
CRE upregulated	GO:0030097	hemopoiesis	ENSMUSG00000025473	Adam8	IDA, TAS, NAS
CRE upregulated	GO:0030097	hemopoiesis	ENSMUSG00000056749	Nfil3	IMP
CRE upregulated	GO:0030097	hemopoiesis	ENSMUSG00000030748	Il4ra	IGI
CRE upregulated	GO:0030097	hemopoiesis	ENSMUSG00000021765	Fst	IEA
CRE upregulated	GO:0030097	hemopoiesis	ENSMUSG00000014599	Csf1	IDA, IMP, IGI, ISO, IBA, IEA
CRE upregulated	GO:0030097	hemopoiesis	ENSMUSG00000027495	Fam210b	ISS, IEA
CRE upregulated	GO:0030097	hemopoiesis	ENSMUSG00000035673	Sbno2	IMP, IBA
CRE upregulated	GO:0030097	hemopoiesis	ENSMUSG00000025337	Sbds	ISS, IEA
CRE upregulated	GO:0030097	hemopoiesis	ENSMUSG00000027583	Zbtb46	IMP
CRE upregulated	GO:0030097	hemopoiesis	ENSMUSG00000053436	Mapk14	IMP, IEA
CRE upregulated	GO:0030097	hemopoiesis	ENSMUSG00000040025	Ythdf2	IMP
CRE upregulated	GO:0030097	hemopoiesis	ENSMUSG00000023030	Slc11a2	IMP
CRE upregulated	GO:0030097	hemopoiesis	ENSMUSG00000025746	Il6	IDA, IMP
CRE upregulated	GO:0030097	hemopoiesis	ENSMUSG00000032231	Anxa2	IEA
CRE upregulated	GO:0030097	hemopoiesis	ENSMUSG00000024014	Pim1	IDA
CRE upregulated	GO:0030097	hemopoiesis	ENSMUSG00000027613	Eif6	IMP
CRE upregulated	GO:0030097	hemopoiesis	ENSMUSG00000042406	Atf4	IMP
CRE upregulated	GO:0030097	hemopoiesis	ENSMUSG00000031628	Casp3	IBA, IEA
CRE upregulated	GO:0030097	hemopoiesis	ENSMUSG00000001847	Rac1	IMP
CRE upregulated	GO:0030097	hemopoiesis	ENSMUSG00000000134	Tfe3	IGI, IEA
CRE upregulated	GO:0030097	hemopoiesis	ENSMUSG00000015316	Slamf1	IMP
CRE upregulated	GO:0030097	hemopoiesis	ENSMUSG00000022346	Myc	ISS, IEA
CRE upregulated	GO:0030097	hemopoiesis	ENSMUSG00000024789	Jak2	IMP, IBA
CRE upregulated	GO:0030097	hemopoiesis	ENSMUSG00000004040	ENSMUSG00000004040	IMP, ISS, IEA
CRE upregulated	GO:0030097	hemopoiesis	ENSMUSG00000029135	Fosl2	IDA, IMP
CRE upregulated	GO:0030097	hemopoiesis	ENSMUSG00000020395	Itk	IMP, IGI, IBA
CRE upregulated	GO:0030097	hemopoiesis	ENSMUSG00000024238	Zeb1	IMP
CRE upregulated	GO:0030097	hemopoiesis	ENSMUSG00000024947	Men1	IMP, IEA
CRE upregulated	GO:0030097	hemopoiesis	ENSMUSG00000024335	Brd2	IDA, IEA
CRE upregulated	GO:0030097	hemopoiesis	ENSMUSG00000031168	ENSMUSG00000031168	IMP
CRE upregulated	GO:0030097	hemopoiesis	ENSMUSG00000071637	Cebpd	IGI
CRE upregulated	GO:0030097	hemopoiesis	ENSMUSG00000053175	Bcl3	IMP
CRE upregulated	GO:0030097	hemopoiesis	ENSMUSG00000030199	Etv6	ISS, IEA
CRE upregulated	GO:0030097	hemopoiesis	ENSMUSG00000052837	ENSMUSG00000052837	IMP
CRE upregulated	GO:0030097	hemopoiesis	ENSMUSG00000019842	ENSMUSG00000019842	IMP
CRE upregulated	GO:0030097	hemopoiesis	ENSMUSG00000070056	ENSMUSG00000070056	ISS, IEA
CRE upregulated	GO:0030097	hemopoiesis	ENSMUSG00000039191	Rbpj	IMP
CRE upregulated	GO:0030097	hemopoiesis	ENSMUSG00000035725	ENSMUSG00000035725	ISS, IEA
CRE upregulated	GO:0030097	hemopoiesis	ENSMUSG00000066595	ENSMUSG00000066595	IMP, ISO, IBA, IEA
CRE upregulated	GO:0030097	hemopoiesis	ENSMUSG00000020097	ENSMUSG00000020097	IMP
CRE upregulated	GO:0030097	hemopoiesis	ENSMUSG00000032508	Myd88	IMP
CRE upregulated	GO:0030097	hemopoiesis	ENSMUSG00000002633	Shh	IMP, IEA
CRE upregulated	GO:0030097	hemopoiesis	ENSMUSG00000027944	Hax1	IEA
CRE upregulated	GO:0030097	hemopoiesis	ENSMUSG00000063952	Brpf3	NAS
CRE upregulated	GO:0030097	hemopoiesis	ENSMUSG00000032786	ENSMUSG00000032786	IBA
CRE upregulated	GO:0030097	hemopoiesis	ENSMUSG00000028382	ENSMUSG00000028382	IEA
CRE upregulated	GO:0030097	hemopoiesis	ENSMUSG00000037465	Klf10	IMP
CRE upregulated	GO:0030097	hemopoiesis	ENSMUSG00000027646	ENSMUSG00000027646	IGI
CRE upregulated	GO:0030097	hemopoiesis	ENSMUSG00000032501	Trib1	IMP
CRE upregulated	GO:0030097	hemopoiesis	ENSMUSG00000015839	Nfe2l2	IMP
CRE upregulated	GO:0030097	hemopoiesis	ENSMUSG00000021477	ENSMUSG00000021477	IMP
CRE upregulated	GO:0030097	hemopoiesis	ENSMUSG00000024026	ENSMUSG00000024026	IMP
CRE upregulated	GO:0001503	ossification	ENSMUSG00000063632	Sox11	IMP, ISS, IEA
CRE upregulated	GO:0001503	ossification	ENSMUSG00000014599	Csf1	IMP, ISO
CRE upregulated	GO:0001503	ossification	ENSMUSG00000020427	Igfbp3	IEP
CRE upregulated	GO:0001503	ossification	ENSMUSG00000028226	Mmp16	IGI
CRE upregulated	GO:0001503	ossification	ENSMUSG00000031681	Smad1	IDA, IGI, IEA
CRE upregulated	GO:0001503	ossification	ENSMUSG00000035673	Sbno2	IMP, IEA
CRE upregulated	GO:0001503	ossification	ENSMUSG00000029378	Areg	ISO, IEA
CRE upregulated	GO:0001503	ossification	ENSMUSG00000026836	Acvr1	IEA
CRE upregulated	GO:0001503	ossification	ENSMUSG00000027198	Ext2	IEA
CRE upregulated	GO:0001503	ossification	ENSMUSG00000025337	Sbds	IEA
CRE upregulated	GO:0001503	ossification	ENSMUSG00000007041	Clic1	IDA
CRE upregulated	GO:0001503	ossification	ENSMUSG00000028063	Lmna	ISO
CRE upregulated	GO:0001503	ossification	ENSMUSG00000053436	Mapk14	IDA, IMP
CRE upregulated	GO:0001503	ossification	ENSMUSG00000025239	Limd1	IMP
CRE upregulated	GO:0001503	ossification	ENSMUSG00000022607	Ptk2	ISS
CRE upregulated	GO:0001503	ossification	ENSMUSG00000042406	Atf4	IMP, IEA
CRE upregulated	GO:0001503	ossification	ENSMUSG00000023087	Noct	IMP
CRE upregulated	GO:0001503	ossification	ENSMUSG00000029135	Fosl2	IMP
CRE upregulated	GO:0001503	ossification	ENSMUSG00000024947	Men1	IDA, IMP, IGI, ISO, IEA
CRE upregulated	GO:0001503	ossification	ENSMUSG00000064210	ENSMUSG00000064210	IMP, IEA
CRE upregulated	GO:0001503	ossification	ENSMUSG00000031168	ENSMUSG00000031168	IEA
CRE upregulated	GO:0001503	ossification	ENSMUSG00000071637	Cebpd	IDA
CRE upregulated	GO:0001503	ossification	ENSMUSG00000031668	ENSMUSG00000031668	IEA
CRE upregulated	GO:0001503	ossification	ENSMUSG00000024517	Grp	ISO, IEA
CRE upregulated	GO:0001503	ossification	ENSMUSG00000011877	Git1	IMP
CRE upregulated	GO:0001503	ossification	ENSMUSG00000040046	Tph1	ISO, IEA
CRE upregulated	GO:0001503	ossification	ENSMUSG00000052837	ENSMUSG00000052837	IMP
CRE upregulated	GO:0001503	ossification	ENSMUSG00000021796	Bmpr1a	IDA, IEA
CRE upregulated	GO:0001503	ossification	ENSMUSG00000039191	Rbpj	IMP
CRE upregulated	GO:0001503	ossification	ENSMUSG00000002633	Shh	IDA
CRE upregulated	GO:0001503	ossification	ENSMUSG00000037465	Klf10	IMP
CRE upregulated	GO:2000300	regulation of synaptic vesicle exocytosis	ENSMUSG00000042816	Gpr151	EXP, IDA, IMP
CRE upregulated	GO:2000300	regulation of synaptic vesicle exocytosis	ENSMUSG00000024261	Syt4	IMP
CRE upregulated	GO:2000300	regulation of synaptic vesicle exocytosis	ENSMUSG00000057531	Dtnbp1	IDA, IMP, IBA
CRE upregulated	GO:2000300	regulation of synaptic vesicle exocytosis	ENSMUSG00000036437	Npy1r	ISO
CRE upregulated	GO:2000300	regulation of synaptic vesicle exocytosis	ENSMUSG00000023032	Slc4a8	EXP, IDA, IMP
CRE upregulated	GO:2000300	regulation of synaptic vesicle exocytosis	ENSMUSG00000029071	ENSMUSG00000029071	IDA, IMP
CRE upregulated	GO:2000300	regulation of synaptic vesicle exocytosis	ENSMUSG00000011877	Git1	IDA, IMP
CRE upregulated	GO:2000300	regulation of synaptic vesicle exocytosis	ENSMUSG00000052681	Rap1b	IGI, IBA, IEA
CRE upregulated	GO:2000300	regulation of synaptic vesicle exocytosis	ENSMUSG00000053825	ENSMUSG00000053825	IEA
CRE upregulated	GO:0045859	regulation of protein kinase activity	ENSMUSG00000004951	Hspb1	IDA
CRE upregulated	GO:0045859	regulation of protein kinase activity	ENSMUSG00000019876	Pkib	IEA
CRE upregulated	GO:0045859	regulation of protein kinase activity	ENSMUSG00000030272	Camk1	ISS
CRE upregulated	GO:0045859	regulation of protein kinase activity	ENSMUSG00000024256	Adcyap1	ISS
CRE upregulated	GO:0045859	regulation of protein kinase activity	ENSMUSG00000027540	Ptpn1	IMP, IGI
CRE upregulated	GO:0045859	regulation of protein kinase activity	ENSMUSG00000022607	Ptk2	ISS
CRE upregulated	GO:0045859	regulation of protein kinase activity	ENSMUSG00000057531	Dtnbp1	IMP
CRE upregulated	GO:0045859	regulation of protein kinase activity	ENSMUSG00000024789	Jak2	IDA
CRE upregulated	GO:0045859	regulation of protein kinase activity	ENSMUSG00000109511	Nup62	IMP
CRE upregulated	GO:0045859	regulation of protein kinase activity	ENSMUSG00000024190	Dusp1	ISS
CRE upregulated	GO:0045859	regulation of protein kinase activity	ENSMUSG00000030223	ENSMUSG00000030223	IDA
CRE upregulated	GO:0045859	regulation of protein kinase activity	ENSMUSG00000036894	Rap2b	IDA
CRE upregulated	GO:0045859	regulation of protein kinase activity	ENSMUSG00000032715	Trib3	IDA, ISS
CRE upregulated	GO:0045859	regulation of protein kinase activity	ENSMUSG00000033159	ENSMUSG00000033159	IEA
CRE upregulated	GO:0045859	regulation of protein kinase activity	ENSMUSG00000000787	ENSMUSG00000000787	ISS
CRE upregulated	GO:0045859	regulation of protein kinase activity	ENSMUSG00000032501	Trib1	ISS
CRE upregulated	GO:0045859	regulation of protein kinase activity	ENSMUSG00000003119	ENSMUSG00000003119	ISS
CRE upregulated	GO:0002758	innate immune response-activating signaling pathway	ENSMUSG00000046688	Tifa	ISS, IBA, IEA
CRE upregulated	GO:0002758	innate immune response-activating signaling pathway	ENSMUSG00000024404	Riok3	IEA
CRE upregulated	GO:0002758	innate immune response-activating signaling pathway	ENSMUSG00000055994	Nod2	IDA, IMP, ISS, ISO, IEA
CRE upregulated	GO:0002758	innate immune response-activating signaling pathway	ENSMUSG00000024349	Sting1	IDA, ISS, IEA
CRE upregulated	GO:0002758	innate immune response-activating signaling pathway	ENSMUSG00000015837	Sqstm1	IEA
CRE upregulated	GO:0002758	innate immune response-activating signaling pathway	ENSMUSG00000036990	Otud4	IDA, IBA, IEA
CRE upregulated	GO:0002758	innate immune response-activating signaling pathway	ENSMUSG00000029826	Zc3hav1	TAS
CRE upregulated	GO:0002758	innate immune response-activating signaling pathway	ENSMUSG00000059866	Tnip2	IMP, IBA
CRE upregulated	GO:0002758	innate immune response-activating signaling pathway	ENSMUSG00000033545	Znrf1	IEA
CRE upregulated	GO:0002758	innate immune response-activating signaling pathway	ENSMUSG00000024912	Fosl1	IMP
CRE upregulated	GO:0002758	innate immune response-activating signaling pathway	ENSMUSG00000024927	Rela	ISO, IEA
CRE upregulated	GO:0002758	innate immune response-activating signaling pathway	ENSMUSG00000020349	ENSMUSG00000020349	IMP
CRE upregulated	GO:0002758	innate immune response-activating signaling pathway	ENSMUSG00000044147	Arf6	NAS
CRE upregulated	GO:0002758	innate immune response-activating signaling pathway	ENSMUSG00000030662	ENSMUSG00000030662	IEA
CRE upregulated	GO:0002758	innate immune response-activating signaling pathway	ENSMUSG00000070056	ENSMUSG00000070056	IMP, ISS, IEA
CRE upregulated	GO:0002758	innate immune response-activating signaling pathway	ENSMUSG00000037860	Aim2	NAS
CRE upregulated	GO:0002758	innate immune response-activating signaling pathway	ENSMUSG00000020594	ENSMUSG00000020594	IEA
CRE upregulated	GO:0002758	innate immune response-activating signaling pathway	ENSMUSG00000000787	ENSMUSG00000000787	IDA, ISS
CRE upregulated	GO:0002758	innate immune response-activating signaling pathway	ENSMUSG00000037553	ENSMUSG00000037553	IEA
CRE upregulated	GO:0002758	innate immune response-activating signaling pathway	ENSMUSG00000032508	Myd88	IMP, IGI, ISS, IBA, IEA
CRE upregulated	GO:0002758	innate immune response-activating signaling pathway	ENSMUSG00000027646	ENSMUSG00000027646	IEA
CRE upregulated	GO:0006418	tRNA aminoacylation for protein translation	ENSMUSG00000029777	Gars1	IMP, ISS, IBA, IEA
CRE upregulated	GO:0006418	tRNA aminoacylation for protein translation	ENSMUSG00000010755	Cars1	ISS, IBA, IEA
CRE upregulated	GO:0006418	tRNA aminoacylation for protein translation	ENSMUSG00000037851	Iars1	IDA, ISO, IBA, IEA
CRE upregulated	GO:0006418	tRNA aminoacylation for protein translation	ENSMUSG00000031960	Aars1	IDA, IMP, ISO, IBA, IEA
CRE upregulated	GO:0006418	tRNA aminoacylation for protein translation	ENSMUSG00000028811	ENSMUSG00000028811	IEA
CRE upregulated	GO:0006418	tRNA aminoacylation for protein translation	ENSMUSG00000068739	ENSMUSG00000068739	ISS, IBA, IEA
CRE upregulated	GO:0006418	tRNA aminoacylation for protein translation	ENSMUSG00000018848	ENSMUSG00000018848	IDA, ISO, IBA, IEA
CRE upregulated	GO:0006418	tRNA aminoacylation for protein translation	ENSMUSG00000024493	ENSMUSG00000024493	IDA, IBA, IEA
CRE upregulated	GO:0060996	dendritic spine development	ENSMUSG00000030272	Camk1	ISS, IEA
CRE upregulated	GO:0060996	dendritic spine development	ENSMUSG00000042688	Mapk6	IGI
CRE upregulated	GO:0060996	dendritic spine development	ENSMUSG00000001847	Rac1	IMP, IGI
CRE upregulated	GO:0060996	dendritic spine development	ENSMUSG00000057531	Dtnbp1	ISO, IEA
CRE upregulated	GO:0060996	dendritic spine development	ENSMUSG00000030309	Caprin2	IMP
CRE upregulated	GO:0060996	dendritic spine development	ENSMUSG00000027954	Efna1	IDA
CRE upregulated	GO:0060996	dendritic spine development	ENSMUSG00000022602	Arc	ISO, IEA
CRE upregulated	GO:0060996	dendritic spine development	ENSMUSG00000036882	ENSMUSG00000036882	ISO, IEA
CRE upregulated	GO:0060996	dendritic spine development	ENSMUSG00000029071	ENSMUSG00000029071	ISO, IEA
CRE upregulated	GO:0060996	dendritic spine development	ENSMUSG00000031278	ENSMUSG00000031278	ISO
CRE upregulated	GO:0060996	dendritic spine development	ENSMUSG00000044147	Arf6	IMP, ISO, IBA, IEA
CRE upregulated	GO:0060996	dendritic spine development	ENSMUSG00000011877	Git1	ISO
CRE upregulated	GO:0060996	dendritic spine development	ENSMUSG00000039671	ENSMUSG00000039671	ISO, IEA
CRE upregulated	GO:0060996	dendritic spine development	ENSMUSG00000053825	ENSMUSG00000053825	IEA
CRE upregulated	GO:0051099	positive regulation of binding	ENSMUSG00000032231	Anxa2	IMP
CRE upregulated	GO:0051099	positive regulation of binding	ENSMUSG00000018909	Arrb1	IMP
CRE upregulated	GO:0051099	positive regulation of binding	ENSMUSG00000024789	Jak2	ISS
CRE upregulated	GO:0051099	positive regulation of binding	ENSMUSG00000032715	Trib3	IDA
CRE upregulated	GO:0051099	positive regulation of binding	ENSMUSG00000007411	ENSMUSG00000007411	ISS
CRE upregulated	GO:0051099	positive regulation of binding	ENSMUSG00000000346	Dazap2	IMP
CRE upregulated	GO:0051099	positive regulation of binding	ENSMUSG00000008730	Hipk1	ISS
